0.000000000000	0.017807601020
0.001599999960	0.017427906394
0.003199999919	0.016617584974
0.004799999762	0.016091968864
0.006399999838	0.017649568617
0.007999999449	0.017342193052
0.009599999525	0.014461984858
0.011199999601	0.017218289897
0.012799999677	0.017191968858
0.014399999753	0.016301585361
0.015999998897	0.017757505178
0.017599999905	0.016745345667
0.019199999049	0.016316818073
0.020800000057	0.016467377543
0.022399999201	0.017771393061
0.024000000209	0.016397729516
0.025599999353	0.014897009358
0.027199998498	0.015213184990
0.028799999505	0.015258625150
0.030399998650	0.015066353604
0.031999997795	0.015764208511
0.033599998802	0.014280336909
0.035199999809	0.017047394067
0.036800000817	0.017177265137
0.038399998099	0.016883986071
0.039999999106	0.015016657300
0.041600000113	0.015354673378
0.043199997395	0.015289633535
0.044799998403	0.015388721600
0.046399999410	0.016494546086
0.048000000417	0.013841745444
0.049599997699	0.014717712998
0.051199998707	0.014870161191
0.052799999714	0.015829296783
0.054399996996	0.015340465121
0.055999998003	0.014603553340
0.057599999011	0.014968689531
0.059200000018	0.014782961458
0.060799997300	0.015590401366
0.062399998307	0.014680305496
0.063999995589	0.013905745000
0.065600000322	0.015050433576
0.067199997604	0.012626033276
0.068799994886	0.014511233196
0.070399999619	0.014591729268
0.071999996901	0.016815280542
0.073600001633	0.014195345342
0.075199998915	0.012961600907
0.076799996197	0.012452913448
0.078400000930	0.014511393383
0.079999998212	0.014839889482
0.081599995494	0.014693489298
0.083200000226	0.011560672894
0.084799997509	0.012657904997
0.086399994791	0.013664880767
0.087999999523	0.013232544996
0.089599996805	0.015228561126
0.091199994087	0.012831488624
0.092799998820	0.014272177592
0.094399996102	0.014006192796
0.096000000834	0.013175521046
0.097599998116	0.012276672758
0.099199995399	0.013099361211
0.100800000131	0.013312305324
0.102399997413	0.012178272940
0.103999994695	0.013298192993
0.105599999428	0.013096321374
0.107199996710	0.013068321161
0.108799993992	0.011770992540
0.110399998724	0.012955793180
0.111999996006	0.012046128511
0.113600000739	0.013220544904
0.115199998021	0.013837921433
0.116799995303	0.012360177003
0.118400000036	0.010524497367
0.119999997318	0.010741377249
0.121599994600	0.011728736572
0.123199999332	0.013919329271
0.124799996614	0.012751169503
0.126399993896	0.012770865113
0.127999991179	0.009466816671
0.129600003362	0.010159265250
0.131200000644	0.013442961499
0.132799997926	0.013413521461
0.134399995208	0.011485520750
0.135999992490	0.009695696644
0.137599989772	0.010523744859
0.139200001955	0.011528785340
0.140799999237	0.012660625391
0.142399996519	0.012255168520
0.143999993801	0.009516145103
0.145599991083	0.010522864759
0.147200003266	0.010885776952
0.148800000548	0.011766145006
0.150399997830	0.011811057106
0.151999995112	0.010945136659
0.153599992394	0.011178337038
0.155199989676	0.009588832967
0.156800001860	0.011296897195
0.158399999142	0.010056433268
0.159999996424	0.012208896689
0.161599993706	0.008086704649
0.163199990988	0.010307616554
0.164800003171	0.010129408911
0.166400000453	0.011285104789
0.167999997735	0.010840704665
0.169599995017	0.010936017148
0.171199992299	0.009817073122
0.172799989581	0.009173520841
0.174400001764	0.011485328898
0.175999999046	0.010382944718
0.177599996328	0.010588209145
0.179199993610	0.010396992788
0.180799990892	0.009723184630
0.182399988174	0.009686432779
0.184000000358	0.011026080698
0.185599997640	0.010943360627
0.187199994922	0.009975456633
0.188799992204	0.009267264977
0.190399989486	0.008530976251
0.192000001669	0.010325969197
0.193599998951	0.011876353063
0.195199996233	0.010248225182
0.196799993515	0.009210304357
0.198399990797	0.008159249090
0.199999988079	0.009199360386
0.201600000262	0.009601441212
0.203199997544	0.009099280462
0.204799994826	0.008664945140
0.206399992108	0.009169168770
0.207999989390	0.007551568560
0.209600001574	0.008801665157
0.211199998856	0.008959488943
0.212799996138	0.008812257089
0.214399993420	0.010123409331
0.215999990702	0.008368432522
0.217599987984	0.009022560902
0.219200000167	0.007389440667
0.220799997449	0.008834481239
0.222399994731	0.010746193118
0.223999992013	0.009056752548
0.225599989295	0.007872528397
0.227200001478	0.005962192547
0.228799998760	0.008984641172
0.230399996042	0.007841648534
0.231999993324	0.009973920882
0.233599990606	0.011274512857
0.235199987888	0.006660000421
0.236800000072	0.007894720882
0.238399997354	0.006733696442
0.239999994636	0.011018193327
0.241599991918	0.011385745369
0.243199989200	0.007162848487
0.244799986482	0.007278880570
0.246399998665	0.004488784354
0.247999995947	0.008157536387
0.249599993229	0.008217264898
0.251199990511	0.008508976549
0.252799987793	0.008378624916
0.254399985075	0.006643824745
0.255999982357	0.008217744529
0.257599979639	0.009008704685
0.259200006723	0.008910113014
0.260800004005	0.008225216530
0.262400001287	0.007769216783
0.263999998569	0.006071584765
0.265599995852	0.007853440940
0.267199993134	0.009593504481
0.268799990416	0.010164992884
0.270399987698	0.009767552838
0.271999984980	0.006951456424
0.273599982262	0.006753408350
0.275199979544	0.007759712636
0.276800006628	0.009295024909
0.278400003910	0.007737904787
0.280000001192	0.006556800567
0.281599998474	0.006622992456
0.283199995756	0.005292688496
0.284799993038	0.009779328480
0.286399990320	0.008624289185
0.287999987602	0.007180992514
0.289599984884	0.006381904241
0.291199982166	0.006213472690
0.292799979448	0.007578480523
0.294400006533	0.008046080358
0.296000003815	0.007154240739
0.297600001097	0.007675696630
0.299199998379	0.004385024309
0.300799995661	0.006843056530
0.302399992943	0.007659936789
0.303999990225	0.006588416640
0.305599987507	0.006993376650
0.307199984789	0.006551136728
0.308799982071	0.006590848323
0.310399979353	0.005680496339
0.312000006437	0.008007296361
0.313600003719	0.006788880564
0.315200001001	0.007336928509
0.316799998283	0.004143344238
0.318399995565	0.004701040220
0.319999992847	0.006967168767
0.321599990129	0.009931616485
0.323199987411	0.007614832837
0.324799984694	0.005707904231
0.326399981976	0.006063760258
0.327999979258	0.006093440577
0.329600006342	0.006262720563
0.331200003624	0.007325280458
0.332800000906	0.008831968531
0.334399998188	0.004207008518
0.335999995470	0.003087456338
0.337599992752	0.006194496527
0.339199990034	0.006445648614
0.340799987316	0.008691232651
0.342399984598	0.006999968551
0.343999981880	0.006528192665
0.345599979162	0.003087872174
0.347199976444	0.006063920446
0.348800003529	0.008578144945
0.350400000811	0.006612384692
0.351999998093	0.006578912493
0.353599995375	0.004395200405
0.355199992657	0.004610976204
0.356799989939	0.005698976573
0.358399987221	0.006421344355
0.359999984503	0.005861152429
0.361599981785	0.005440160632
0.363199979067	0.004897776525
0.364799976349	0.005821424536
0.366400003433	0.005261936225
0.368000000715	0.006383440457
0.369599997997	0.006697504781
0.371199995279	0.005182800349
0.372799992561	0.006559984293
0.374399989843	0.006219152361
0.375999987125	0.004423200153
0.377599984407	0.004391712137
0.379199981689	0.006514832377
0.380799978971	0.006348288618
0.382399976254	0.003834384261
0.384000003338	0.005879040342
0.385600000620	0.006963360589
0.387199997902	0.002800720278
0.388799995184	0.005895696580
0.390399992466	0.006572240498
0.391999989748	0.006010480691
0.393599987030	0.003319024341
0.395199984312	0.004157504532
0.396799981594	0.005029312335
0.398399978876	0.005409040488
0.399999976158	0.007838401012
0.401600003242	0.004622448236
0.403200000525	0.003580256365
0.404799997807	0.005883680657
0.406399995089	0.004712832626
0.407999992371	0.004106960259
0.409599989653	0.004914352205
0.411199986935	0.005188336596
0.412799984217	0.004025456496
0.414399981499	0.004365360364
0.415999978781	0.006326000672
0.417599976063	0.005072416272
0.419200003147	0.003654160304
0.420800000429	0.005180448294
0.422399997711	0.004291984253
0.423999994993	0.003740704386
0.425599992275	0.005373968277
0.427199989557	0.005388016347
0.428799986839	0.001624688157
0.430399984121	0.004931904376
0.431999981403	0.005818336736
0.433599978685	0.005028656684
0.435199975967	0.004455456510
0.436800003052	0.004097392317
0.438400000334	0.004431616515
0.439999997616	0.001877200208
0.441599994898	0.007227456663
0.443199992180	0.004419344477
0.444799989462	0.005647520535
0.446399986744	0.003619536292
0.447999984026	0.002364496235
0.449599981308	0.004696992226
0.451199978590	0.003947760444
0.452799975872	0.005623216275
0.454400002956	0.003910496365
0.456000000238	0.001730976161
0.457599997520	0.005512720440
0.459199994802	0.003252192400
0.460799992085	0.004564560484
0.462399989367	0.005339440424
0.463999986649	0.004571504425
0.465599983931	0.002927184338
0.467199981213	0.003122896189
0.468799978495	0.005962224677
0.470399975777	0.002046208130
0.472000002861	0.004690736532
0.473600000143	0.006924592424
0.475199997425	0.002108688233
0.476799994707	0.002178816125
0.478399991989	0.002512368141
0.479999989271	0.005516528618
0.481599986553	0.003421696369
0.483199983835	0.003624768229
0.484799981117	0.006008544471
0.486399978399	0.000743584067
0.487999975681	0.004341568332
0.489599972963	0.004423616454
0.491200000048	0.004929472227
0.492799997330	0.003474960336
0.494399994612	0.003895312315
0.495999991894	0.003124944167
0.497599989176	0.001100368099
0.499199986458	0.006064240355
0.500800013542	0.005270832218
0.502399981022	0.002944480162
0.504000008106	0.004299712367
0.505599975586	0.003419728251
0.507200002670	0.004029488191
0.508799970150	0.005029568449
0.510399997234	0.005684048403
0.511999964714	0.003136096289
0.513599991798	0.001333696069
0.515199959278	0.005074160639
0.516799986362	0.004678704310
0.518400013447	0.003763984190
0.519999980927	0.004645776469
0.521600008011	0.004145680461
0.523199975491	0.001245344058
0.524800002575	0.003762400243
0.526399970055	0.007154624444
0.527999997139	0.002544416115
0.529599964619	0.004070112482
0.531199991703	0.003830656409
0.532799959183	0.001711632125
0.534399986267	0.002441120101
0.536000013351	0.003635440255
0.537599980831	0.004050624557
0.539200007915	0.001715824124
0.540799975395	0.002017376246
0.542400002480	0.003441952402
0.543999969959	0.002189600142
0.545599997044	0.003495712299
0.547199964523	0.004105216358
0.548799991608	0.002120624296
0.550399959087	0.001236400101
0.551999986172	0.003665824421
0.553600013256	0.005323312245
0.555199980736	0.001409360091
0.556800007820	0.002622288186
0.558399975300	0.002367424313
0.560000002384	-0.000854304060
0.561599969864	0.002571024233
0.563199996948	0.005308256485
0.564799964428	0.003535952419
0.566399991512	0.003299584147
0.567999958992	0.001180848107
0.569599986076	0.002035808051
0.571200013161	0.000502815994
0.572799980640	0.005414192565
0.574400007725	0.004013472237
0.575999975204	0.000877072103
0.577600002289	0.002464912133
0.579199969769	0.001106016105
0.580799996853	0.001385712065
0.582399964333	0.003991632257
0.583999991417	0.002928560134
0.585599958897	0.000910112052
0.587199985981	-0.000375408039
0.588800013065	0.003445904236
0.590399980545	0.003333440283
0.592000007629	0.001064512064
0.593599975109	0.003942304291
0.595200002193	0.003192864126
0.596799969673	0.001176176127
0.598399996758	0.001236160053
0.599999964237	0.004142192192
0.601599991322	0.003260880243
0.603199958801	0.000300208019
0.604799985886	0.003792064264
0.606400012970	0.001584736165
0.607999980450	0.001396864071
0.609600007534	0.002295104321
0.611199975014	0.003184080124
0.612800002098	0.002031520242
0.614399969578	0.001036944101
0.615999996662	0.003804096254
0.617599964142	0.001884032041
0.619199991226	0.001152432058
0.620799958706	0.003079152200
0.622399985790	0.003073856235
0.624000012875	0.000072160052
0.625599980354	0.002478288254
0.627200007439	0.002914704150
0.628799974918	0.000173135981
0.630400002003	0.002215136075
0.631999969482	0.004662016407
0.633599996567	0.000005087965
0.635199964046	0.004216960166
0.636799991131	0.003845424391
0.638399958611	0.000961744110
0.639999985695	0.002506864257
0.641600012779	0.002431856235
0.643199980259	0.001054592081
0.644800007343	0.000327920105
0.646399974823	0.004619168583
0.648000001907	0.002316560363
0.649599969387	-0.000325440051
0.651199996471	0.002450448228
0.652799963951	0.003767872462
0.654399991035	0.001223264029
0.655999958515	0.001592192100
0.657599985600	0.003509296337
0.659200012684	0.002643360291
0.660799980164	0.000095296047
0.662400007248	0.004930944182
0.663999974728	0.001750368159
0.665600001812	-0.001637744135
0.667199969292	0.001257392112
0.668799996376	0.004203840159
0.670399963856	0.001915872097
0.671999990940	0.001437648083
0.673599958420	0.002310560085
0.675199985504	0.000704688078
0.676800012589	0.000179824099
0.678399980068	0.005343872588
0.680000007153	0.001154751983
0.681599974632	-0.001082224073
0.683200001717	0.001306464081
0.684799969196	0.001145776012
0.686399996281	0.001127711963
0.687999963760	0.002556928201
0.689599990845	0.003513872391
0.691199958324	-0.001245776075
0.692799985409	-0.000907376059
0.694399952888	0.003301920369
0.695999979973	0.001071824110
0.697600007057	0.002787104342
0.699199974537	0.002276784042
0.700800001621	0.000124416052
0.702399969101	-0.000273119978
0.703999996185	0.001821120153
0.705599963665	0.003866352141
0.707199990749	-0.000120448014
0.708799958229	0.000415264105
0.710399985313	0.001661072136
0.711999952793	-0.001182896085
0.713599979877	-0.000364016072
0.715200006962	-0.000316624006
0.716799974442	0.003003408201
0.718400001526	-0.000620016071
0.719999969006	0.001078016125
0.721599996090	0.002362192143
0.723199963570	0.001922128140
0.724799990654	0.004079920240
0.726399958134	0.002355280099
0.727999985218	0.000395072042
0.729599952698	-0.000977280200
0.731199979782	0.000361200015
0.732800006866	0.004918064456
0.734399974346	0.001686512027
0.736000001431	0.000417103962
0.737599968910	0.001356688095
0.739199995995	0.001778560109
0.740799963474	0.000020543968
0.742399990559	0.004764208570
0.743999958038	0.001566448133
0.745599985123	-0.000868464122
0.747199952602	0.003761824453
0.748799979687	0.000968992070
0.750400006771	0.000304720073
0.751999974251	0.001840944169
0.753600001335	0.001229360118
0.755199968815	-0.000604784000
0.756799995899	0.000414096052
0.758399963379	0.002580480184
0.759999990463	0.000520272006
0.761599957943	-0.000028112012
0.763199985027	0.006284416653
0.764799952507	-0.001369184232
0.766399979591	-0.000704255945
0.768000006676	0.002240848262
0.769599974155	0.000641376071
0.771200001240	-0.001099456102
0.772799968719	0.001982496120
0.774399995804	0.003441472305
0.775999963284	-0.004359456245
0.777599990368	0.000749648025
0.779199957848	0.004474192392
0.780799984932	-0.001012832043
0.782399952412	0.000590976095
0.783999979496	0.002239264315
0.785600006580	-0.000023887977
0.787199974060	-0.000919648097
0.788800001144	-0.000924304069
0.790399968624	0.002514416119
0.791999995708	-0.001703984104
0.793599963188	-0.000671248010
0.795199990273	0.001814608229
0.796799957752	-0.001676944201
0.798399984837	0.000060831964
0.799999952316	0.001162479981
0.801599979401	0.000463136035
0.803200006485	-0.000331136020
0.804799973965	-0.002065296052
0.806400001049	0.003101872280
0.807999968529	0.001389200101
0.809599995613	0.000605088077
0.811199963093	0.001542816171
0.812799990177	-0.002326512244
0.814399957657	-0.001849632128
0.815999984741	0.001812688075
0.817599952221	0.003004880156
0.819199979305	-0.001153328107
0.820800006390	0.001683424111
0.822399973869	0.001021344098
0.824000000954	-0.001423136215
0.825599968433	0.001150944037
0.827199995518	0.004285184201
0.828799962997	-0.000757440052
0.830399990082	-0.002024208196
0.831999957561	0.001285072067
0.833599984646	-0.000429024076
0.835199952126	-0.001008208026
0.836799979210	0.003754784353
0.838400006294	-0.000892800046
0.839999973774	-0.002779440256
0.841600000858	-0.001450368203
0.843199968338	0.000627360074
0.844799995422	-0.000039551971
0.846399962902	-0.000365120010
0.847999989986	0.002345328219
0.849599957466	-0.003290064167
0.851199984550	-0.002023888286
0.852799952030	0.000525968091
0.854399979115	0.000929280068
0.856000006199	0.001135200146
0.857599973679	-0.000192320062
0.859200000763	0.001513328170
0.860799968243	-0.001479280065
0.862399995327	-0.001501296181
0.863999962807	0.002533376217
0.865599989891	-0.003213008167
0.867199957371	0.002545296215
0.868799984455	0.000917984114
0.870399951935	0.000050287959
0.871999979019	-0.000452288106
0.873600006104	-0.002522576135
0.875199973583	0.002976384247
0.876800000668	-0.001459104125
0.878399968147	-0.000203600051
0.879999995232	0.002619280247
0.881599962711	-0.004660864361
0.883199989796	0.001043088152
0.884799957275	0.002545232186
0.886399984360	0.000311039912
0.887999951839	0.000700576056
0.889599978924	-0.003226656234
0.891200006008	0.003294224385
0.892799973488	-0.005719792563
0.894400000572	-0.000244112030
0.895999968052	0.002407152206
0.897599995136	-0.003238800215
0.899199962616	-0.000311999989
0.900799989700	0.000520016009
0.902399957180	0.001315296162
0.903999984264	-0.000697295996
0.905599951744	0.000280223991
0.907199978828	0.001759472187
0.908800005913	-0.005496848375
0.910399973392	0.001765936147
0.912000000477	0.002404240193
0.913599967957	-0.000507520046
0.915199995041	0.001591312117
0.916799962521	-0.001803792198
0.918399989605	-0.000487200072
0.919999957085	-0.001499472070
0.921599984169	0.001460848027
0.923199951649	0.000862992078
0.924799978733	-0.001201360021
0.926400005817	-0.000500736060
0.927999973297	-0.001751072123
0.929600000381	0.000818000059
0.931199967861	-0.000513296109
0.932799994946	-0.001186064095
0.934399962425	-0.000195183966
0.935999989510	-0.002653744305
0.937599956989	-0.000194736072
0.939199984074	-0.000696688076
0.940799951553	-0.000246752024
0.942399978638	0.001804416184
0.944000005722	-0.003019840224
0.945599973202	-0.001518000150
0.947200000286	-0.000674991985
0.948799967766	-0.000466096069
0.950399994850	0.000189311948
0.951999962330	-0.000210752012
0.953599989414	-0.001114912098
0.955199956894	-0.001503760112
0.956799983978	-0.001231552102
0.958399951458	0.001268032123
0.959999978542	0.002472272143
0.961599946022	-0.004244688433
0.963199973106	-0.002660400234
0.964800000191	0.001927760080
0.966399967670	-0.003356544301
0.967999994755	-0.000141711993
0.969599962234	-0.000227311975
0.971199989319	-0.003819328267
0.972799956799	-0.001339616138
0.974399983883	-0.001648368081
0.975999951363	0.000779344060
0.977599978447	-0.000742688193
0.979199945927	0.000279280095
0.980799973011	0.000255952036
0.982400000095	-0.004777696449
0.983999967575	-0.000865744078
0.985599994659	-0.001933104126
0.987199962139	0.000500047987
0.988799989223	0.002732832218
0.990399956703	-0.003483536188
0.991999983788	-0.001798144192
0.993599951267	-0.001482480089
0.995199978352	0.000155488029
0.996799945831	-0.000550112047
0.998399972916	-0.001319888048
1.000000000000	0.000718576019
1.001600027084	-0.002995040268
1.003199934959	0.000353840005
1.004799962044	0.001859104144
1.006399989128	-0.002722144127
1.008000016212	-0.000138288058
1.009599924088	-0.005460896529
1.011199951172	0.001484976034
1.012799978256	0.000219808004
1.014400005341	-0.001351856044
1.016000032425	0.002037648112
1.017599940300	-0.001598704141
1.019199967384	0.000240592010
1.020799994469	-0.000050943931
1.022400021553	-0.000494287990
1.023999929428	-0.002430864377
1.025599956512	-0.003373360261
1.027199983597	-0.000359392085
1.028800010681	-0.003134800121
1.030399918556	-0.000751168060
1.031999945641	0.004101360217
1.033599972725	-0.004155856557
1.035199999809	-0.001670768135
1.036800026894	-0.003093232168
1.038399934769	-0.001121344045
1.039999961853	-0.000799472036
1.041599988937	-0.002406944055
1.043200016022	0.000068991969
1.044799923897	-0.003447552212
1.046399950981	-0.002709152177
1.047999978065	-0.000545040006
1.049600005150	-0.002320816275
1.051200032234	-0.002667872235
1.052799940109	-0.001416864106
1.054399967194	-0.003653984284
1.055999994278	-0.004148832522
1.057600021362	-0.001036031987
1.059199929237	-0.000445104117
1.060799956322	-0.001527344109
1.062399983406	-0.000439024036
1.064000010490	-0.004018160515
1.065599918365	-0.001980448142
1.067199945450	-0.002474112203
1.068799972534	-0.000174144050
1.070399999619	-0.000358992023
1.072000026703	-0.002221120289
1.073599934578	-0.002672656206
1.075199961662	-0.002433248097
1.076799988747	-0.001038432121
1.078400015831	-0.003996672109
1.079999923706	-0.000559792039
1.081599950790	0.001987200230
1.083199977875	-0.005170624238
1.084800004959	0.000913248106
1.086400032043	-0.000635264034
1.087999939919	-0.002522992203
1.089599967003	-0.001209616195
1.091199994087	-0.003787040245
1.092800021172	-0.000466528028
1.094399929047	-0.003416144289
1.095999956131	-0.000870048127
1.097599983215	-0.000166192083
1.099200010300	-0.004437808413
1.100799918175	0.000386720028
1.102399945259	-0.001555184135
1.103999972343	-0.003872384317
1.105599999428	-0.000514624058
1.107200026512	-0.002598224208
1.108799934387	0.000757056056
1.110399961472	-0.003928016406
1.111999988556	-0.001468992094
1.113600015640	-0.001828960143
1.115199923515	-0.004688192625
1.116799950600	-0.000207440011
1.118399977684	-0.002697440330
1.120000004768	-0.001421024208
1.121599912643	-0.002603280125
1.123199939728	-0.002658720361
1.124799966812	-0.000680352037
1.126399993896	-0.003619904164
1.128000020981	-0.003495312296
1.129599928856	-0.002439744305
1.131199955940	-0.003563472303
1.132799983025	-0.001677296124
1.134400010109	-0.000836544030
1.135999917984	-0.002606144175
1.137599945068	-0.002534304047
1.139199972153	-0.001233472140
1.140799999237	-0.003556528362
1.142400026321	-0.002683184342
1.143999934196	-0.001840000157
1.145599961281	-0.001765168156
1.147199988365	-0.003230416216
1.148800015450	-0.003166144248
1.150399923325	-0.000211984050
1.151999950409	-0.001774496166
1.153599977493	-0.002389984205
1.155200004578	-0.000925552042
1.156799912453	-0.002878176281
1.158399939537	-0.004066800233
1.159999966621	-0.000056879970
1.161599993706	-0.001649536192
1.163200020790	-0.002404720057
1.164799928665	-0.002275872277
1.166399955750	-0.002752016298
1.167999982834	-0.003948192578
1.169600009918	-0.000071952010
1.171199917793	-0.002588512143
1.172799944878	-0.001672352082
1.174399971962	-0.001300912118
1.175999999046	-0.003935120534
1.177600026131	-0.000240224035
1.179199934006	-0.001363872085
1.180799961090	-0.005942352582
1.182399988174	-0.000190096020
1.184000015259	-0.001630944200
1.185599923134	-0.001044080011
1.187199950218	-0.004113664385
1.188799977303	-0.003325776197
1.190400004387	0.000315280020
1.191999912262	-0.004655696452
1.193599939346	-0.001607136102
1.195199966431	-0.002148752101
1.196799993515	-0.001155792037
1.198400020599	-0.000881616084
1.199999928474	-0.004534032196
1.201599955559	-0.002694992349
1.203199982643	-0.002930272138
1.204800009727	-0.001493488206
1.206399917603	-0.001430544071
1.207999944687	-0.001677952125
1.209599971771	-0.003018048359
1.211199998856	-0.005055696238
1.212800025940	-0.001204736065
1.214399933815	0.000248464028
1.215999960899	-0.003088080324
1.217599987984	-0.001158336061
1.219200015068	-0.003456816310
1.220799922943	-0.003376256209
1.222399950027	-0.001495168079
1.223999977112	-0.001573840040
1.225600004196	-0.000398528093
1.227199912071	-0.001571360161
1.228799939156	-0.002488864120
1.230399966240	-0.005089744460
1.231999993324	-0.002768288134
1.233600020409	-0.001612464199
1.235199928284	-0.002180672251
1.236799955368	-0.000550848083
1.238399982452	-0.002983568236
1.240000009537	-0.002812576247
1.241599917412	-0.000334240118
1.243199944496	-0.000047744037
1.244799971581	-0.001961776288
1.246399998665	-0.003468240146
1.248000025749	-0.002559328219
1.249599933624	-0.002565088216
1.251199960709	-0.002740720287
1.252799987793	-0.001033744076
1.254400014877	-0.002829328179
1.255999922752	-0.004488960374
1.257599949837	-0.001261136145
1.259199976921	-0.000325456029
1.260800004005	-0.003021792276
1.262399911880	-0.001372208120
1.263999938965	-0.000649967988
1.265599966049	-0.004491248168
1.267199993134	-0.001629616250
1.268800020218	-0.003071056213
1.270399928093	-0.002106768079
1.271999955177	-0.000310159958
1.273599982262	-0.002282384317
1.275200009346	-0.003480192274
1.276799917221	-0.002623984125
1.278399944305	-0.000977792079
1.279999971390	-0.002678944264
1.281599998474	-0.002143152291
1.283200025558	-0.001058832044
1.284799933434	-0.004472016357
1.286399960518	-0.002451520180
1.287999987602	-0.001395664178
1.289600014687	-0.002110032132
1.291199922562	-0.002441744320
1.292799949646	-0.004243984353
1.294399976730	-0.001659648260
1.296000003815	-0.001070640050
1.297599911690	-0.002056976082
1.299199938774	-0.002310416196
1.300799965858	-0.004723120481
1.302399992943	-0.003674304346
1.304000020027	-0.004183680285
1.305599927902	-0.003656752175
1.307199954987	-0.003094736254
1.308799982071	-0.003782944288
1.310400009155	-0.002796464134
1.311999917030	-0.002673184266
1.313599944115	-0.005319040269
1.315199971199	-0.002260464244
1.316799998283	-0.002592800185
1.318400025368	-0.004131760448
1.319999933243	-0.003285120241
1.321599960327	-0.003980480134
1.323199987411	-0.002226480050
1.324800014496	-0.000957680109
1.326399922371	-0.001256608171
1.327999949455	-0.002317344304
1.329599976540	-0.005127904471
1.331200003624	-0.004214896355
1.332799911499	-0.004283824470
1.334399938583	-0.002155728173
1.335999965668	0.001111040125
1.337599992752	-0.002528576180
1.339200019836	-0.002742944285
1.340799927711	-0.001769312192
1.342399954796	-0.002107168315
1.343999981880	-0.003293392248
1.345600008965	-0.004473440349
1.347199916840	-0.001688496093
1.348799943924	-0.004477744456
1.350399971008	-0.002028736053
1.351999998093	-0.001766928122
1.353600025177	-0.002957424149
1.355199933052	-0.001330768107
1.356799960136	-0.004583584145
1.358399987221	-0.004391120281
1.360000014305	-0.002855952131
1.361599922180	-0.003138944274
1.363199949265	-0.002080464270
1.364799976349	-0.002945120214
1.366400003433	-0.004253968596
1.367999911308	-0.003906208323
1.369599938393	-0.003136368236
1.371199965477	-0.002994320123
1.372799992561	-0.001903296215
1.374400019646	-0.005386576522
1.375999927521	-0.002686736174
1.377599954605	-0.003342032200
1.379199981689	-0.001676832209
1.380800008774	-0.003936368506
1.382399916649	-0.002155760303
1.383999943733	-0.005808272399
1.385599970818	-0.002032784279
1.387199997902	-0.003264400410
1.388799905777	-0.004682816565
1.390399932861	-0.003085952252
1.391999959946	-0.001934256055
1.393599987030	-0.001742224093
1.395200014114	-0.002578768181
1.396799921989	-0.005293744616
1.398399949074	-0.005110896658
1.399999976158	-0.002369120251
1.401600003242	-0.006752944551
1.403199911118	-0.002625472145
1.404799938202	-0.002886544215
1.406399965286	-0.005024736281
1.407999992371	-0.001339680050
1.409600019455	-0.002136880299
1.411199927330	-0.003295104252
1.412799954414	-0.005648624618
1.414399981499	-0.004796592519
1.416000008583	-0.001626656158
1.417599916458	-0.003375392407
1.419199943542	-0.002966112224
1.420799970627	-0.003573520342
1.422399997711	-0.003414064413
1.423999905586	-0.004387808498
1.425599932671	-0.004385328386
1.427199959755	-0.000059695980
1.428799986839	-0.003796336241
1.430400013924	-0.002333360258
1.431999921799	-0.003348464146
1.433599948883	-0.003637616290
1.435199975967	-0.004172448535
1.436800003052	-0.004311664496
1.438399910927	-0.000948496046
1.439999938011	-0.002771248110
1.441599965096	-0.006314960774
1.443199992180	-0.003583616344
1.444800019264	-0.001809712150
1.446399927139	-0.003173504258
1.447999954224	-0.007056208793
1.449599981308	-0.005495088641
1.451200008392	-0.002191808308
1.452799916267	-0.003771552350
1.454399943352	-0.002801856259
1.455999970436	-0.002553152153
1.457599997520	-0.003066432197
1.459199905396	-0.002839776222
1.460799932480	-0.005207728595
1.462399959564	-0.002317648148
1.463999986649	-0.004556624219
1.465600013733	-0.005300352350
1.467199921608	-0.004345280118
1.468799948692	-0.003005984239
1.470399975777	-0.003041536314
1.472000002861	-0.003329280298
1.473599910736	-0.001900320174
1.475199937820	-0.002993936185
1.476799964905	-0.004986912478
1.478399991989	-0.005283920560
1.480000019073	-0.003241344355
1.481599926949	-0.003291904228
1.483199954033	-0.003550112247
1.484799981117	-0.002550272271
1.486400008202	-0.005326544400
1.487999916077	-0.005367136560
1.489599943161	-0.003040912328
1.491199970245	-0.005075600464
1.492799997330	-0.000828208111
1.494399905205	-0.004740528297
1.495999932289	-0.003029072192
1.497599959373	-0.000085439933
1.499199986458	-0.004422960337
1.500800013542	-0.001925296150
1.502399921417	-0.004171760287
1.503999948502	-0.004291904625
1.505599975586	-0.003369776299
1.507200002670	-0.004409520421
1.508799910545	-0.003210160183
1.510399937630	-0.002864192240
1.511999964714	-0.004072192591
1.513599991798	-0.003376992187
1.515200018883	-0.004823280498
1.516799926758	-0.003037312301
1.518399953842	-0.004218720365
1.519999980927	-0.002070736140
1.521600008011	-0.000743056124
1.523199915886	-0.002929728245
1.524799942970	-0.006121824495
1.526399970055	-0.004716000520
1.527999997139	-0.001591616194
1.529599905014	-0.006225968711
1.531199932098	-0.004810512532
1.532799959183	-0.002007248113
1.534399986267	-0.004762096331
1.536000013351	-0.004288112279
1.537599921227	-0.002836128231
1.539199948311	-0.003295360366
1.540799975395	-0.005040448625
1.542400002480	-0.004526240285
1.543999910355	-0.001529552159
1.545599937439	-0.006795904599
1.547199964523	-0.003748080228
1.548799991608	-0.001212815987
1.550400018692	-0.004559840541
1.551999926567	-0.003786512418
1.553599953651	-0.006991152652
1.555199980736	-0.003280144185
1.556800007820	-0.003736304352
1.558399915695	-0.004162432160
1.559999942780	-0.004215600435
1.561599969864	-0.004101344384
1.563199996948	-0.005264256615
1.564799904823	-0.004887632560
1.566399931908	-0.003795920406
1.567999958992	-0.005762256682
1.569599986076	-0.005215264391
1.571200013161	-0.003021616256
1.572799921036	-0.002283696085
1.574399948120	-0.003756768303
1.575999975204	-0.002476800233
1.577600002289	-0.004650240298
1.579199910164	-0.004822944291
1.580799937248	-0.003591088345
1.582399964333	-0.002900272375
1.583999991417	-0.005598544609
1.585600018501	-0.002381616272
1.587199926376	-0.000468608021
1.588799953461	-0.006650656462
1.590399980545	-0.002526624128
1.592000007629	-0.005750080571
1.593599915504	-0.004632112570
1.595199942589	-0.000999071985
1.596799969673	-0.004145104438
1.598399996758	-0.004574624356
1.599999904633	-0.004730208311
1.601599931717	-0.003945536446
1.603199958801	-0.002560256282
1.604799985886	-0.005706704222
1.606400012970	-0.004069536459
1.607999920845	-0.004356112331
1.609599947929	-0.006668064743
1.611199975014	-0.001836960088
1.612800002098	-0.003828464309
1.614399909973	-0.003345184261
1.615999937057	-0.005810832605
1.617599964142	-0.003746096278
1.619199991226	-0.004368416499
1.620800018311	-0.006086032372
1.622399926186	-0.004028720316
1.623999953270	-0.005444048438
1.625599980354	-0.002294560196
1.627200007439	-0.005577312317
1.628799915314	-0.007121840492
1.630399942398	-0.003036448266
1.631999969482	-0.003980064299
1.633599996567	-0.001643200172
1.635199904442	-0.005552784540
1.636799931526	-0.003693584353
1.638399958611	-0.005774432328
1.639999985695	-0.005272976588
1.641600012779	-0.002946048276
1.643199920654	-0.005828448571
1.644799947739	-0.004959360231
1.646399974823	-0.003858704353
1.648000001907	-0.005818960257
1.649599909782	-0.002834768267
1.651199936867	-0.006326176692
1.652799963951	-0.004765936173
1.654399991035	-0.003504496301
1.655999898911	-0.008660080843
1.657599925995	-0.003070112318
1.659199953079	-0.005210288335
1.660799980164	-0.003660688177
1.662400007248	-0.005153632257
1.663999915123	-0.007748592645
1.665599942207	-0.003121920396
1.667199969292	-0.005320640281
1.668799996376	-0.005851696245
1.670399904251	-0.002139072167
1.671999931335	-0.004280144349
1.673599958420	-0.004021792207
1.675199985504	-0.004583152477
1.676800012589	-0.003216704354
1.678399920464	-0.005290192552
1.679999947548	-0.003967616241
1.681599974632	-0.005714416504
1.683200001717	-0.004228912294
1.684799909592	-0.001627808088
1.686399936676	-0.007277808618
1.687999963760	-0.002122624312
1.689599990845	-0.004277728498
1.691199898720	-0.006324800663
1.692799925804	-0.003037696239
1.694399952888	-0.006134352647
1.695999979973	-0.005448544398
1.697600007057	-0.001352720079
1.699199914932	-0.004171936307
1.700799942017	-0.005380912684
1.702399969101	-0.006762160454
1.703999996185	-0.007371568587
1.705599904060	-0.004293712322
1.707199931145	-0.004354880191
1.708799958229	-0.003586624283
1.710399985313	-0.005483984482
1.712000012398	-0.005723824259
1.713599920273	-0.004210320301
1.715199947357	-0.005627152510
1.716799974442	-0.004541536327
1.718400001526	-0.005597936455
1.719999909401	-0.003878448159
1.721599936485	-0.004013456404
1.723199963570	-0.005165504292
1.724799990654	-0.006076208781
1.726399898529	-0.006086992566
1.727999925613	-0.006435424555
1.729599952698	-0.004413264338
1.731199979782	-0.005755936261
1.732800006866	-0.006055200472
1.734399914742	-0.001696912106
1.735999941826	-0.004453808535
1.737599968910	-0.004517168272
1.739199995995	-0.004135872237
1.740799903870	-0.005838384386
1.742399930954	-0.007075680420
1.743999958038	-0.005044912454
1.745599985123	-0.007578752469
1.747200012207	-0.006373440381
1.748799920082	-0.004968016408
1.750399947166	-0.003834912321
1.751999974251	0.000005103972
1.753600001335	-0.005537872668
1.755199909210	-0.005242864601
1.756799936295	-0.004096800461
1.758399963379	-0.005262640305
1.759999990463	-0.005027824547
1.761599898338	-0.004964496475
1.763199925423	-0.003044224344
1.764799952507	-0.005113088526
1.766399979591	-0.005671968684
1.768000006676	-0.006330304779
1.769599914551	-0.004743744619
1.771199941635	-0.004744096659
1.772799968719	-0.003269872395
1.774399995804	-0.004987712484
1.775999903679	-0.005670176353
1.777599930763	-0.005527280271
1.779199957848	-0.004739184398
1.780799984932	-0.004925728310
1.782400012016	-0.004900096450
1.783999919891	-0.006126224529
1.785599946976	-0.003897520248
1.787199974060	-0.003792000469
1.788800001144	-0.002041232074
1.790399909019	-0.000789072015
1.791999936104	-0.005174080376
1.793599963188	-0.008749281056
1.795199990273	-0.004015216138
1.796799898148	-0.006026752759
1.798399925232	-0.003791056341
1.799999952316	-0.007474160753
1.801599979401	-0.007525584660
1.803200006485	-0.005725408439
1.804799914360	-0.004724368453
1.806399941444	-0.004753376357
1.807999968529	-0.006338704377
1.809599995613	-0.006379568484
1.811199903488	-0.006118656602
1.812799930573	-0.006070640404
1.814399957657	-0.004499568138
1.815999984741	-0.004297264386
1.817600011826	-0.005027040374
1.819199919701	-0.003772752360
1.820799946785	-0.004678992555
1.822399973869	-0.004362112377
1.824000000954	-0.003529728157
1.825599908829	-0.001711264136
1.827199935913	-0.003053584136
1.828799962997	-0.004673600197
1.830399990082	-0.006332880352
1.831999897957	-0.005123232491
1.833599925041	-0.005474816542
1.835199952126	-0.003725808347
1.836799979210	-0.005503920373
1.838400006294	-0.005928336643
1.839999914169	-0.005871760659
1.841599941254	-0.003946784418
1.843199968338	-0.005209248513
1.844799995422	-0.004740192555
1.846399903297	-0.004860096611
1.847999930382	-0.004789120518
1.849599957466	-0.006284512579
1.851199984550	-0.005937584676
1.852800011635	-0.004873040598
1.854399919510	-0.003678688314
1.855999946594	-0.003606832353
1.857599973679	-0.006137280725
1.859200000763	-0.007621328812
1.860799908638	-0.004912576638
1.862399935722	-0.003120272188
1.863999962807	-0.006021168549
1.865599989891	-0.004434976261
1.867199897766	-0.004429376218
1.868799924850	-0.007125184871
1.870399951935	-0.005400576629
1.871999979019	-0.005700912327
1.873600006104	-0.006475632545
1.875199913979	-0.002550880192
1.876799941063	-0.008849713020
1.878399968147	-0.004958544392
1.879999995232	-0.004533552565
1.881599903107	-0.007987680845
1.883199930191	-0.004510576371
1.884799957275	-0.005979776382
1.886399984360	-0.005613584537
1.888000011444	-0.005307856482
1.889599919319	-0.005554960575
1.891199946404	-0.003302496392
1.892799973488	-0.004564240109
1.894400000572	-0.007799568586
1.895999908447	-0.002870576223
1.897599935532	-0.005953232292
1.899199962616	-0.003687632270
1.900799989700	-0.002223680029
1.902399897575	-0.006010448560
1.903999924660	-0.003649952356
1.905599951744	-0.005848224275
1.907199978828	-0.005789088551
1.908800005913	-0.003463216359
1.910399913788	-0.003780640196
1.911999940872	-0.002794368193
1.913599967957	-0.005965152290
1.915199995041	-0.006980528589
1.916799902916	-0.003886128310
1.918399930000	-0.005389648490
1.919999957085	-0.004821808543
1.921599984169	-0.005159888417
1.923199892044	-0.007609616499
1.924799919128	-0.004620864522
1.926399946213	-0.004465200473
1.927999973297	-0.004042112269
1.929600000381	-0.006013920531
1.931199908257	-0.002923152177
1.932799935341	-0.007783312816
1.934399962425	-0.005339312367
1.935999989510	-0.006633264478
1.937599897385	-0.005462448578
1.939199924469	-0.004722704180
1.940799951553	-0.003831696231
1.942399978638	-0.005472224671
1.944000005722	-0.007848001085
1.945599913597	-0.006767488550
1.947199940681	-0.002719696146
1.948799967766	-0.006238352507
1.950399994850	-0.005700336769
1.951999902725	-0.006059088279
1.953599929810	-0.005126016214
1.955199956894	-0.006596080493
1.956799983978	-0.005894160364
1.958399891853	-0.005619888660
1.959999918938	-0.003835408250
1.961599946022	-0.005165296607
1.963199973106	-0.005100128241
1.964800000191	-0.007469456643
1.966399908066	-0.004777952563
1.967999935150	-0.004480992444
1.969599962234	-0.004740912467
1.971199989319	-0.006986496504
1.972799897194	-0.006241536699
1.974399924278	-0.005329152569
1.975999951363	-0.004843824543
1.977599978447	-0.004278496373
1.979200005531	-0.007518672850
1.980799913406	-0.006506464444
1.982399940491	-0.007186512463
1.983999967575	-0.005664896686
1.985599994659	-0.002563952236
1.987199902534	-0.007504656445
1.988799929619	-0.004980528727
1.990399956703	-0.004579216242
1.991999983788	-0.005455744453
1.993599891663	-0.004457680508
1.995199918747	-0.007181888446
1.996799945831	-0.007690496743
1.998399972916	-0.004213648383
2.000000000000	-0.005105232354
2.001600027084	-0.008958624676
2.003200054169	-0.006409392692
2.004799842834	-0.003506496316
2.006399869919	-0.003493744181
2.007999897003	-0.006001648493
2.009599924088	-0.006814240478
2.011199951172	-0.006817664485
2.012799978256	-0.004106672481
2.014400005341	-0.004980432335
2.016000032425	-0.005620320328
2.017600059509	-0.005288912449
2.019199848175	-0.005070752464
2.020799875259	-0.006796144415
2.022399902344	-0.007448720746
2.023999929428	-0.006086880341
2.025599956512	-0.004471920431
2.027199983597	-0.006210640538
2.028800010681	-0.005248144269
2.030400037766	-0.006694128737
2.032000064850	-0.004543440416
2.033599853516	-0.005830160342
2.035199880600	-0.004984416533
2.036799907684	-0.006530000363
2.038399934769	-0.005711872596
2.039999961853	-0.005992896389
2.041599988937	-0.004299280234
2.043200016022	-0.003270928282
2.044800043106	-0.006168032531
2.046399831772	-0.007413664833
2.047999858856	-0.007576032542
2.049599885941	-0.006984528620
2.051199913025	-0.004649232142
2.052799940109	-0.002893376164
2.054399967194	-0.009388192557
2.055999994278	-0.006794464774
2.057600021362	-0.003084624186
2.059200048447	-0.005341600627
2.060799837112	-0.006701344624
2.062399864197	-0.006412592717
2.063999891281	-0.004461056553
2.065599918365	-0.004983584397
2.067199945450	-0.008158545010
2.068799972534	-0.006426960696
2.070399999619	-0.003832800314
2.072000026703	-0.006308448501
2.073600053787	-0.004376288503
2.075199842453	-0.005974256434
2.076799869537	-0.005659008399
2.078399896622	-0.004645552486
2.079999923706	-0.006080816500
2.081599950790	-0.006631008349
2.083199977875	-0.004241552204
2.084800004959	-0.006061056629
2.086400032043	-0.005289648660
2.088000059128	-0.004575920291
2.089599847794	-0.006742112339
2.091199874878	-0.004756288137
2.092799901962	-0.006027040537
2.094399929047	-0.008806305006
2.095999956131	-0.003018976189
2.097599983215	-0.005766544491
2.099200010300	-0.007825088687
2.100800037384	-0.004081328399
2.102400064468	-0.005670032464
2.103999853134	-0.007251120638
2.105599880219	-0.006793808658
2.107199907303	-0.006112720352
2.108799934387	-0.006665728521
2.110399961472	-0.005125632510
2.111999988556	-0.008066512644
2.113600015640	-0.007448016666
2.115200042725	-0.005378912669
2.116799831390	-0.002969952300
2.118399858475	-0.004895200487
2.119999885559	-0.007714976557
2.121599912643	-0.007008848712
2.123199939728	-0.005077248439
2.124799966812	-0.006014032289
2.126399993896	-0.007218864746
2.128000020981	-0.006095888559
2.129600048065	-0.006589392666
2.131199836731	-0.006908528507
2.132799863815	-0.007789696567
2.134399890900	-0.006182496436
2.135999917984	-0.003419024171
2.137599945068	-0.004738592543
2.139199972153	-0.005202720407
2.140799999237	-0.005839216523
2.142400026321	-0.006170944311
2.144000053406	-0.007205552422
2.145599842072	-0.006182496436
2.147199869156	-0.003558576340
2.148799896240	-0.007028288674
2.150399923325	-0.003538928227
2.151999950409	-0.005829120521
2.153599977493	-0.008003968745
2.155200004578	-0.006255280692
2.156800031662	-0.005786336493
2.158400058746	-0.007380224764
2.159999847412	-0.006095520686
2.161599874496	-0.007409920450
2.163199901581	-0.005187488627
2.164799928665	-0.007671424653
2.166399955750	-0.005541392602
2.167999982834	-0.005119376350
2.169600009918	-0.004834016319
2.171200037003	-0.005810192320
2.172800064087	-0.007060352713
2.174399852753	-0.002248160308
2.175999879837	-0.007259664591
2.177599906921	-0.005429728422
2.179199934006	-0.004405376501
2.180799961090	-0.005021840334
2.182399988174	-0.004263936542
2.184000015259	-0.005284192506
2.185600042343	-0.005227312446
2.187199831009	-0.005922464654
2.188799858093	-0.005628576502
2.190399885178	-0.005392560270
2.191999912262	-0.007604336832
2.193599939346	-0.004177664407
2.195199966431	-0.005681776442
2.196799993515	-0.009286128916
2.198400020599	-0.008392688818
2.200000047684	-0.007124608383
2.201599836349	-0.005241600331
2.203199863434	-0.006259264424
2.204799890518	-0.005477232393
2.206399917603	-0.005644448567
2.207999944687	-0.006207264494
2.209599971771	-0.006399712525
2.211199998856	-0.006261120550
2.212800025940	-0.006726400461
2.214400053024	-0.005364928395
2.215999841690	-0.004766016267
2.217599868774	-0.008296448737
2.219199895859	-0.006408800371
2.220799922943	-0.006250960287
2.222399950027	-0.005937808659
2.223999977112	-0.007471152581
2.225600004196	-0.004983664490
2.227200031281	-0.007750160526
2.228800058365	-0.006650096737
2.230399847031	-0.005806704517
2.231999874115	-0.006207072642
2.233599901199	-0.006774176378
2.235199928284	-0.008271329105
2.236799955368	-0.004789152183
2.238399982452	-0.006515488494
2.240000009537	-0.006991408765
2.241600036621	-0.006006784271
2.243199825287	-0.006733856630
2.244799852371	-0.006085600238
2.246399879456	-0.006126480643
2.247999906540	-0.004891264252
2.249599933624	-0.006382272579
2.251199960709	-0.005318784621
2.252799987793	-0.005601296667
2.254400014877	-0.005100256298
2.256000041962	-0.008149920963
2.257599830627	-0.006808144506
2.259199857712	-0.006024736445
2.260799884796	-0.004584576469
2.262399911880	-0.009036752395
2.263999938965	-0.006760080345
2.265599966049	-0.006579120643
2.267199993134	-0.006597728468
2.268800020218	-0.004747904371
2.270400047302	-0.008787296712
2.271999835968	-0.004210688174
2.273599863052	-0.004328800365
2.275199890137	-0.007818304934
2.276799917221	-0.004885712173
2.278399944305	-0.004198032431
2.279999971390	-0.005471840501
2.281599998474	-0.007944336161
2.283200025558	-0.005443616305
2.284800052643	-0.007663888857
2.286399841309	-0.007081232499
2.287999868393	-0.003491760464
2.289599895477	-0.007366224658
2.291199922562	-0.007205776405
2.292799949646	-0.005242112558
2.294399976730	-0.007865664549
2.296000003815	-0.006829248741
2.297600030899	-0.006457600743
2.299200057983	-0.008737168275
2.300799846649	-0.005480592139
2.302399873734	-0.009193488397
2.303999900818	-0.004682592582
2.305599927902	-0.005828464404
2.307199954987	-0.005778080318
2.308799982071	-0.005708784331
2.310400009155	-0.007521184627
2.312000036240	-0.006210816558
2.313599824905	-0.004411664326
2.315199851990	-0.006780000404
2.316799879074	-0.007905488834
2.318399906158	-0.004537872504
2.319999933243	-0.004837600514
2.321599960327	-0.005744768307
2.323199987411	-0.007168400567
2.324800014496	-0.005742288660
2.326400041580	-0.002469584113
2.327999830246	-0.004956096411
2.329599857330	-0.008243600838
2.331199884415	-0.007390384562
2.332799911499	-0.005186544266
2.334399938583	-0.005833248608
2.335999965668	-0.004776928574
2.337599992752	-0.003971584607
2.339200019836	-0.007478544489
2.340800046921	-0.007799264509
2.342399835587	-0.004145392217
2.343999862671	-0.005482896231
2.345599889755	-0.007726128679
2.347199916840	-0.008607088588
2.348799943924	-0.005976144690
2.350399971008	-0.004101632163
2.351999998093	-0.005781792570
2.353600025177	-0.005263040308
2.355200052261	-0.006464272738
2.356799840927	-0.006277856417
2.358399868011	-0.004440528341
2.359999895096	-0.006385792512
2.361599922180	-0.006827856414
2.363199949265	-0.007363840472
2.364799976349	-0.006258048583
2.366400003433	-0.006705072708
2.368000030518	-0.008143329062
2.369600057602	-0.006420656573
2.371199846268	-0.004279248416
2.372799873352	-0.006281408481
2.374399900436	-0.005795104429
2.375999927521	-0.006672672462
2.377599954605	-0.006746224593
2.379199981689	-0.005239360500
2.380800008774	-0.007669072598
2.382400035858	-0.008362192661
2.383999824524	-0.006894624792
2.385599851608	-0.004304304253
2.387199878693	-0.005998512264
2.388799905777	-0.006865376607
2.390399932861	-0.005355936475
2.391999959946	-0.005354464520
2.393599987030	-0.007986080833
2.395200014114	-0.006830400787
2.396800041199	-0.005475984421
2.398399829865	-0.005959808361
2.399999856949	-0.007856993005
2.401599884033	-0.005877712741
2.403199911118	-0.004997840617
2.404799938202	-0.006944144610
2.406399965286	-0.006102432497
2.407999992371	-0.005927776452
2.409600019455	-0.003464160254
2.411200046539	-0.007445968688
2.412799835205	-0.010072801262
2.414399862289	-0.006523200776
2.415999889374	-0.003381856252
2.417599916458	-0.006401856430
2.419199943542	-0.007140560541
2.420799970627	-0.005526352674
2.422399997711	-0.004416400567
2.424000024796	-0.005230624229
2.425600051880	-0.004610112403
2.427199840546	-0.007722176611
2.428799867630	-0.006879232358
2.430399894714	-0.006911120843
2.431999921799	-0.006440192461
2.433599948883	-0.005270960275
2.435199975967	-0.005738416687
2.436800003052	-0.006710624788
2.438400030136	-0.005274192430
2.440000057220	-0.006681248546
2.441599845886	-0.005194720346
2.443199872971	-0.008341792971
2.444799900055	-0.007172032725
2.446399927139	-0.007619344629
2.447999954224	-0.005957360379
2.449599981308	-0.006367232651
2.451200008392	-0.005549936555
2.452800035477	-0.006903760601
2.454399824142	-0.004710112233
2.455999851227	-0.006420160644
2.457599878311	-0.006461312529
2.459199905396	-0.008438657038
2.460799932480	-0.004799440503
2.462399959564	-0.005359952338
2.463999986649	-0.007986224256
2.465600013733	-0.007380000781
2.467200040817	-0.008576128632
2.468799829483	-0.004346608184
2.470399856567	-0.005557376426
2.471999883652	-0.009264208376
2.473599910736	-0.005155184306
2.475199937820	-0.007529584691
2.476799964905	-0.003822192317
2.478399991989	-0.008126592264
2.480000019073	-0.007891824469
2.481600046158	-0.007016736548
2.483199834824	-0.006275920663
2.484799861908	-0.005888784770
2.486399888992	-0.005617152434
2.487999916077	-0.006463216618
2.489599943161	-0.004625808448
2.491199970245	-0.005115248263
2.492799997330	-0.006700448692
2.494400024414	-0.004314480349
2.496000051498	-0.007171424571
2.497599840164	-0.007688592654
2.499199867249	-0.005596448202
2.500799894333	-0.005877680611
2.502399921417	-0.007929936983
2.503999948502	-0.006048736628
2.505599975586	-0.007004288491
2.507200002670	-0.006396672688
2.508800029755	-0.003639424220
2.510399818420	-0.009649121203
2.511999845505	-0.007458688691
2.513599872589	-0.007415776607
2.515199899673	-0.007462384645
2.516799926758	-0.007640528493
2.518399953842	-0.007493664511
2.519999980927	-0.008640768938
2.521600008011	-0.006191440392
2.523200035095	-0.004125120118
2.524799823761	-0.008820688352
2.526399850845	-0.004649440292
2.527999877930	-0.007141744718
2.529599905014	-0.008818608709
2.531199932098	-0.007338592783
2.532799959183	-0.007282480597
2.534399986267	-0.007835136726
2.536000013351	-0.004723952617
2.537600040436	-0.007570304442
2.539199829102	-0.006024448667
2.540799856186	-0.003851568326
2.542399883270	-0.008102288470
2.543999910355	-0.007234784774
2.545599937439	-0.006557024550
2.547199964523	-0.005322896410
2.548799991608	-0.006453712471
2.550400018692	-0.007607248612
2.552000045776	-0.006485136691
2.553599834442	-0.006788384635
2.555199861526	-0.005464096554
2.556799888611	-0.008759456687
2.558399915695	-0.005901744589
2.559999942780	-0.007566208486
2.561599969864	-0.007701440714
2.563199996948	-0.006967824418
2.564800024033	-0.008060337044
2.566400051117	-0.003909680527
2.567999839783	-0.007384560537
2.569599866867	-0.007200080436
2.571199893951	-0.005743136629
2.572799921036	-0.005106272176
2.574399948120	-0.007021792699
2.575999975204	-0.008189488202
2.577600002289	-0.008406448178
2.579200029373	-0.006126560271
2.580799818039	-0.007883904502
2.582399845123	-0.007101808675
2.583999872208	-0.009079136886
2.585599899292	-0.005405488424
2.587199926376	-0.006840016693
2.588799953461	-0.004871776327
2.590399980545	-0.004877664149
2.592000007629	-0.006512720603
2.593600034714	-0.006978336722
2.595199823380	-0.010750465095
2.596799850464	-0.006341184489
2.598399877548	-0.005771648604
2.599999904633	-0.009832432494
2.601599931717	-0.005117776338
2.603199958801	-0.007626416627
2.604799985886	-0.004637424368
2.606400012970	-0.006711632479
2.608000040054	-0.007679552771
2.609599828720	-0.008759552613
2.611199855804	-0.005469728261
2.612799882889	-0.005615408532
2.614399909973	-0.007940848358
2.615999937057	-0.007835504599
2.617599964142	-0.008324192837
2.619199991226	-0.007353232708
2.620800018311	-0.004599920474
2.622400045395	-0.008856113069
2.623999834061	-0.004731760360
2.625599861145	-0.005050320644
2.627199888229	-0.008021168411
2.628799915314	-0.006254624575
2.630399942398	-0.005850864574
2.631999969482	-0.006922784727
2.633599996567	-0.005393056199
2.635200023651	-0.007157808635
2.636800050735	-0.006578896660
2.638399839401	-0.005845008418
2.639999866486	-0.007332096808
2.641599893570	-0.005863168743
2.643199920654	-0.006765520666
2.644799947739	-0.006847904529
2.646399974823	-0.007422032766
2.648000001907	-0.005151984282
2.649600028992	-0.006065120455
2.651199817657	-0.008177008480
2.652799844742	-0.004695504438
2.654399871826	-0.007143632509
2.655999898911	-0.005191600416
2.657599925995	-0.005000240635
2.659199953079	-0.007135344669
2.660799980164	-0.007258944679
2.662400007248	-0.005672864616
2.664000034332	-0.003875648370
2.665599822998	-0.005954432301
2.667199850082	-0.008028176613
2.668799877167	-0.007148592733
2.670399904251	-0.004609536380
2.671999931335	-0.004819328431
2.673599958420	-0.006732160691
2.675199985504	-0.007222624496
2.676800012589	-0.006518800743
2.678400039673	-0.005344480276
2.679999828339	-0.006783552468
2.681599855423	-0.005959344562
2.683199882507	-0.007882016711
2.684799909592	-0.003144624410
2.686399936676	-0.008404225111
2.687999963760	-0.005718416534
2.689599990845	-0.005538992584
2.691200017929	-0.006118656602
2.692800045013	-0.008438385092
2.694399833679	-0.005731280427
2.695999860764	-0.005352720618
2.697599887848	-0.008512048982
2.699199914932	-0.005034512375
2.700799942017	-0.007892560214
2.702399969101	-0.004373200238
2.703999996185	-0.007045792416
2.705600023270	-0.006969872396
2.707200050354	-0.005408160388
2.708799839020	-0.005398720503
2.710399866104	-0.005478864536
2.711999893188	-0.006800848525
2.713599920273	-0.009042672813
2.715199947357	-0.007376512513
2.716799974442	-0.003872736357
2.718400001526	-0.007448848803
2.720000028610	-0.007536096498
2.721599817276	-0.006662112661
2.723199844360	-0.004872736521
2.724799871445	-0.007677600719
2.726399898529	-0.006382768508
2.727999925613	-0.007866208442
2.729599952698	-0.008359408937
2.731199979782	-0.005488928407
2.732800006866	-0.009657921270
2.734400033951	-0.005386048462
2.735999822617	-0.005535296630
2.737599849701	-0.005516400561
2.739199876785	-0.006186784711
2.740799903870	-0.006097152364
2.742399930954	-0.007693776861
2.743999958038	-0.005919248331
2.745599985123	-0.007833008654
2.747200012207	-0.008134832606
2.748800039291	-0.005228816532
2.750399827957	-0.006773648318
2.751999855042	-0.007522768807
2.753599882126	-0.005018512253
2.755199909210	-0.006250192411
2.756799936295	-0.008701184765
2.758399963379	-0.005503472406
2.759999990463	-0.007400096860
2.761600017548	-0.006898272783
2.763200044632	-0.005794928409
2.764799833298	-0.012631217018
2.766399860382	-0.004677184392
2.767999887466	-0.006202272605
2.769599914551	-0.005936672445
2.771199941635	-0.007404576521
2.772799968719	-0.006963984575
2.774399995804	-0.006549344398
2.776000022888	-0.006094592623
2.777599811554	-0.006817776710
2.779199838638	-0.006322432775
2.780799865723	-0.005777856335
2.782399892807	-0.006256704684
2.783999919891	-0.009110320359
2.785599946976	-0.008195744827
2.787199974060	-0.004825744312
2.788800001144	-0.007287088782
2.790400028229	-0.007539408747
2.791999816895	-0.008383505046
2.793599843979	-0.005944480654
2.795199871063	-0.007892512716
2.796799898148	-0.007564944681
2.798399925232	-0.006440176629
2.799999952316	-0.005951696541
2.801599979401	-0.007088208571
2.803200006485	-0.008904192597
2.804800033569	-0.005748352502
2.806399822235	-0.004402112216
2.807999849319	-0.008339696564
2.809599876404	-0.008144577034
2.811199903488	-0.008215184323
2.812799930573	-0.007139008492
2.814399957657	-0.005894384347
2.815999984741	-0.007661280688
2.817600011826	-0.007608048618
2.819200038910	-0.005787392613
2.820799827576	-0.005809440278
2.822399854660	-0.005875184201
2.823999881744	-0.009950272739
2.825599908829	-0.006894256454
2.827199935913	-0.005986448377
2.828799962997	-0.007022192702
2.830399990082	-0.009900785051
2.832000017166	-0.006978720427
2.833600044250	-0.006197248586
2.835199832916	-0.006237200461
2.836799860001	-0.006197248586
2.838399887085	-0.007908784784
2.839999914169	-0.009389280342
2.841599941254	-0.007829920389
2.843199968338	-0.006655312609
2.844799995422	-0.006876768544
2.846400022507	-0.007568144705
2.847999811172	-0.007224528585
2.849599838257	-0.008031600155
2.851199865341	-0.006331568584
2.852799892426	-0.006206336431
2.854399919510	-0.007074464578
2.855999946594	-0.007165424526
2.857599973679	-0.005820032675
2.859200000763	-0.007488416508
2.860800027847	-0.005698224530
2.862399816513	-0.009548640810
2.863999843597	-0.006876272615
2.865599870682	-0.006509088445
2.867199897766	-0.006779936608
2.868799924850	-0.007040064782
2.870399951935	-0.007305776700
2.871999979019	-0.007465200499
2.873600006104	-0.007523296401
2.875200033188	-0.006100448780
2.876799821854	-0.007856384851
2.878399848938	-0.006640640553
2.879999876022	-0.005658192560
2.881599903107	-0.005811232608
2.883199930191	-0.006338720676
2.884799957275	-0.007356656715
2.886399984360	-0.005782784428
2.888000011444	-0.006901968736
2.889600038528	-0.007979456335
2.891199827194	-0.006702864543
2.892799854279	-0.006661056541
2.894399881363	-0.009270465001
2.895999908447	-0.005783104338
2.897599935532	-0.010121600702
2.899199962616	-0.007814624347
2.900799989700	-0.008416208439
2.902400016785	-0.006033360492
2.904000043869	-0.006809680723
2.905599832535	-0.007101760712
2.907199859619	-0.006492960732
2.908799886703	-0.009877488948
2.910399913788	-0.006162416656
2.911999940872	-0.004981024191
2.913599967957	-0.008679824881
2.915199995041	-0.009670481086
2.916800022125	-0.005787600297
2.918399810791	-0.004654944409
2.919999837875	-0.005795808509
2.921599864960	-0.006788000464
2.923199892044	-0.006599152461
2.924799919128	-0.004955568351
2.926399946213	-0.007479632739
2.927999973297	-0.007816464640
2.929600000381	-0.008924000897
2.931200027466	-0.005419072229
2.932799816132	-0.008506112732
2.934399843216	-0.004822720308
2.935999870300	-0.008516209200
2.937599897385	-0.007190320641
2.939199924469	-0.003656224348
2.940799951553	-0.008845232427
2.942399978638	-0.006790752523
2.944000005722	-0.006113792304
2.945600032806	-0.008505905047
2.947199821472	-0.006457024720
2.948799848557	-0.004529584199
2.950399875641	-0.005652528256
2.951999902725	-0.006248944439
2.953599929810	-0.007967136800
2.955199956894	-0.006075296551
2.956799983978	-0.003651760286
2.958400011063	-0.008367440663
2.960000038147	-0.006920432672
2.961599826813	-0.008067713119
2.963199853897	-0.004035280552
2.964799880981	-0.009525761008
2.966399908066	-0.006582400762
2.967999935150	-0.009458049200
2.969599962234	-0.005393632222
2.971199989319	-0.006957648788
2.972800016403	-0.009819649160
2.974400043488	-0.008041328751
2.975999832153	-0.004895680584
2.977599859238	-0.005859168246
2.979199886322	-0.008211473003
2.980799913406	-0.007387040649
2.982399940491	-0.007759168744
2.983999967575	-0.005222832318
2.985599994659	-0.007951185107
2.987200021744	-0.006175056566
2.988799810410	-0.004224304575
2.990399837494	-0.008615104482
2.991999864578	-0.007433040533
2.993599891663	-0.006355216727
2.995199918747	-0.006589152385
2.996799945831	-0.010260337032
2.998399972916	-0.005826112349
3.000000000000	-0.005408224650
3.001600027084	-0.006696816534
3.003199815750	-0.007879504934
3.004799842834	-0.008566416800
3.006399869919	-0.007383248769
3.007999897003	-0.006447600666
3.009599924088	-0.005781200714
3.011199951172	-0.009702928364
3.012799978256	-0.005844352301
3.014400005341	-0.007342960685
3.016000032425	-0.005320304539
3.017599821091	-0.007035424467
3.019199848175	-0.005918272305
3.020799875259	-0.006619744468
3.022399902344	-0.004856576212
3.023999929428	-0.008776080795
3.025599956512	-0.006639664527
3.027199983597	-0.006337232422
3.028800010681	-0.005612000357
3.030400037766	-0.008175568655
3.031999826431	-0.004483008292
3.033599853516	-0.008080480620
3.035199880600	-0.008067760617
3.036799907684	-0.004982912447
3.038399934769	-0.007296352647
3.039999961853	-0.007104720455
3.041599988937	-0.005347584374
3.043200016022	-0.009761856869
3.044799804687	-0.005653104279
3.046399831772	-0.007887760177
3.047999858856	-0.008391744457
3.049599885941	-0.007931265049
3.051199913025	-0.007735568564
3.052799940109	-0.007166544441
3.054399967194	-0.006926016416
3.055999994278	-0.008891456760
3.057600021362	-0.006612304598
3.059199810028	-0.007464432623
3.060799837112	-0.004561648238
3.062399864197	-0.008965617046
3.063999891281	-0.007158848457
3.065599918365	-0.005439408589
3.067199945450	-0.007557312492
3.068799972534	-0.005072480533
3.070399999619	-0.009371184744
3.072000026703	-0.007958816364
3.073599815369	-0.005063088611
3.075199842453	-0.006021968555
3.076799869537	-0.007678608410
3.078399896622	-0.008050912991
3.079999923706	-0.008413600735
3.081599950790	-0.006882848684
3.083199977875	-0.008614241146
3.084800004959	-0.007294528652
3.086400032043	-0.006970448419
3.087999820709	-0.007942496799
3.089599847794	-0.006296192762
3.091199874878	-0.005565360654
3.092799901962	-0.007107008714
3.094399929047	-0.007208528463
3.095999956131	-0.006163344719
3.097599983215	-0.005412896629
3.099200010300	-0.007229616400
3.100800037384	-0.005945568439
3.102399826050	-0.008810528554
3.103999853134	-0.007531040814
3.105599880219	-0.005460304674
3.107199907303	-0.005236816593
3.108799934387	-0.008366865106
3.110399961472	-0.005877600517
3.111999988556	-0.007366640493
3.113600015640	-0.006296752486
3.115199804306	-0.007528944872
3.116799831390	-0.009499073029
3.118399858475	-0.007041152567
3.119999885559	-0.006853440311
3.121599912643	-0.007091312669
3.123199939728	-0.008626192808
3.124799966812	-0.005008736625
3.126399993896	-0.007214240730
3.128000020981	-0.007593216840
3.129599809647	-0.006430096459
3.131199836731	-0.007975712419
3.132799863815	-0.005971248262
3.134399890900	-0.008143120445
3.135999917984	-0.007986160927
3.137599945068	-0.006774272770
3.139199972153	-0.005847648717
3.140799999237	-0.006545776501
3.142400026321	-0.006822464522
3.143999814987	-0.006370368414
3.145599842072	-0.006970224436
3.147199869156	-0.005834576674
3.148799896240	-0.009219168685
3.150399923325	-0.008572720923
3.151999950409	-0.004054688383
3.153599977493	-0.007694672793
3.155200004578	-0.009908272885
3.156800031662	-0.003741280409
3.158399820328	-0.008077424951
3.159999847412	-0.006497776601
3.161599874496	-0.007184496615
3.163199901581	-0.006470832508
3.164799928665	-0.006975024473
3.166399955750	-0.006561728660
3.167999982834	-0.008656816557
3.169600009918	-0.009653168730
3.171200037003	-0.003852976253
3.172799825668	-0.008421984501
3.174399852753	-0.007684016600
3.175999879837	-0.007035216782
3.177599906921	-0.008660272695
3.179199934006	-0.006610448472
3.180799961090	-0.008207281120
3.182399988174	-0.006437216420
3.184000015259	-0.005437376443
3.185599803925	-0.008922496811
3.187199831009	-0.010556736961
3.188799858093	-0.004711312242
3.190399885178	-0.007911968976
3.191999912262	-0.006451104768
3.193599939346	-0.008508112282
3.195199966431	-0.006474528462
3.196799993515	-0.006528208498
3.198400020599	-0.008196640760
3.199999809265	-0.008461040445
3.201599836349	-0.007845632732
3.203199863434	-0.004477568436
3.204799890518	-0.008753185160
3.206399917603	-0.005606112536
3.207999944687	-0.008730624802
3.209599971771	-0.006986032706
3.211199998856	-0.005474656355
3.212800025940	-0.008397952653
3.214399814606	-0.008600848727
3.215999841690	-0.005325024482
3.217599868774	-0.006184960715
3.219199895859	-0.009029121138
3.220799922943	-0.007215040736
3.222399950027	-0.006168368272
3.223999977112	-0.006782976445
3.225600004196	-0.007843696512
3.227200031281	-0.006532592699
3.228799819946	-0.009234112687
3.230399847031	-0.006910688709
3.231999874115	-0.006829472724
3.233599901199	-0.008547632955
3.235199928284	-0.005802528467
3.236799955368	-0.008474224247
3.238399982452	-0.006029312499
3.240000009537	-0.007493872661
3.241600036621	-0.006713088602
3.243199825287	-0.007913696580
3.244799852371	-0.007414720487
3.246399879456	-0.007473280653
3.247999906540	-0.006277392618
3.249599933624	-0.006970448419
3.251199960709	-0.009214096703
3.252799987793	-0.008126000874
3.254400014877	-0.005932176486
3.255999803543	-0.006047664676
3.257599830627	-0.007908912376
3.259199857712	-0.008939168416
3.260799884796	-0.009695904329
3.262399911880	-0.005830816459
3.263999938965	-0.008704224601
3.265599966049	-0.009207424708
3.267199993134	-0.006630080752
3.268800020218	-0.006444640458
3.270399808884	-0.008290976286
3.271999835968	-0.007203280460
3.273599863052	-0.006520848721
3.275199890137	-0.006087392569
3.276799917221	-0.004759856500
3.278399944305	-0.008671265095
3.279999971390	-0.008754384704
3.281599998474	-0.007219872437
3.283200025558	-0.010382545181
3.284799814224	-0.008309152909
3.286399841309	-0.006691264454
3.287999868393	-0.005828384310
3.289599895477	-0.007107456680
3.291199922562	-0.007001200691
3.292799949646	-0.007364688441
3.294399976730	-0.006384368520
3.296000003815	-0.008388640359
3.297600030899	-0.009096256457
3.299199819565	-0.004626656417
3.300799846649	-0.006744304672
3.302399873734	-0.008228144608
3.303999900818	-0.005762496497
3.305599927902	-0.007798608858
3.307199954987	-0.006229328457
3.308799982071	-0.005345168523
3.310400009155	-0.008082688786
3.311999797821	-0.007712928578
3.313599824905	-0.007419200614
3.315199851990	-0.006581120659
3.316799879074	-0.008884144947
3.318399906158	-0.009104752913
3.319999933243	-0.008389456198
3.321599960327	-0.006959456485
3.323199987411	-0.007622384466
3.324800014496	-0.009214736521
3.326399803162	-0.007027328480
3.327999830246	-0.005488096271
3.329599857330	-0.005798528437
3.331199884415	-0.008076544851
3.332799911499	-0.006414320320
3.334399938583	-0.007534384727
3.335999965668	-0.005995728541
3.337599992752	-0.006275264546
3.339200019836	-0.006020704750
3.340799808502	-0.006029280368
3.342399835587	-0.007695616689
3.343999862671	-0.007397776470
3.345599889755	-0.005974784493
3.347199916840	-0.007030464709
3.348799943924	-0.008082401007
3.350399971008	-0.007483376656
3.351999998093	-0.005836752709
3.353600025177	-0.007705264725
3.355199813843	-0.007733200677
3.356799840927	-0.008894177154
3.358399868011	-0.008225760423
3.359999895096	-0.007089312654
3.361599922180	-0.008053041063
3.363199949265	-0.011151568964
3.364799976349	-0.004942640197
3.366400003433	-0.008728944696
3.368000030518	-0.005677648354
3.369599819183	-0.007356624585
3.371199846268	-0.008377264254
3.372799873352	-0.007757408544
3.374399900436	-0.006120144390
3.375999927521	-0.006397776306
3.377599954605	-0.006957776379
3.379199981689	-0.005609504413
3.380800008774	-0.007076528389
3.382399797440	-0.007662672549
3.383999824524	-0.007873744704
3.385599851608	-0.007487536408
3.387199878693	-0.005558928475
3.388799905777	-0.006827920675
3.390399932861	-0.008243728429
3.391999959946	-0.004437360447
3.393599987030	-0.007858784869
3.395200014114	-0.008384112269
3.396799802780	-0.004724800587
3.398399829865	-0.008551537059
3.399999856949	-0.005859872326
3.401599884033	-0.008425313048
3.403199911118	-0.007873040624
3.404799938202	-0.005668560509
3.406399965286	-0.006704224739
3.407999992371	-0.008124320768
3.409600019455	-0.006857632659
3.411199808121	-0.006701136474
3.412799835205	-0.008155184798
3.414399862289	-0.006642992608
3.415999889374	-0.007364592515
3.417599916458	-0.007691888604
3.419199943542	-0.006625008769
3.420799970627	-0.005693376530
3.422399997711	-0.009013936855
3.424000024796	-0.007880288176
3.425599813461	-0.006851808634
3.427199840546	-0.008594608866
3.428799867630	-0.005111760460
3.430399894714	-0.009969648905
3.431999921799	-0.006755968556
3.433599948883	-0.006220384501
3.435199975967	-0.007712160703
3.436800003052	-0.007594992407
3.438400030136	-0.006062352564
3.439999818802	-0.008882416412
3.441599845886	-0.005794320256
3.443199872971	-0.005961728282
3.444799900055	-0.006926016416
3.446399927139	-0.008118384518
3.447999954224	-0.008186656982
3.449599981308	-0.005169520620
3.451200008392	0.006820272654
