0.000000000000	0.015118961222
0.001599999960	0.016956290230
0.003199999919	0.017130898312
0.004799999762	0.019617345184
0.006399999838	0.015687968582
0.007999999449	0.015376721509
0.009599999525	0.014150912873
0.011199999601	0.017436817288
0.012799999677	0.018006497994
0.014399999753	0.015213569626
0.015999998897	0.014485857449
0.017599999905	0.014697745442
0.019199999049	0.018458433449
0.020800000057	0.017336674035
0.022399999201	0.015158400871
0.024000000209	0.016087953001
0.025599999353	0.015724113211
0.027199998498	0.017883906141
0.028799999505	0.015115281567
0.030399998650	0.015233345330
0.031999997795	0.012533537112
0.033599998802	0.014476353303
0.035199999809	0.016528625041
0.036800000817	0.014100369066
0.038399998099	0.014265329577
0.039999999106	0.014457553625
0.041600000113	0.016816081479
0.043199997395	0.016307504848
0.044799998403	0.015154320747
0.046399999410	0.014235137030
0.048000000417	0.014951681718
0.049599997699	0.015534048900
0.051199998707	0.015245873481
0.052799999714	0.015435249545
0.054399996996	0.013012224808
0.055999998003	0.014625601470
0.057599999011	0.014021009207
0.059200000018	0.014352273196
0.060799997300	0.015752593055
0.062399998307	0.013187920675
0.063999995589	0.013350577094
0.065600000322	0.013279057108
0.067199997604	0.016063665971
0.068799994886	0.013967713341
0.070399999619	0.014734433033
0.071999996901	0.015554449521
0.073600001633	0.013437905349
0.075199998915	0.014113601297
0.076799996197	0.013810048811
0.078400000930	0.014497441240
0.079999998212	0.012158385478
0.081599995494	0.013918560930
0.083200000226	0.014083361253
0.084799997509	0.012842641212
0.086399994791	0.014044817537
0.087999999523	0.012649505399
0.089599996805	0.013446240686
0.091199994087	0.013652001508
0.092799998820	0.014108128846
0.094399996102	0.011220225133
0.096000000834	0.013806768693
0.097599998116	0.010036912747
0.099199995399	0.011510704644
0.100800000131	0.013248912990
0.102399997413	0.012922576629
0.103999994695	0.013067057356
0.105599999428	0.014431969263
0.107199996710	0.012604161166
0.108799993992	0.013826801442
0.110399998724	0.013426641002
0.111999996006	0.013055456802
0.113600000739	0.011403921060
0.115199998021	0.010779889300
0.116799995303	0.012833056971
0.118400000036	0.014236561023
0.119999997318	0.012797584757
0.121599994600	0.011606512591
0.123199999332	0.013355345465
0.124799996614	0.010421024635
0.126399993896	0.013020785525
0.127999991179	0.013021664694
0.129600003362	0.009477120824
0.131200000644	0.010393360630
0.132799997926	0.012193568982
0.134399995208	0.013647857122
0.135999992490	0.011791745201
0.137599989772	0.012444704771
0.139200001955	0.012113088742
0.140799999237	0.009362544864
0.142399996519	0.014681968838
0.143999993801	0.011391152628
0.145599991083	0.010186481290
0.147200003266	0.010669664480
0.148800000548	0.012692369521
0.150399997830	0.011973856948
0.151999995112	0.013135313056
0.153599992394	0.011679745279
0.155199989676	0.009942704812
0.156800001860	0.012404048815
0.158399999142	0.009328177199
0.159999996424	0.011283553205
0.161599993706	0.011106848717
0.163199990988	0.011098048650
0.164800003171	0.012141360901
0.166400000453	0.009647600353
0.167999997735	0.010266737081
0.169599995017	0.010415680707
0.171199992299	0.010974736884
0.172799989581	0.009719473310
0.174400001764	0.010821584612
0.175999999046	0.008210784756
0.177599996328	0.011319473386
0.179199993610	0.012692880817
0.180799990892	0.012672657147
0.182399988174	0.010219264776
0.184000000358	0.007758416701
0.185599997640	0.010019488633
0.187199994922	0.013105201535
0.188799992204	0.012188097462
0.190399989486	0.009565840475
0.192000001669	0.008700864390
0.193599998951	0.010409872979
0.195199996233	0.011819072999
0.196799993515	0.011329169385
0.198399990797	0.008349680342
0.199999988079	0.007856560871
0.201600000262	0.009140769020
0.203199997544	0.011425936595
0.204799994826	0.010156560689
0.206399992108	0.010566145182
0.207999989390	0.010526256636
0.209600001574	0.008996368386
0.211199998856	0.008583424613
0.212799996138	0.008210192434
0.214399993420	0.009670305066
0.215999990702	0.010919072665
0.217599987984	0.010421761312
0.219200000167	0.009139169008
0.220799997449	0.009075584821
0.222399994731	0.008426720276
0.223999992013	0.010638385080
0.225599989295	0.011111280881
0.227200001478	0.009181953035
0.228799998760	0.008602480404
0.230399996042	0.009199297056
0.231999993324	0.012271056883
0.233599990606	0.007964432240
0.235199987888	0.009861856699
0.236800000072	0.008706960827
0.238399997354	0.007423056755
0.239999994636	0.008963104337
0.241599991918	0.009484209120
0.243199989200	0.010324256495
0.244799986482	0.008197168820
0.246399998665	0.008978096768
0.247999995947	0.009102720767
0.249599993229	0.009272112511
0.251199990511	0.009793585166
0.252799987793	0.007850368507
0.254399985075	0.007290176582
0.255999982357	0.009093952365
0.257599979639	0.009782672860
0.259200006723	0.008944736794
0.260800004005	0.009591297247
0.262400001287	0.008640225045
0.263999998569	0.009489809163
0.265599995852	0.006795168389
0.267199993134	0.008918432519
0.268799990416	0.009675809182
0.270399987698	0.007751632482
0.271999984980	0.008539889008
0.273599982262	0.008283136413
0.275199979544	0.007319456432
0.276800006628	0.007726656739
0.278400003910	0.009550160728
0.280000001192	0.006997888442
0.281599998474	0.007736224681
0.283199995756	0.005932272412
0.284799993038	0.006886912510
0.286399990320	0.007155008614
0.287999987602	0.008157473058
0.289599984884	0.006957680453
0.291199982166	0.007584480569
0.292799979448	0.006552960724
0.294400006533	0.007505584508
0.296000003815	0.006575040519
0.297600001097	0.009526176378
0.299199998379	0.008060016669
0.300799995661	0.005997040309
0.302399992943	0.006661072373
0.303999990225	0.008799920790
0.305599987507	0.006802160759
0.307199984789	0.009308576584
0.308799982071	0.008687584661
0.310399979353	0.004833776504
0.312000006437	0.008190704510
0.313600003719	0.007069776300
0.315200001001	0.006612064783
0.316799998283	0.007959488779
0.318399995565	0.005913248751
0.319999992847	0.009266080335
0.321599990129	0.005916864611
0.323199987411	0.009117424488
0.324799984694	0.005547712557
0.326399981976	0.007590848487
0.327999979258	0.006637120619
0.329600006342	0.007015504409
0.331200003624	0.006501104683
0.332800000906	0.009221200831
0.334399998188	0.006790704560
0.335999995470	0.005760288332
0.337599992752	0.009933552705
0.339199990034	0.005591232330
0.340799987316	0.006998176686
0.342399984598	0.006880640518
0.343999981880	0.007099376526
0.345599979162	0.005972080398
0.347199976444	0.005921856500
0.348800003529	0.009150993079
0.350400000811	0.005871664267
0.351999998093	0.005519520491
0.353599995375	0.006074864417
0.355199992657	0.007318160497
0.356799989939	0.007402112707
0.358399987221	0.007454192732
0.359999984503	0.005362368654
0.361599981785	0.005345776211
0.363199979067	0.006845408585
0.364799976349	0.005780640524
0.366400003433	0.006306224503
0.368000000715	0.005680816248
0.369599997997	0.005949088372
0.371199995279	0.004551616497
0.372799992561	0.006267904304
0.374399989843	0.005365120247
0.375999987125	0.004045856185
0.377599984407	0.006162048317
0.379199981689	0.006601216737
0.380799978971	0.006298096385
0.382399976254	0.003600384342
0.384000003338	0.005934352521
0.385600000620	0.005346880294
0.387199997902	0.007507104427
0.388799995184	0.006853936706
0.390399992466	0.005265472457
0.391999989748	0.005873920396
0.393599987030	0.005320736207
0.395199984312	0.006892576348
0.396799981594	0.005183696281
0.398399978876	0.004670384340
0.399999976158	0.006107456516
0.401600003242	0.005697504617
0.403200000525	0.005451792385
0.404799997807	0.005471952260
0.406399995089	0.006224208511
0.407999992371	0.006249504630
0.409599989653	0.006199840456
0.411199986935	0.005708176643
0.412799984217	0.003549472429
0.414399981499	0.005379120354
0.415999978781	0.005877008662
0.417599976063	0.004286576528
0.419200003147	0.005286464468
0.420800000429	0.002530912170
0.422399997711	0.007059168536
0.423999994993	0.005504912697
0.425599992275	0.006187856663
0.427199989557	0.004401648417
0.428799986839	0.004440624267
0.430399984121	0.006533152424
0.431999981403	0.006850736681
0.433599978685	0.007049328648
0.435199975967	0.005620688666
0.436800003052	0.002398016164
0.438400000334	0.002044272143
0.439999997616	0.005741728470
0.441599994898	0.007764736656
0.443199992180	0.005371904466
0.444799989462	0.006109936628
0.446399986744	0.002971696202
0.447999984026	0.003884896403
0.449599981308	0.006339600310
0.451199978590	0.005218832288
0.452799975872	0.005234928336
0.454400002956	0.003504992230
0.456000000238	0.003459584201
0.457599997520	0.004534864333
0.459199994802	0.004914016463
0.460799992085	0.004503408447
0.462399989367	0.004959456623
0.463999986649	0.005210384261
0.465599983931	0.004755168222
0.467199981213	0.002536976244
0.468799978495	0.003823840292
0.470399975777	0.005564752501
0.472000002861	0.004379808437
0.473600000143	0.004242160358
0.475199997425	0.003777632257
0.476799994707	0.003783632303
0.478399991989	0.004854368512
0.479999989271	0.004317104351
0.481599986553	0.005990304518
0.483199983835	0.002683440223
0.484799981117	0.006150288507
0.486399978399	0.006378640421
0.487999975681	0.005786848255
0.489599972963	0.005464864429
0.491200000048	0.001437824103
0.492799997330	0.005204240326
0.494399994612	0.004770656582
0.495999991894	0.004785168450
0.497599989176	0.003836512333
0.499199986458	0.004260496236
0.500800013542	0.004622832406
0.502399981022	0.004402864259
0.504000008106	0.004454656504
0.505599975586	0.004960592370
0.507200002670	0.005156496540
0.508799970150	0.005308992229
0.510399997234	0.004275344312
0.511999964714	0.002403472317
0.513599991798	0.003746752394
0.515199959278	0.005235120654
0.516799986362	0.004917360377
0.518400013447	0.003666960401
0.519999980927	0.002382432111
0.521600008011	0.001094544074
0.523199975491	0.006341280416
0.524800002575	0.004400384612
0.526399970055	0.003924096469
0.527999997139	0.004200304393
0.529599964619	0.001274432056
0.531199991703	0.003442400368
0.532799959183	0.003665472381
0.534399986267	0.004839504603
0.536000013351	0.000456688082
0.537599980831	0.002326336224
0.539200007915	0.004548880272
0.540799975395	0.003402096219
0.542400002480	0.002243664116
0.543999969959	0.004453792237
0.545599997044	0.002399744233
0.547199964523	0.003417344298
0.548799991608	0.004226096440
0.550399959087	0.003191856202
0.551999986172	0.005283696577
0.553600013256	0.004546032287
0.555199980736	0.004789872561
0.556800007820	0.004360736348
0.558399975300	0.002249728190
0.560000002384	0.002662624232
0.561599969864	0.003941328265
0.563199996948	0.002087056171
0.564799964428	0.003844272345
0.566399991512	0.002638048260
0.567999958992	0.003225984285
0.569599986076	0.002459440148
0.571200013161	0.003287296277
0.572799980640	0.002242720220
0.574400007725	0.003841328202
0.575999975204	0.002489248291
0.577600002289	0.004645232577
0.579199969769	0.001708096126
0.580799996853	0.002971632173
0.582399964333	0.002777088201
0.583999991417	0.002043904271
0.585599958897	0.004950112198
0.587199985981	0.001505456166
0.588800013065	0.001760944142
0.590399980545	0.003483584384
0.592000007629	0.003065568395
0.593599975109	0.001928384183
0.595200002193	0.004561600275
0.596799969673	0.003721216228
0.598399996758	0.000885536021
0.599999964237	0.003193328157
0.601599991322	0.003219632199
0.603199958801	0.001465280075
0.604799985886	0.003700016299
0.606400012970	0.002882000292
0.607999980450	0.005283120554
0.609600007534	0.002331344178
0.611199975014	0.003362352261
0.612800002098	0.003469488351
0.614399969578	0.003337376285
0.615999996662	0.005438272376
0.617599964142	0.001388320117
0.619199991226	0.002083664062
0.620799958706	0.003890496213
0.622399985790	0.005464720540
0.624000012875	0.003646096215
0.625599980354	0.001739296131
0.627200007439	0.001372064115
0.628799974918	0.000446000020
0.630400002003	0.002928816248
0.631999969482	0.003992256243
0.633599996567	-0.000347424037
0.635199964046	0.001939200214
0.636799991131	0.001528288121
0.638399958611	0.001706288196
0.639999985695	0.002196304267
0.641600012779	0.002275712090
0.643199980259	0.000357232057
0.644800007343	0.001665152144
0.646399974823	0.003596832277
0.648000001907	0.001905152225
0.649599969387	0.001152864075
0.651199996471	0.001992544159
0.652799963951	0.003006496234
0.654399991035	0.002354272176
0.655999958515	0.001598080155
0.657599985600	0.002250928199
0.659200012684	0.001535552088
0.660799980164	0.003416512394
0.662400007248	0.002806272358
0.663999974728	0.000805952062
0.665600001812	0.002794912318
0.667199969292	0.001144560170
0.668799996376	0.003901056247
0.670399963856	0.001481952146
0.671999990940	0.002959088190
0.673599958420	0.000809648132
0.675199985504	0.004451376386
0.676800012589	0.005028400570
0.678399980068	0.003080704249
0.680000007153	0.001863600104
0.681599974632	-0.000922016101
0.683200001717	0.003560032230
0.684799969196	0.001073232037
0.686399996281	0.002328960225
0.687999963760	0.002846160205
0.689599990845	0.001800032100
0.691199958324	0.001476160018
0.692799985409	0.002759536263
0.694399952888	0.003976176493
0.695999979973	0.002625728259
0.697600007057	0.004522128496
0.699199974537	0.000853328034
0.700800001621	0.001254000119
0.702399969101	0.000090144007
0.703999996185	0.002582976129
0.705599963665	0.002973776311
0.707199990749	0.003209920367
0.708799958229	0.000905168068
0.710399985313	-0.001032624044
0.711999952793	0.002660976257
0.713599979877	0.003351568244
0.715200006962	0.002454816131
0.716799974442	-0.001049456070
0.718400001526	0.001418896136
0.719999969006	0.002026400296
0.721599996090	0.002152864123
0.723199963570	0.003495424287
0.724799990654	0.001669760211
0.726399958134	-0.000195872009
0.727999985218	0.002935440280
0.729599952698	0.004857296590
0.731199979782	0.000530320045
0.732800006866	0.000796016073
0.734399974346	0.000685664068
0.736000001431	0.002505056094
0.737599968910	0.003089440288
0.739199995995	0.000613104028
0.740799963474	0.001391344122
0.742399990559	0.001537136035
0.743999958038	0.001303808065
0.745599985123	-0.000014144019
0.747199952602	0.000879104075
0.748799979687	0.002745040227
0.750400006771	-0.000219807989
0.751999974251	0.001239168108
0.753600001335	0.001299120137
0.755199968815	0.001949536148
0.756799995899	0.000745280064
0.758399963379	0.001288992120
0.759999990463	0.001131520025
0.761599957943	0.001955856103
0.763199985027	0.003488592338
0.764799952507	0.003615088295
0.766399979591	-0.001012160094
0.768000006676	0.000694864022
0.769599974155	0.001239024103
0.771200001240	0.000255808001
0.772799968719	0.002886240138
0.774399995804	0.002406784100
0.775999963284	0.001850976143
0.777599990368	0.000624399981
0.779199957848	0.001319200150
0.780799984932	0.004286160227
0.782399952412	0.001821440179
0.783999979496	0.000834320090
0.785600006580	-0.000095136049
0.787199974060	0.000536784064
0.788800001144	0.001423024107
0.790399968624	0.003742560279
0.791999995708	0.002669264330
0.793599963188	-0.001274944167
0.795199990273	0.002178112045
0.796799957752	0.002875104314
0.798399984837	-0.000167792052
0.799999952316	0.002065712120
0.801599979401	0.000044368004
0.803200006485	0.002129872097
0.804799973965	0.003568272339
0.806400001049	0.000580608088
0.807999968529	0.000754160050
0.809599995613	0.001271552057
0.811199963093	0.003742480185
0.812799990177	-0.001158656087
0.814399957657	-0.000147872037
0.815999984741	0.000922496023
0.817599952221	-0.000177775932
0.819199979305	0.002245120239
0.820800006390	0.003352080239
0.822399973869	0.001553536160
0.824000000954	0.000151232030
0.825599968433	0.001830400201
0.827199995518	0.001223088126
0.828799962997	-0.001143088099
0.830399990082	0.000046752048
0.831999957561	0.000144639998
0.833599984646	-0.000562592060
0.835199952126	0.002666896209
0.836799979210	-0.001744864159
0.838400006294	0.000342016021
0.839999973774	0.001218560152
0.841600000858	0.001513488125
0.843199968338	-0.000857808103
0.844799995422	0.001393104205
0.846399962902	-0.000820704096
0.847999989986	0.000500144030
0.849599957466	0.001816976117
0.851199984550	0.001527552027
0.852799952030	0.000385616033
0.854399979115	-0.000556495972
0.856000006199	0.003232608316
0.857599973679	-0.000434416026
0.859200000763	-0.000291888020
0.860799968243	-0.000256416068
0.862399995327	0.000831968093
0.863999962807	0.002043472137
0.865599989891	0.000776144036
0.867199957371	-0.000222704010
0.868799984455	-0.000268144009
0.870399951935	0.000746112084
0.871999979019	-0.000285696005
0.873600006104	0.001201536041
0.875199973583	0.000629247981
0.876800000668	-0.000064528016
0.878399968147	0.002097296063
0.879999995232	0.001751616132
0.881599962711	-0.000720784068
0.883199989796	-0.000947472057
0.884799957275	0.002068000147
0.886399984360	-0.001750527998
0.887999951839	0.002161072101
0.889599978924	-0.001395472209
0.891200006008	-0.000191792074
0.892799973488	-0.001422512112
0.894400000572	0.001737184124
0.895999968052	0.000499679940
0.897599995136	-0.001111584133
0.899199962616	-0.000446080026
0.900799989700	-0.000795968052
0.902399957180	0.002141728299
0.903999984264	0.001046768157
0.905599951744	0.001330384053
0.907199978828	-0.000090688023
0.908800005913	0.002344592242
0.910399973392	-0.000932592025
0.912000000477	-0.002054432174
0.913599967957	0.001124464092
0.915199995041	0.001609568135
0.916799962521	-0.000369056070
0.918399989605	0.001470464165
0.919999957085	-0.000264352042
0.921599984169	0.000061151964
0.923199951649	0.000993296038
0.924799978733	0.001998464111
0.926400005817	0.000715696020
0.927999973297	-0.000013472069
0.929600000381	0.000342080049
0.931199967861	0.000390272035
0.932799994946	0.002821824281
0.934399962425	0.000439680007
0.935999989510	-0.002168224193
0.937599956989	0.000729488092
0.939199984074	-0.000210640006
0.940799951553	0.001203984139
0.942399978638	0.001322432072
0.944000005722	0.002560784109
0.945599973202	-0.001588832121
0.947200000286	-0.001147792209
0.948799967766	0.004679488484
0.950399994850	-0.000034367968
0.951999962330	0.000184543998
0.953599989414	-0.001451008138
0.955199956894	-0.000683728082
0.956799983978	-0.001115168096
0.958399951458	0.001479328144
0.959999978542	0.000173424036
0.961599946022	-0.001676896121
0.963199973106	-0.000784544100
0.964800000191	-0.000071855953
0.966399967670	0.000553040067
0.967999994755	0.000797280110
0.969599962234	0.000203072050
0.971199989319	0.000452719949
0.972799956799	0.000390255998
0.974399983883	-0.000758864102
0.975999951363	-0.001766032190
0.977599978447	0.001186560141
0.979199945927	-0.000410096080
0.980799973011	0.002225776203
0.982400000095	-0.001438304200
0.983999967575	0.000463471981
0.985599994659	0.001352000167
0.987199962139	0.001050016144
0.988799989223	0.001161744120
0.990399956703	-0.000560352055
0.991999983788	0.000365456042
0.993599951267	-0.002299920190
0.995199978352	0.002126176143
0.996799945831	0.001518160221
0.998399972916	0.000263712020
1.000000000000	0.000552208046
1.001600027084	0.000891360047
1.003199934959	-0.002064096276
1.004799962044	-0.000098992066
1.006399989128	0.001357008121
1.008000016212	0.001065152115
1.009599924088	0.000202079929
1.011199951172	0.000984272105
1.012799978256	-0.001904240111
1.014400005341	0.000220336020
1.016000032425	0.000901712046
1.017599940300	-0.000538416032
1.019199967384	0.000099744044
1.020799994469	-0.000724368030
1.022400021553	-0.001893712091
1.023999929428	-0.000676080061
1.025599956512	0.000267040014
1.027199983597	-0.001232832088
1.028800010681	0.000126368002
1.030399918556	0.000429488049
1.031999945641	0.000902224041
1.033599972725	0.001017776085
1.035199999809	-0.000219295966
1.036800026894	-0.000480240036
1.038399934769	-0.001693776110
1.039999961853	-0.000552672020
1.041599988937	0.001208192087
1.043200016022	-0.001576656243
1.044799923897	-0.000265999988
1.046399950981	0.001239696052
1.047999978065	0.000472640037
1.049600005150	-0.000167184029
1.051200032234	0.000368159992
1.052799940109	0.000220368020
1.054399967194	-0.001564960112
1.055999994278	0.000211024075
1.057600021362	-0.000431808032
1.059199929237	0.000300432032
1.060799956322	0.001762880129
1.062399983406	-0.000106080050
1.064000010490	-0.001668704092
1.065599918365	0.000913248048
1.067199945450	-0.001358400215
1.068799972534	0.000257120031
1.070399999619	-0.000180848001
1.072000026703	-0.000200016002
1.073599934578	-0.002006480237
1.075199961662	-0.002117472235
1.076799988747	-0.000526752090
1.078400015831	0.000403311977
1.079999923706	-0.000520608039
1.081599950790	-0.000644928019
1.083199977875	-0.000249039993
1.084800004959	-0.001778832171
1.086400032043	-0.001565872109
1.087999939919	0.000349615992
1.089599967003	0.000521135982
1.091199994087	-0.000908832066
1.092800021172	-0.000849184056
1.094399929047	-0.001831840142
1.095999956131	-0.002653760137
1.097599983215	-0.000553472026
1.099200010300	-0.001003712066
1.100799918175	-0.000939760183
1.102399945259	-0.001079312176
1.103999972343	-0.000923952030
1.105599999428	-0.001298656105
1.107200026512	-0.001857328112
1.108799934387	0.000990176108
1.110399961472	0.000028591943
1.111999988556	-0.001560784178
1.113600015640	0.000792656036
1.115199923515	-0.002509152284
1.116799950600	-0.001836208161
1.118399977684	0.001720320084
1.120000004768	-0.000889968127
1.121599912643	-0.000842928072
1.123199939728	0.000005375925
1.124799966812	-0.003770112293
1.126399993896	0.001043376047
1.128000020981	0.002064480213
1.129599928856	-0.000159856034
1.131199955940	-0.001848512213
1.132799983025	0.000051248029
1.134400010109	-0.000166208018
1.135999917984	-0.001305040088
1.137599945068	-0.000408656051
1.139199972153	-0.001661888091
1.140799999237	-0.003553712275
1.142400026321	-0.001478960156
1.143999934196	0.001612912049
1.145599961281	-0.002331584226
1.147199988365	-0.001937056077
1.148800015450	0.000118672018
1.150399923325	-0.002425136277
1.151999950409	-0.002246144228
1.153599977493	0.001056384062
1.155200004578	-0.001526096137
1.156799912453	-0.000729248044
1.158399939537	-0.000614079996
1.159999966621	-0.001775712124
1.161599993706	-0.000780384114
1.163200020790	-0.000961328042
1.164799928665	-0.000457247981
1.166399955750	-0.002819936257
1.167999982834	-0.001680496149
1.169600009918	0.001424432150
1.171199917793	-0.000186767997
1.172799944878	0.000261215988
1.174399971962	-0.002031232230
1.175999999046	-0.002808048390
1.177600026131	0.001301744138
1.179199934006	0.000333776028
1.180799961090	-0.000120719982
1.182399988174	-0.002085728105
1.184000015259	-0.001615248155
1.185599923134	-0.000825760071
1.187199950218	0.001055680099
1.188799977303	-0.000400400051
1.190400004387	-0.002433728194
1.191999912262	-0.002459728159
1.193599939346	-0.000361680024
1.195199966431	0.000336496014
1.196799993515	-0.000588048017
1.198400020599	0.000332608062
1.199999928474	-0.002506048186
1.201599955559	-0.000282224006
1.203199982643	-0.000855328108
1.204800009727	-0.000892736076
1.206399917603	-0.002687552245
1.207999944687	-0.001606928068
1.209599971771	-0.001435536076
1.211199998856	0.000565216062
1.212800025940	-0.000728432089
1.214399933815	-0.002177616116
1.215999960899	-0.000913008058
1.217599987984	-0.001300416188
1.219200015068	-0.002897520317
1.220799922943	-0.001354288077
1.222399950027	0.000157824034
1.223999977112	-0.002850288292
1.225600004196	-0.000162832002
1.227199912071	-0.002817248227
1.228799939156	-0.000741216121
1.230399966240	-0.001633936074
1.231999993324	-0.000220000118
1.233600020409	0.000766544079
1.235199928284	0.000576144084
1.236799955368	-0.003009968204
1.238399982452	-0.001992400270
1.240000009537	-0.000603072054
1.241599917412	-0.002883280162
1.243199944496	-0.002741664182
1.244799971581	-0.000215103995
1.246399998665	-0.000435791968
1.248000025749	-0.001495920122
1.249599933624	-0.000439664058
1.251199960709	-0.000964208099
1.252799987793	-0.001376224100
1.254400014877	-0.002354880096
1.255999922752	-0.001766112167
1.257599949837	-0.000716320064
1.259199976921	0.000254335959
1.260800004005	-0.000742672069
1.262399911880	0.001370608108
1.263999938965	-0.002006096067
1.265599966049	-0.000947552151
1.267199993134	-0.002471280284
1.268800020218	-0.001477632090
1.270399928093	-0.001507792273
1.271999955177	-0.002721712226
1.273599982262	-0.000360688049
1.275200009346	-0.001236336073
1.276799917221	-0.000663920015
1.278399944305	0.000873536046
1.279999971390	-0.001830160152
1.281599998474	-0.002307792194
1.283200025558	-0.002306240145
1.284799933434	-0.000791184080
1.286399960518	-0.001488272101
1.287999987602	-0.001698816195
1.289600014687	-0.001760080107
1.291199922562	-0.001026544138
1.292799949646	0.000345727982
1.294399976730	-0.002599728294
1.296000003815	-0.002935984405
1.297599911690	-0.003016496310
1.299199938774	-0.001236096025
1.300799965858	-0.000445632031
1.302399992943	0.000038255974
1.304000020027	-0.001381312031
1.305599927902	-0.002872512210
1.307199954987	-0.001918944181
1.308799982071	0.000796384062
1.310400009155	-0.001319088042
1.311999917030	-0.002613344230
1.313599944115	-0.002253888175
1.315199971199	-0.001053376123
1.316799998283	-0.000363824074
1.318400025368	-0.002726768143
1.319999933243	-0.000498816080
1.321599960327	-0.002992688213
1.323199987411	-0.000280816021
1.324800014496	-0.001717392122
1.326399922371	-0.003419632325
1.327999949455	-0.001885680133
1.329599976540	0.000137023977
1.331200003624	0.000691168068
1.332799911499	0.000543824106
1.334399938583	-0.003384176409
1.335999965668	-0.002898976207
1.337599992752	-0.001478000078
1.339200019836	0.001400128123
1.340799927711	-0.002736112336
1.342399954796	-0.002794032218
1.343999981880	-0.001150256139
1.345600008965	-0.003652880201
1.347199916840	0.000702816062
1.348799943924	-0.002031632233
1.350399971008	-0.002530704252
1.351999998093	-0.003583952319
1.353600025177	-0.002295392333
1.355199933052	-0.002073584124
1.356799960136	-0.003089312231
1.358399987221	-0.001460560132
1.360000014305	-0.000160512020
1.361599922180	-0.001319616102
1.363199949265	-0.002100048121
1.364799976349	-0.002237072214
1.366400003433	-0.002610928146
1.367999911308	0.000756432069
1.369599938393	-0.001664976124
1.371199965477	-0.001421808149
1.372799992561	-0.004693632480
1.374400019646	-0.001673568157
1.375999927521	0.000272223988
1.377599954605	-0.001404976123
1.379199981689	-0.003221264342
1.380800008774	-0.003504800377
1.382399916649	-0.002457120223
1.383999943733	0.000122544006
1.385599970818	-0.002263424220
1.387199997902	-0.000730640080
1.388799905777	-0.003950080369
1.390399932861	0.000422432029
1.391999959946	-0.003551920177
1.393599987030	-0.000911024050
1.395200014114	-0.003196704201
1.396799921989	-0.002275504172
1.398399949074	-0.003629472340
1.399999976158	-0.002310528187
1.401600003242	0.000801536080
1.403199911118	-0.003078432288
1.404799938202	-0.002195936162
1.406399965286	-0.002171280328
1.407999992371	-0.002985328203
1.409600019455	-0.002594480291
1.411199927330	-0.001199856051
1.412799954414	-0.001488048234
1.414399981499	-0.003437872278
1.416000008583	-0.002039088169
1.417599916458	-0.001038800110
1.419199943542	-0.001601792057
1.420799970627	-0.002535312204
1.422399997711	-0.004659408238
1.423999905586	-0.001251664129
1.425599932671	-0.002722768346
1.427199959755	0.000463792065
1.428799986839	-0.000383360020
1.430400013924	-0.002336400095
1.431999921799	-0.003853120375
1.433599948883	-0.001379680121
1.435199975967	-0.000799648056
1.436800003052	-0.000763504009
1.438399910927	-0.004145344254
1.439999938011	-0.002229888225
1.441599965096	-0.001235184143
1.443199992180	0.000250144047
1.444800019264	-0.003064448247
1.446399927139	-0.002046448179
1.447999954224	-0.002124512102
1.449599981308	-0.003119392321
1.451200008392	-0.000435568043
1.452799916267	-0.000997664058
1.454399943352	0.000382864062
1.455999970436	-0.004294128157
1.457599997520	-0.002977680182
1.459199905396	-0.001038576127
1.460799932480	-0.002749440260
1.462399959564	-0.001976608299
1.463999986649	-0.002958464203
1.465600013733	-0.001229552086
1.467199921608	-0.001391280093
1.468799948692	-0.000975536124
1.470399975777	-0.001784016145
1.472000002861	-0.002719712211
1.473599910736	-0.001909504179
1.475199937820	-0.001419392182
1.476799964905	-0.002876352286
1.478399991989	-0.001144848065
1.480000019073	-0.004683168605
1.481599926949	-0.000581184053
1.483199954033	-0.002748192288
1.484799981117	-0.002876784187
1.486400008202	-0.003457984189
1.487999916077	-0.001995648257
1.489599943161	-0.001714960090
1.491199970245	-0.002222320065
1.492799997330	-0.001063440111
1.494399905205	-0.002970848233
1.495999932289	-0.004608512390
1.497599959373	-0.000675392046
1.499199986458	-0.001258336124
1.500800013542	0.001184720080
1.502399921417	-0.002546288306
1.503999948502	-0.001779184095
1.505599975586	0.000700752076
1.507200002670	-0.003398992354
1.508799910545	-0.002065152163
1.510399937630	-0.001129072043
1.511999964714	-0.004740624223
1.513599991798	0.000197136033
1.515200018883	-0.004153648391
1.516799926758	0.000659840065
1.518399953842	-0.001389696146
1.519999980927	-0.004455632530
1.521600008011	-0.003581296187
1.523199915886	-0.001045440091
1.524799942970	-0.003893040353
1.526399970055	-0.001952608232
1.527999997139	-0.001173008000
1.529599905014	-0.002726192120
1.531199932098	-0.002767680213
1.532799959183	-0.002486592159
1.534399986267	-0.002671744209
1.536000013351	-0.003261392238
1.537599921227	-0.002433248097
1.539199948311	-0.004470928572
1.540799975395	-0.001232128125
1.542400002480	-0.003254416166
1.543999910355	-0.002968992339
1.545599937439	-0.000671488058
1.547199964523	-0.004046752583
1.548799991608	-0.000633039977
1.550400018692	-0.002393216360
1.551999926567	-0.003602208337
1.553599953651	-0.001603248180
1.555199980736	-0.004341952503
1.556800007820	0.000810448080
1.558399915695	-0.002283584327
1.559999942780	-0.001981520094
1.561599969864	-0.001327920123
1.563199996948	-0.002763984259
1.564799904823	-0.001198480139
1.566399931908	-0.002071344294
1.567999958992	-0.001644160133
1.569599986076	-0.001521296101
1.571200013161	-0.003910352476
1.572799921036	-0.003411536338
1.574399948120	-0.002419568133
1.575999975204	-0.000088208035
1.577600002289	-0.001495872042
1.579199910164	-0.002948976355
1.580799937248	-0.002794640139
1.582399964333	-0.003550240304
1.583999991417	-0.000460432027
1.585600018501	-0.000625488057
1.587199926376	-0.003026640275
1.588799953461	-0.002969280118
1.590399980545	-0.006362576503
1.592000007629	-0.002857984276
1.593599915504	-0.002817104105
1.595199942589	-0.001040352159
1.596799969673	-0.003289728193
1.598399996758	-0.003356512170
1.599999904633	-0.005493472330
1.601599931717	-0.003480336396
1.603199958801	-0.001597152092
1.604799985886	-0.003143728245
1.606400012970	-0.002576784231
1.607999920845	-0.001188064110
1.609599947929	-0.005460288376
1.611199975014	-0.001223648083
1.612800002098	-0.004482688382
1.614399909973	-0.002064064145
1.615999937057	-0.001446656184
1.617599964142	-0.004341360182
1.619199991226	-0.003955392167
1.620800018311	-0.002524480224
1.622399926186	-0.001517104101
1.623999953270	-0.003789440263
1.625599980354	-0.003258832265
1.627200007439	-0.002345088171
1.628799915314	-0.001755248057
1.630399942398	-0.001717024134
1.631999969482	-0.001745520160
1.633599996567	-0.003342848271
1.635199904442	-0.003742272267
1.636799931526	-0.002585120266
1.638399958611	-0.001237520133
1.639999985695	-0.003561936319
1.641600012779	-0.002981024329
1.643199920654	-0.000366768072
1.644799947739	-0.003226000350
1.646399974823	-0.001261072000
1.648000001907	-0.003733200254
1.649599909782	-0.005169840530
1.651199936867	-0.001201648149
1.652799963951	-0.003786784364
1.654399991035	-0.002957136370
1.655999898911	-0.002080960199
1.657599925995	-0.004979824647
1.659199953079	-0.001085424097
1.660799980164	-0.002428352134
1.662400007248	-0.000812000013
1.663999915123	-0.004019824322
1.665599942207	-0.005102848634
1.667199969292	-0.002303248271
1.668799996376	-0.000862544111
1.670399904251	-0.001885584090
1.671999931335	-0.002378192265
1.673599958420	-0.003435440361
1.675199985504	-0.002638416132
1.676800012589	-0.002987248125
1.678399920464	-0.001873392146
1.679999947548	-0.003703392344
1.681599974632	-0.002182512311
1.683200001717	-0.003389472375
1.684799909592	-0.005541824270
1.686399936676	-0.001808528090
1.687999963760	-0.004390896298
1.689599990845	-0.002229392296
1.691199898720	-0.002083968138
1.692799925804	-0.003541504266
1.694399952888	-0.002435824135
1.695999979973	-0.003350576386
1.697600007057	-0.002535312204
1.699199914932	-0.004078832455
1.700799942017	-0.003708864329
1.702399969101	-0.000691824069
1.703999996185	-0.002472576220
1.705599904060	-0.003331904300
1.707199931145	-0.003861072473
1.708799958229	-0.000646128028
1.710399985313	-0.003890784224
1.712000012398	-0.004488912411
1.713599920273	-0.002164496109
1.715199947357	-0.004355824552
1.716799974442	-0.002347408095
1.718400001526	-0.000604080153
1.719999909401	-0.001547472086
1.721599936485	-0.003075232264
1.723199963570	-0.004561200272
1.724799990654	-0.003728448180
1.726399898529	-0.002742192242
1.727999925613	-0.001665168209
1.729599952698	-0.004566416610
1.731199979782	-0.004292176571
1.732800006866	-0.000838672044
1.734399914742	-0.003305808175
1.735999941826	-0.002123408252
1.737599968910	-0.002376576187
1.739199995995	-0.005282544531
1.740799903870	-0.003021872370
1.742399930954	-0.005239616614
1.743999958038	-0.001974240178
1.745599985123	-0.002092256211
1.747200012207	-0.002728960244
1.748799920082	-0.002749520121
1.750399947166	-0.006245520432
1.751999974251	-0.002405200154
1.753600001335	-0.003228704212
1.755199909210	-0.003983296454
1.756799936295	-0.002747392282
1.758399963379	-0.002319024177
1.759999990463	-0.000154272013
1.761599898338	-0.002987424377
1.763199925423	-0.001262576086
1.764799952507	-0.003221744439
1.766399979591	-0.003748640418
1.768000006676	-0.001765296212
1.769599914551	-0.006591088604
1.771199941635	-0.004670128226
1.772799968719	-0.001659264090
1.774399995804	-0.002943584230
1.775999903679	-0.004170704167
1.777599930763	-0.003789248411
1.779199957848	-0.003980976529
1.780799984932	-0.001915152185
1.782400012016	-0.003322032280
1.783999919891	-0.002331360243
1.785599946976	-0.004195936490
1.787199974060	-0.004827600438
1.788800001144	-0.004677392542
1.790399909019	-0.001324384124
1.791999936104	-0.000952320115
1.793599963188	-0.003264848143
1.795199990273	-0.004366288427
1.796799898148	-0.003814720316
1.798399925232	-0.001476272126
1.799999952316	-0.002934752265
1.801599979401	-0.003645456396
1.803200006485	-0.004129520152
1.804799914360	-0.004610080272
1.806399941444	-0.001203360152
1.807999968529	-0.001582096098
1.809599995613	-0.001171824057
1.811199903488	-0.002609488089
1.812799930573	-0.005755136721
1.814399957657	-0.005151184276
1.815999984741	-0.003438208252
1.817600011826	-0.001813376090
1.819199919701	-0.001798656187
1.820799946785	-0.004438048229
1.822399973869	-0.006767152343
1.824000000954	-0.003026752267
1.825599908829	-0.001843760139
1.827199935913	-0.002821728354
1.828799962997	-0.001877904171
1.830399990082	-0.002743744291
1.831999897957	-0.004166176543
1.833599925041	-0.004086032510
1.835199952126	-0.002401120262
1.836799979210	-0.003644896206
1.838400006294	-0.003534960328
1.839999914169	-0.002059088089
1.841599941254	-0.004079984501
1.843199968338	-0.004846608266
1.844799995422	-0.002532864222
1.846399903297	-0.000502496085
1.847999930382	-0.004281584173
1.849599957466	-0.004591968376
1.851199984550	-0.003081824165
1.852800011635	-0.004243328236
1.854399919510	-0.001471792115
1.855999946594	-0.004610560369
1.857599973679	-0.002524160082
1.859200000763	-0.003623024328
1.860799908638	-0.003862096230
1.862399935722	-0.003401872236
1.863999962807	-0.002229616279
1.865599989891	-0.001331088017
1.867199897766	-0.005696336273
1.868799924850	-0.004001680296
1.870399951935	-0.002725552302
1.871999979019	-0.004720976576
1.873600006104	-0.003611136228
1.875199913979	-0.004136688542
1.876799941063	-0.001273424132
1.878399968147	-0.005809840281
1.879999995232	-0.001527152141
1.881599903107	-0.003909232561
1.883199930191	-0.004755008500
1.884799957275	-0.002638192149
1.886399984360	-0.004144784529
1.888000011444	-0.002759728348
1.889599919319	-0.003679600311
1.891199946404	-0.000690912071
1.892799973488	-0.006833840627
1.894400000572	-0.003631392261
1.895999908447	-0.001140944194
1.897599935532	-0.005273856223
1.899199962616	-0.001856768155
1.900799989700	-0.004390544258
1.902399897575	-0.006632272620
1.903999924660	-0.003365840297
1.905599951744	-0.002397424309
1.907199978828	-0.000789920043
1.908800005913	-0.004362144507
1.910399913788	-0.005410240497
1.911999940872	-0.004662080202
1.913599967957	-0.003553104354
1.915199995041	-0.004763552453
1.916799902916	-0.001934560132
1.918399930000	-0.004046048503
1.919999957085	-0.005972592626
1.921599984169	-0.002855744213
1.923199892044	-0.001656912151
1.924799919128	-0.005238656420
1.926399946213	-0.003821728285
1.927999973297	-0.004436256364
1.929600000381	-0.003490256146
1.931199908257	-0.004212240223
1.932799935341	-0.003943600226
1.934399962425	-0.000944592117
1.935999989510	-0.000833024096
1.937599897385	-0.002969248220
1.939199924469	-0.003702560440
1.940799951553	-0.004624976311
1.942399978638	-0.002510592109
1.944000005722	-0.005074896384
1.945599913597	-0.005220560357
1.947199940681	-0.003348544240
1.948799967766	-0.002649248345
1.950399994850	-0.004535216372
1.951999902725	-0.001934976201
1.953599929810	-0.002416848205
1.955199956894	-0.006285328418
1.956799983978	-0.003125136252
1.958399891853	-0.004071984440
1.959999918938	-0.004311904311
1.961599946022	-0.002630064264
1.963199973106	-0.004678528290
1.964800000191	-0.003273472190
1.966399908066	-0.003543968312
1.967999935150	-0.004561248235
1.969599962234	-0.002136528259
1.971199989319	-0.005179008469
1.972799897194	-0.000164031968
1.974399924278	-0.004647968337
1.975999951363	-0.003529184265
1.977599978447	-0.003271872178
1.979200005531	-0.005856704433
1.980799913406	-0.003763168352
1.982399940491	-0.003705184208
1.983999967575	-0.005647312384
1.985599994659	-0.004390944261
1.987199902534	-0.004314288497
1.988799929619	-0.001909376122
1.990399956703	-0.004794704262
1.991999983788	-0.002622784348
1.993599891663	-0.003584976308
1.995199918747	-0.006620208733
1.996799945831	-0.002879808191
1.998399972916	-0.003764384193
2.000000000000	-0.003533840179
2.001600027084	-0.001874416135
2.003200054169	-0.003126000287
2.004799842834	-0.002109008143
2.006399869919	-0.005576032680
2.007999897003	-0.001113296137
2.009599924088	-0.002758128336
2.011199951172	-0.002526992233
2.012799978256	-0.002967936220
2.014400005341	-0.004201472271
2.016000032425	-0.001441280241
2.017600059509	-0.003363360185
2.019199848175	-0.002404496307
2.020799875259	-0.002590272343
2.022399902344	-0.004898528568
2.023999929428	-0.005366960540
2.025599956512	-0.005218896549
2.027199983597	-0.001557712210
2.028800010681	-0.001424480113
2.030400037766	-0.005079184193
2.032000064850	-0.001745456131
2.033599853516	-0.003163680201
2.035199880600	-0.004453584552
2.036799907684	-0.004612304270
2.038399934769	-0.002855680184
2.039999961853	-0.001395808067
2.041599988937	-0.004744816571
2.043200016022	-0.003946176264
2.044800043106	-0.004905920476
2.046399831772	-0.003916304093
2.047999858856	-0.003598256269
2.049599885941	-0.006387248635
2.051199913025	-0.003390160389
2.052799940109	-0.004037648439
2.054399967194	-0.005090768449
2.055999994278	-0.004687904380
2.057600021362	-0.004460128490
2.059200048447	-0.002040560124
2.060799837112	-0.001832432230
2.062399864197	-0.002376640216
2.063999891281	-0.001671408070
2.065599918365	-0.003845808329
2.067199945450	-0.005685680546
2.068799972534	-0.002901104279
2.070399999619	-0.000984272105
2.072000026703	-0.001970368205
2.073600053787	-0.003617984243
2.075199842453	-0.004652304575
2.076799869537	-0.003795856377
2.078399896622	-0.002037104219
2.079999923706	-0.002302576089
2.081599950790	-0.004458784591
2.083199977875	-0.004124960396
2.084800004959	-0.001184544060
2.086400032043	-0.001953264233
2.088000059128	-0.002609808231
2.089599847794	-0.003080816241
2.091199874878	-0.003899984295
2.092799901962	-0.005001200363
2.094399929047	-0.004109136295
2.095999956131	-0.003763120389
2.097599983215	-0.004317744169
2.099200010300	-0.002432352165
2.100800037384	-0.004273040220
2.102400064468	-0.005314896349
2.103999853134	-0.001615856192
2.105599880219	-0.003964336123
2.107199907303	-0.002927792259
2.108799934387	-0.002065840177
2.110399961472	-0.004288560245
2.111999988556	-0.003960032016
2.113600015640	-0.002265296178
2.115200042725	-0.004859248642
2.116799831390	-0.002648688154
2.118399858475	-0.003389776219
2.119999885559	-0.004612416495
2.121599912643	-0.003423184389
2.123199939728	-0.004429856315
2.124799966812	-0.002446832135
2.126399993896	-0.003658464411
2.128000020981	-0.004555088468
2.129600048065	-0.001498400117
2.131199836731	-0.005496848375
2.132799863815	-0.004849552177
2.134399890900	-0.006054736674
2.135999917984	-0.006762912497
2.137599945068	-0.000647376059
2.139199972153	-0.004124960396
2.140799999237	-0.003699504305
2.142400026321	-0.004969088361
2.144000053406	-0.003911376465
2.145599842072	-0.003312304150
2.147199869156	-0.007278288715
2.148799896240	-0.000741920085
2.150399923325	-0.003594016191
2.151999950409	-0.003731168341
2.153599977493	-0.003802720457
2.155200004578	-0.005783776287
2.156800031662	-0.002413952257
2.158400058746	-0.003149088239
2.159999847412	-0.000446240010
2.161599874496	-0.004663552158
2.163199901581	-0.005340160336
2.164799928665	-0.005809664261
2.166399955750	-0.002956640208
2.167999982834	-0.003879440250
2.169600009918	-0.004952688236
2.171200037003	-0.003020096337
2.172800064087	-0.004423216451
2.174399852753	-0.003949360456
2.175999879837	-0.003459872212
2.177599906921	-0.002609120216
2.179199934006	-0.003872544272
2.180799961090	-0.003533152165
2.182399988174	-0.005115584470
2.184000015259	-0.002950112335
2.185600042343	-0.002610544208
2.187199831009	-0.003028016305
2.188799858093	-0.004177552182
2.190399885178	-0.003793648211
2.191999912262	-0.004326848313
2.193599939346	-0.004270688631
2.195199966431	-0.003717456246
2.196799993515	-0.003492768155
2.198400020599	-0.006036848295
2.200000047684	-0.005524032284
2.201599836349	-0.002489168197
2.203199863434	-0.005477424711
2.204799890518	-0.004196752328
2.206399917603	-0.001260512043
2.207999944687	-0.006021776702
2.209599971771	-0.003419632325
2.211199998856	-0.003456992097
2.212800025940	-0.006652560551
2.214400053024	-0.002836144296
2.215999841690	-0.002582192188
2.217599868774	-0.005618800409
2.219199895859	-0.004795760382
2.220799922943	-0.005082496442
2.222399950027	-0.002702240134
2.223999977112	-0.004096464254
2.225600004196	-0.004941200372
2.227200031281	-0.004871264566
2.228800058365	-0.004237968475
2.230399847031	-0.002060192171
2.231999874115	-0.003762224223
2.233599901199	-0.004020688124
2.235199928284	-0.002879056148
2.236799955368	-0.003845568281
2.238399982452	-0.003765488276
2.240000009537	-0.004960960243
2.241600036621	-0.001593872206
2.243199825287	-0.002482592128
2.244799852371	-0.006590848789
2.246399879456	-0.000973440066
2.247999906540	-0.003636880312
2.249599933624	-0.004348928109
2.251199960709	-0.003531728173
2.252799987793	-0.003729936434
2.254400014877	-0.006222048309
2.256000041962	-0.007030576468
2.257599830627	-0.004718688317
2.259199857712	-0.002469840227
2.260799884796	-0.005142048467
2.262399911880	-0.003140528221
2.263999938965	-0.005562512670
2.265599966049	-0.002550224308
2.267199993134	-0.005030896515
2.268800020218	-0.005937728565
2.270400047302	-0.002705776133
2.271999835968	-0.005058992188
2.273599863052	-0.001565424143
2.275199890137	-0.005255616270
2.276799917221	-0.004049904179
2.278399944305	-0.003513152245
2.279999971390	-0.006267680321
2.281599998474	-0.000435344147
2.283200025558	-0.005206240341
2.284800052643	-0.006509424653
2.286399841309	-0.004262128379
2.287999868393	-0.003647392383
2.289599895477	-0.004003680311
2.291199922562	-0.002563792281
2.292799949646	-0.003051312175
2.294399976730	-0.003745952155
2.296000003815	-0.003341392381
2.297600030899	-0.004328176379
2.299200057983	-0.001527520246
2.300799846649	-0.003124416107
2.302399873734	-0.004090432543
2.303999900818	-0.004875408486
2.305599927902	-0.007646016777
2.307199954987	-0.003341488307
2.308799982071	-0.004019408021
2.310400009155	-0.004398144316
2.312000036240	-0.004162016325
2.313599824905	-0.008270848542
2.315199851990	-0.004846544471
2.316799879074	-0.002553696278
2.318399906158	-0.002965504304
2.319999933243	-0.005236528348
2.321599960327	-0.005690400489
2.323199987411	-0.003276896197
2.324800014496	-0.005951696541
2.326400041580	-0.004199680407
2.327999830246	-0.002388448222
2.329599857330	-0.005278704222
2.331199884415	-0.005082160234
2.332799911499	-0.005568768363
2.334399938583	-0.003460768377
2.335999965668	-0.004676384386
2.337599992752	-0.002667200286
2.339200019836	-0.001826016116
2.340800046921	-0.005793184508
2.342399835587	-0.005909280386
2.343999862671	-0.005718608387
2.345599889755	-0.004412704147
2.347199916840	-0.002220944269
2.348799943924	-0.006795712747
2.350399971008	-0.005689632613
2.351999998093	-0.004741936456
2.353600025177	-0.003975264262
2.355200052261	-0.003318736330
2.356799840927	-0.002626432339
2.358399868011	-0.002160288161
2.359999895096	-0.006975376513
2.361599922180	-0.004088448361
2.363199949265	-0.003975296393
2.364799976349	-0.001976720057
2.366400003433	-0.004999472294
2.368000030518	-0.004402624443
2.369600057602	-0.004372448195
2.371199846268	-0.005185440648
2.372799873352	-0.003905776422
2.374399900436	-0.002722320147
2.375999927521	-0.006026624702
2.377599954605	-0.005081264302
2.379199981689	-0.002476880094
2.380800008774	-0.004867952317
2.382400035858	-0.004457728472
2.383999824524	-0.004318528343
2.385599851608	-0.002445584163
2.387199878693	-0.006365792360
2.388799905777	-0.006281776354
2.390399932861	-0.004953808617
2.391999959946	-0.001435200102
2.393599987030	-0.004317088518
2.395200014114	-0.005419312511
2.396800041199	-0.005362960510
2.398399829865	-0.004206960555
2.399999856949	-0.004156048410
2.401599884033	-0.005127632525
2.403199911118	-0.004555920605
2.404799938202	-0.006396128796
2.406399965286	-0.003473344259
2.407999992371	-0.004480160307
2.409600019455	-0.003056256101
2.411200046539	-0.005175344180
2.412799835205	-0.007685296703
2.414399862289	-0.003523504362
2.415999889374	-0.002535664244
2.417599916458	-0.004329968244
2.419199943542	-0.002403056249
2.420799970627	-0.002091264119
2.422399997711	-0.004797776230
2.424000024796	-0.003733696183
2.425600051880	-0.006177904550
2.427199840546	-0.003073856235
2.428799867630	-0.001740384148
2.430399894714	-0.003916208167
2.431999921799	-0.006412448827
2.433599948883	-0.005021264311
2.435199975967	-0.002575312275
2.436800003052	-0.002516272245
2.438400030136	-0.003782128450
2.440000057220	-0.005959712435
2.441599845886	-0.006595520768
2.443199872971	-0.005227696616
2.444799900055	-0.003487440292
2.446399927139	-0.004297808278
2.447999954224	-0.006198480260
2.449599981308	-0.004553744569
2.451200008392	-0.005733872298
2.452800035477	-0.003957120236
2.454399824142	-0.003900144249
2.455999851227	-0.001819760189
2.457599878311	-0.005058720242
2.459199905396	-0.004878560547
2.460799932480	-0.004228816368
2.462399959564	-0.002982496284
2.463999986649	-0.003519536229
2.465600013733	-0.003585616359
2.467200040817	-0.004389968235
2.468799829483	-0.004243200179
2.470399856567	-0.005013264250
2.471999883652	-0.003611376276
2.473599910736	-0.002796640154
2.475199937820	-0.004153264221
2.476799964905	-0.003613264300
2.478399991989	-0.007039856631
2.480000019073	-0.005575536285
2.481600046158	-0.002680784091
2.483199834824	-0.004992752336
2.484799861908	-0.004021728411
2.486399888992	-0.006665808614
2.487999916077	-0.004759888165
2.489599943161	-0.007670112886
2.491199970245	-0.002796592191
2.492799997330	-0.003449408337
2.494400024414	-0.006342848297
2.496000051498	-0.002554448089
2.497599840164	-0.004250288475
2.499199867249	-0.005538960453
2.500799894333	-0.004106384236
2.502399921417	-0.004997328389
2.503999948502	-0.001364496071
2.505599975586	-0.004745984450
2.507200002670	-0.003444080474
2.508800029755	-0.004691040143
2.510399818420	-0.007819568738
2.511999845505	-0.003076464171
2.513599872589	-0.004944784567
2.515199899673	-0.005364688579
2.516799926758	-0.005490944255
2.518399953842	-0.006472032517
2.519999980927	-0.003204896348
2.521600008011	-0.001976256259
2.523200035095	-0.005721488502
2.524799823761	-0.005312128458
2.526399850845	-0.004026432522
2.527999877930	-0.000978784054
2.529599905014	-0.004442256410
2.531199932098	-0.002957216231
2.532799959183	-0.005272624549
2.534399986267	-0.007271136623
2.536000013351	-0.004065472167
2.537600040436	-0.001890880172
2.539199829102	-0.005165072624
2.540799856186	-0.005486736540
2.542399883270	-0.001971664140
2.543999910355	-0.006090704352
2.545599937439	-0.006724832579
2.547199964523	-0.002367024310
2.548799991608	-0.002779312199
2.550400018692	-0.004430768546
2.552000045776	-0.005267792381
2.553599834442	-0.006260160357
2.555199861526	-0.004788384307
2.556799888611	-0.002423520200
2.558399915695	-0.005749840755
2.559999942780	-0.006823648699
2.561599969864	-0.005732256453
2.563199996948	-0.007768784650
2.564800024033	-0.003387600183
2.566400051117	-0.003212464275
2.567999839783	-0.003627456259
2.569599866867	-0.004420000128
2.571199893951	-0.005956304260
2.572799921036	-0.004942624364
2.574399948120	-0.005910096690
2.575999975204	-0.005308720283
2.577600002289	-0.002421152312
2.579200029373	-0.004553216510
2.580799818039	-0.004660576582
2.582399845123	-0.007281376515
2.583999872208	-0.005015488248
2.585599899292	-0.002580528148
2.587199926376	-0.004525856581
2.588799953461	-0.001534912153
2.590399980545	-0.009105169214
2.592000007629	-0.003964544274
2.593600034714	-0.002454912290
2.595199823380	-0.005827952642
2.596799850464	-0.001067328034
2.598399877548	-0.005709424615
2.599999904633	-0.006090448704
2.601599931717	-0.006201744545
2.603199958801	-0.005631744396
2.604799985886	-0.003773600329
2.606400012970	-0.007011136506
2.608000040054	-0.003601200180
2.609599828720	-0.005919040646
2.611199855804	-0.005297952332
2.612799882889	-0.002759072231
2.614399909973	-0.003330816282
2.615999937057	-0.004833744373
2.617599964142	-0.003747696290
2.619199991226	-0.005981600378
2.620800018311	-0.005677184556
2.622400045395	-0.007535024546
2.623999834061	-0.003359536175
2.625599861145	-0.006137088407
2.627199888229	-0.007864432409
2.628799915314	-0.003306512255
2.630399942398	-0.006182480603
2.631999969482	-0.003562576370
2.633599996567	-0.004267616197
2.635200023651	-0.005193728488
2.636800050735	-0.006631968543
2.638399839401	-0.008311376907
2.639999866486	-0.004573584534
2.641599893570	-0.003629520303
2.643199920654	-0.007040592376
2.644799947739	-0.005315920338
2.646399974823	-0.005744912662
2.648000001907	-0.004679184407
2.649600028992	-0.003850592300
2.651199817657	-0.007679200731
2.652799844742	-0.002075456083
2.654399871826	-0.005731456447
2.655999898911	-0.006125504617
2.657599925995	-0.006272464525
2.659199953079	-0.003846048377
2.660799980164	-0.004326384515
2.662400007248	-0.006771584507
2.664000034332	-0.002552064136
2.665599822998	-0.005345040467
2.667199850082	-0.006084656343
2.668799877167	-0.003805424320
2.670399904251	-0.004728960339
2.671999931335	-0.004146704450
2.673599958420	-0.005815568380
2.675199985504	-0.002666160231
2.676800012589	-0.003014208283
2.678400039673	-0.006092336494
2.679999828339	-0.004490208346
2.681599855423	-0.004237200599
2.683199882507	-0.006713280454
2.684799909592	-0.007308400702
2.686399936676	-0.005022048485
2.687999963760	-0.006710992660
2.689599990845	-0.003931264393
2.691200017929	-0.004349520430
2.692800045013	-0.005959088448
2.694399833679	-0.004260816611
2.695999860764	-0.004989424255
2.697599887848	-0.006107360590
2.699199914932	-0.003710400313
2.700799942017	-0.005199104548
2.702399969101	-0.003627472324
2.703999996185	-0.006785504520
2.705600023270	-0.003115696134
2.707200050354	-0.004253680352
2.708799839020	-0.005011584610
2.710399866104	-0.005434256513
2.711999893188	-0.002145312261
2.713599920273	-0.005541040562
2.715199947357	-0.005556560587
2.716799974442	-0.005330704618
2.718400001526	-0.003978208173
2.720000028610	-0.004989664536
2.721599817276	-0.003613968380
2.723199844360	-0.007605840452
2.724799871445	-0.003496176330
2.726399898529	-0.005148384254
2.727999925613	-0.004299168475
2.729599952698	-0.004636320285
2.731199979782	-0.004861760419
2.732800006866	-0.006040768232
2.734400033951	-0.006051072385
2.735999822617	-0.003165200353
2.737599849701	-0.003238144098
2.739199876785	-0.004771408159
2.740799903870	-0.002617120277
2.742399930954	-0.005224080291
2.743999958038	-0.007509792689
2.745599985123	-0.003774400335
2.747200012207	-0.001612464082
2.748800039291	-0.006782928482
2.750399827957	-0.004460320342
2.751999855042	-0.002423600294
2.753599882126	-0.005016672425
2.755199909210	-0.007008320652
2.756799936295	-0.003133920254
2.758399963379	-0.005000464618
2.759999990463	-0.006804848555
2.761600017548	-0.003933376633
2.763200044632	-0.006286080461
2.764799833298	-0.003678736277
2.766399860382	-0.005121888593
2.767999887466	-0.005555488635
2.769599914551	-0.003770336276
2.771199941635	-0.005417408422
2.772799968719	-0.006460528355
2.774399995804	-0.005529664457
2.776000022888	-0.001124464092
2.777599811554	-0.005732304417
2.779199838638	-0.004692496266
2.780799865723	-0.003216816345
2.782399892807	-0.002951232251
2.783999919891	-0.006911280565
2.785599946976	-0.005845760461
2.787199974060	-0.005500064231
2.788800001144	-0.006068208721
2.790400028229	-0.002160816221
2.791999816895	-0.003670832375
2.793599843979	-0.005238096695
2.795199871063	-0.005395760294
2.796799898148	-0.001403616043
2.798399925232	-0.005157152191
2.799999952316	-0.006103856489
2.801599979401	-0.003757136408
2.803200006485	-0.004738720600
2.804800033569	-0.004734224174
2.806399822235	-0.002766528167
2.807999849319	-0.006623904686
2.809599876404	-0.002944624284
2.811199903488	-0.002198736183
2.812799930573	-0.008524288423
2.814399957657	-0.005005680490
2.815999984741	-0.005897248629
2.817600011826	-0.004129904322
2.819200038910	-0.002187712118
2.820799827576	-0.006493872497
2.822399854660	-0.005631744396
2.823999881744	-0.008120880462
2.825599908829	-0.004490112420
2.827199935913	-0.003899920266
2.828799962997	-0.003271712223
2.830399990082	-0.004722496495
2.832000017166	-0.007508128416
2.833600044250	-0.004217168316
2.835199832916	-0.005643680226
2.836799860001	-0.006004352588
2.838399887085	-0.002702784259
2.839999914169	-0.004404176492
2.841599941254	-0.003732928308
2.843199968338	-0.005292976275
2.844799995422	-0.006913872436
2.846400022507	-0.001973024104
2.847999811172	-0.006023312453
2.849599838257	-0.003137504216
2.851199865341	-0.005690016318
2.852799892426	-0.007705872878
2.854399919510	-0.005231200717
2.855999946594	-0.008491056971
2.857599973679	0.001958992099
2.859200000763	-0.005269488320
2.860800027847	-0.007646000478
2.862399816513	-0.004805344157
2.863999843597	-0.005088608246
2.865599870682	-0.002396976110
2.867199897766	-0.005607056431
2.868799924850	-0.005769168492
2.870399951935	-0.003309408203
2.871999979019	-0.004151792265
2.873600006104	-0.006237872411
2.875200033188	-0.005293264519
2.876799821854	-0.002904544119
2.878399848938	-0.004542352166
2.879999876022	-0.005336304195
2.881599903107	-0.004147072323
2.883199930191	-0.005912768189
2.884799957275	-0.004238064401
2.886399984360	-0.003219088307
2.888000011444	-0.004840992391
2.889600038528	-0.005089120474
2.891199827194	-0.006307984702
2.892799854279	-0.004337760154
2.894399881363	-0.003394592321
2.895999908447	-0.006273952313
2.897599935532	-0.005989808589
2.899199962616	-0.006833680440
2.900799989700	-0.005282224156
2.902400016785	-0.003065712284
2.904000043869	-0.004009504337
2.905599832535	-0.007542080712
2.907199859619	-0.003234496340
2.908799886703	-0.004716032185
2.910399913788	-0.006767280400
2.911999940872	-0.005813824479
2.913599967957	-0.008149600588
2.915199995041	-0.006015712395
2.916800022125	-0.003449600190
2.918399810791	-0.006922256667
2.919999837875	-0.007535904646
2.921599864960	-0.005597936455
2.923199892044	-0.005247552413
2.924799919128	-0.006135392468
2.926399946213	-0.004205056466
2.927999973297	-0.004258528352
2.929600000381	-0.006819344591
2.931200027466	-0.004167088307
2.932799816132	-0.005238480400
2.934399843216	-0.005138832610
2.935999870300	-0.006602688693
2.937599897385	-0.004155984148
2.939199924469	-0.004498560447
2.940799951553	-0.006554768421
2.942399978638	-0.004337584600
2.944000005722	-0.006619184744
2.945600032806	-0.005397920497
2.947199821472	-0.004471232183
2.948799848557	-0.006105888635
2.950399875641	-0.005809776485
2.951999902725	-0.005461840425
2.953599929810	-0.005126912147
2.955199956894	-0.002840256318
2.956799983978	-0.006945136469
2.958400011063	-0.003921792377
2.960000038147	-0.003938928246
2.961599826813	-0.003823376261
2.963199853897	-0.006265248638
2.964799880981	-0.005992432591
2.966399908066	-0.004692768212
2.967999935150	-0.006284400355
2.969599962234	-0.004391776398
2.971199989319	-0.002050416078
2.972800016403	-0.005666560493
2.974400043488	-0.005327600520
2.975999832153	-0.005910160486
2.977599859238	-0.006878656335
2.979199886322	-0.003603008343
2.980799913406	-0.006282800343
2.982399940491	-0.004336672369
2.983999967575	-0.005296272226
2.985599994659	-0.007201712579
2.987200021744	-0.004249104299
2.988799810410	-0.007878272794
2.990399837494	-0.003109904239
2.991999864578	-0.004514992237
2.993599891663	-0.006127200555
2.995199918747	-0.005612160545
2.996799945831	-0.006080272608
2.998399972916	-0.004958736245
3.000000000000	-0.006686432753
3.001600027084	-0.005232192110
3.003199815750	-0.008898496628
3.004799842834	-0.006349264644
3.006399869919	-0.005200848449
3.007999897003	-0.005512000527
3.009599924088	-0.005240864586
3.011199951172	-0.004310768563
3.012799978256	-0.003597696312
3.014400005341	-0.004548288416
3.016000032425	-0.005243664607
3.017599821091	-0.003912720364
3.019199848175	-0.003056800226
3.020799875259	-0.004727056250
3.022399902344	-0.003998256288
3.023999929428	-0.004918496590
3.025599956512	-0.005867984612
3.027199983597	-0.005188960582
3.028800010681	-0.006268592551
3.030400037766	-0.002273648046
3.031999826431	-0.005713408347
3.033599853516	-0.004301664419
3.035199880600	-0.004508576356
3.036799907684	-0.003912640270
3.038399934769	-0.006621168461
3.039999961853	-0.005916384514
3.041599988937	-0.004583648406
3.043200016022	-0.005202352535
3.044799804687	-0.005605408456
3.046399831772	-0.006884224713
3.047999858856	-0.005469680298
3.049599885941	-0.006360784639
3.051199913025	-0.003743200330
3.052799940109	-0.004900544416
3.054399967194	-0.005994832609
3.055999994278	-0.004908560310
3.057600021362	-0.005403088406
3.059199810028	-0.002525920281
3.060799837112	-0.004947648384
3.062399864197	-0.007455584593
3.063999891281	-0.005615120288
3.065599918365	-0.006537040696
3.067199945450	-0.005677568726
3.068799972534	-0.006252176594
3.070399999619	-0.005733632483
3.072000026703	-0.006205360405
3.073599815369	-0.005769120529
3.075199842453	-0.005880880635
3.076799869537	-0.006428848486
3.078399896622	-0.003965120297
3.079999923706	-0.005273760296
3.081599950790	-0.007174992468
3.083199977875	-0.003130224301
3.084800004959	-0.004105968401
3.086400032043	-0.007957329042
3.087999820709	-0.004729360342
3.089599847794	-0.004667616449
3.091199874878	-0.007510480471
3.092799901962	-0.008062336594
3.094399929047	-0.004106976558
3.095999956131	-0.006567840464
3.097599983215	-0.003196736332
3.099200010300	-0.005612496287
3.100800037384	-0.007227008697
3.102399826050	-0.006098448299
3.103999853134	-0.006904864684
3.105599880219	-0.004229728132
3.107199907303	-0.002876656130
3.108799934387	-0.005587520543
3.110399961472	-0.005220576189
3.111999988556	-0.007267968729
3.113600015640	-0.005614976399
3.115199804306	-0.004992000293
3.116799831390	-0.002369632246
3.118399858475	-0.007065232377
3.119999885559	-0.007623280399
3.121599912643	-0.006842496339
3.123199939728	-0.007600880694
3.124799966812	-0.002592736157
3.126399993896	-0.003426688258
3.128000020981	-0.006392928306
3.129599809647	-0.005623168312
3.131199836731	-0.007481040433
3.132799863815	-0.006320256740
3.134399890900	-0.003645136254
3.135999917984	-0.006982560735
3.137599945068	-0.005486480426
3.139199972153	-0.007852608338
3.140799999237	-0.006782560609
3.142400026321	-0.003625584301
3.143999814987	-0.005013616290
3.145599842072	-0.004461664241
3.147199869156	-0.006358336657
3.148799896240	-0.004691776354
3.150399923325	-0.007353344467
3.151999950409	-0.005366400350
3.153599977493	-0.005687552504
3.155200004578	-0.005977904424
3.156800031662	-0.004751264583
3.158399820328	-0.007963312790
3.159999847412	-0.007115824614
3.161599874496	-0.004081728403
3.163199901581	-0.006291216705
3.164799928665	-0.004499488510
3.166399955750	-0.005079360679
3.167999982834	-0.006098048761
3.169600009918	-0.004698176403
3.171200037003	-0.004573888611
3.172799825668	-0.003253504168
3.174399852753	-0.007588560693
3.175999879837	-0.007626768667
3.177599906921	-0.006083488464
3.179199934006	-0.007282736711
3.180799961090	-0.003687264398
3.182399988174	-0.003220592160
3.184000015259	-0.005518688355
3.185599803925	-0.007644096389
3.187199831009	-0.007293344475
3.188799858093	-0.004066928290
3.190399885178	-0.006247168407
3.191999912262	-0.004132672213
3.193599939346	-0.007623056415
3.195199966431	-0.004139728379
3.196799993515	-0.005717072636
3.198400020599	-0.006620352622
3.199999809265	-0.003896752372
3.201599836349	-0.002568384167
3.203199863434	-0.007079104427
3.204799890518	-0.006620272528
3.206399917603	-0.007982464507
3.207999944687	-0.004345760215
3.209599971771	-0.002528208075
3.211199998856	-0.007025120780
3.212800025940	-0.006099248305
3.214399814606	-0.006514432374
3.215999841690	-0.005617168732
3.217599868774	-0.006900592707
3.219199895859	-0.004181328230
3.220799922943	-0.006398048252
3.222399950027	-0.006935056765
3.223999977112	-0.006775104441
3.225600004196	-0.006693024654
3.227200031281	-0.002419792116
3.228799819946	-0.005846352316
3.230399847031	-0.005813952535
3.231999874115	-0.005519120488
3.233599901199	-0.006479200441
3.235199928284	-0.005780672655
3.236799955368	-0.005080160219
3.238399982452	-0.006122288294
3.240000009537	-0.003764000256
3.241600036621	-0.007537280675
3.243199825287	-0.007722912822
3.244799852371	-0.004616192542
3.246399879456	-0.002223520074
3.247999906540	-0.004593104590
3.249599933624	-0.005701824557
3.251199960709	-0.008015616797
3.252799987793	-0.008296096697
3.254400014877	-0.002634640085
3.255999803543	-0.003835968208
3.257599830627	-0.008834592998
3.259199857712	-0.003561264370
3.260799884796	-0.006443472579
3.262399911880	-0.005562720355
3.263999938965	-0.003614592366
3.265599966049	-0.005885680672
3.267199993134	-0.002051680116
3.268800020218	-0.007913488895
3.270399808884	-0.004470000509
3.271999835968	-0.005508240312
3.273599863052	-0.006096240599
3.275199890137	-0.005894448608
3.276799917221	-0.006796944421
3.278399944305	-0.004246944562
3.279999971390	-0.005458352622
3.281599998474	-0.004861776251
3.283200025558	-0.004367888439
3.284799814224	-0.005530368537
3.286399841309	-0.003031440312
3.287999868393	-0.006900768727
3.289599895477	-0.007553648669
3.291199922562	-0.004342704546
3.292799949646	-0.004915968515
3.294399976730	-0.004262624308
3.296000003815	-0.006383776665
3.297600030899	-0.004492752254
3.299199819565	-0.004571936559
3.300799846649	-0.007615648676
3.302399873734	-0.004962560255
3.303999900818	-0.006623616442
3.305599927902	-0.005030032247
3.307199954987	-0.005005120300
3.308799982071	-0.008626688272
3.310400009155	-0.006062672473
3.311999797821	-0.003646448487
3.313599824905	-0.003195040394
3.315199851990	-0.003413664177
3.316799879074	-0.008300400339
3.318399906158	-0.002852144185
3.319999933243	-0.004456208088
3.321599960327	-0.005340416450
3.323199987411	-0.005358800292
3.324800014496	-0.004878192209
3.326399803162	-0.005432416219
3.327999830246	-0.004151856527
3.329599857330	-0.006699536461
3.331199884415	-0.003661968280
3.332799911499	-0.005036064424
3.334399938583	-0.005877936259
3.335999965668	-0.006050848402
3.337599992752	-0.006248416379
3.339200019836	-0.004789920524
3.340799808502	-0.006731568836
3.342399835587	-0.004427760374
3.343999862671	-0.005930272397
3.345599889755	-0.008718128316
3.347199916840	-0.005192080513
3.348799943924	-0.006038496736
3.350399971008	-0.004054704215
3.351999998093	-0.004185184371
3.353600025177	-0.005617152434
3.355199813843	-0.008937744424
3.356799840927	-0.004899792373
3.358399868011	-0.006712384522
3.359999895096	-0.005382288247
3.361599922180	-0.004342144355
3.363199949265	-0.007225424517
3.364799976349	-0.006029392593
3.366400003433	-0.006265200675
3.368000030518	-0.006312384736
3.369599819183	-0.004695392679
3.371199846268	-0.005635488313
3.372799873352	-0.004713440314
3.374399900436	-0.005937344395
3.375999927521	-0.005908224266
3.377599954605	-0.004429872148
3.379199981689	-0.005008096341
3.380800008774	-0.005481280386
3.382399797440	-0.008473136462
3.383999824524	-0.004660400562
3.385599851608	-0.006887184456
3.387199878693	-0.004912816454
3.388799905777	-0.005331312306
3.390399932861	-0.003582336241
3.391999959946	-0.005331120454
3.393599987030	-0.006561792456
3.395200014114	-0.002861568239
3.396799802780	-0.003286560299
3.398399829865	-0.007174336817
3.399999856949	-0.003696112195
3.401599884033	-0.006675920449
3.403199911118	-0.006623488851
3.404799938202	-0.006955344696
3.406399965286	-0.007999200374
3.407999992371	-0.002054992132
3.409600019455	-0.005619840231
3.411199808121	-0.007627264597
3.412799835205	-0.007580496836
3.414399862289	-0.006379472557
3.415999889374	-0.004760784563
3.417599916458	-0.005635520443
3.419199943542	-0.005551824346
3.420799970627	-0.008186800405
3.422399997711	-0.005115728360
3.424000024796	-0.005626080558
3.425599813461	-0.004798416514
3.427199840546	-0.004020032473
3.428799867630	-0.008385392837
3.430399894714	-0.005019504577
3.431999921799	-0.004930912517
3.433599948883	-0.008115360513
3.435199975967	-0.003528576344
3.436800003052	-0.004293568432
3.438400030136	-0.006711456459
3.439999818802	-0.004824624397
3.441599845886	-0.007277744822
3.443199872971	-0.005467424635
3.444799900055	-0.005378992297
3.446399927139	-0.007683584467
3.447999954224	-0.006302272435
3.449599981308	-0.003965472337
3.451200008392	0.005392784253
