0.000000000000	0.015861906111
0.001599999960	0.015690770000
0.003199999919	0.016271488741
0.004799999762	0.017229584977
0.006399999838	0.016147121787
0.007999999449	0.017503648996
0.009599999525	0.017734561116
0.011199999601	0.015322064981
0.012799999677	0.016985729337
0.014399999753	0.016553360969
0.015999998897	0.015761025250
0.017599999905	0.015421377495
0.019199999049	0.016047937796
0.020800000057	0.014898912981
0.022399999201	0.015552593395
0.024000000209	0.016495233402
0.025599999353	0.015503761359
0.027199998498	0.015458289534
0.028799999505	0.015340369195
0.030399998650	0.017369329929
0.031999997795	0.015687504783
0.033599998802	0.015560353175
0.035199999809	0.015404880978
0.036800000817	0.014538496733
0.038399998099	0.014825841412
0.039999999106	0.015318001620
0.041600000113	0.015907857567
0.043199997395	0.015070257708
0.044799998403	0.015492657200
0.046399999410	0.015808353201
0.048000000417	0.015308769420
0.049599997699	0.015361296944
0.051199998707	0.013283553533
0.052799999714	0.015672832727
0.054399996996	0.014574497007
0.055999998003	0.015215201303
0.057599999011	0.015694130212
0.059200000018	0.015075297095
0.060799997300	0.016524113715
0.062399998307	0.015017361380
0.063999995589	0.013652512804
0.065600000322	0.014322545379
0.067199997604	0.013875856996
0.068799994886	0.015047441237
0.070399999619	0.014497441240
0.071999996901	0.014940529130
0.073600001633	0.015476081520
0.075199998915	0.014867729507
0.076799996197	0.014580529183
0.078400000930	0.013869120739
0.079999998212	0.014098737389
0.081599995494	0.013004001230
0.083200000226	0.013031344861
0.084799997509	0.013928849250
0.086399994791	0.014975025319
0.087999999523	0.013509089127
0.089599996805	0.013418145478
0.091199994087	0.014612993225
0.092799998820	0.014747681096
0.094399996102	0.012081776746
0.096000000834	0.015047840774
0.097599998116	0.013128513470
0.099199995399	0.012737616897
0.100800000131	0.012779968791
0.102399997413	0.013562656939
0.103999994695	0.013120384887
0.105599999428	0.013966416940
0.107199996710	0.014747424982
0.108799993992	0.013731809333
0.110399998724	0.011141313240
0.111999996006	0.013267025352
0.113600000739	0.013435937464
0.115199998021	0.012451984920
0.116799995303	0.012203217484
0.118400000036	0.013624465093
0.119999997318	0.013509617187
0.121599994600	0.012987889349
0.123199999332	0.013535808772
0.124799996614	0.013266673312
0.126399993896	0.011783952825
0.127999991179	0.011508832686
0.129600003362	0.014368993230
0.131200000644	0.013049056754
0.132799997926	0.010694145225
0.134399995208	0.013050368987
0.135999992490	0.014559729025
0.137599989772	0.012163872831
0.139200001955	0.011272400618
0.140799999237	0.012267872691
0.142399996519	0.013009840623
0.143999993801	0.012057281099
0.145599991083	0.012843777426
0.147200003266	0.012536257505
0.148800000548	0.011832992546
0.150399997830	0.010570513085
0.151999995112	0.011789200827
0.153599992394	0.012236192822
0.155199989676	0.009886944667
0.156800001860	0.012405904941
0.158399999142	0.012396273203
0.159999996424	0.011936097406
0.161599993706	0.011515696533
0.163199990988	0.011073568836
0.164800003171	0.010446736589
0.166400000453	0.011983120814
0.167999997735	0.011105952784
0.169599995017	0.011560385115
0.171199992299	0.010815728456
0.172799989581	0.010265952908
0.174400001764	0.011061584577
0.175999999046	0.011033984832
0.177599996328	0.010430192575
0.179199993610	0.010729072616
0.180799990892	0.009668576531
0.182399988174	0.011248016730
0.184000000358	0.011010512710
0.185599997640	0.011422976851
0.187199994922	0.011211200617
0.188799992204	0.010531985201
0.190399989486	0.010574976914
0.192000001669	0.010635680519
0.193599998951	0.010538753122
0.195199996233	0.010589617305
0.196799993515	0.010522369295
0.198399990797	0.009615440853
0.199999988079	0.010751008987
0.201600000262	0.010294880718
0.203199997544	0.010055745021
0.204799994826	0.009560977109
0.206399992108	0.010687696747
0.207999989390	0.009391664527
0.209600001574	0.010614944622
0.211199998856	0.009794976562
0.212799996138	0.009738816880
0.214399993420	0.008282400668
0.215999990702	0.011011345312
0.217599987984	0.010335200466
0.219200000167	0.009700672701
0.220799997449	0.010089488700
0.222399994731	0.008879409172
0.223999992013	0.009491264820
0.225599989295	0.009227712639
0.227200001478	0.009528432973
0.228799998760	0.010044944473
0.230399996042	0.008435809053
0.231999993324	0.008796785027
0.233599990606	0.011049008928
0.235199987888	0.009806256741
0.236800000072	0.009210816585
0.238399997354	0.007707680576
0.239999994636	0.008922209032
0.241599991918	0.010048688389
0.243199989200	0.009842624888
0.244799986482	0.009448048659
0.246399998665	0.008959921077
0.247999995947	0.008239648305
0.249599993229	0.009686497040
0.251199990511	0.010147889145
0.252799987793	0.008516368456
0.254399985075	0.008681872860
0.255999982357	0.008617713116
0.257599979639	0.010423232801
0.259200006723	0.009821936488
0.260800004005	0.009620209225
0.262400001287	0.009529648349
0.263999998569	0.008060400374
0.265599995852	0.008930784650
0.267199993134	0.008483424783
0.268799990416	0.009253009222
0.270399987698	0.008379585110
0.271999984980	0.007541280705
0.273599982262	0.008854624815
0.275199979544	0.008127168752
0.276800006628	0.007974448614
0.278400003910	0.008099328727
0.280000001192	0.007255168632
0.281599998474	0.007541456725
0.283199995756	0.008518192917
0.284799993038	0.010376272723
0.286399990320	0.008746736683
0.287999987602	0.006903680507
0.289599984884	0.007186768577
0.291199982166	0.009048513137
0.292799979448	0.008523376659
0.294400006533	0.008534960449
0.296000003815	0.007703120820
0.297600001097	0.007117808331
0.299199998379	0.008389296941
0.300799995661	0.009098624811
0.302399992943	0.009213296697
0.303999990225	0.007687680423
0.305599987507	0.007992465049
0.307199984789	0.007692800835
0.308799982071	0.008044688962
0.310399979353	0.010007744655
0.312000006437	0.006708192639
0.313600003719	0.008043216541
0.315200001001	0.007975040935
0.316799998283	0.007630352397
0.318399995565	0.008496512659
0.319999992847	0.007822048850
0.321599990129	0.007581744809
0.323199987411	0.008014768362
0.324799984694	0.008654208854
0.326399981976	0.007107712794
0.327999979258	0.007923776284
0.329600006342	0.007232592441
0.331200003624	0.008593808860
0.332800000906	0.007860480808
0.334399998188	0.009208912961
0.335999995470	0.006693952717
0.337599992752	0.006753808353
0.339199990034	0.007498496678
0.340799987316	0.006987536792
0.342399984598	0.008945153095
0.343999981880	0.008008240722
0.345599979162	0.006509744562
0.347199976444	0.005905296654
0.348800003529	0.006433488335
0.350400000811	0.008124544285
0.351999998093	0.006864576600
0.353599995375	0.007476080675
0.355199992657	0.006715632509
0.356799989939	0.006121808663
0.358399987221	0.007448528893
0.359999984503	0.007128944620
0.361599981785	0.006884752773
0.363199979067	0.005447936244
0.364799976349	0.007642976474
0.366400003433	0.007924656384
0.368000000715	0.007697104476
0.369599997997	0.006626656745
0.371199995279	0.007550736424
0.372799992561	0.006620272528
0.374399989843	0.007575360592
0.375999987125	0.006231488660
0.377599984407	0.006318832748
0.379199981689	0.007200480439
0.380799978971	0.007154640742
0.382399976254	0.007448592689
0.384000003338	0.008207008243
0.385600000620	0.006278512534
0.387199997902	0.006542752497
0.388799995184	0.008024208248
0.390399992466	0.007548064459
0.391999989748	0.006051824428
0.393599987030	0.006487632636
0.395199984312	0.005056096241
0.396799981594	0.006452240516
0.398399978876	0.006495712791
0.399999976158	0.006885344628
0.401600003242	0.007685760502
0.403200000525	0.005606192630
0.404799997807	0.007311760448
0.406399995089	0.007648800500
0.407999992371	0.007216304541
0.409599989653	0.007496416569
0.411199986935	0.006240048446
0.412799984217	0.006622944493
0.414399981499	0.005778576713
0.415999978781	0.006680816412
0.417599976063	0.005555248354
0.419200003147	0.006436096504
0.420800000429	0.004832448438
0.422399997711	0.005533408374
0.423999994993	0.007104384713
0.425599992275	0.006720256526
0.427199989557	0.007011504378
0.428799986839	0.005291888490
0.430399984121	0.006143408362
0.431999981403	0.006703888532
0.433599978685	0.007275008596
0.435199975967	0.007488800678
0.436800003052	0.004862096626
0.438400000334	0.005820224527
0.439999997616	0.007894864306
0.441599994898	0.007167792413
0.443199992180	0.005753616337
0.444799989462	0.005917616654
0.446399986744	0.005478624254
0.447999984026	0.005674880464
0.449599981308	0.005801120307
0.451199978590	0.006344448309
0.452799975872	0.006491680630
0.454400002956	0.005232640542
0.456000000238	0.005620048381
0.457599997520	0.006572848652
0.459199994802	0.005586880259
0.460799992085	0.007019344717
0.462399989367	0.005047888495
0.463999986649	0.005251584575
0.465599983931	0.004348480143
0.467199981213	0.004594048485
0.468799978495	0.005749984644
0.470399975777	0.007223024499
0.472000002861	0.006448720582
0.473600000143	0.006264576688
0.475199997425	0.005519264378
0.476799994707	0.004299024586
0.478399991989	0.006265360396
0.479999989271	0.007210608572
0.481599986553	0.007130464539
0.483199983835	0.006529872306
0.484799981117	0.005308496300
0.486399978399	0.005587792490
0.487999975681	0.007106592413
0.489599972963	0.005329312291
0.491200000048	0.005892848596
0.492799997330	0.005223392509
0.494399994612	0.004936416168
0.495999991894	0.004691216629
0.497599989176	0.005958560389
0.499199986458	0.005820096470
0.500800013542	0.005885744467
0.502399981022	0.006007952616
0.504000008106	0.005298752338
0.505599975586	0.005222416483
0.507200002670	0.005571792368
0.508799970150	0.005308048334
0.510399997234	0.005494560581
0.511999964714	0.004548464436
0.513599991798	0.005837792531
0.515199959278	0.005510704592
0.516799986362	0.005419696216
0.518400013447	0.005048688501
0.519999980927	0.004806016572
0.521600008011	0.004207856487
0.523199975491	0.003974608146
0.524800002575	0.005641200580
0.526399970055	0.006188720465
0.527999997139	0.004598304164
0.529599964619	0.005201680586
0.531199991703	0.004504608456
0.532799959183	0.006205072626
0.534399986267	0.005317600444
0.536000013351	0.004943024367
0.537599980831	0.005655760411
0.539200007915	0.004705968313
0.540799975395	0.005675008520
0.542400002480	0.005471152253
0.543999969959	0.005173968617
0.545599997044	0.004964624532
0.547199964523	0.004343696404
0.548799991608	0.005117232446
0.550399959087	0.006019184366
0.551999986172	0.004609104246
0.553600013256	0.005280256271
0.555199980736	0.004145312123
0.556800007820	0.006516576745
0.558399975300	0.004870112520
0.560000002384	0.006998032331
0.561599969864	0.004480448086
0.563199996948	0.005907200277
0.564799964428	0.004923904315
0.566399991512	0.003823744366
0.567999958992	0.005522560328
0.569599986076	0.004923056345
0.571200013161	0.004034464248
0.572799980640	0.005483088549
0.574400007725	0.005041712429
0.575999975204	0.004338448402
0.577600002289	0.003171552205
0.579199969769	0.003995776176
0.580799996853	0.004155616276
0.582399964333	0.005061728414
0.583999991417	0.005259424448
0.585599958897	0.003329520347
0.587199985981	0.004145088140
0.588800013065	0.004328352399
0.590399980545	0.004508288577
0.592000007629	0.003813280258
0.593599975109	0.004122704268
0.595200002193	0.003739168402
0.596799969673	0.003840400372
0.598399996758	0.003481056308
0.599999964237	0.003954848275
0.601599991322	0.005529264454
0.603199958801	0.004594816361
0.604799985886	0.001924048061
0.606400012970	0.005871024448
0.607999980450	0.004828208592
0.609600007534	0.005860912614
0.611199975014	0.004591936246
0.612800002098	0.005780736450
0.614399969578	0.004829632584
0.615999996662	0.004890336189
0.617599964142	0.004085216206
0.619199991226	0.004807520192
0.620799958706	0.003629424144
0.622399985790	0.004224976525
0.624000012875	0.003305136226
0.625599980354	0.004874832463
0.627200007439	0.003882320365
0.628799974918	0.003975392319
0.630400002003	0.005613408517
0.631999969482	0.004824736156
0.633599996567	0.004385680426
0.635199964046	0.005116016604
0.636799991131	0.003142464207
0.638399958611	0.003312688321
0.639999985695	0.004023952410
0.641600012779	0.003711440368
0.643199980259	0.003778016428
0.644800007343	0.003450992284
0.646399974823	0.004980416503
0.648000001907	0.004149680492
0.649599969387	0.003038592171
0.651199996471	0.003293008311
0.652799963951	0.004922096618
0.654399991035	0.002247952158
0.655999958515	0.004009568132
0.657599985600	0.004024320282
0.659200012684	0.004149120301
0.660799980164	0.003228128189
0.662400007248	0.004177168477
0.663999974728	0.004197888542
0.665600001812	0.003525184235
0.667199969292	0.004836464301
0.668799996376	0.004983376246
0.670399963856	0.002287440235
0.671999990940	0.004028864205
0.673599958420	0.003816272365
0.675199985504	0.003657776397
0.676800012589	0.004884720314
0.678399980068	0.003893984249
0.680000007153	0.004003760405
0.681599974632	0.004720736295
0.683200001717	0.005736944266
0.684799969196	0.002688000211
0.686399996281	0.003588576335
0.687999963760	0.002420672216
0.689599990845	0.004672432318
0.691199958324	0.002686608117
0.692799985409	0.005116512533
0.694399952888	0.005043424200
0.695999979973	0.002336816164
0.697600007057	0.002542640083
0.699199974537	0.004701120313
0.700800001621	0.004405440297
0.702399969101	0.004184560385
0.703999996185	0.001786752138
0.705599963665	0.003427136224
0.707199990749	0.002980416175
0.708799958229	0.003604752244
0.710399985313	0.004570736550
0.711999952793	0.003797072219
0.713599979877	0.002234784188
0.715200006962	0.004121808335
0.716799974442	0.003263904247
0.718400001526	0.002555760322
0.719999969006	0.003713664366
0.721599996090	0.004690800328
0.723199963570	0.002375184093
0.724799990654	0.002250320278
0.726399958134	0.005171152297
0.727999985218	0.004091424402
0.729599952698	0.002609632211
0.731199979782	0.003222480183
0.732800006866	0.005890512373
0.734399974346	0.002465520287
0.736000001431	0.004624272231
0.737599968910	0.002845488256
0.739199995995	0.003339360235
0.740799963474	0.003119248198
0.742399990559	0.003581360215
0.743999958038	0.003098208224
0.745599985123	0.002529616235
0.747199952602	0.002921120264
0.748799979687	0.004169968423
0.750400006771	0.002890720265
0.751999974251	0.004388448317
0.753600001335	0.002296976279
0.755199968815	0.004278352484
0.756799995899	0.003168112366
0.758399963379	0.002669056179
0.759999990463	0.003331456333
0.761599957943	0.004375296179
0.763199985027	0.003518016310
0.764799952507	0.001545312116
0.766399979591	0.002816896187
0.768000006676	0.003735968377
0.769599974155	0.002586736111
0.771200001240	0.003976960201
0.772799968719	0.002209264087
0.774399995804	0.005011296365
0.775999963284	0.003452032339
0.777599990368	0.001918544178
0.779199957848	0.002772672335
0.780799984932	0.003300208366
0.782399952412	0.003528560279
0.783999979496	0.001659664093
0.785600006580	0.003773232223
0.787199974060	0.004819232505
0.788800001144	0.003230480244
0.790399968624	0.002291648183
0.791999995708	0.004073168151
0.793599963188	0.002567008138
0.795199990273	0.003302112222
0.796799957752	0.003848960390
0.798399984837	0.003017664189
0.799999952316	0.002742384328
0.801599979401	0.003545984393
0.803200006485	0.002577056177
0.804799973965	0.003037776332
0.806400001049	0.002257888205
0.807999968529	0.004399808589
0.809599995613	0.003610096173
0.811199963093	0.002564864233
0.812799990177	0.003470288357
0.814399957657	0.001414640108
0.815999984741	0.003173248377
0.817599952221	0.002368816175
0.819199979305	0.001591152162
0.820800006390	0.003339152317
0.822399973869	0.002497376176
0.824000000954	0.003224816173
0.825599968433	0.002609072253
0.827199995518	0.001406016177
0.828799962997	0.002872560173
0.830399990082	0.001904064207
0.831999957561	0.002818656154
0.833599984646	0.002829472302
0.835199952126	0.002987936139
0.836799979210	0.003485152265
0.838400006294	0.003492832184
0.839999973774	0.002638752339
0.841600000858	0.001550032059
0.843199968338	0.004097088240
0.844799995422	0.002759696217
0.846399962902	0.002824352123
0.847999989986	0.002210864099
0.849599957466	0.003761536209
0.851199984550	0.002571888268
0.852799952030	0.001592192100
0.854399979115	0.002540064277
0.856000006199	0.002299920190
0.857599973679	0.003700544359
0.859200000763	0.003342416137
0.860799968243	0.003280160250
0.862399995327	0.005292272661
0.863999962807	0.002496976173
0.865599989891	0.001494448166
0.867199957371	0.002370480215
0.868799984455	0.001917696209
0.870399951935	0.002511776285
0.871999979019	0.002299184212
0.873600006104	0.001756544225
0.875199973583	0.001026464044
0.876800000668	0.002719728276
0.878399968147	0.003404208226
0.879999995232	0.002125536092
0.881599962711	0.002189504215
0.883199989796	0.002592544304
0.884799957275	0.003389728256
0.886399984360	0.000126960003
0.887999951839	0.003287344240
0.889599978924	0.002479472198
0.891200006008	0.001887024147
0.892799973488	0.005113424268
0.894400000572	0.003184816334
0.895999968052	0.003274848219
0.897599995136	0.001472160104
0.899199962616	0.002728608204
0.900799989700	0.003418592270
0.902399957180	0.001565040089
0.903999984264	0.000965440064
0.905599951744	0.002375824144
0.907199978828	0.003195088357
0.908800005913	0.003453216283
0.910399973392	0.003069200320
0.912000000477	0.003799088299
0.913599967957	0.001980816247
0.915199995041	0.003065488301
0.916799962521	0.003058688249
0.918399989605	0.002641760278
0.919999957085	0.000237600005
0.921599984169	0.003190432210
0.923199951649	0.003240288235
0.924799978733	0.001349152066
0.926400005817	0.002539744135
0.927999973297	0.001690752106
0.929600000381	0.002967200242
0.931199967861	0.003026800230
0.932799994946	0.001571216155
0.934399962425	0.002394896233
0.935999989510	0.000305680005
0.937599956989	0.002330096206
0.939199984074	0.002893072320
0.940799951553	0.002446592087
0.942399978638	0.003231456270
0.944000005722	0.002344544278
0.945599973202	0.001640416100
0.947200000286	0.001875216141
0.948799967766	0.000786752091
0.950399994850	0.002591296099
0.951999962330	0.002076672157
0.953599989414	0.002000704175
0.955199956894	0.002496016212
0.956799983978	0.003235456301
0.958399951458	0.002354688244
0.959999978542	0.001353248022
0.961599946022	0.003051360371
0.963199973106	0.002186864149
0.964800000191	0.000380480022
0.966399967670	0.000154800000
0.967999994755	0.004291904159
0.969599962234	0.001308144070
0.971199989319	0.001586352126
0.972799956799	0.003045776160
0.974399983883	0.001367344172
0.975999951363	0.000682384067
0.977599978447	0.000836720108
0.979199945927	0.002335872268
0.980799973011	0.003140672343
0.982400000095	0.000864432077
0.983999967575	0.004138528369
0.985599994659	0.001705744187
0.987199962139	0.001356016146
0.988799989223	0.002572272206
0.990399956703	0.002761984244
0.991999983788	0.000399887998
0.993599951267	0.000110367982
0.995199978352	0.003019440221
0.996799945831	0.001012704102
0.998399972916	0.001503264066
1.000000000000	0.002836240223
1.001600027084	0.001757504186
1.003199934959	0.001991568133
1.004799962044	0.001593744149
1.006399989128	0.001356416033
1.008000016212	0.002687344328
1.009599924088	0.000880336040
1.011199951172	0.002364560263
1.012799978256	0.001034960151
1.014400005341	0.002192048123
1.016000032425	0.002819136251
1.017599940300	0.003361712210
1.019199967384	0.001136896084
1.020799994469	0.001842176192
1.022400021553	0.001626720070
1.023999929428	0.002149968175
1.025599956512	0.000776928035
1.027199983597	0.002292528283
1.028800010681	0.001644944074
1.030399918556	0.002407728229
1.031999945641	0.001733232057
1.033599972725	0.001764208078
1.035199999809	0.002068448113
1.036800026894	0.001797824167
1.038399934769	0.002029264113
1.039999961853	0.003567504231
1.041599988937	0.003267456312
1.043200016022	-0.000068800015
1.044799923897	0.000398592034
1.046399950981	0.001822464168
1.047999978065	0.002408048138
1.049600005150	0.002277344232
1.051200032234	0.002180768177
1.052799940109	0.002902320120
1.054399967194	0.000203296033
1.055999994278	0.000835600076
1.057600021362	0.002168272156
1.059199929237	0.000192783991
1.060799956322	0.001847104169
1.062399983406	0.004228048492
1.064000010490	0.001148240175
1.065599918365	-0.000313248049
1.067199945450	0.001999680186
1.068799972534	0.002073904267
1.070399999619	0.000790528022
1.072000026703	0.001241840073
1.073599934578	0.001142480061
1.075199961662	0.002437344287
1.076799988747	0.001721184119
1.078400015831	0.001889968175
1.079999923706	0.000819936045
1.081599950790	0.000483120035
1.083199977875	0.001645824173
1.084800004959	0.002297344152
1.086400032043	0.001924016164
1.087999939919	0.002802080242
1.089599967003	0.000608368078
1.091199994087	0.001187504153
1.092800021172	0.001601136173
1.094399929047	0.001773136086
1.095999956131	0.001910672174
1.097599983215	0.000331888063
1.099200010300	0.001385856071
1.100799918175	0.001580336131
1.102399945259	0.001733104116
1.103999972343	0.002118912293
1.105599999428	0.000378496072
1.107200026512	0.000417536037
1.108799934387	0.000836576044
1.110399961472	0.002952992218
1.111999988556	0.001836816198
1.113600015640	0.000652784016
1.115199923515	-0.000612704083
1.116799950600	0.002224832075
1.118399977684	0.001808144152
1.120000004768	0.000900320068
1.121599912643	0.001333056134
1.123199939728	0.001060320064
1.124799966812	0.001928208163
1.126399993896	0.000941696053
1.128000020981	0.001602192177
1.129599928856	0.000314352015
1.131199955940	0.001100432128
1.132799983025	0.001739360043
1.134400010109	0.002846176270
1.135999917984	0.002394032199
1.137599945068	0.001578816096
1.139199972153	0.001304352074
1.140799999237	0.000687376072
1.142400026321	0.000345888053
1.143999934196	0.000935136050
1.145599961281	-0.000787904079
1.147199988365	0.002031888114
1.148800015450	0.000505728007
1.150399923325	0.002471456304
1.151999950409	0.002100464189
1.153599977493	0.000930752140
1.155200004578	0.000144592006
1.156799912453	0.001389616169
1.158399939537	0.001758624101
1.159999966621	0.000354128017
1.161599993706	0.001043616096
1.163200020790	0.002834240207
1.164799928665	0.001869008061
1.166399955750	0.001128032105
1.167999982834	0.000971424044
1.169600009918	0.000304607995
1.171199917793	0.001329296036
1.172799944878	-0.000454800087
1.174399971962	0.000635856006
1.175999999046	0.000653056079
1.177600026131	0.000920976105
1.179199934006	0.002514192136
1.180799961090	0.001403088099
1.182399988174	-0.000073631993
1.184000015259	0.001464256085
1.185599923134	0.001819760189
1.187199950218	0.001085456111
1.188799977303	0.000326815993
1.190400004387	0.002725712257
1.191999912262	0.001378784189
1.193599939346	0.000589616015
1.195199966431	0.000382480037
1.196799993515	0.000631327974
1.198400020599	0.000165231948
1.199999928474	0.001854208182
1.201599955559	0.001397600165
1.203199982643	0.000121952027
1.204800009727	0.000933008036
1.206399917603	0.000603168039
1.207999944687	0.001024192083
1.209599971771	-0.000287088013
1.211199998856	0.000167232007
1.212800025940	0.001006240025
1.214399933815	0.001804752159
1.215999960899	0.002150656190
1.217599987984	0.003498864360
1.219200015068	-0.000085455998
1.220799922943	0.000012047982
1.222399950027	-0.000539872097
1.223999977112	0.000017504013
1.225600004196	0.000497920089
1.227199912071	0.000948368106
1.228799939156	0.001290304121
1.230399966240	0.001200512052
1.231999993324	0.001259472105
1.233600020409	0.001099792076
1.235199928284	0.001267184038
1.236799955368	0.000426064071
1.238399982452	0.001819680096
1.240000009537	0.000383584033
1.241599917412	-0.000286896015
1.243199944496	0.000529520039
1.244799971581	0.000930816110
1.246399998665	0.002424880164
1.248000025749	0.000459888048
1.249599933624	-0.000024528010
1.251199960709	0.000965936109
1.252799987793	-0.000024319997
1.254400014877	-0.000489536033
1.255999922752	0.000663984043
1.257599949837	0.000669200032
1.259199976921	0.002599232132
1.260800004005	0.002142976271
1.262399911880	0.000580960070
1.263999938965	-0.000140112024
1.265599966049	0.001755184145
1.267199993134	0.001017728122
1.268800020218	0.000180976000
1.270399928093	0.001381680137
1.271999955177	-0.001312576118
1.273599982262	0.000609552080
1.275200009346	-0.000674720039
1.276799917221	0.001429824159
1.278399944305	0.001453840057
1.279999971390	-0.000055600005
1.281599998474	0.001076480141
1.283200025558	-0.001524624065
1.284799933434	0.001312208129
1.286399960518	0.001985824201
1.287999987602	-0.000074896008
1.289600014687	0.001581776189
1.291199922562	0.000612960022
1.292799949646	0.000726240105
1.294399976730	0.000069808018
1.296000003815	-0.000908240094
1.297599911690	0.000520208094
1.299199938774	0.000307792041
1.300799965858	0.000206272060
1.302399992943	0.002639536280
1.304000020027	0.000322848005
1.305599927902	0.000305232039
1.307199954987	0.002223536139
1.308799982071	0.000636128010
1.310400009155	0.000802880095
1.311999917030	-0.000463088043
1.313599944115	0.000346240064
1.315199971199	0.001241200138
1.316799998283	0.000557760068
1.318400025368	0.001585536171
1.319999933243	0.001107328106
1.321599960327	-0.000735216076
1.323199987411	0.001236368087
1.324800014496	-0.000867408060
1.326399922371	0.000450704043
1.327999949455	0.000808208075
1.329599976540	0.000412032066
1.331200003624	0.000241343994
1.332799911499	-0.000343856023
1.334399938583	0.001109904028
1.335999965668	0.000955424097
1.337599992752	0.000467920036
1.339200019836	0.000769024075
1.340799927711	0.001562064048
1.342399954796	0.001264352119
1.343999981880	0.000169696024
1.345600008965	0.000205456046
1.347199916840	-0.000200176044
1.348799943924	0.000799392059
1.350399971008	0.002742544282
1.351999998093	0.000377600023
1.353600025177	0.000752480060
1.355199933052	0.000378992001
1.356799960136	0.000081167993
1.358399987221	0.000160095980
1.360000014305	-0.001322192140
1.361599922180	0.001611152198
1.363199949265	0.002160032280
1.364799976349	0.001181232044
1.366400003433	0.001232096110
1.367999911308	-0.000175503999
1.369599938393	0.001755808131
1.371199965477	-0.000119919983
1.372799992561	-0.000054735981
1.374400019646	-0.000140096003
1.375999927521	-0.001478816150
1.377599954605	-0.000952816103
1.379199981689	0.000729904044
1.380800008774	0.000551728008
1.382399916649	-0.001278496115
1.383999943733	0.000211184029
1.385599970818	0.000172127999
1.387199997902	-0.001483680098
1.388799905777	0.000470896048
1.390399932861	0.000190176026
1.391999959946	0.000299215986
1.393599987030	0.001411424018
1.395200014114	0.000893152028
1.396799921989	0.000161984019
1.398399949074	-0.000906832109
1.399999976158	0.000201696021
1.401600003242	-0.001039312105
1.403199911118	0.001770672156
1.404799938202	-0.000392416056
1.406399965286	0.000508112076
1.407999992371	0.001442016102
1.409600019455	0.001220464124
1.411199927330	0.001962480135
1.412799954414	-0.000461040036
1.414399981499	0.000210960061
1.416000008583	0.000796672073
1.417599916458	-0.000155455986
1.419199943542	-0.000270256016
1.420799970627	0.000165776029
1.422399997711	0.000031520020
1.423999905586	-0.000549184042
1.425599932671	-0.000283951988
1.427199959755	-0.000092464048
1.428799986839	0.000092928036
1.430400013924	-0.000156384020
1.431999921799	0.001032800064
1.433599948883	0.001821216196
1.435199975967	0.000686848012
1.436800003052	-0.000825248077
1.438399910927	0.000713664049
1.439999938011	0.000264527975
1.441599965096	0.000244864001
1.443199992180	0.000600848056
1.444800019264	0.001161072054
1.446399927139	0.000641440041
1.447999954224	-0.000546352065
1.449599981308	-0.001501664170
1.451200008392	0.000656224031
1.452799916267	-0.000713344023
1.454399943352	0.000983136124
1.455999970436	-0.000445904065
1.457599997520	0.000140143995
1.459199905396	0.000797424000
1.460799932480	0.000133216017
1.462399959564	0.000551392033
1.463999986649	0.000809536083
1.465600013733	-0.000749216066
1.467199921608	0.000314111996
1.468799948692	0.001043824013
1.470399975777	-0.000383344042
1.472000002861	-0.000892592070
1.473599910736	-0.001763152191
1.475199937820	-0.000565696042
1.476799964905	-0.001096320106
1.478399991989	0.000609312032
1.480000019073	-0.000290304015
1.481599926949	-0.000429984037
1.483199954033	0.001064416021
1.484799981117	0.000092096016
1.486400008202	-0.000372656010
1.487999916077	0.000706768071
1.489599943161	-0.001283376128
1.491199970245	-0.000699728087
1.492799997330	-0.000817168038
1.494399905205	0.001117567997
1.495999932289	0.001492576208
1.497599959373	-0.000649072055
1.499199986458	-0.001232560142
1.500800013542	0.000408848078
1.502399921417	-0.000561056077
1.503999948502	-0.000499104033
1.505599975586	-0.000164192039
1.507200002670	-0.000285072048
1.508799910545	0.000064544045
1.510399937630	-0.000004927992
1.511999964714	0.000389568013
1.513599991798	0.000682016020
1.515200018883	-0.000203824035
1.516799926758	-0.000851808058
1.518399953842	-0.000717488059
1.519999980927	0.000492384075
1.521600008011	0.000064096021
1.523199915886	0.000084671978
1.524799942970	0.001047280151
1.526399970055	0.001412704121
1.527999997139	0.000418944051
1.529599905014	0.000946864078
1.531199932098	-0.001450240146
1.532799959183	-0.000710560067
1.534399986267	0.000086704000
1.536000013351	0.000704448088
1.537599921227	-0.001178080100
1.539199948311	-0.001135856030
1.540799975395	-0.000263568043
1.542400002480	-0.000725248072
1.543999910355	0.000745552010
1.545599937439	0.000900592073
1.547199964523	0.000184032018
1.548799991608	-0.001365888049
1.550400018692	-0.000290336029
1.551999926567	0.000885984104
1.553599953651	-0.000603616063
1.555199980736	-0.001061744057
1.556800007820	-0.000293152058
1.558399915695	0.000732288114
1.559999942780	0.000372736045
1.561599969864	0.000085520027
1.563199996948	-0.000836832100
1.564799904823	-0.000379840028
1.566399931908	-0.000547856034
1.567999958992	0.000856448081
1.569599986076	0.000169504026
1.571200013161	-0.001657744171
1.572799921036	0.000760320050
1.574399948120	-0.002191440202
1.575999975204	0.000621679996
1.577600002289	0.000571840093
1.579199910164	-0.001493488089
1.580799937248	-0.000692544098
1.582399964333	0.001087744022
1.583999991417	-0.000769536127
1.585600018501	-0.000700016099
1.587199926376	-0.001047264086
1.588799953461	-0.000085376014
1.590399980545	-0.000676048046
1.592000007629	-0.000751920044
1.593599915504	0.000006287978
1.595199942589	-0.000554752070
1.596799969673	-0.000162576034
1.598399996758	-0.000789536105
1.599999904633	-0.000752768072
1.601599931717	-0.000648896035
1.603199958801	0.000111552028
1.604799985886	-0.001257328084
1.606400012970	-0.001519120065
1.607999920845	0.000136927993
1.609599947929	-0.001497680205
1.611199975014	0.001090256148
1.612800002098	0.000372560025
1.614399909973	-0.000585712085
1.615999937057	0.000623056025
1.617599964142	-0.000330704002
1.619199991226	0.000610480085
1.620800018311	0.000303632056
1.622399926186	-0.000875280064
1.623999953270	-0.001752896118
1.625599980354	-0.000568624062
1.627200007439	0.000128031999
1.628799915314	-0.000967152126
1.630399942398	-0.002194832312
1.631999969482	0.000326016016
1.633599996567	-0.001681792201
1.635199904442	-0.000821808120
1.636799931526	-0.000146656064
1.638399958611	0.000419056072
1.639999985695	-0.000966944091
1.641600012779	0.000371136033
1.643199920654	-0.001278912066
1.644799947739	-0.000166192040
1.646399974823	0.000486800040
1.648000001907	0.000088976027
1.649599909782	-0.001519008190
1.651199936867	-0.001197184087
1.652799963951	-0.000534976076
1.654399991035	-0.002042688197
1.655999898911	-0.000391456066
1.657599925995	0.000669728033
1.659199953079	0.000181391995
1.660799980164	-0.000547936070
1.662400007248	-0.000244368013
1.663999915123	-0.000743120094
1.665599942207	-0.000691616035
1.667199969292	-0.000316784019
1.668799996376	-0.002790496219
1.670399904251	-0.000738960051
1.671999931335	0.000667712069
1.673599958420	-0.001167472103
1.675199985504	-0.002029712079
1.676800012589	-0.001714832149
1.678399920464	-0.000565296097
1.679999947548	-0.002266496187
1.681599974632	-0.001632432104
1.683200001717	0.000571824028
1.684799909592	-0.000012415981
1.686399936676	-0.001691248151
1.687999963760	-0.001954144100
1.689599990845	-0.000431696040
1.691199898720	-0.000811968057
1.692799925804	-0.001939824200
1.694399952888	0.000044336011
1.695999979973	-0.000319536019
1.697600007057	-0.001968368189
1.699199914932	-0.001490800176
1.700799942017	0.000190832026
1.702399969101	-0.000498576032
1.703999996185	-0.002089296235
1.705599904060	-0.000914848060
1.707199931145	-0.001781200175
1.708799958229	0.000263775990
1.710399985313	-0.000419744058
1.712000012398	-0.001104288036
1.713599920273	-0.001082992065
1.715199947357	-0.001465424080
1.716799974442	-0.000842320092
1.718400001526	-0.000108624001
1.719999909401	-0.001068160054
1.721599936485	-0.002779264236
1.723199963570	-0.001140000066
1.724799990654	-0.000225840020
1.726399898529	-0.000448288076
1.727999925613	-0.002284736140
1.729599952698	-0.001503856154
1.731199979782	-0.001536640106
1.732800006866	-0.002328128088
1.734399914742	-0.001639232039
1.735999941826	0.001238848083
1.737599968910	-0.000365856074
1.739199995995	-0.001983536175
1.740799903870	-0.000624032109
1.742399930954	0.000621168059
1.743999958038	-0.001161632128
1.745599985123	-0.000371856033
1.747200012207	-0.001089632162
1.748799920082	-0.001870288164
1.750399947166	-0.001513120136
1.751999974251	-0.000512608036
1.753600001335	-0.001187184011
1.755199909210	-0.001091664075
1.756799936295	-0.002813216299
1.758399963379	-0.000216528002
1.759999990463	-0.001766672125
1.761599898338	0.000367791974
1.763199925423	-0.000935440068
1.764799952507	-0.003714848310
1.766399979591	-0.001906720223
1.768000006676	-0.000818288070
1.769599914551	-0.001364336116
1.771199941635	-0.001575536095
1.772799968719	-0.000604128058
1.774399995804	-0.000517504057
1.775999903679	-0.000829248107
1.777599930763	-0.001470592106
1.779199957848	-0.002048256109
1.780799984932	-0.001674848143
1.782400012016	-0.001814368181
1.783999919891	-0.001324704150
1.785599946976	-0.000657168042
1.787199974060	-0.000619152037
1.788800001144	-0.000664464023
1.790399909019	-0.002031648299
1.791999936104	-0.000998448115
1.793599963188	-0.000413968024
1.795199990273	-0.001535504125
1.796799898148	-0.002136320109
1.798399925232	-0.002227024175
1.799999952316	-0.000382864033
1.801599979401	-0.002135536168
1.803200006485	-0.002233008156
1.804799914360	-0.000082016020
1.806399941444	-0.001125680050
1.807999968529	-0.000505136035
1.809599995613	-0.001579504111
1.811199903488	-0.001509840135
1.812799930573	0.000179968018
1.814399957657	-0.002575088292
1.815999984741	-0.001767952112
1.817600011826	-0.000578448060
1.819199919701	-0.000651424052
1.820799946785	-0.002570272190
1.822399973869	0.000640096026
1.824000000954	-0.001645056182
1.825599908829	-0.000209456019
1.827199935913	-0.001633808133
1.828799962997	-0.002429648302
1.830399990082	-0.002429616172
1.831999897957	-0.000691392052
1.833599925041	-0.001167904120
1.835199952126	-0.000441344047
1.836799979210	0.000024976043
1.838400006294	-0.002906960202
1.839999914169	-0.001801744103
1.841599941254	-0.000799280067
1.843199968338	-0.000462464057
1.844799995422	-0.000009856018
1.846399903297	-0.002297904110
1.847999930382	-0.003292768262
1.849599957466	-0.002374400152
1.851199984550	-0.002204480115
1.852800011635	-0.000775680062
1.854399919510	-0.002162704244
1.855999946594	-0.003038400318
1.857599973679	-0.000614048098
1.859200000763	-0.001057152054
1.860799908638	-0.002399984282
1.862399935722	-0.000650624046
1.863999962807	0.000051600022
1.865599989891	-0.001532608178
1.867199897766	-0.000654592062
1.868799924850	-0.000361264043
1.870399951935	-0.002626480302
1.871999979019	-0.001831168192
1.873600006104	-0.001734336140
1.875199913979	-0.001522640116
1.876799941063	-0.001698368229
1.878399968147	-0.001316944137
1.879999995232	-0.001902384101
1.881599903107	-0.001704784110
1.883199930191	-0.000105776038
1.884799957275	-0.001197328093
1.886399984360	-0.000889200077
1.888000011444	-0.001316576148
1.889599919319	0.000515856023
1.891199946404	-0.001451520133
1.892799973488	-0.000906464120
1.894400000572	-0.001723472145
1.895999908447	-0.002495728200
1.897599935532	-0.003956224304
1.899199962616	-0.000397744006
1.900799989700	-0.001546928193
1.902399897575	0.000037568014
1.903999924660	-0.001263920101
1.905599951744	-0.001917600166
1.907199978828	-0.001253648079
1.908800005913	-0.001813104143
1.910399913788	-0.001423872076
1.911999940872	-0.001970176119
1.913599967957	-0.001327168080
1.915199995041	-0.000970960071
1.916799902916	-0.002253216226
1.918399930000	-0.000399856071
1.919999957085	-0.001795552205
1.921599984169	-0.002809632337
1.923199892044	-0.001825520187
1.924799919128	-0.001991760219
1.926399946213	-0.000323471992
1.927999973297	-0.000950736052
1.929600000381	-0.002799200127
1.931199908257	-0.002839248162
1.932799935341	-0.001722944202
1.934399962425	-0.002111328300
1.935999989510	-0.001632112078
1.937599897385	-0.002143056132
1.939199924469	-0.003150992328
1.940799951553	-0.000708464067
1.942399978638	-0.001316208160
1.944000005722	-0.002000240143
1.945599913597	-0.002030464122
1.947199940681	0.000044576042
1.948799967766	-0.001196368132
1.950399994850	-0.002830240177
1.951999902725	-0.001656368142
1.953599929810	-0.001712544123
1.955199956894	-0.001692688093
1.956799983978	-0.002100672107
1.958399891853	-0.001149232150
1.959999918938	-0.001834960189
1.961599946022	-0.001681856113
1.963199973106	-0.002104208106
1.964800000191	-0.003132064361
1.966399908066	-0.001981536159
1.967999935150	-0.001715680119
1.969599962234	-0.002465840196
1.971199989319	-0.000419248041
1.972799897194	-0.000933520088
1.974399924278	-0.003497984260
1.975999951363	-0.003500608262
1.977599978447	-0.001521728118
1.979200005531	-0.000411600049
1.980799913406	-0.000841760077
1.982399940491	-0.003102288349
1.983999967575	-0.001042496064
1.985599994659	-0.001595904119
1.987199902534	-0.001817456214
1.988799929619	-0.001927328180
1.990399956703	-0.001391712110
1.991999983788	-0.001901904121
1.993599891663	-0.001102879993
1.995199918747	-0.001591264154
1.996799945831	-0.002921376145
1.998399972916	-0.002733696252
2.000000000000	-0.002067072084
2.001600027084	-0.002841456095
2.003200054169	-0.001657904126
2.004799842834	-0.000534512044
2.006399869919	-0.002744144294
2.007999897003	-0.002020448213
2.009599924088	-0.000070159971
2.011199951172	-0.002582416171
2.012799978256	-0.003201792249
2.014400005341	-0.001480912091
2.016000032425	-0.002128336113
2.017600059509	0.000066720000
2.019199848175	-0.001401888090
2.020799875259	-0.001246128115
2.022399902344	-0.003158560256
2.023999929428	-0.001888160128
2.025599956512	-0.002127808286
2.027199983597	-0.003083456308
2.028800010681	-0.002007024130
2.030400037766	-0.001958496170
2.032000064850	-0.003893856192
2.033599853516	-0.002224160125
2.035199880600	-0.001042656135
2.036799907684	-0.002395200077
2.038399934769	-0.002597616287
2.039999961853	0.000051696028
2.041599988937	-0.001746384078
2.043200016022	-0.002192192245
2.044800043106	-0.002863792237
2.046399831772	-0.003758800216
2.047999858856	-0.003211392323
2.049599885941	-0.001708128140
2.051199913025	-0.001856032177
2.052799940109	-0.003220448270
2.054399967194	-0.001393184182
2.055999994278	-0.001671984093
2.057600021362	-0.003496000310
2.059200048447	-0.002182304161
2.060799837112	-0.001019936055
2.062399864197	-0.002906992333
2.063999891281	-0.001897312119
2.065599918365	-0.002770080231
2.067199945450	-0.001939120120
2.068799972534	-0.001922960044
2.070399999619	-0.001977792243
2.072000026703	-0.002280192217
2.073600053787	-0.001582320081
2.075199842453	-0.001407696051
2.076799869537	-0.002014992293
2.078399896622	-0.003689328209
2.079999923706	-0.001627104124
2.081599950790	-0.001149136107
2.083199977875	-0.002168832114
2.084800004959	-0.001240208163
2.086400032043	-0.001895632129
2.088000059128	-0.002657216275
2.089599847794	-0.001097776112
2.091199874878	-0.003709008452
2.092799901962	-0.002303712070
2.094399929047	-0.002074288204
2.095999956131	-0.001203472144
2.097599983215	-0.004082416184
2.099200010300	-0.002578592161
2.100800037384	-0.000137296025
2.102400064468	-0.004059632309
2.103999853134	-0.003410960315
2.105599880219	-0.001450896147
2.107199907303	-0.002545152325
2.108799934387	-0.002005056245
2.110399961472	-0.001364432159
2.111999988556	-0.002828176133
2.113600015640	-0.003230880247
2.115200042725	-0.002095792210
2.116799831390	-0.002738944255
2.118399858475	-0.002045344096
2.119999885559	-0.002154176123
2.121599912643	-0.002861456247
2.123199939728	-0.002078432124
2.124799966812	-0.002787424251
2.126399993896	-0.001328448183
2.128000020981	-0.001492496114
2.129600048065	-0.002673456213
2.131199836731	-0.003935840447
2.132799863815	-0.001694256091
2.134399890900	-0.001042128075
2.135999917984	-0.001365984208
2.137599945068	-0.001082112081
2.139199972153	-0.002824752126
2.140799999237	-0.002404608065
2.142400026321	-0.002850880148
2.144000053406	-0.002510272199
2.145599842072	-0.001135424129
2.147199869156	-0.002167760162
2.148799896240	-0.003813040443
2.150399923325	-0.003121904330
2.151999950409	-0.001926672179
2.153599977493	-0.001061984105
2.155200004578	-0.003576048184
2.156800031662	-0.001642736141
2.158400058746	-0.003108832287
2.159999847412	-0.000928768073
2.161599874496	-0.001484480104
2.163199901581	-0.002698784228
2.164799928665	-0.002620048122
2.166399955750	-0.003750800388
2.167999982834	-0.002583184280
2.169600009918	-0.003308928339
2.171200037003	-0.000947440101
2.172800064087	-0.002629856346
2.174399852753	-0.003919008188
2.175999879837	-0.003942688461
2.177599906921	-0.002501376206
2.179199934006	-0.004281728528
2.180799961090	-0.003377536312
2.182399988174	-0.002727392362
2.184000015259	-0.001743920147
2.185600042343	-0.002257904271
2.187199831009	-0.002421568148
2.188799858093	-0.002709232271
2.190399885178	-0.002400928177
2.191999912262	-0.004221168347
2.193599939346	-0.003057568334
2.195199966431	-0.002309040166
2.196799993515	-0.001960432157
2.198400020599	-0.003139360342
2.200000047684	-0.002329872223
2.201599836349	-0.002558592241
2.203199863434	-0.001228240086
2.204799890518	-0.003925408237
2.206399917603	-0.004268704448
2.207999944687	-0.002052608179
2.209599971771	-0.001428064075
2.211199998856	-0.001908032224
2.212800025940	-0.002499792259
2.214400053024	-0.005243168212
2.215999841690	-0.001593840076
2.217599868774	-0.002358032158
2.219199895859	-0.002770176157
2.220799922943	-0.002719216282
2.222399950027	-0.003353936365
2.223999977112	-0.002657120116
2.225600004196	-0.001204336062
2.227200031281	-0.002969616326
2.228800058365	-0.002934432123
2.230399847031	-0.003474048339
2.231999874115	-0.001952832215
2.233599901199	-0.001827328117
2.235199928284	-0.002323360182
2.236799955368	-0.002567120129
2.238399982452	-0.001028016093
2.240000009537	-0.003578720381
2.241600036621	-0.002929184120
2.243199825287	-0.002275424078
2.244799852371	-0.002347616246
2.246399879456	-0.005026192404
2.247999906540	-0.003485120367
2.249599933624	-0.002329920186
2.251199960709	-0.002437136136
2.252799987793	-0.001026096055
2.254400014877	-0.002599472180
2.256000041962	-0.003121440299
2.257599830627	-0.001815312193
2.259199857712	-0.002491936320
2.260799884796	-0.002546768170
2.262399911880	-0.004268976394
2.263999938965	-0.002562032314
2.265599966049	-0.001839536126
2.267199993134	-0.001022272161
2.268800020218	-0.002699552104
2.270400047302	-0.003063232172
2.271999835968	-0.001393696177
2.273599863052	-0.003231808310
2.275199890137	-0.002764976351
2.276799917221	-0.002860192209
2.278399944305	-0.001126896124
2.279999971390	-0.002818000270
2.281599998474	-0.003118960420
2.283200025558	-0.000928000023
2.284800052643	-0.002718192292
2.286399841309	-0.001329008141
2.287999868393	-0.002356208162
2.289599895477	-0.002259824192
2.291199922562	-0.003270128276
2.292799949646	-0.003823088249
2.294399976730	-0.001964080147
2.296000003815	-0.003287520260
2.297600030899	-0.002209328115
2.299200057983	-0.001737472136
2.300799846649	-0.003268912202
2.302399873734	-0.001516160090
2.303999900818	-0.004142528400
2.305599927902	-0.005108992569
2.307199954987	-0.001760384068
2.308799982071	-0.001714464161
2.310400009155	-0.000714592054
2.312000036240	-0.004475216381
2.313599824905	-0.002061552135
2.315199851990	-0.003270240268
2.316799879074	-0.001741216169
2.318399906158	-0.003879600205
2.319999933243	-0.003425200237
2.321599960327	-0.000744688034
2.323199987411	-0.002158400137
2.324800014496	-0.002359248232
2.326400041580	-0.003568288404
2.327999830246	-0.000768256083
2.329599857330	-0.002859216183
2.331199884415	-0.003236752236
2.332799911499	-0.001979472116
2.334399938583	-0.002068208065
2.335999965668	-0.001966544194
2.337599992752	-0.002030160278
2.339200019836	-0.003417488188
2.340800046921	-0.001591344131
2.342399835587	-0.002361440333
2.343999862671	-0.002944240114
2.345599889755	-0.002358688274
2.347199916840	-0.003565536346
2.348799943924	-0.004606896546
2.350399971008	-0.001007600105
2.351999998093	-0.003394608386
2.353600025177	-0.003532528412
2.355200052261	-0.003325888189
2.356799840927	-0.003471968230
2.358399868011	-0.003225824330
2.359999895096	-0.003089024220
2.361599922180	-0.001628160127
2.363199949265	-0.004490816500
2.364799976349	-0.002388496185
2.366400003433	-0.002546208212
2.368000030518	-0.001502624131
2.369600057602	-0.002655088203
2.371199846268	-0.003657552414
2.372799873352	-0.003083968302
2.374399900436	-0.006824928802
2.375999927521	-0.002337088110
2.377599954605	-0.002714608330
2.379199981689	-0.001602960168
2.380800008774	-0.003351264168
2.382400035858	-0.002358272206
2.383999824524	-0.001222816063
2.385599851608	-0.004266880453
2.387199878693	-0.002789168153
2.388799905777	-0.003241952276
2.390399932861	-0.003757296363
2.391999959946	-0.001805936103
2.393599987030	-0.004041680135
2.395200014114	-0.002489984268
2.396800041199	-0.004195296206
2.398399829865	-0.002988288179
2.399999856949	-0.002835760359
2.401599884033	-0.005129152443
2.403199911118	-0.003509472357
2.404799938202	-0.005425376352
2.406399965286	-0.001935664099
2.407999992371	-0.002408736153
2.409600019455	-0.003177072154
2.411200046539	-0.002535488224
2.412799835205	-0.002283936134
2.414399862289	-0.002954912372
2.415999889374	-0.004389680456
2.417599916458	-0.003972032107
2.419199943542	-0.003661952214
2.420799970627	-0.005506032612
2.422399997711	-0.004325584508
2.424000024796	-0.003124208190
2.425600051880	-0.003009136068
2.427199840546	-0.003271408379
2.428799867630	-0.003622944234
2.430399894714	-0.004751680419
2.431999921799	-0.002375616226
2.433599948883	-0.003434160259
2.435199975967	-0.003388976213
2.436800003052	-0.001818800229
2.438400030136	-0.002752848202
2.440000057220	-0.002004096285
2.441599845886	-0.003618544200
2.443199872971	-0.002579568187
2.444799900055	-0.005622192286
2.446399927139	-0.003097248264
2.447999954224	-0.003738032421
2.449599981308	-0.003378240392
2.451200008392	-0.005179856438
2.452800035477	-0.004015152343
2.454399824142	-0.001481120125
2.455999851227	-0.003206352238
2.457599878311	-0.002487584250
2.459199905396	-0.003079680260
2.460799932480	-0.002335600089
2.462399959564	-0.004253600258
2.463999986649	-0.003798544407
2.465600013733	-0.003107856261
2.467200040817	-0.003300960409
2.468799829483	-0.003351392224
2.470399856567	-0.003961920273
2.471999883652	-0.001152544050
2.473599910736	-0.003895920236
2.475199937820	-0.005044224206
2.476799964905	-0.004529792350
2.478399991989	-0.000876000035
2.480000019073	-0.004839392379
2.481600046158	-0.002520720242
2.483199834824	-0.001430320088
2.484799861908	-0.003325664205
2.486399888992	-0.004303584341
2.487999916077	-0.004717600532
2.489599943161	-0.002914464334
2.491199970245	-0.002393872244
2.492799997330	-0.002962272149
2.494400024414	-0.003201616229
2.496000051498	-0.002104848158
2.497599840164	-0.004806448240
2.499199867249	-0.005372368265
2.500799894333	-0.001662192168
2.502399921417	-0.003269120352
2.503999948502	-0.004678720608
2.505599975586	-0.004930784460
2.507200002670	-0.001807920169
2.508800029755	-0.004627392162
2.510399818420	-0.003410096280
2.511999845505	-0.002545120195
2.513599872589	-0.003667584388
2.515199899673	-0.003517424222
2.516799926758	-0.003960416187
2.518399953842	-0.001941520139
2.519999980927	-0.004800976254
2.521600008011	-0.004836816341
2.523200035095	-0.003228416201
2.524799823761	-0.003415616229
2.526399850845	-0.003484032350
2.527999877930	-0.004032432567
2.529599905014	-0.002815824235
2.531199932098	-0.003393904306
2.532799959183	-0.004664176609
2.534399986267	-0.002966752276
2.536000013351	-0.001139200060
2.537600040436	-0.001400272129
2.539199829102	-0.003902960336
2.540799856186	-0.002520496259
2.542399883270	-0.000883056084
2.543999910355	-0.002765376354
2.545599937439	-0.004003584385
2.547199964523	-0.003799552331
2.548799991608	-0.004262912553
2.550400018692	-0.004494768567
2.552000045776	-0.001900528092
2.553599834442	-0.003741888329
2.555199861526	-0.004266384523
2.556799888611	-0.003173456294
2.558399915695	-0.002884384245
2.559999942780	-0.003738992149
2.561599969864	-0.002858368214
2.563199996948	-0.002535088221
2.564800024033	-0.003970480524
2.566400051117	-0.002496480243
2.567999839783	-0.004145152401
2.569599866867	-0.004995360505
2.571199893951	-0.002927616239
2.572799921036	-0.002562784124
2.574399948120	-0.003812208306
2.575999975204	-0.001469072187
2.577600002289	-0.002663472202
2.579200029373	-0.004323792178
2.580799818039	-0.004333248362
2.582399845123	-0.003922576550
2.583999872208	-0.003501728410
2.585599899292	-0.004751456436
2.587199926376	-0.001895376132
2.588799953461	-0.002743504243
2.590399980545	-0.003893072484
2.592000007629	-0.002194368280
2.593600034714	-0.003129728371
2.595199823380	-0.004919280298
2.596799850464	-0.003561456222
2.598399877548	-0.004102384206
2.599999904633	-0.005059776362
2.601599931717	-0.003495872254
2.603199958801	-0.002860336332
2.604799985886	-0.003950448241
2.606400012970	-0.003758432344
2.608000040054	-0.003169536358
2.609599828720	-0.003134752158
2.611199855804	-0.003997392487
2.612799882889	-0.002893968252
2.614399909973	-0.003777248319
2.615999937057	-0.004964720458
2.617599964142	-0.004322464578
2.619199991226	-0.002084960230
2.620800018311	-0.004437360447
2.622400045395	-0.003366896184
2.623999834061	-0.005584032275
2.625599861145	-0.003519984428
2.627199888229	-0.002173984190
2.628799915314	-0.005263040308
2.630399942398	-0.002856048290
2.631999969482	-0.004424256273
2.633599996567	-0.002564128255
2.635200023651	-0.004011984449
2.636800050735	-0.003904192476
2.638399839401	-0.002750640269
2.639999866486	-0.005418144632
2.641599893570	-0.003460192354
2.643199920654	-0.003569616238
2.644799947739	-0.003351088148
2.646399974823	-0.004270880483
2.648000001907	-0.004888048396
2.649600028992	-0.003852832364
2.651199817657	-0.002714048140
2.652799844742	-0.002925680252
2.654399871826	-0.004717616364
2.655999898911	-0.005118432455
2.657599925995	-0.004127568100
2.659199953079	-0.003760160413
2.660799980164	-0.002912960248
2.662400007248	-0.003555680392
2.664000034332	-0.003659952199
2.665599822998	-0.005061936565
2.667199850082	-0.000789872080
2.668799877167	-0.003895632224
2.670399904251	-0.003952720203
2.671999931335	-0.003259568242
2.673599958420	-0.002348016249
2.675199985504	-0.004542192444
2.676800012589	-0.005455680657
2.678400039673	-0.005217248574
2.679999828339	-0.004956032615
2.681599855423	-0.001801680191
2.683199882507	-0.003595360322
2.684799909592	-0.005093664397
2.686399936676	-0.004028624389
2.687999963760	-0.004391584545
2.689599990845	-0.004689824302
2.691200017929	-0.003015296301
2.692800045013	-0.004212240223
2.694399833679	-0.004898960236
2.695999860764	-0.003463920206
2.697599887848	-0.004077008460
2.699199914932	-0.003453312209
2.700799942017	-0.002674096264
2.702399969101	-0.004082528409
2.703999996185	-0.003485600231
2.705600023270	-0.005707584321
2.707200050354	-0.003589056199
2.708799839020	-0.004505808465
2.710399866104	-0.004346560221
2.711999893188	-0.002208000282
2.713599920273	-0.002987488173
2.715199947357	-0.004113776144
2.716799974442	-0.003246272216
2.718400001526	-0.003437472275
2.720000028610	-0.005474576261
2.721599817276	-0.004323056433
2.723199844360	-0.005869760644
2.724799871445	-0.004561776295
2.726399898529	-0.003488320392
2.727999925613	-0.003401056398
2.729599952698	-0.004701632541
2.731199979782	-0.004747184459
2.732800006866	-0.002747968305
2.734400033951	-0.004093968309
2.735999822617	-0.002693152288
2.737599849701	-0.003775040386
2.739199876785	-0.004879264627
2.740799903870	-0.003547808155
2.742399930954	-0.003063440323
2.743999958038	-0.003698288463
2.745599985123	-0.006259296555
2.747200012207	-0.004297888372
2.748800039291	-0.003360112198
2.750399827957	-0.004537440371
2.751999855042	-0.004018880427
2.753599882126	-0.005337360315
2.755199909210	-0.003780608298
2.756799936295	-0.004786288366
2.758399963379	-0.002900432330
2.759999990463	-0.003012960311
2.761600017548	-0.002089728136
2.763200044632	-0.006040384527
2.764799833298	-0.006010848563
2.766399860382	-0.002580448287
2.767999887466	-0.004557648208
2.769599914551	-0.003155184211
2.771199941635	-0.005419248715
2.772799968719	-0.005439680535
2.774399995804	-0.004311552271
2.776000022888	-0.001311920118
2.777599811554	-0.004202416167
2.779199838638	-0.006800320465
2.780799865723	-0.004521488212
2.782399892807	-0.004312768579
2.783999919891	-0.006041056477
2.785599946976	-0.003441888373
2.787199974060	-0.004227344412
2.788800001144	-0.004001424182
2.790400028229	-0.003836608259
2.791999816895	-0.005199408624
2.793599843979	-0.003412400372
2.795199871063	-0.002930256305
2.796799898148	-0.004100928549
2.798399925232	-0.006789184641
2.799999952316	-0.004552800208
2.801599979401	-0.003052496118
2.803200006485	-0.004392576404
2.804800033569	-0.003675824264
2.806399822235	-0.005621728487
2.807999849319	-0.002375440206
2.809599876404	-0.002303472254
2.811199903488	-0.003446160350
2.812799930573	-0.004121552221
2.814399957657	-0.005904544611
2.815999984741	-0.002339408267
2.817600011826	-0.005136768334
2.819200038910	-0.004335936159
2.820799827576	-0.003388080280
2.822399854660	-0.003307488281
2.823999881744	-0.004030448385
2.825599908829	-0.002890912117
2.827199935913	-0.003456128296
2.828799962997	-0.005254144315
2.830399990082	-0.004953680560
2.832000017166	-0.004393824376
2.833600044250	-0.003835216397
2.835199832916	-0.005781200714
2.836799860001	-0.003712928388
2.838399887085	-0.004092176445
2.839999914169	-0.005541808438
2.841599941254	-0.005600064527
2.843199968338	-0.003798384452
2.844799995422	-0.003356480272
2.846400022507	-0.002616624348
2.847999811172	-0.005999840330
2.849599838257	-0.005697840359
2.851199865341	-0.004292096477
2.852799892426	-0.005485536531
2.854399919510	-0.002621840220
2.855999946594	-0.006745728664
2.857599973679	-0.003083776217
2.859200000763	-0.005132544320
2.860800027847	-0.003280608216
2.862399816513	-0.002656992292
2.863999843597	-0.005119264591
2.865599870682	-0.006041008513
2.867199897766	-0.005310224369
2.868799924850	-0.001913072192
2.870399951935	-0.005086432211
2.871999979019	-0.004179504234
2.873600006104	-0.005405488424
2.875200033188	-0.004736800678
2.876799821854	-0.003738752333
2.878399848938	-0.002098816214
2.879999876022	-0.004439504351
2.881599903107	-0.004565904383
2.883199930191	-0.003777472302
2.884799957275	-0.004236656241
2.886399984360	-0.003745104186
2.888000011444	-0.003660912393
2.889600038528	-0.005066720303
2.891199827194	-0.003438256215
2.892799854279	-0.003923008218
2.894399881363	-0.004010736477
2.895999908447	-0.004368496593
2.897599935532	-0.003927680198
2.899199962616	-0.005961360410
2.900799989700	-0.004818864632
2.902400016785	-0.003810560331
2.904000043869	-0.005218016449
2.905599832535	-0.005221104249
2.907199859619	-0.002735616406
2.908799886703	-0.004682576284
2.910399913788	-0.004518192261
2.911999940872	-0.004243712407
2.913599967957	-0.005560240708
2.915199995041	-0.001647216151
2.916800022125	-0.005091936328
2.918399810791	-0.005564864259
2.919999837875	-0.005056928378
2.921599864960	-0.004824080504
2.923199892044	-0.004313216545
2.924799919128	-0.005519072525
2.926399946213	-0.003542672377
2.927999973297	-0.007666880731
2.929600000381	-0.004354352597
2.931200027466	-0.004238288384
2.932799816132	-0.003074576380
2.934399843216	-0.006089280359
2.935999870300	-0.004220016301
2.937599897385	-0.003267872380
2.939199924469	-0.004370336421
2.940799951553	-0.005622816272
2.942399978638	-0.004946256522
2.944000005722	-0.002562016249
2.945600032806	-0.003839856246
2.947199821472	-0.005819824524
2.948799848557	-0.003462768393
2.950399875641	-0.004495072179
2.951999902725	-0.004568976350
2.953599929810	-0.006254368462
2.955199956894	-0.004196672235
2.956799983978	-0.004700096324
2.958400011063	-0.003242320148
2.960000038147	-0.001551664085
2.961599826813	-0.004420080222
2.963199853897	-0.006878976710
2.964799880981	-0.007045504637
2.966399908066	-0.003472208278
2.967999935150	-0.003783152439
2.969599962234	-0.003727024188
2.971199989319	-0.004173440393
2.972800016403	-0.005764496513
2.974400043488	-0.004959872458
2.975999832153	-0.002392032184
2.977599859238	-0.005835440475
2.979199886322	-0.005928000435
2.980799913406	-0.003239776241
2.982399940491	-0.003909808118
2.983999967575	-0.003159824293
2.985599994659	-0.005046496633
2.987200021744	-0.004152320325
2.988799810410	-0.007253920659
2.990399837494	-0.004923824221
2.991999864578	-0.004367680289
2.993599891663	-0.003946464509
2.995199918747	-0.002246368211
2.996799945831	-0.007987872697
2.998399972916	-0.004922704305
3.000000000000	-0.004396944307
3.001600027084	-0.005334880669
3.003199815750	-0.006528528407
3.004799842834	-0.004932736512
3.006399869919	-0.003084960161
3.007999897003	-0.002255648142
3.009599924088	-0.005536880344
3.011199951172	-0.005514112301
3.012799978256	-0.005457904655
3.014400005341	-0.005109440535
3.016000032425	-0.004835424479
3.017599821091	-0.004741696175
3.019199848175	-0.004758176394
3.020799875259	-0.004260512535
3.022399902344	-0.004017648287
3.023999929428	-0.003194832243
3.025599956512	-0.006617920473
3.027199983597	-0.004494864494
3.028800010681	-0.003541744314
3.030400037766	-0.003917200491
3.031999826431	-0.005926720332
3.033599853516	-0.003846080275
3.035199880600	-0.004494528286
3.036799907684	-0.002797776368
3.038399934769	-0.002661328297
3.039999961853	-0.006157168653
3.041599988937	-0.003531056223
3.043200016022	-0.005816640332
3.044799804687	-0.003951504361
3.046399831772	-0.005654048640
3.047999858856	-0.005224144552
3.049599885941	-0.005738272332
3.051199913025	-0.003597296309
3.052799940109	-0.002925520297
3.054399967194	-0.004295808263
3.055999994278	-0.005674192682
3.057600021362	-0.004377040546
3.059199810028	-0.004613616504
3.060799837112	-0.006197152659
3.062399864197	-0.004746640567
3.063999891281	-0.003591632238
3.065599918365	-0.003527200315
3.067199945450	-0.004393040203
3.068799972534	-0.004629840143
3.070399999619	-0.004639328457
3.072000026703	-0.005089344457
3.073599815369	-0.005770256743
3.075199842453	-0.004701616243
3.076799869537	-0.005142048467
3.078399896622	-0.005125456490
3.079999923706	-0.004688848276
3.081599950790	-0.003083296353
3.083199977875	-0.004976576660
3.084800004959	-0.005093840417
3.086400032043	-0.000494512089
3.087999820709	-0.003849168308
3.089599847794	-0.005177040584
3.091199874878	-0.004243232310
3.092799901962	-0.004717824515
3.094399929047	-0.003896416398
3.095999956131	-0.005829024594
3.097599983215	-0.005068192258
3.099200010300	-0.005062144250
3.100800037384	-0.005195184611
3.102399826050	-0.003786528250
3.103999853134	-0.005035936367
3.105599880219	-0.003553984221
3.107199907303	-0.005784864537
3.108799934387	-0.001725696260
3.110399961472	-0.003782832297
3.111999988556	-0.005656768568
3.113600015640	-0.002972384216
3.115199804306	-0.004841792397
3.116799831390	-0.005185120273
3.118399858475	-0.004439888522
3.119999885559	-0.005752160680
3.121599912643	-0.005562208593
3.123199939728	-0.004941312596
3.124799966812	-0.005643520504
3.126399993896	-0.005350496620
3.128000020981	-0.004530384205
3.129599809647	-0.005262576509
3.131199836731	-0.006666160654
3.132799863815	-0.004744864535
3.134399890900	-0.003750448348
3.135999917984	-0.004197360482
3.137599945068	-0.002574864309
3.139199972153	-0.003718976397
3.140799999237	-0.006315648556
3.142400026321	-0.004513216205
3.143999814987	-0.004933072254
3.145599842072	-0.005706560332
3.147199869156	-0.005952336360
3.148799896240	-0.002705232240
3.150399923325	-0.004582016263
3.151999950409	-0.006412064657
3.153599977493	-0.006925024558
3.155200004578	-0.004415696487
3.156800031662	-0.005265024491
3.158399820328	-0.003985504154
3.159999847412	-0.004761056509
3.161599874496	-0.005121344235
3.163199901581	-0.004502960481
3.164799928665	-0.005330832675
3.166399955750	-0.003171488177
3.167999982834	-0.004920752253
3.169600009918	-0.005574400537
3.171200037003	-0.004288880154
3.172799825668	-0.002878608182
3.174399852753	-0.005093664397
3.175999879837	-0.006647376344
3.177599906921	-0.003926944453
3.179199934006	-0.004499552306
3.180799961090	-0.005969184451
3.182399988174	-0.005388048477
3.184000015259	-0.004252416082
3.185599803925	-0.004645248409
3.187199831009	-0.005104576237
3.188799858093	-0.005083328579
3.190399885178	-0.003971312195
3.191999912262	-0.006221872754
3.193599939346	-0.006167008542
3.195199966431	-0.002422928112
3.196799993515	-0.003389072139
3.198400020599	-0.004393488169
3.199999809265	-0.006857824512
3.201599836349	-0.005402864423
3.203199863434	-0.004630688578
3.204799890518	-0.005489952397
3.206399917603	-0.009338769130
3.207999944687	-0.004268192220
3.209599971771	-0.004216928501
3.211199998856	-0.002689104294
3.212800025940	-0.003611712251
3.214399814606	-0.005525856279
3.215999841690	-0.006005488336
3.217599868774	-0.004036816303
3.219199895859	-0.003335552290
3.220799922943	-0.006181200501
3.222399950027	-0.007564832456
3.223999977112	-0.005774832331
3.225600004196	-0.004608672578
3.227200031281	-0.005416240543
3.228799819946	-0.003546288237
3.230399847031	-0.006240944378
3.231999874115	-0.005740176421
3.233599901199	-0.005895616487
3.235199928284	-0.003704960225
3.236799955368	-0.002969904104
3.238399982452	-0.004603152163
3.240000009537	-0.003139184322
3.241600036621	-0.004954704549
3.243199825287	-0.005475120619
3.244799852371	-0.005357840564
3.246399879456	-0.004613424186
3.247999906540	-0.002706880216
3.249599933624	-0.006968688685
3.251199960709	-0.007071968634
3.252799987793	-0.003686672309
3.254400014877	-0.004393440206
3.255999803543	-0.005849280395
3.257599830627	-0.004482768476
3.259199857712	-0.004054800142
3.260799884796	-0.005426928401
3.262399911880	-0.003478992265
3.263999938965	-0.004049696494
3.265599966049	-0.005135872401
3.267199993134	-0.007532320451
3.268800020218	-0.005402656272
3.270399808884	-0.005496688653
3.271999835968	-0.005413824692
3.273599863052	-0.005389488302
3.275199890137	-0.005910704378
3.276799917221	-0.005569280591
3.278399944305	-0.004108448513
3.279999971390	-0.005943024531
3.281599998474	-0.006480432581
3.283200025558	-0.003538768273
3.284799814224	-0.006695760414
3.286399841309	-0.005478320643
3.287999868393	-0.005805840716
3.289599895477	-0.005251520313
3.291199922562	-0.005280080251
3.292799949646	-0.004910560325
3.294399976730	-0.004226512276
3.296000003815	-0.006681344472
3.297600030899	-0.005985328462
3.299199819565	-0.004984016530
3.300799846649	-0.005924944300
3.302399873734	-0.005456224550
3.303999900818	-0.004790560342
3.305599927902	-0.006514912471
3.307199954987	-0.005143488292
3.308799982071	-0.004136976320
3.310400009155	-0.003565312363
3.311999797821	-0.005759232678
3.313599824905	-0.005001424346
3.315199851990	-0.005828944501
3.316799879074	-0.005219296552
3.318399906158	-0.004704496358
3.319999933243	-0.005905888509
3.321599960327	-0.005348368548
3.323199987411	-0.005177664571
3.324800014496	-0.005801088642
3.326399803162	-0.005799408536
3.327999830246	-0.006247584708
3.329599857330	-0.005045808386
3.331199884415	-0.006530032493
3.332799911499	-0.005818752572
3.334399938583	-0.004867408425
3.335999965668	-0.003072624328
3.337599992752	-0.005205600522
3.339200019836	-0.003962944262
3.340799808502	-0.006814128719
3.342399835587	-0.005640480667
3.343999862671	-0.003821520368
3.345599889755	-0.004483984318
3.347199916840	-0.004943248350
3.348799943924	-0.006873584352
3.350399971008	-0.004556784406
3.351999998093	-0.005140304565
3.353600025177	-0.006710112561
3.355199813843	-0.006093680393
3.356799840927	-0.006225792691
3.358399868011	-0.004579776432
3.359999895096	-0.004486640450
3.361599922180	-0.005761728622
3.363199949265	-0.005904016551
3.364799976349	-0.003342416370
3.366400003433	-0.006086208392
3.368000030518	-0.003866880434
3.369599819183	-0.007953120396
3.371199846268	-0.006358576473
3.372799873352	-0.005406704266
3.374399900436	-0.005411648657
3.375999927521	-0.007072416600
3.377599954605	-0.006973584648
3.379199981689	-0.004077520221
3.380800008774	-0.005496816244
3.382399797440	-0.004064000212
3.383999824524	-0.006453536451
3.385599851608	-0.005890560336
3.387199878693	-0.006920736749
3.388799905777	-0.005403296556
3.390399932861	-0.004291312303
3.391999959946	-0.006142016500
3.393599987030	-0.004083120264
3.395200014114	-0.008727408946
3.396799802780	-0.005697280169
3.398399829865	-0.005865984596
3.399999856949	-0.005975568667
3.401599884033	-0.007315840572
3.403199911118	-0.004457072355
3.404799938202	-0.003408224322
3.406399965286	-0.007003280800
3.407999992371	-0.005046016537
3.409600019455	-0.003806992201
3.411199808121	-0.004976944532
3.412799835205	-0.006612528581
3.414399862289	-0.003821568331
3.415999889374	-0.006151360460
3.417599916458	-0.007517472841
3.419199943542	-0.003221120220
3.420799970627	-0.005973584484
3.422399997711	-0.006840880495
3.424000024796	-0.006202864461
3.425599813461	-0.005191120319
3.427199840546	-0.005448464304
3.428799867630	-0.005063536577
3.430399894714	-0.006128736306
3.431999921799	-0.007363840472
3.433599948883	-0.007067936473
3.435199975967	-0.003658960341
3.436800003052	-0.006543824449
3.438400030136	-0.007007312495
3.439999818802	-0.006258112378
3.441599845886	-0.007139760535
3.443199872971	-0.003539968282
3.444799900055	-0.004449680448
3.446399927139	-0.007966016419
3.447999954224	-0.006244560704
3.449599981308	-0.004072080366
3.451200008392	0.006036288571
