0.000000000000	0.014625824988
0.001599999960	0.016113378108
0.003199999919	0.015049937181
0.004799999762	0.014384753071
0.006399999838	0.015527185053
0.007999999449	0.016539776698
0.009599999525	0.013411649503
0.011199999601	0.011064768769
0.012799999677	0.017056113109
0.014399999753	0.014367393218
0.015999998897	0.013073072769
0.017599999905	0.014479328878
0.019199999049	0.013469344936
0.020800000057	0.013277824968
0.022399999201	0.017660753801
0.024000000209	0.014037889428
0.025599999353	0.016308497638
0.027199998498	0.014746065252
0.028799999505	0.013797169551
0.030399998650	0.013274081051
0.031999997795	0.015378016979
0.033599998802	0.013740128838
0.035199999809	0.014158417471
0.036800000817	0.016970338300
0.038399998099	0.013561584987
0.039999999106	0.012598704547
0.041600000113	0.015531617217
0.043199997395	0.011113952845
0.044799998403	0.014799073339
0.046399999410	0.014321185648
0.048000000417	0.012304496951
0.049599997699	0.012044385076
0.051199998707	0.013799552806
0.052799999714	0.011637648568
0.054399996996	0.012274417095
0.055999998003	0.013831664808
0.057599999011	0.013036929071
0.059200000018	0.012312768959
0.060799997300	0.013508993201
0.062399998307	0.013379297219
0.063999995589	0.011263648979
0.065600000322	0.013534992933
0.067199997604	0.015340289101
0.068799994886	0.014254929498
0.070399999619	0.012545952573
0.071999996901	0.013519377448
0.073600001633	0.013345841318
0.075199998915	0.010736192577
0.076799996197	0.011988624930
0.078400000930	0.013450993225
0.079999998212	0.013085696846
0.081599995494	0.012365313247
0.083200000226	0.012524545193
0.084799997509	0.010243440978
0.086399994791	0.012532273307
0.087999999523	0.012511792593
0.089599996805	0.012762945145
0.091199994087	0.012198752724
0.092799998820	0.010563088581
0.094399996102	0.011446400546
0.096000000834	0.013711265288
0.097599998116	0.012318384834
0.099199995399	0.011938689277
0.100800000131	0.011886080727
0.102399997413	0.013283201493
0.103999994695	0.010902496986
0.105599999428	0.013975776732
0.107199996710	0.011299921200
0.108799993992	0.009538880549
0.110399998724	0.014085473493
0.111999996006	0.012829152867
0.113600000739	0.010043888353
0.115199998021	0.013030800968
0.116799995303	0.010798512958
0.118400000036	0.009697856382
0.119999997318	0.010743697174
0.121599994600	0.009544944391
0.123199999332	0.011690337211
0.124799996614	0.010189536959
0.126399993896	0.010015120730
0.127999991179	0.012224016711
0.129600003362	0.011425104924
0.131200000644	0.010206961073
0.132799997926	0.008637344465
0.134399995208	0.010649569333
0.135999992490	0.009873312898
0.137599989772	0.012099936604
0.139200001955	0.012749057263
0.140799999237	0.010071136989
0.142399996519	0.012465616688
0.143999993801	0.010490384884
0.145599991083	0.011739040725
0.147200003266	0.012013953179
0.148800000548	0.009898209013
0.150399997830	0.009049392305
0.151999995112	0.011675168760
0.153599992394	0.009285808541
0.155199989676	0.011481984518
0.156800001860	0.010944817215
0.158399999142	0.009625488892
0.159999996424	0.009941505268
0.161599993706	0.009686240926
0.163199990988	0.010048592463
0.164800003171	0.010207440704
0.166400000453	0.009909360670
0.167999997735	0.010352992453
0.169599995017	0.010693936609
0.171199992299	0.012473520823
0.172799989581	0.010164864361
0.174400001764	0.009138864465
0.175999999046	0.011653409339
0.177599996328	0.009996673092
0.179199993610	0.010405585170
0.180799990892	0.012476945296
0.182399988174	0.008710736409
0.184000000358	0.009740737267
0.185599997640	0.010267185047
0.187199994922	0.008317648433
0.188799992204	0.011091217399
0.190399989486	0.009516560473
0.192000001669	0.009475600906
0.193599998951	0.010136800818
0.195199996233	0.009612033144
0.196799993515	0.007122624665
0.198399990797	0.011100336909
0.199999988079	0.011070896871
0.201600000262	0.009593456984
0.203199997544	0.010033505037
0.204799994826	0.008374433033
0.206399992108	0.008873840794
0.207999989390	0.010079520755
0.209600001574	0.009995264933
0.211199998856	0.010162129067
0.212799996138	0.010697136633
0.214399993420	0.007273472380
0.215999990702	0.008925952949
0.217599987984	0.010204512626
0.219200000167	0.006817296613
0.220799997449	0.010436369106
0.222399994731	0.011025857180
0.223999992013	0.008555009030
0.225599989295	0.007530320436
0.227200001478	0.008850400336
0.228799998760	0.008579504676
0.230399996042	0.010705120862
0.231999993324	0.009393201210
0.233599990606	0.009555120952
0.235199987888	0.009222496301
0.236800000072	0.009611024521
0.238399997354	0.009240657091
0.239999994636	0.010733808391
0.241599991918	0.008507984690
0.243199989200	0.008639024571
0.244799986482	0.011459585279
0.246399998665	0.009059792385
0.247999995947	0.008580656722
0.249599993229	0.009557329118
0.251199990511	0.008261840791
0.252799987793	0.011127633043
0.254399985075	0.008217840455
0.255999982357	0.009897872806
0.257599979639	0.007511200849
0.259200006723	0.007022880483
0.260800004005	0.008723248728
0.262400001287	0.008907089010
0.263999998569	0.007214688696
0.265599995852	0.007216160651
0.267199993134	0.010286512785
0.268799990416	0.008007489145
0.270399987698	0.006546816323
0.271999984980	0.008859216236
0.273599982262	0.007862672210
0.275199979544	0.007816288620
0.276800006628	0.008430688642
0.278400003910	0.009508929215
0.280000001192	0.008092048578
0.281599998474	0.009687664919
0.283199995756	0.007040240336
0.284799993038	0.008708273061
0.286399990320	0.007992704399
0.287999987602	0.008278160356
0.289599984884	0.008111168630
0.291199982166	0.009454816580
0.292799979448	0.009203121066
0.294400006533	0.007716144435
0.296000003815	0.009339152835
0.297600001097	0.006507632323
0.299199998379	0.008198640309
0.300799995661	0.009377504699
0.302399992943	0.006739056669
0.303999990225	0.005633232649
0.305599987507	0.008716784418
0.307199984789	0.007110544480
0.308799982071	0.009213760495
0.310399979353	0.010778160766
0.312000006437	0.008176417090
0.313600003719	0.008657168597
0.315200001001	0.008797808550
0.316799998283	0.007884048857
0.318399995565	0.006062224507
0.319999992847	0.008480624296
0.321599990129	0.008048368618
0.323199987411	0.008593744598
0.324799984694	0.007111520506
0.326399981976	0.006877776701
0.327999979258	0.010023248382
0.329600006342	0.006261536386
0.331200003624	0.007730672602
0.332800000906	0.007877584547
0.334399998188	0.007166208699
0.335999995470	0.005606432445
0.337599992752	0.007871232927
0.339199990034	0.006562336348
0.340799987316	0.007092976477
0.342399984598	0.008236144669
0.343999981880	0.008289841004
0.345599979162	0.009089873172
0.347199976444	0.007839840837
0.348800003529	0.007344064768
0.350400000811	0.006600096822
0.351999998093	0.007680736482
0.353599995375	0.005247216206
0.355199992657	0.009533233009
0.356799989939	0.007939792238
0.358399987221	0.005649664439
0.359999984503	0.010110560805
0.361599981785	0.006428512745
0.363199979067	0.004506528378
0.364799976349	0.007484000642
0.366400003433	0.007970464416
0.368000000715	0.005661952309
0.369599997997	0.007018256467
0.371199995279	0.006949056406
0.372799992561	0.007261424791
0.374399989843	0.006840720773
0.375999987125	0.006961104460
0.377599984407	0.007543184794
0.379199981689	0.008496752940
0.380799978971	0.006651952397
0.382399976254	0.006690080278
0.384000003338	0.007430112455
0.385600000620	0.006166576408
0.387199997902	0.007996336557
0.388799995184	0.007325168699
0.390399992466	0.007327008527
0.391999989748	0.008172768168
0.393599987030	0.006947792601
0.395199984312	0.005285296589
0.396799981594	0.007421008777
0.398399978876	0.007131856401
0.399999976158	0.005021648481
0.401600003242	0.006400576327
0.403200000525	0.007345344406
0.404799997807	0.004852720536
0.406399995089	0.007854304276
0.407999992371	0.005349280313
0.409599989653	0.007321904413
0.411199986935	0.008174416609
0.412799984217	0.006891408470
0.414399981499	0.004989696667
0.415999978781	0.007788064890
0.417599976063	0.006072928663
0.419200003147	0.006163408514
0.420800000429	0.006642096676
0.422399997711	0.005932096392
0.423999994993	0.005832464434
0.425599992275	0.008553600870
0.427199989557	0.004913280252
0.428799986839	0.006591984536
0.430399984121	0.007898736745
0.431999981403	0.007149536628
0.433599978685	0.006024128292
0.435199975967	0.006585920695
0.436800003052	0.004305328242
0.438400000334	0.006972992327
0.439999997616	0.005676224362
0.441599994898	0.005766640417
0.443199992180	0.008983248845
0.444799989462	0.005507808179
0.446399986744	0.004504912533
0.447999984026	0.007423456758
0.449599981308	0.006456960458
0.451199978590	0.004214928485
0.452799975872	0.006115728524
0.454400002956	0.007669808809
0.456000000238	0.006998592522
0.457599997520	0.006587152369
0.459199994802	0.003498304402
0.460799992085	0.006958000828
0.462399989367	0.006322768517
0.463999986649	0.006983056664
0.465599983931	0.006415680517
0.467199981213	0.005868176464
0.468799978495	0.004331936128
0.470399975777	0.006322448608
0.472000002861	0.006241584662
0.473600000143	0.004252064507
0.475199997425	0.005652400665
0.476799994707	0.005778112449
0.478399991989	0.004236688372
0.479999989271	0.006758800708
0.481599986553	0.005670064595
0.483199983835	0.004492576234
0.484799981117	0.004950064234
0.486399978399	0.005456384271
0.487999975681	0.004905440379
0.489599972963	0.006296672393
0.491200000048	0.005422896240
0.492799997330	0.006143216509
0.494399994612	0.006094144192
0.495999991894	0.006650320720
0.497599989176	0.005523424596
0.499199986458	0.007512400392
0.500800013542	0.004302864429
0.502399981022	0.007082064636
0.504000008106	0.006704256404
0.505599975586	0.003835888347
0.507200002670	0.004275776446
0.508799970150	0.006052720360
0.510399997234	0.005359408446
0.511999964714	0.004728368483
0.513599991798	0.006818976719
0.515199959278	0.004635184538
0.516799986362	0.004454576410
0.518400013447	0.005249072332
0.519999980927	0.005514576565
0.521600008011	0.005198544357
0.523199975491	0.005711008329
0.524800002575	0.005799200386
0.526399970055	0.004149840213
0.527999997139	0.006379456725
0.529599964619	0.006493600551
0.531199991703	0.006529552396
0.532799959183	0.004935408477
0.534399986267	0.004122384358
0.536000013351	0.006110944785
0.537599980831	0.003748000367
0.539200007915	0.005086144432
0.540799975395	0.006179264747
0.542400002480	0.005788032431
0.543999969959	0.003458928317
0.545599997044	0.005792032462
0.547199964523	0.003515056334
0.548799991608	0.004166672472
0.550399959087	0.004526672419
0.551999986172	0.003385232296
0.553600013256	0.003864432452
0.555199980736	0.005102640484
0.556800007820	0.003997920547
0.558399975300	0.005367808510
0.560000002384	0.005435952451
0.561599969864	0.004268576391
0.563199996948	0.004422016442
0.564799964428	0.005784688517
0.566399991512	0.003675376298
0.567999958992	0.006964208558
0.569599986076	0.004294960294
0.571200013161	0.001127776108
0.572799980640	0.004503904376
0.574400007725	0.005374992266
0.575999975204	0.003052624175
0.577600002289	0.005036720540
0.579199969769	0.003788848408
0.580799996853	0.005459664389
0.582399964333	0.003602464218
0.583999991417	0.003732096404
0.585599958897	0.004809136502
0.587199985981	0.005263200495
0.588800013065	0.003972128499
0.590399980545	0.004606496543
0.592000007629	0.003625792218
0.593599975109	0.004044176545
0.595200002193	0.004617296159
0.596799969673	0.006256000604
0.598399996758	0.004322640598
0.599999964237	0.005231248215
0.601599991322	0.004427296575
0.603199958801	0.002071392024
0.604799985886	0.003519920167
0.606400012970	0.005979136564
0.607999980450	0.003443248337
0.609600007534	0.005215456244
0.611199975014	0.004366592504
0.612800002098	0.005457344465
0.614399969578	0.004657312296
0.615999996662	0.003578592325
0.617599964142	0.004104592372
0.619199991226	0.005812704563
0.620799958706	0.001929440186
0.622399985790	0.004007008392
0.624000012875	0.005192816257
0.625599980354	0.003005248262
0.627200007439	0.003071984276
0.628799974918	0.005301664583
0.630400002003	0.003178704297
0.631999969482	0.003758096369
0.633599996567	0.005033232272
0.635199964046	0.004392256495
0.636799991131	0.003999824170
0.638399958611	0.005445200484
0.639999985695	0.002766208258
0.641600012779	0.004087680485
0.643199980259	0.006605952512
0.644800007343	0.005077968352
0.646399974823	0.004496720154
0.648000001907	0.004032752477
0.649599969387	0.003324320307
0.651199996471	0.004936384503
0.652799963951	0.002163808094
0.654399991035	0.002759856172
0.655999958515	0.005206960253
0.657599985600	0.002222352196
0.659200012684	0.002222096315
0.660799980164	0.003298528260
0.662400007248	0.003726752242
0.663999974728	0.003622816410
0.665600001812	0.004030624405
0.667199969292	0.004819936585
0.668799996376	0.001758880098
0.670399963856	0.003482496133
0.671999990940	0.004707344342
0.673599958420	0.005062560551
0.675199985504	0.005129296333
0.676800012589	0.003892688313
0.678399980068	0.004327872302
0.680000007153	0.004828800447
0.681599974632	0.003202736378
0.683200001717	0.004079664592
0.684799969196	0.002598176245
0.686399996281	0.002345088171
0.687999963760	0.003853248432
0.689599990845	0.004116704222
0.691199958324	0.003718832275
0.692799985409	0.003483088221
0.694399952888	0.004194720183
0.695999979973	0.002476896159
0.697600007057	0.004532112274
0.699199974537	0.004375744145
0.700800001621	0.004219232593
0.702399969101	0.002581712324
0.703999996185	0.004531040322
0.705599963665	0.003802864347
0.707199990749	0.004975792486
0.708799958229	0.002941248240
0.710399985313	0.003087936202
0.711999952793	0.006107040681
0.713599979877	0.003085904289
0.715200006962	0.003992352169
0.716799974442	0.002909600269
0.718400001526	0.001881216187
0.719999969006	0.004845248535
0.721599996090	0.004192432389
0.723199963570	0.002657024190
0.724799990654	0.001823504106
0.726399958134	0.003463808214
0.727999985218	0.002192496089
0.729599952698	0.004059392493
0.731199979782	0.005042336415
0.732800006866	0.004279264249
0.734399974346	0.002571552293
0.736000001431	0.003552752314
0.737599968910	0.004079904407
0.739199995995	0.003833456198
0.740799963474	0.005310160574
0.742399990559	0.004535360262
0.743999958038	0.004730336368
0.745599985123	0.003569120308
0.747199952602	0.003080224385
0.748799979687	0.003659840208
0.750400006771	0.003704064293
0.751999974251	0.002297296189
0.753600001335	0.003683008254
0.755199968815	0.003465280402
0.756799995899	0.002628032351
0.758399963379	0.004031168297
0.759999990463	0.001347888145
0.761599957943	0.004450992215
0.763199985027	0.006189904641
0.764799952507	0.001942224102
0.766399979591	0.002334992168
0.768000006676	0.003123040311
0.769599974155	0.004279584158
0.771200001240	0.004292128142
0.772799968719	0.004365616478
0.774399995804	0.002629936207
0.775999963284	0.004363296553
0.777599990368	0.003248528112
0.779199957848	0.002526176162
0.780799984932	0.002768816194
0.782399952412	0.004261152353
0.783999979496	0.001884336118
0.785600006580	0.004438832402
0.787199974060	0.002586304210
0.788800001144	0.002879408188
0.790399968624	0.003985712305
0.791999995708	0.001040656120
0.793599963188	0.003972512204
0.795199990273	0.005343120545
0.796799957752	0.001526288106
0.798399984837	0.003295616247
0.799999952316	0.003986240365
0.801599979401	0.001413984108
0.803200006485	0.002068496309
0.804799973965	0.002308880212
0.806400001049	0.002876096172
0.807999968529	0.005225648172
0.809599995613	0.002304032212
0.811199963093	0.002078896156
0.812799990177	0.002753696172
0.814399957657	0.003605520120
0.815999984741	0.000269104057
0.817599952221	0.004251568113
0.819199979305	0.004073008429
0.820800006390	0.003144912189
0.822399973869	0.004856144544
0.824000000954	0.000980240060
0.825599968433	0.001362416078
0.827199995518	0.003342016367
0.828799962997	0.002940496197
0.830399990082	0.003693328239
0.831999957561	0.003478352213
0.833599984646	0.000477392052
0.835199952126	0.000258192013
0.836799979210	0.003540288191
0.838400006294	0.002892864170
0.839999973774	0.003089152277
0.841600000858	0.002572480123
0.843199968338	0.002190592233
0.844799995422	0.002039952204
0.846399962902	0.004121008329
0.847999989986	0.000767616089
0.849599957466	0.003210896160
0.851199984550	0.003832480405
0.852799952030	0.003335696179
0.854399979115	0.001961600268
0.856000006199	0.004274912179
0.857599973679	0.002629904309
0.859200000763	0.003911728505
0.860799968243	0.002319008112
0.862399995327	0.002697488293
0.863999962807	0.003079184098
0.865599989891	0.001261632075
0.867199957371	0.001339888084
0.868799984455	0.001304896083
0.870399951935	0.002611376112
0.871999979019	0.001896320144
0.873600006104	0.004022576381
0.875199973583	0.003309808206
0.876800000668	0.002101840219
0.878399968147	0.002944480162
0.879999995232	0.001301504089
0.881599962711	0.002410800196
0.883199989796	0.003920384217
0.884799957275	0.004195440095
0.886399984360	0.002917120233
0.887999951839	0.003645216348
0.889599978924	0.001864800113
0.891200006008	0.001753920107
0.892799973488	0.002501040231
0.894400000572	0.002531632315
0.895999968052	0.003087136196
0.897599995136	0.002897040220
0.899199962616	0.001351824030
0.900799989700	0.002480672207
0.902399957180	0.003089968348
0.903999984264	0.000869248062
0.905599951744	0.003495776327
0.907199978828	0.002818480367
0.908800005913	0.001327552134
0.910399973392	0.002293392085
0.912000000477	0.002246064134
0.913599967957	0.003262672108
0.915199995041	0.003582464298
0.916799962521	0.002982864156
0.918399989605	0.001936832094
0.919999957085	0.004455008544
0.921599984169	0.003191472264
0.923199951649	0.002682000166
0.924799978733	0.001594752073
0.926400005817	0.001905776095
0.927999973297	0.002481200267
0.929600000381	0.002206512261
0.931199967861	0.002343584318
0.932799994946	0.001212672098
0.934399962425	0.003334016306
0.935999989510	0.001027024118
0.937599956989	0.002685632324
0.939199984074	0.004421040416
0.940799951553	0.002092016162
0.942399978638	0.001581680146
0.944000005722	0.002581856214
0.945599973202	0.002145616105
0.947200000286	0.002765584271
0.948799967766	0.002987680258
0.950399994850	0.002313152188
0.951999962330	0.003525680397
0.953599989414	0.003659792244
0.955199956894	0.002560688183
0.956799983978	0.002340736100
0.958399951458	0.003969984129
0.959999978542	0.001394944033
0.961599946022	0.003647376318
0.963199973106	0.002154880203
0.964800000191	0.001655552187
0.966399967670	0.003005904378
0.967999994755	-0.000274688064
0.969599962234	0.003305312246
0.971199989319	0.004214640241
0.972799956799	0.001924032113
0.974399983883	0.001606144127
0.975999951363	0.002214976121
0.977599978447	0.001695648185
0.979199945927	0.001430544071
0.980799973011	0.003305072198
0.982400000095	0.002566112205
0.983999967575	0.002794272266
0.985599994659	0.002126624109
0.987199962139	0.001351280021
0.988799989223	0.001114960061
0.990399956703	0.002148704138
0.991999983788	0.001157280058
0.993599951267	0.004682704341
0.995199978352	0.002016352257
0.996799945831	0.002122080186
0.998399972916	0.001710896147
1.000000000000	0.001493152115
1.001600027084	0.002990272129
1.003199934959	0.003636528272
1.004799962044	0.002331888303
1.006399989128	0.002051392104
1.008000016212	0.003035728121
1.009599924088	0.001190640149
1.011199951172	0.001347984071
1.012799978256	0.001803200110
1.014400005341	0.002178192139
1.016000032425	0.003313168185
1.017599940300	0.001204063999
1.019199967384	0.001670160098
1.020799994469	0.002159456257
1.022400021553	0.002574032173
1.023999929428	0.001251280075
1.025599956512	0.003569872351
1.027199983597	0.001868864172
1.028800010681	0.003259568242
1.030399918556	0.001314320136
1.031999945641	0.002329136245
1.033599972725	0.002577248262
1.035199999809	0.001969696255
1.036800026894	0.002414208138
1.038399934769	0.003342704382
1.039999961853	0.003455328289
1.041599988937	0.000878784049
1.043200016022	0.000505104021
1.044799923897	0.001331456122
1.046399950981	0.001710064127
1.047999978065	0.001642544172
1.049600005150	0.001109040109
1.051200032234	0.001086032134
1.052799940109	0.002209312283
1.054399967194	0.002326032147
1.055999994278	0.000761968025
1.057600021362	0.002587328199
1.059199929237	0.001927440171
1.060799956322	0.002971648239
1.062399983406	0.001120320056
1.064000010490	0.003518512240
1.065599918365	0.001112736063
1.067199945450	0.001960400259
1.068799972534	0.001390672172
1.070399999619	0.003672704333
1.072000026703	0.002708464162
1.073599934578	0.000886096037
1.075199961662	-0.000215104010
1.076799988747	-0.000614880060
1.078400015831	0.000957968063
1.079999923706	0.000604960078
1.081599950790	0.000823104114
1.083199977875	0.001476976089
1.084800004959	0.001644000178
1.086400032043	0.002203856129
1.087999939919	0.000738320057
1.089599967003	0.001092880033
1.091199994087	0.001972528175
1.092800021172	0.003060064279
1.094399929047	0.001272240072
1.095999956131	0.002800496295
1.097599983215	0.003021120327
1.099200010300	0.001474512159
1.100799918175	0.002124688122
1.102399945259	0.002182000317
1.103999972343	0.001769136172
1.105599999428	0.002138832118
1.107200026512	-0.000189584011
1.108799934387	-0.000811664038
1.110399961472	0.000666416076
1.111999988556	0.000041599993
1.113600015640	0.001953312196
1.115199923515	0.001843840117
1.116799950600	0.001404784038
1.118399977684	0.000649728056
1.120000004768	0.001955456100
1.121599912643	0.001063264091
1.123199939728	-0.000063807987
1.124799966812	0.000373247982
1.126399993896	0.000748224033
1.128000020981	0.001210832153
1.129599928856	0.001457040198
1.131199955940	0.000222448027
1.132799983025	0.000793552084
1.134400010109	0.001160832122
1.135999917984	0.001912448206
1.137599945068	0.001818752033
1.139199972153	0.000394384027
1.140799999237	0.000317919999
1.142400026321	0.001029376057
1.143999934196	-0.001023456105
1.145599961281	0.000970800058
1.147199988365	0.001906064223
1.148800015450	0.001937856199
1.150399923325	0.001486144145
1.151999950409	0.000710864027
1.153599977493	0.000282224035
1.155200004578	-0.000224799980
1.156799912453	0.000296287995
1.158399939537	0.000776832050
1.159999966621	0.001898848102
1.161599993706	0.002202240052
1.163200020790	0.000027663933
1.164799928665	0.001663040137
1.166399955750	0.000422159996
1.167999982834	0.001036912086
1.169600009918	0.000749056053
1.171199917793	0.000904320041
1.172799944878	-0.000236160020
1.174399971962	0.001864688122
1.175999999046	-0.000018287996
1.177600026131	0.000878752093
1.179199934006	0.000783424010
1.180799961090	0.002828416182
1.182399988174	0.001043920056
1.184000015259	0.000602656044
1.185599923134	-0.001284288126
1.187199950218	0.000981680001
1.188799977303	0.000813536113
1.190400004387	0.000136080023
1.191999912262	0.001846384141
1.193599939346	0.001594576170
1.195199966431	-0.000412240042
1.196799993515	0.000388095999
1.198400020599	0.000533648010
1.199999928474	-0.000182416014
1.201599955559	0.000591151998
1.203199982643	0.001547536114
1.204800009727	-0.000028256001
1.206399917603	0.001818992198
1.207999944687	0.001255136100
1.209599971771	0.000405888073
1.211199998856	0.001944400137
1.212800025940	0.001094528125
1.214399933815	0.000019039971
1.215999960899	0.001132048084
1.217599987984	-0.000534160004
1.219200015068	0.001761616091
1.220799922943	-0.000550608034
1.222399950027	-0.000293840043
1.223999977112	0.000682112121
1.225600004196	0.000231439990
1.227199912071	-0.001037840149
1.228799939156	-0.000569728087
1.230399966240	0.000760944095
1.231999993324	-0.000177728027
1.233600020409	0.001847072155
1.235199928284	0.001403536065
1.236799955368	0.001185952104
1.238399982452	-0.000416896044
1.240000009537	0.001785824075
1.241599917412	0.000094640003
1.243199944496	0.001045888057
1.244799971581	0.000940672064
1.246399998665	0.000026927981
1.248000025749	0.002268432174
1.249599933624	-0.000475872075
1.251199960709	0.001104784082
1.252799987793	-0.000152160006
1.254400014877	-0.001099472051
1.255999922752	0.000644800020
1.257599949837	0.000245584029
1.259199976921	0.001078592031
1.260800004005	-0.000758608046
1.262399911880	0.000135120004
1.263999938965	0.000484735996
1.265599966049	0.000420880038
1.267199993134	0.000579296029
1.268800020218	0.002660560189
1.270399928093	-0.001032992150
1.271999955177	0.000585456088
1.273599982262	0.000397840020
1.275200009346	0.000245392032
1.276799917221	-0.000107631982
1.278399944305	0.000456768030
1.279999971390	0.001662144088
1.281599998474	-0.000306528033
1.283200025558	0.001081232098
1.284799933434	-0.000490176026
1.286399960518	0.000358079997
1.287999987602	0.000355296012
1.289600014687	0.000137008043
1.291199922562	0.001494144090
1.292799949646	0.000454624067
1.294399976730	-0.002050768118
1.296000003815	-0.001018656068
1.297599911690	-0.000249088014
1.299199938774	-0.000196512003
1.300799965858	0.002059088321
1.302399992943	-0.000082288032
1.304000020027	0.001241136109
1.305599927902	-0.000270160061
1.307199954987	-0.001016848139
1.308799982071	-0.000043600041
1.310400009155	0.000334176031
1.311999917030	0.000962656050
1.313599944115	0.001502544153
1.315199971199	0.000877072103
1.316799998283	-0.000421984063
1.318400025368	0.001252576010
1.319999933243	-0.001391792088
1.321599960327	-0.000686624087
1.323199987411	0.001086336095
1.324800014496	0.000238912005
1.326399922371	-0.001366464072
1.327999949455	0.000200544018
1.329599976540	-0.001203456079
1.331200003624	0.001642816118
1.332799911499	0.001990896184
1.334399938583	-0.001256768126
1.335999965668	0.002024224261
1.337599992752	0.000640896033
1.339200019836	-0.000764432072
1.340799927711	0.000056208020
1.342399954796	0.000873744080
1.343999981880	0.000388000015
1.345600008965	0.001831712201
1.347199916840	0.001151200151
1.348799943924	-0.000693200156
1.350399971008	-0.000300960004
1.351999998093	-0.000850096054
1.353600025177	-0.000638384081
1.355199933052	-0.000839712040
1.356799960136	0.000252192025
1.358399987221	-0.001046608086
1.360000014305	0.000146592050
1.361599922180	-0.002191792242
1.363199949265	-0.000954432006
1.364799976349	0.000013903983
1.366400003433	-0.000522432034
1.367999911308	-0.000188704027
1.369599938393	0.002459328156
1.371199965477	-0.002281488152
1.372799992561	-0.001896080212
1.374400019646	-0.000296496059
1.375999927521	-0.000699712080
1.377599954605	-0.001067360048
1.379199981689	-0.000389424094
1.380800008774	0.001478816150
1.382399916649	0.000135871975
1.383999943733	-0.000063728039
1.385599970818	0.000052400035
1.387199997902	-0.001160096144
1.388799905777	0.001006944105
1.390399932861	-0.000149984000
1.391999959946	-0.000005216005
1.393599987030	-0.000071456037
1.395200014114	-0.000235680011
1.396799921989	0.000530400081
1.398399949074	-0.000080943930
1.399999976158	-0.000502144045
1.401600003242	0.001204944099
1.403199911118	-0.000887216127
1.404799938202	-0.000414736045
1.406399965286	0.001007087994
1.407999992371	-0.000173423992
1.409600019455	-0.000465280027
1.411199927330	0.000160528027
1.412799954414	0.001117568114
1.414399981499	0.000622480060
1.416000008583	0.000765232078
1.417599916458	-0.000280831999
1.419199943542	0.000316751975
1.420799970627	0.001046032063
1.422399997711	-0.000996256014
1.423999905586	0.001701200148
1.425599932671	-0.001279808115
1.427199959755	-0.001198432175
1.428799986839	-0.000683536055
1.430400013924	-0.000381456077
1.431999921799	-0.001029792125
1.433599948883	-0.000882160093
1.435199975967	-0.000778608024
1.436800003052	-0.000741616066
1.438399910927	-0.000444496021
1.439999938011	-0.000461328047
1.441599965096	0.000183328040
1.443199992180	-0.002101312159
1.444800019264	-0.000051519961
1.446399927139	0.000208703990
1.447999954224	0.000001615989
1.449599981308	-0.000146544044
1.451200008392	-0.000517152075
1.452799916267	-0.000191984029
1.454399943352	0.000325071975
1.455999970436	0.001837344142
1.457599997520	0.000364240026
1.459199905396	0.000279120053
1.460799932480	-0.000467408041
1.462399959564	-0.001113968086
1.463999986649	-0.000281168061
1.465600013733	-0.002031440148
1.467199921608	-0.000208576050
1.468799948692	0.000852240075
1.470399975777	-0.001265728148
1.472000002861	-0.001101920032
1.473599910736	0.000747072103
1.475199937820	-0.001739872154
1.476799964905	-0.000256191968
1.478399991989	-0.000782240066
1.480000019073	0.000627232075
1.481599926949	-0.000099776051
1.483199954033	-0.000200736002
1.484799981117	0.000804096053
1.486400008202	-0.000595264020
1.487999916077	-0.000249616016
1.489599943161	0.001397312037
1.491199970245	-0.001421152148
1.492799997330	-0.000930512091
1.494399905205	0.001157216146
1.495999932289	0.000248496042
1.497599959373	-0.000024832014
1.499199986458	-0.000752000080
1.500800013542	-0.000731744105
1.502399921417	-0.000167296006
1.503999948502	-0.002160736127
1.505599975586	0.000977216056
1.507200002670	-0.001091856160
1.508799910545	-0.000266512012
1.510399937630	-0.000748336024
1.511999964714	0.001374464133
1.513599991798	-0.000408816006
1.515200018883	-0.001662368071
1.516799926758	0.000391264039
1.518399953842	-0.001211472088
1.519999980927	0.000369824062
1.521600008011	0.001642128103
1.523199915886	0.000274735998
1.524799942970	-0.001484624110
1.526399970055	0.000381056045
1.527999997139	-0.000121808000
1.529599905014	-0.001667728182
1.531199932098	-0.000906176050
1.532799959183	-0.000114160037
1.534399986267	-0.000919328071
1.536000013351	-0.001555440133
1.537599921227	-0.000696480100
1.539199948311	0.000312176009
1.540799975395	-0.000453632121
1.542400002480	-0.001043344033
1.543999910355	0.000256511994
1.545599937439	0.000429632055
1.547199964523	-0.000705568120
1.548799991608	-0.000464944023
1.550400018692	-0.000261152018
1.551999926567	-0.000525376119
1.553599953651	-0.000202368043
1.555199980736	0.000247088057
1.556800007820	-0.000474784058
1.558399915695	-0.000236544030
1.559999942780	-0.002171760192
1.561599969864	0.000577648054
1.563199996948	0.000147855972
1.564799904823	-0.000162175973
1.566399931908	-0.001271088142
1.567999958992	-0.001395520056
1.569599986076	-0.001575408154
1.571200013161	0.000617808080
1.572799921036	-0.001949136145
1.574399948120	-0.001141792047
1.575999975204	-0.001110512065
1.577600002289	-0.001213264186
1.579199910164	-0.001003936050
1.580799937248	-0.001586000202
1.582399964333	-0.000970624096
1.583999991417	-0.001796832192
1.585600018501	-0.000718640047
1.587199926376	-0.001283312100
1.588799953461	-0.001668416196
1.590399980545	-0.001455616090
1.592000007629	-0.001362560084
1.593599915504	-0.000477328053
1.595199942589	-0.001146432129
1.596799969673	-0.001149312127
1.598399996758	-0.001375632128
1.599999904633	-0.001299840049
1.601599931717	-0.002371712122
1.603199958801	0.000223167983
1.604799985886	-0.001254896168
1.606400012970	0.000131328008
1.607999920845	-0.001885168138
1.609599947929	-0.001554736169
1.611199975014	-0.000468192069
1.612800002098	-0.001698016189
1.614399909973	-0.000621200074
1.615999937057	-0.001246400061
1.617599964142	-0.002222608309
1.619199991226	-0.000965952117
1.620800018311	-0.000148271967
1.622399926186	0.000232160019
1.623999953270	-0.000837024127
1.625599980354	-0.001694096136
1.627200007439	-0.001206528046
1.628799915314	-0.000007728016
1.630399942398	-0.001783584128
1.631999969482	-0.000973696122
1.633599996567	-0.002135936171
1.635199904442	-0.000808544108
1.636799931526	-0.001349744038
1.638399958611	-0.001247104141
1.639999985695	-0.001141952118
1.641600012779	-0.000864496105
1.643199920654	-0.000342352025
1.644799947739	-0.000687536085
1.646399974823	-0.001709360164
1.648000001907	-0.002613376128
1.649599909782	-0.003459872212
1.651199936867	-0.002303584246
1.652799963951	-0.001116064028
1.654399991035	-0.002470448148
1.655999898911	-0.000885520072
1.657599925995	-0.001686080126
1.659199953079	-0.001009344007
1.660799980164	-0.001671360224
1.662400007248	-0.002809344325
1.663999915123	-0.000354176038
1.665599942207	-0.001207632129
1.667199969292	-0.002132816240
1.668799996376	-0.000966656022
1.670399904251	-0.000530512072
1.671999931335	-0.003128464334
1.673599958420	-0.001298912102
1.675199985504	0.000045728000
1.676800012589	-0.001337968162
1.678399920464	-0.000068928006
1.679999947548	-0.003207872156
1.681599974632	-0.001342368079
1.683200001717	-0.003461680375
1.684799909592	-0.001934016123
1.686399936676	-0.001736256178
1.687999963760	-0.000025120034
1.689599990845	-0.000474864006
1.691199898720	-0.000812240061
1.692799925804	-0.001729360200
1.694399952888	-0.000900272105
1.695999979973	-0.000512192084
1.697600007057	-0.000540768029
1.699199914932	-0.002898912178
1.700799942017	-0.002022016095
1.702399969101	0.000557088002
1.703999996185	-0.000824608083
1.705599904060	-0.003016448114
1.707199931145	-0.001707424177
1.708799958229	-0.001416048151
1.710399985313	-0.000558112049
1.712000012398	-0.002457200084
1.713599920273	-0.001056928071
1.715199947357	-0.001392480102
1.716799974442	-0.001821776154
1.718400001526	-0.002075872151
1.719999909401	-0.001985200215
1.721599936485	0.000002480047
1.723199963570	-0.001490784111
1.724799990654	-0.002591344295
1.726399898529	-0.001068784157
1.727999925613	-0.001100368099
1.729599952698	-0.001065648044
1.731199979782	-0.002809968311
1.732800006866	-0.002578640124
1.734399914742	0.000382255996
1.735999941826	-0.000047695998
1.737599968910	-0.002438880270
1.739199995995	-0.000928528141
1.740799903870	-0.003200960346
1.742399930954	-0.000782032090
1.743999958038	-0.002226672135
1.745599985123	-0.002622448141
1.747200012207	-0.002670496237
1.748799920082	-0.002781296149
1.750399947166	-0.001421072171
1.751999974251	-0.001295120106
1.753600001335	-0.001174048055
1.755199909210	-0.001240432030
1.756799936295	-0.000960288045
1.758399963379	-0.000434336020
1.759999990463	-0.001073456137
1.761599898338	-0.000406448060
1.763199925423	-0.001627776073
1.764799952507	-0.002896304242
1.766399979591	-0.001182768145
1.768000006676	-0.000146192033
1.769599914551	-0.002776112175
1.771199941635	-0.000160304058
1.772799968719	-0.001821408165
1.774399995804	-0.001583248144
1.775999903679	-0.000990160042
1.777599930763	-0.003901760327
1.779199957848	-0.001481456100
1.780799984932	-0.002409216249
1.782400012016	-0.003118768334
1.783999919891	-0.002100768266
1.785599946976	-0.001196480123
1.787199974060	-0.001678080182
1.788800001144	-0.000314720062
1.790399909019	-0.001807136112
1.791999936104	-0.001978912158
1.793599963188	-0.001024576020
1.795199990273	-0.002547536278
1.796799898148	-0.002781536197
1.798399925232	-0.001553936163
1.799999952316	-0.001167840092
1.801599979401	-0.001797120203
1.803200006485	-0.003250880167
1.804799914360	-0.001822640188
1.806399941444	-0.001320144162
1.807999968529	-0.001811488182
1.809599995613	-0.002836336149
1.811199903488	-0.000418192096
1.812799930573	-0.003042688128
1.814399957657	-0.001997376094
1.815999984741	-0.000882368069
1.817600011826	-0.001983184135
1.819199919701	-0.002885136288
1.820799946785	-0.001784208114
1.822399973869	-0.001928704209
1.824000000954	-0.002723072190
1.825599908829	-0.001956304302
1.827199935913	-0.001646128134
1.828799962997	-0.001173024066
1.830399990082	-0.002461984288
1.831999897957	-0.002165200189
1.833599925041	-0.000652400078
1.835199952126	-0.003840576392
1.836799979210	-0.001374080195
1.838400006294	-0.001496240147
1.839999914169	0.000099328012
1.841599941254	-0.001111664111
1.843199968338	-0.001782240113
1.844799995422	-0.002514208201
1.846399903297	-0.001352928113
1.847999930382	-0.001941488124
1.849599957466	-0.001510496135
1.851199984550	-0.002145664068
1.852800011635	-0.002139200224
1.854399919510	-0.001415296108
1.855999946594	-0.003049408318
1.857599973679	-0.002137792297
1.859200000763	-0.001722576097
1.860799908638	-0.001398000168
1.862399935722	-0.003354608314
1.863999962807	-0.002236528322
1.865599989891	-0.001280544093
1.867199897766	-0.002911712276
1.868799924850	-0.001968352124
1.870399951935	-0.002243024297
1.871999979019	-0.001627648133
1.873600006104	-0.002016832121
1.875199913979	-0.000719680043
1.876799941063	-0.003181632375
1.878399968147	-0.001611824147
1.879999995232	-0.002350464230
1.881599903107	-0.001944048214
1.883199930191	-0.001862288220
1.884799957275	-0.002628496150
1.886399984360	-0.001246544183
1.888000011444	-0.004030368291
1.889599919319	-0.002680928214
1.891199946404	-0.001167968148
1.892799973488	-0.002046464244
1.894400000572	-0.002867248375
1.895999908447	-0.002324016299
1.897599935532	-0.000267936004
1.899199962616	-0.003184368368
1.900799989700	-0.003437952371
1.902399897575	-0.002949472284
1.903999924660	-0.001574080088
1.905599951744	-0.002127760090
1.907199978828	-0.000598448038
1.908800005913	-0.003077184316
1.910399913788	-0.003194128163
1.911999940872	-0.000780368049
1.913599967957	-0.001625376171
1.915199995041	-0.001913024113
1.916799902916	-0.002313152188
1.918399930000	-0.001060144161
1.919999957085	-0.002634960227
1.921599984169	-0.002010992263
1.923199892044	-0.001835200121
1.924799919128	-0.000901312102
1.926399946213	-0.003361376235
1.927999973297	-0.003617088310
1.929600000381	-0.002137040254
1.931199908257	-0.001801792183
1.932799935341	-0.002833328210
1.934399962425	-0.001634528162
1.935999989510	-0.001892240136
1.937599897385	-0.002233680105
1.939199924469	-0.002080688253
1.940799951553	-0.003169840202
1.942399978638	-0.002308416180
1.944000005722	-0.001817616168
1.945599913597	-0.003403664334
1.947199940681	-0.003627424361
1.948799967766	-0.003140256274
1.950399994850	-0.001886432176
1.951999902725	-0.002210576087
1.953599929810	-0.003068448277
1.955199956894	-0.002890720265
1.956799983978	-0.002566560172
1.958399891853	-0.002407696098
1.959999918938	-0.005029888358
1.961599946022	-0.001457488048
1.963199973106	-0.001849456108
1.964800000191	-0.002676112112
1.966399908066	-0.002856528154
1.967999935150	-0.002665872220
1.969599962234	-0.001348032150
1.971199989319	-0.001556176110
1.972799897194	-0.002684512176
1.974399924278	-0.001788080088
1.975999951363	-0.002685152227
1.977599978447	-0.001075696084
1.979200005531	-0.003506736364
1.980799913406	-0.000941664097
1.982399940491	-0.002204640070
1.983999967575	-0.001370496117
1.985599994659	-0.004394816235
1.987199902534	-0.002193776192
1.988799929619	-0.001962832175
1.990399956703	-0.002433936112
1.991999983788	-0.002489344217
1.993599891663	-0.002557984320
1.995199918747	-0.002163728233
1.996799945831	-0.002364112297
1.998399972916	-0.003176832339
2.000000000000	-0.003430672223
2.001600027084	-0.003061696189
2.003200054169	-0.002270272234
2.004799842834	-0.001254128059
2.006399869919	-0.003327088198
2.007999897003	-0.003248512279
2.009599924088	-0.001855136128
2.011199951172	-0.003354880260
2.012799978256	-0.003039136296
2.014400005341	-0.002162064193
2.016000032425	-0.001025296166
2.017600059509	-0.003296528244
2.019199848175	-0.002880976303
2.020799875259	-0.003078848356
2.022399902344	-0.002387728309
2.023999929428	-0.003495824290
2.025599956512	-0.004156704526
2.027199983597	-0.002812912222
2.028800010681	-0.001523712068
2.030400037766	-0.004416272510
2.032000064850	-0.002818160225
2.033599853516	-0.002544256160
2.035199880600	-0.003908480518
2.036799907684	-0.002645616187
2.038399934769	-0.002362368163
2.039999961853	-0.002298784209
2.041599988937	-0.001574544120
2.043200016022	-0.003037600312
2.044800043106	-0.001994656166
2.046399831772	-0.003465904389
2.047999858856	-0.002048464259
2.049599885941	-0.003026080318
2.051199913025	-0.003340688301
2.052799940109	-0.003483296372
2.054399967194	-0.001915872097
2.055999994278	-0.002853952348
2.057600021362	-0.002806272125
2.059200048447	-0.002429664135
2.060799837112	-0.002676656237
2.062399864197	-0.001883392106
2.063999891281	-0.001456880127
2.065599918365	-0.001931344159
2.067199945450	-0.002342016203
2.068799972534	-0.003597760340
2.070399999619	-0.003265968291
2.072000026703	-0.002761136275
2.073600053787	-0.002501184121
2.075199842453	-0.003883456346
2.076799869537	-0.002191808308
2.078399896622	-0.003376240376
2.079999923706	-0.001994704129
2.081599950790	-0.002597344108
2.083199977875	-0.004376592580
2.084800004959	-0.004541408271
2.086400032043	-0.003398272209
2.088000059128	-0.003265680280
2.089599847794	-0.002571280347
2.091199874878	-0.002981296275
2.092799901962	-0.002888432238
2.094399929047	-0.003723536385
2.095999956131	-0.004544896539
2.097599983215	-0.002715856303
2.099200010300	-0.003574448405
2.100800037384	-0.003781488398
2.102400064468	-0.002659360180
2.103999853134	-0.002822784241
2.105599880219	-0.003656976158
2.107199907303	-0.002090832219
2.108799934387	-0.002435616218
2.110399961472	-0.004196256399
2.111999988556	-0.003751296317
2.113600015640	-0.003241120139
2.115200042725	-0.004941744264
2.116799831390	-0.002886544215
2.118399858475	-0.003537040437
2.119999885559	-0.001502640080
2.121599912643	-0.002728992142
2.123199939728	-0.003286544234
2.124799966812	-0.002032592194
2.126399993896	-0.002778480295
2.128000020981	-0.004502080381
2.129600048065	-0.002823664341
2.131199836731	-0.001834240160
2.132799863815	-0.004374000244
2.134399890900	-0.004019888584
2.135999917984	-0.003395184176
2.137599945068	-0.002235488268
2.139199972153	-0.001560144126
2.140799999237	-0.003830864327
2.142400026321	-0.003227728186
2.144000053406	-0.005404368509
2.145599842072	-0.002310784301
2.147199869156	-0.003475152422
2.148799896240	-0.004090256523
2.150399923325	-0.002192864195
2.151999950409	-0.003378608264
2.153599977493	-0.004285680596
2.155200004578	-0.003035216359
2.156800031662	-0.004057008307
2.158400058746	-0.003079552203
2.159999847412	-0.004074368160
2.161599874496	-0.004572736565
2.163199901581	-0.003852160415
2.164799928665	-0.003719808301
2.166399955750	-0.002988848370
2.167999982834	-0.002649376169
2.169600009918	-0.003868960310
2.171200037003	-0.003080608323
2.172800064087	-0.002866784111
2.174399852753	-0.005715200678
2.175999879837	-0.005101152230
2.177599906921	-0.002655536169
2.179199934006	-0.004489104263
2.180799961090	-0.003164912341
2.182399988174	-0.004442976322
2.184000015259	-0.004295456223
2.185600042343	-0.003535312368
2.187199831009	-0.003865584265
2.188799858093	-0.003903632285
2.190399885178	-0.003418480279
2.191999912262	-0.003276400268
2.193599939346	-0.003280352335
2.195199966431	-0.003470192198
2.196799993515	-0.002472768305
2.198400020599	-0.002932144329
2.200000047684	-0.003236176213
2.201599836349	-0.003931616433
2.203199863434	-0.002594848163
2.204799890518	-0.002303632209
2.206399917603	-0.003386256285
2.207999944687	-0.005117120221
2.209599971771	-0.002753760200
2.211199998856	-0.003184432164
2.212800025940	-0.003430576297
2.214400053024	-0.003021472134
2.215999841690	-0.003293312155
2.217599868774	-0.004476416390
2.219199895859	-0.003833264345
2.220799922943	-0.003981968388
2.222399950027	-0.003579184413
2.223999977112	-0.003339520190
2.225600004196	-0.002974192146
2.227200031281	-0.004176304210
2.228800058365	-0.002681888174
2.230399847031	-0.002401216188
2.231999874115	-0.002350304276
2.233599901199	-0.004063344561
2.235199928284	-0.003835856216
2.236799955368	-0.002457232215
2.238399982452	-0.003551632399
2.240000009537	-0.002669248264
2.241600036621	-0.003457712242
2.243199825287	-0.005083536264
2.244799852371	-0.003809904447
2.246399879456	-0.003126304364
2.247999906540	-0.005257872399
2.249599933624	-0.002459200099
2.251199960709	-0.003894624300
2.252799987793	-0.004161728546
2.254400014877	-0.004015776329
2.256000041962	-0.003612848232
2.257599830627	-0.003927312326
2.259199857712	-0.002766128164
2.260799884796	-0.004715888295
2.262399911880	-0.001940288232
2.263999938965	-0.003338880371
2.265599966049	-0.003568192245
2.267199993134	-0.004308208358
2.268800020218	-0.003087632358
2.270400047302	-0.001731632045
2.271999835968	-0.002984224353
2.273599863052	-0.004213920329
2.275199890137	-0.002288432093
2.276799917221	-0.002836864209
2.278399944305	-0.003384864191
2.279999971390	-0.004759680480
2.281599998474	-0.002387168119
2.283200025558	-0.003977024462
2.284800052643	-0.004363632295
2.286399841309	-0.004595296457
2.287999868393	-0.002529104240
2.289599895477	-0.000989056076
2.291199922562	-0.003111040220
2.292799949646	-0.005197696388
2.294399976730	-0.003541728249
2.296000003815	-0.004310320131
2.297600030899	-0.003405488329
2.299200057983	-0.005316000432
2.300799846649	-0.003197984304
2.302399873734	-0.002007216215
2.303999900818	-0.003112256294
2.305599927902	-0.004205424339
2.307199954987	-0.003297968302
2.308799982071	-0.004951904528
2.310400009155	-0.003391840262
2.312000036240	-0.003150848206
2.313599824905	-0.003778144252
2.315199851990	-0.003890496446
2.316799879074	-0.004182320088
2.318399906158	-0.005307776388
2.319999933243	-0.001936944202
2.321599960327	-0.002762416145
2.323199987411	-0.003924880177
2.324800014496	-0.005505744368
2.326400041580	-0.004020848311
2.327999830246	-0.003086368321
2.329599857330	-0.003817104269
2.331199884415	-0.004006784409
2.332799911499	-0.002332384232
2.334399938583	-0.003222672269
2.335999965668	-0.004550000187
2.337599992752	-0.003572672373
2.339200019836	-0.002813360188
2.340800046921	-0.003695424413
2.342399835587	-0.005026016384
2.343999862671	-0.004419936333
2.345599889755	-0.004029456526
2.347199916840	-0.002369328169
2.348799943924	-0.002817424247
2.350399971008	-0.004210368264
2.351999998093	-0.004077488557
2.353600025177	-0.002588560106
2.355200052261	-0.003175488207
2.356799840927	-0.002915552352
2.358399868011	-0.005307056475
2.359999895096	-0.004521200433
2.361599922180	-0.005063936580
2.363199949265	-0.003402112285
2.364799976349	-0.004114496522
2.366400003433	-0.003403280396
2.368000030518	-0.004153248388
2.369600057602	-0.003867616178
2.371199846268	-0.004193424247
2.372799873352	-0.003443808295
2.374399900436	-0.004841712303
2.375999927521	-0.004976256285
2.377599954605	-0.005076416302
2.379199981689	-0.003408976365
2.380800008774	-0.002633792348
2.382400035858	-0.005358560476
2.383999824524	-0.004568400327
2.385599851608	-0.004136432428
2.387199878693	-0.003992496524
2.388799905777	-0.003966912162
2.390399932861	-0.005808944348
2.391999959946	-0.003995200153
2.393599987030	-0.003992832266
2.395200014114	-0.004582432564
2.396800041199	-0.002970656147
2.398399829865	-0.004207440186
2.399999856949	-0.002177664079
2.401599884033	-0.004609040450
2.403199911118	-0.004145136569
2.404799938202	-0.004710512236
2.406399965286	-0.004598416388
2.407999992371	-0.002684976207
2.409600019455	-0.004529920407
2.411200046539	-0.003507680260
2.412799835205	-0.004229760263
2.414399862289	-0.003535920288
2.415999889374	-0.004435360432
2.417599916458	-0.004239376169
2.419199943542	-0.003994544502
2.420799970627	-0.003908432554
2.422399997711	-0.004367808346
2.424000024796	-0.004266240168
2.425600051880	-0.004491920583
2.427199840546	-0.005084736273
2.428799867630	-0.004492688458
2.430399894714	-0.002896048129
2.431999921799	-0.004521856550
2.433599948883	-0.004472336266
2.435199975967	-0.005174816586
2.436800003052	-0.005977712572
2.438400030136	-0.003630448366
2.440000057220	-0.003472192213
2.441599845886	-0.004871968180
2.443199872971	-0.004840448499
2.444799900055	-0.002944144187
2.446399927139	-0.002382864244
2.447999954224	-0.003642288269
2.449599981308	-0.004185840487
2.451200008392	-0.005559840705
2.452800035477	-0.003537872341
2.454399824142	-0.004455184564
2.455999851227	-0.004143824335
2.457599878311	-0.003795712255
2.459199905396	-0.003578208387
2.460799932480	-0.003857520409
2.462399959564	-0.002714512171
2.463999986649	-0.003477296326
2.465600013733	-0.003824480344
2.467200040817	-0.003440160304
2.468799829483	-0.005563872401
2.470399856567	-0.004503600299
2.471999883652	-0.003705040319
2.473599910736	-0.005199120380
2.475199937820	-0.003450976219
2.476799964905	-0.003820240265
2.478399991989	-0.002776032314
2.480000019073	-0.002657232108
2.481600046158	-0.004313552286
2.483199834824	-0.002345392248
2.484799861908	-0.003329072380
2.486399888992	-0.004738384392
2.487999916077	-0.004842576571
2.489599943161	-0.003872160334
2.491199970245	-0.002938320162
2.492799997330	-0.004108736292
2.494400024414	-0.004952608608
2.496000051498	-0.003782656277
2.497599840164	-0.003511696355
2.499199867249	-0.004612176213
2.500799894333	-0.005412656348
2.502399921417	-0.003399776295
2.503999948502	-0.005147152580
2.505599975586	-0.004554960411
2.507200002670	-0.003428992350
2.508800029755	-0.004529584199
2.510399818420	-0.002597536193
2.511999845505	-0.003572432324
2.513599872589	-0.004913632292
2.515199899673	-0.002901696134
2.516799926758	-0.003518816317
2.518399953842	-0.003575408366
2.519999980927	-0.004588832147
2.521600008011	-0.004726240411
2.523200035095	-0.004365696572
2.524799823761	-0.002867392264
2.526399850845	-0.004318800289
2.527999877930	-0.003841840429
2.529599905014	-0.004967872519
2.531199932098	-0.004944448359
2.532799959183	-0.004563600291
2.534399986267	-0.004885888193
2.536000013351	-0.002910960233
2.537600040436	-0.002706352156
2.539199829102	-0.005256416276
2.540799856186	-0.004535232205
2.542399883270	-0.004411824513
2.543999910355	-0.004052768461
2.545599937439	-0.005942624528
2.547199964523	-0.003924896475
2.548799991608	-0.004984528292
2.550400018692	-0.003522576299
2.552000045776	-0.003444896312
2.553599834442	-0.002658272162
2.555199861526	-0.004200304393
2.556799888611	-0.003570640227
2.558399915695	-0.005797616672
2.559999942780	-0.003867536318
2.561599969864	-0.003250032198
2.563199996948	-0.004899680614
2.564800024033	-0.004122144543
2.566400051117	-0.004339184146
2.567999839783	-0.003971264232
2.569599866867	-0.003239632351
2.571199893951	-0.003535936354
2.572799921036	-0.004138096236
2.574399948120	-0.005068480503
2.575999975204	-0.005733632483
2.577600002289	-0.004753664602
2.579200029373	-0.005227440502
2.580799818039	-0.003714384278
2.582399845123	-0.004175728187
2.583999872208	-0.003855312243
2.585599899292	-0.003992976155
2.587199926376	-0.003690192243
2.588799953461	-0.005406272598
2.590399980545	-0.004952128511
2.592000007629	-0.004441216588
2.593600034714	-0.005145264324
2.595199823380	-0.005944224540
2.596799850464	-0.004636624362
2.598399877548	-0.005102672614
2.599999904633	-0.004848944489
2.601599931717	-0.005447104573
2.603199958801	-0.003918624483
2.604799985886	-0.005088464357
2.606400012970	-0.004679296631
2.608000040054	-0.004661360290
2.609599828720	-0.003365552286
2.611199855804	-0.005474272650
2.612799882889	-0.004146096297
2.614399909973	-0.004008368123
2.615999937057	-0.005012912210
2.617599964142	-0.005173216574
2.619199991226	-0.005033120513
2.620800018311	-0.004465216305
2.622400045395	-0.003042192198
2.623999834061	-0.004589376505
2.625599861145	-0.004813712556
2.627199888229	-0.003570400411
2.628799915314	-0.005339072552
2.630399942398	-0.005069504492
2.631999969482	-0.004352064338
2.633599996567	-0.004593600519
2.635200023651	-0.005707072560
2.636800050735	-0.005558448378
2.638399839401	-0.003887328319
2.639999866486	-0.004178448115
2.641599893570	-0.003174176207
2.643199920654	-0.004443920217
2.644799947739	-0.004986288492
2.646399974823	-0.006311904639
2.648000001907	-0.006241072435
2.649600028992	-0.004297664389
2.651199817657	-0.005259760655
2.652799844742	-0.006115616299
2.654399871826	-0.003317696275
2.655999898911	-0.005389984231
2.657599925995	-0.005899744574
2.659199953079	-0.004128832370
2.660799980164	-0.004248768557
2.662400007248	-0.004902352579
2.664000034332	-0.005009136163
2.665599822998	-0.006186912302
2.667199850082	-0.004437776282
2.668799877167	-0.005498128477
2.670399904251	-0.003719344269
2.671999931335	-0.006171760615
2.673599958420	-0.005761776585
2.675199985504	-0.003655776381
2.676800012589	-0.005109904334
2.678400039673	-0.004650736228
2.679999828339	-0.005980944727
2.681599855423	-0.004900352564
2.683199882507	-0.004122416489
2.684799909592	-0.005483056419
2.686399936676	-0.006060944404
2.687999963760	-0.005265568383
2.689599990845	-0.004007264506
2.691200017929	-0.005027520470
2.692800045013	-0.004447392188
2.694399833679	-0.004780048504
2.695999860764	-0.004996064585
2.697599887848	-0.004918272607
2.699199914932	-0.003958288115
2.700799942017	-0.005584912375
2.702399969101	-0.006104576401
2.703999996185	-0.005735472310
2.705600023270	-0.005302544218
2.707200050354	-0.003600880271
2.708799839020	-0.005228800233
2.710399866104	-0.004314672202
2.711999893188	-0.003543072380
2.713599920273	-0.004279824439
2.715199947357	-0.005500464700
2.716799974442	-0.005937072448
2.718400001526	-0.005248320289
2.720000028610	-0.004236000590
2.721599817276	-0.004222400486
2.723199844360	-0.005019760691
2.724799871445	-0.005308240652
2.726399898529	-0.005027024541
2.727999925613	-0.004845280200
2.729599952698	-0.004092384595
2.731199979782	-0.004169440363
2.732800006866	-0.005214320496
2.734400033951	-0.006120528560
2.735999822617	-0.004227488302
2.737599849701	-0.003212576266
2.739199876785	-0.004884880502
2.740799903870	-0.004884720314
2.742399930954	-0.004279472400
2.743999958038	-0.004728384316
2.745599985123	-0.004422528204
2.747200012207	-0.005070560612
2.748800039291	-0.004328944255
2.750399827957	-0.004818064626
2.751999855042	-0.004408272449
2.753599882126	-0.004004736431
2.755199909210	-0.003652560292
2.756799936295	-0.004361536354
2.758399963379	-0.004841104615
2.759999990463	-0.004843280651
2.761600017548	-0.003443760332
2.763200044632	-0.003957984503
2.764799833298	-0.004742640536
2.766399860382	-0.004763104487
2.767999887466	-0.005442192312
2.769599914551	-0.005439968314
2.771199941635	-0.004712336231
2.772799968719	-0.004055392463
2.774399995804	-0.005716016516
2.776000022888	-0.004751616623
2.777599811554	-0.004256880376
2.779199838638	-0.003842576407
2.780799865723	-0.004586080555
2.782399892807	-0.005598720629
2.783999919891	-0.004345440306
2.785599946976	-0.006003360264
2.787199974060	-0.005540144630
2.788800001144	-0.003524384229
2.790400028229	-0.006818112452
2.791999816895	-0.006175216287
2.793599843979	-0.006705408450
2.795199871063	-0.004565152340
2.796799898148	-0.006679440383
2.798399925232	-0.005108656362
2.799999952316	-0.004052016418
2.801599979401	-0.005660464521
2.803200006485	-0.004544896539
2.804800033569	-0.005126608536
2.806399822235	-0.004294672515
2.807999849319	-0.006614608690
2.809599876404	-0.006436736789
2.811199903488	-0.004571840633
2.812799930573	-0.005299872253
2.814399957657	-0.004918608349
2.815999984741	-0.003332368331
2.817600011826	-0.004489872139
2.819200038910	-0.005897520576
2.820799827576	-0.003836016404
2.822399854660	-0.003916128539
2.823999881744	-0.006724304520
2.825599908829	-0.004770512227
2.827199935913	-0.005385584664
2.828799962997	-0.006086032372
2.830399990082	-0.004778752569
2.832000017166	-0.005976496730
2.833600044250	-0.004546848126
2.835199832916	-0.005059984513
2.836799860001	-0.003611056367
2.838399887085	-0.004985968582
2.839999914169	-0.005463488400
2.841599941254	-0.006146880332
2.843199968338	-0.005412576720
2.844799995422	-0.004415712319
2.846400022507	-0.005631696433
2.847999811172	-0.007015440613
2.849599838257	-0.004559792113
2.851199865341	-0.006145872641
2.852799892426	-0.004115232266
2.854399919510	-0.006046096329
2.855999946594	-0.004285312258
2.857599973679	-0.005666960496
2.859200000763	-0.005522192456
2.860800027847	-0.005543808453
2.862399816513	-0.003674560227
2.863999843597	-0.003496096237
2.865599870682	-0.002727088286
2.867199897766	-0.005149680655
2.868799924850	-0.007122944575
2.870399951935	-0.005506928544
2.871999979019	-0.005800320301
2.873600006104	-0.005641216412
2.875200033188	-0.004252464511
2.876799821854	-0.004339712206
2.878399848938	-0.005471824668
2.879999876022	-0.005285744555
2.881599903107	-0.004339536186
2.883199930191	-0.004120032303
2.884799957275	-0.006713952404
2.886399984360	-0.005431024358
2.888000011444	-0.005857616663
2.889600038528	-0.004669312388
2.891199827194	-0.006164336577
2.892799854279	-0.004562464543
2.894399881363	-0.003982816357
2.895999908447	-0.006240528543
2.897599935532	-0.005104016513
2.899199962616	-0.005813824479
2.900799989700	-0.006136608776
2.902400016785	-0.006004928611
2.904000043869	-0.005880064331
2.905599832535	-0.005140512250
2.907199859619	-0.005939952563
2.908799886703	-0.005193568300
2.910399913788	-0.003669616301
2.911999940872	-0.005672688596
2.913599967957	-0.005376112647
2.915199995041	-0.005296848249
2.916800022125	-0.005115120672
2.918399810791	-0.006199472584
2.919999837875	-0.004239920527
2.921599864960	-0.005725072697
2.923199892044	-0.004810480401
2.924799919128	-0.004478304181
2.926399946213	-0.005160336383
2.927999973297	-0.004521520343
2.929600000381	-0.005081216339
2.931200027466	-0.005234704353
2.932799816132	-0.005442944355
2.934399843216	-0.005265376531
2.935999870300	-0.003646016354
2.937599897385	-0.004856128246
2.939199924469	-0.005281792488
2.940799951553	-0.004063072149
2.942399978638	-0.006338464562
2.944000005722	-0.003965856507
2.945600032806	-0.005675424356
2.947199821472	-0.005522656254
2.948799848557	-0.006343872752
2.950399875641	-0.003271488240
2.951999902725	-0.006084656343
2.953599929810	-0.004281840287
2.955199956894	-0.004957328551
2.956799983978	-0.006408832502
2.958400011063	-0.005140048452
2.960000038147	-0.006346624345
2.961599826813	-0.003100160277
2.963199853897	-0.004583440255
2.964799880981	-0.004911120515
2.966399908066	-0.005815424491
2.967999935150	-0.006503632758
2.969599962234	-0.005660528317
2.971199989319	-0.007415696513
2.972800016403	-0.006361424457
2.974400043488	-0.005339504220
2.975999832153	-0.003153696191
2.977599859238	-0.005035024602
2.979199886322	-0.004013712518
2.980799913406	-0.004172112327
2.982399940491	-0.005472496618
2.983999967575	-0.007596928626
2.985599994659	-0.005395696498
2.987200021744	-0.005687600467
2.988799810410	-0.003523120191
2.990399837494	-0.005061744247
2.991999864578	-0.005386736244
2.993599891663	-0.006081728730
2.995199918747	-0.005622896366
2.996799945831	-0.004135872237
2.998399972916	-0.005444048438
3.000000000000	-0.005850528367
3.001600027084	-0.004482816439
3.003199815750	-0.004748752341
3.004799842834	-0.002499120077
3.006399869919	-0.004886800423
3.007999897003	-0.005929840263
3.009599924088	-0.005357936490
3.011199951172	-0.004648672417
3.012799978256	-0.005425936542
3.014400005341	-0.005870000459
3.016000032425	-0.006087632384
3.017599821091	-0.005066608544
3.019199848175	-0.004366480280
3.020799875259	-0.004209504463
3.022399902344	-0.005005456507
3.023999929428	-0.005757136736
3.025599956512	-0.005782480352
3.027199983597	-0.005680112634
3.028800010681	-0.005879920442
3.030400037766	-0.005317792296
3.031999826431	-0.004825360142
3.033599853516	-0.005332608242
3.035199880600	-0.005262896419
3.036799907684	-0.005367824342
3.038399934769	-0.006073744502
3.039999961853	-0.005881088320
3.041599988937	-0.004736224189
3.043200016022	-0.006389552727
3.044799804687	-0.006237200461
3.046399831772	-0.005537584424
3.047999858856	-0.004268208519
3.049599885941	-0.005201888271
3.051199913025	-0.004890608601
3.052799940109	-0.004806080367
3.054399967194	-0.005649712402
3.055999994278	-0.005736352410
3.057600021362	-0.004235840403
3.059199810028	-0.005851824302
3.060799837112	-0.004674336407
3.062399864197	-0.005667520221
3.063999891281	-0.005025664344
3.065599918365	-0.006231376436
3.067199945450	-0.004281200469
3.068799972534	-0.005448736716
3.070399999619	-0.006801504642
3.072000026703	-0.006205520593
3.073599815369	-0.005443648435
3.075199842453	-0.004309408367
3.076799869537	-0.005567840301
3.078399896622	-0.005579232238
3.079999923706	-0.005820656661
3.081599950790	-0.004850688390
3.083199977875	-0.005421952344
3.084800004959	-0.005170960445
3.086400032043	-0.006580672693
3.087999820709	-0.005223680288
3.089599847794	-0.006646080408
3.091199874878	-0.003558912314
3.092799901962	-0.006660096347
3.094399929047	-0.006673168391
3.095999956131	-0.004799376242
3.097599983215	-0.005535984412
3.099200010300	-0.006699488498
3.100800037384	-0.006388784386
3.102399826050	-0.007406992838
3.103999853134	-0.005281088408
3.105599880219	-0.006870640442
3.107199907303	-0.004819456488
3.108799934387	-0.005658176262
3.110399961472	-0.006476096343
3.111999988556	-0.004081184044
3.113600015640	-0.005663824268
3.115199804306	-0.005872832611
3.116799831390	-0.006150624715
3.118399858475	-0.005572528578
3.119999885559	-0.006923632696
3.121599912643	-0.005866720341
3.123199939728	-0.004249824211
3.124799966812	-0.004398928490
3.126399993896	-0.006547280587
3.128000020981	-0.006083264481
3.129599809647	-0.006083696615
3.131199836731	-0.006280496716
3.132799863815	-0.006719968747
3.134399890900	-0.004192960449
3.135999917984	-0.006723728497
3.137599945068	-0.004119456280
3.139199972153	-0.005628688727
3.140799999237	-0.006336288527
3.142400026321	-0.005445024464
3.143999814987	-0.006296464708
3.145599842072	-0.005084592383
3.147199869156	-0.005718880333
3.148799896240	-0.006348928437
3.150399923325	-0.006188048515
3.151999950409	-0.004783824552
3.153599977493	-0.007190624718
3.155200004578	-0.004490464460
3.156800031662	-0.005673184525
3.158399820328	-0.005063952412
3.159999847412	-0.006150512490
3.161599874496	-0.005719280336
3.163199901581	-0.005705120508
3.164799928665	-0.006197008304
3.166399955750	-0.005954480730
3.167999982834	-0.004446784500
3.169600009918	-0.005454976577
3.171200037003	-0.005059440620
3.172799825668	-0.004491296131
3.174399852753	-0.004841520451
3.175999879837	-0.006111760624
3.177599906921	-0.005433360580
3.179199934006	-0.005304256454
3.180799961090	-0.004802448209
3.182399988174	-0.005741216708
3.184000015259	-0.005388080608
3.185599803925	-0.003443024354
3.187199831009	-0.006794480607
3.188799858093	-0.004980880301
3.190399885178	-0.005984048359
3.191999912262	-0.006109152455
3.193599939346	-0.005461936351
3.195199966431	-0.005041184369
3.196799993515	-0.004041104112
3.198400020599	-0.006391632371
3.199999809265	-0.006191728637
3.201599836349	-0.005341808312
3.203199863434	-0.005236528348
3.204799890518	-0.005634192377
3.206399917603	-0.005550416652
3.207999944687	-0.004827664234
3.209599971771	-0.005654224660
3.211199998856	-0.005684976466
3.212800025940	-0.004971024580
3.214399814606	-0.005645392463
3.215999841690	-0.005229424220
3.217599868774	-0.006052432582
3.219199895859	-0.004480384290
3.220799922943	-0.004812400322
3.222399950027	-0.005704640411
3.223999977112	-0.005903936457
3.225600004196	-0.005619312637
3.227200031281	-0.007341328543
3.228799819946	-0.006906448398
3.230399847031	-0.004147520289
3.231999874115	-0.005738480482
3.233599901199	-0.006375760771
3.235199928284	-0.002692288253
3.236799955368	-0.006539744325
3.238399982452	-0.005624048412
3.240000009537	-0.006126256660
3.241600036621	-0.003701376263
3.243199825287	-0.006541872397
3.244799852371	-0.006158176344
3.246399879456	-0.006751072593
3.247999906540	-0.005620992277
3.249599933624	-0.004141008481
3.251199960709	-0.005593488459
3.252799987793	-0.006788096391
3.254400014877	-0.006661552470
3.255999803543	-0.004373712465
3.257599830627	-0.004827904515
3.259199857712	-0.004595248494
3.260799884796	-0.006990288850
3.262399911880	-0.005726480391
3.263999938965	-0.006149968598
3.265599966049	-0.006389600690
3.267199993134	-0.005695760716
3.268800020218	-0.005662144627
3.270399808884	-0.007418672554
3.271999835968	-0.004051536322
3.273599863052	-0.007145984564
3.275199890137	-0.005551008508
3.276799917221	-0.007671008818
3.278399944305	-0.004361120518
3.279999971390	-0.005642416421
3.281599998474	-0.005714064464
3.283200025558	-0.004752912559
3.284799814224	-0.005333152600
3.286399841309	-0.005184864625
3.287999868393	-0.005514368415
3.289599895477	-0.005628432613
3.291199922562	-0.005013088230
3.292799949646	-0.005261072423
3.294399976730	-0.005606848281
3.296000003815	-0.005346224643
3.297600030899	-0.005422960501
3.299199819565	-0.004909136333
3.300799846649	-0.006320256274
3.302399873734	-0.005722704343
3.303999900818	-0.007250064518
3.305599927902	-0.005099200644
3.307199954987	-0.005643008277
3.308799982071	-0.004658864345
3.310400009155	-0.005329632666
3.311999797821	-0.005133632571
3.313599824905	-0.005557664670
3.315199851990	-0.006910880562
3.316799879074	-0.005375360604
3.318399906158	-0.005489184521
3.319999933243	-0.007091168780
3.321599960327	-0.005015424453
3.323199987411	-0.005111456383
3.324800014496	-0.006121008657
3.326399803162	-0.007528464776
3.327999830246	-0.006174608599
3.329599857330	-0.004274688195
3.331199884415	-0.006720112637
3.332799911499	-0.006749984808
3.334399938583	-0.006519536488
3.335999965668	-0.005689616315
3.337599992752	-0.007339760661
3.339200019836	-0.005949632265
3.340799808502	-0.006445568521
3.342399835587	-0.006831280421
3.343999862671	-0.006645296700
3.345599889755	-0.003586912295
3.347199916840	-0.004828832578
3.348799943924	-0.004670496564
3.350399971008	-0.005457072519
3.351999998093	-0.004317616578
3.353600025177	-0.005246240646
3.355199813843	-0.005784624722
3.356799840927	-0.005532336421
3.358399868011	-0.006029264536
3.359999895096	-0.005069808569
3.361599922180	-0.005219296552
3.363199949265	-0.005361136515
3.364799976349	-0.007073264569
3.366400003433	-0.006083840504
3.368000030518	-0.006929424591
3.369599819183	-0.004271216225
3.371199846268	-0.005759360269
3.372799873352	-0.004265232477
3.374399900436	-0.005998544395
3.375999927521	-0.006681280676
3.377599954605	-0.006777456496
3.379199981689	-0.006100720726
3.380800008774	-0.004850416444
3.382399797440	-0.005964800715
3.383999824524	-0.006628544535
3.385599851608	-0.004810352344
3.387199878693	-0.006482768338
3.388799905777	-0.006349008530
3.390399932861	-0.004780976567
3.391999959946	-0.005707440432
3.393599987030	-0.006081328727
3.395200014114	-0.006352592725
3.396799802780	-0.005568992347
3.398399829865	-0.005764224567
3.399999856949	-0.005772992503
3.401599884033	-0.006502512377
3.403199911118	-0.004687232431
3.404799938202	-0.007382576820
3.406399965286	-0.006130384747
3.407999992371	-0.006765840575
3.409600019455	-0.004776320420
3.411199808121	-0.006035264581
3.412799835205	-0.005975120701
3.414399862289	-0.005590048619
3.415999889374	-0.006613776553
3.417599916458	-0.005131008569
3.419199943542	-0.005330080632
3.420799970627	-0.005730208475
3.422399997711	-0.006247680634
3.424000024796	-0.005596016534
3.425599813461	-0.005935280584
3.427199840546	-0.005842496641
3.428799867630	-0.007547136862
3.430399894714	-0.006067664362
3.431999921799	-0.006843680516
3.433599948883	-0.005611712579
3.435199975967	-0.004963744432
3.436800003052	-0.006689424627
3.438400030136	-0.006884048693
3.439999818802	-0.005006800406
3.441599845886	-0.007034656592
3.443199872971	-0.007015808485
3.444799900055	-0.005183280446
3.446399927139	-0.005386896431
3.447999954224	-0.007208176423
3.449599981308	-0.004581024405
3.451200008392	0.005668352358
