0.000000000000	0.014174465090
0.001599999960	0.014575105160
0.003199999919	0.012965152971
0.004799999762	0.013030129485
0.006399999838	0.013603249565
0.007999999449	0.012486672960
0.009599999525	0.013805889525
0.011199999601	0.013955825008
0.012799999677	0.014523249120
0.014399999753	0.012677249499
0.015999998897	0.011379361153
0.017599999905	0.011463873088
0.019199999049	0.015806481242
0.020800000057	0.013048737310
0.022399999201	0.012214576825
0.024000000209	0.013615665026
0.025599999353	0.011251441203
0.027199998498	0.014102880843
0.028799999505	0.012074353173
0.030399998650	0.013224544935
0.031999997795	0.014343265444
0.033599998802	0.011426528916
0.035199999809	0.011917296797
0.036800000817	0.012702656910
0.038399998099	0.010153600946
0.039999999106	0.011784144677
0.041600000113	0.011090016924
0.043199997395	0.012851089239
0.044799998403	0.011090944521
0.046399999410	0.013640545309
0.048000000417	0.011319937184
0.049599997699	0.011348833330
0.051199998707	0.013808544725
0.052799999714	0.012455585413
0.054399996996	0.011529376730
0.055999998003	0.011805185117
0.057599999011	0.010739904828
0.059200000018	0.010449856520
0.060799997300	0.010154512711
0.062399998307	0.013651520945
0.063999995589	0.011952225119
0.065600000322	0.011186352931
0.067199997604	0.014004449360
0.068799994886	0.011096737348
0.070399999619	0.009534240700
0.071999996901	0.011893088929
0.073600001633	0.010274784639
0.075199998915	0.012002049014
0.076799996197	0.010836432688
0.078400000930	0.012234800495
0.079999998212	0.012216112576
0.081599995494	0.009454160929
0.083200000226	0.012844720855
0.084799997509	0.013038560748
0.086399994791	0.011313568801
0.087999999523	0.008682592772
0.089599996805	0.010758913122
0.091199994087	0.010661761276
0.092799998820	0.010909697041
0.094399996102	0.012287233025
0.096000000834	0.011644801125
0.097599998116	0.010810337029
0.099199995399	0.011849921197
0.100800000131	0.011071456596
0.102399997413	0.011964960955
0.103999994695	0.011299792677
0.105599999428	0.008291632868
0.107199996710	0.010618048720
0.108799993992	0.009933409281
0.110399998724	0.010111984797
0.111999996006	0.011084929109
0.113600000739	0.009368464351
0.115199998021	0.013252832927
0.116799995303	0.012458065525
0.118400000036	0.009711968713
0.119999997318	0.007866784930
0.121599994600	0.010206321254
0.123199999332	0.010718288831
0.124799996614	0.011090592481
0.126399993896	0.009940864518
0.127999991179	0.011406225152
0.129600003362	0.011509616859
0.131200000644	0.009615664370
0.132799997926	0.010717600584
0.134399995208	0.012439888902
0.135999992490	0.009177857079
0.137599989772	0.009926256724
0.139200001955	0.010355664417
0.140799999237	0.008901760913
0.142399996519	0.011885057203
0.143999993801	0.011449169368
0.145599991083	0.008899232373
0.147200003266	0.008710240945
0.148800000548	0.009445873089
0.150399997830	0.009067344479
0.151999995112	0.009717136621
0.153599992394	0.011146993376
0.155199989676	0.010580176488
0.156800001860	0.009588304907
0.158399999142	0.007685872726
0.159999996424	0.009600592777
0.161599993706	0.010973168537
0.163199990988	0.010198945180
0.164800003171	0.010346368887
0.166400000453	0.010110081173
0.167999997735	0.010722368956
0.169599995017	0.009293216281
0.171199992299	0.007992224768
0.172799989581	0.011255281046
0.174400001764	0.009647664614
0.175999999046	0.009605872445
0.177599996328	0.009314432740
0.179199993610	0.007945088670
0.180799990892	0.008969136514
0.182399988174	0.012672977522
0.184000000358	0.007990640588
0.185599997640	0.008591904305
0.187199994922	0.009364496917
0.188799992204	0.008726160973
0.190399989486	0.009580000304
0.192000001669	0.011313392781
0.193599998951	0.009268769063
0.195199996233	0.009744688869
0.196799993515	0.010395760648
0.198399990797	0.009689505212
0.199999988079	0.011573905125
0.201600000262	0.009888080880
0.203199997544	0.007611280773
0.204799994826	0.009619440883
0.206399992108	0.008020672947
0.207999989390	0.008959312923
0.209600001574	0.010627488606
0.211199998856	0.007348032668
0.212799996138	0.009117248468
0.214399993420	0.008981361054
0.215999990702	0.005584592465
0.217599987984	0.009267249145
0.219200000167	0.009788096882
0.220799997449	0.008802017197
0.222399994731	0.007267456502
0.223999992013	0.006597232539
0.225599989295	0.006895776372
0.227200001478	0.009633264504
0.228799998760	0.010797233321
0.230399996042	0.010762704536
0.231999993324	0.010113584809
0.233599990606	0.008172256872
0.235199987888	0.007538960781
0.236800000072	0.010118177161
0.238399997354	0.007613840513
0.239999994636	0.008683905005
0.241599991918	0.009473424405
0.243199989200	0.007608672604
0.244799986482	0.007435312495
0.246399998665	0.008385296911
0.247999995947	0.009768736549
0.249599993229	0.009279024787
0.251199990511	0.008076864295
0.252799987793	0.007835729048
0.254399985075	0.007993793115
0.255999982357	0.007152000442
0.257599979639	0.008325936273
0.259200006723	0.008454864845
0.260800004005	0.007953233086
0.262400001287	0.009513041005
0.263999998569	0.007723312825
0.265599995852	0.008255472407
0.267199993134	0.009817617014
0.268799990416	0.007674160413
0.270399987698	0.006591776386
0.271999984980	0.007661408745
0.273599982262	0.006910896394
0.275199979544	0.008578305133
0.276800006628	0.006517856382
0.278400003910	0.007999761030
0.280000001192	0.007931617089
0.281599998474	0.006328240503
0.283199995756	0.007686080411
0.284799993038	0.007845104672
0.286399990320	0.007696240675
0.287999987602	0.005777952727
0.289599984884	0.008041584864
0.291199982166	0.006772272754
0.292799979448	0.009560256265
0.294400006533	0.007760272827
0.296000003815	0.006765600760
0.297600001097	0.007682256401
0.299199998379	0.008729040623
0.300799995661	0.006862400565
0.302399992943	0.006589136552
0.303999990225	0.007898112759
0.305599987507	0.008315633051
0.307199984789	0.007515104488
0.308799982071	0.006538720336
0.310399979353	0.006029504351
0.312000006437	0.007978673093
0.313600003719	0.006240704563
0.315200001001	0.009557777084
0.316799998283	0.007947424427
0.318399995565	0.007022288628
0.319999992847	0.006000784691
0.321599990129	0.005982912611
0.323199987411	0.006416448392
0.324799984694	0.008345904760
0.326399981976	0.007563008461
0.327999979258	0.007830112241
0.329600006342	0.007422496565
0.331200003624	0.005781344604
0.332800000906	0.007703392766
0.334399998188	0.008537824266
0.335999995470	0.005447888281
0.337599992752	0.006287680473
0.339199990034	0.006501472555
0.340799987316	0.006712864619
0.342399984598	0.008256336674
0.343999981880	0.007883440703
0.345599979162	0.007132240571
0.347199976444	0.005651776213
0.348800003529	0.005612144712
0.350400000811	0.007202640641
0.351999998093	0.007509776391
0.353599995375	0.006483328529
0.355199992657	0.008308080956
0.356799989939	0.008204832673
0.358399987221	0.006665840745
0.359999984503	0.005199648440
0.361599981785	0.006982176565
0.363199979067	0.007092992775
0.364799976349	0.007026240695
0.366400003433	0.006624832749
0.368000000715	0.005606576335
0.369599997997	0.006860928610
0.371199995279	0.006911632605
0.372799992561	0.007693264633
0.374399989843	0.006837984547
0.375999987125	0.007338192780
0.377599984407	0.006264720578
0.379199981689	0.004553456325
0.380799978971	0.006875760388
0.382399976254	0.008355297148
0.384000003338	0.005782816559
0.385600000620	0.006102512591
0.387199997902	0.005979984533
0.388799995184	0.006002848502
0.390399992466	0.005655104294
0.391999989748	0.007778560743
0.393599987030	0.007978192531
0.395199984312	0.007145040669
0.396799981594	0.005685472395
0.398399978876	0.006569024641
0.399999976158	0.007804624736
0.401600003242	0.005836400669
0.403200000525	0.006659616716
0.404799997807	0.008481936529
0.406399995089	0.005603472702
0.407999992371	0.007834816352
0.409599989653	0.006720656529
0.411199986935	0.003739520209
0.412799984217	0.007500560489
0.414399981499	0.006633456796
0.415999978781	0.006971920375
0.417599976063	0.007236928679
0.419200003147	0.004829600453
0.420800000429	0.004233584274
0.422399997711	0.006840672810
0.423999994993	0.004577440210
0.425599992275	0.006492848508
0.427199989557	0.007668464445
0.428799986839	0.004521232098
0.430399984121	0.005355632398
0.431999981403	0.007028896827
0.433599978685	0.004606080242
0.435199975967	0.005016624462
0.436800003052	0.006796288770
0.438400000334	0.005086688325
0.439999997616	0.007348256651
0.441599994898	0.006678192411
0.443199992180	0.004654608201
0.444799989462	0.007181344554
0.446399986744	0.006397424731
0.447999984026	0.006224208511
0.449599981308	0.006696288474
0.451199978590	0.004295872524
0.452799975872	0.005870592315
0.454400002956	0.007177600637
0.456000000238	0.003770832438
0.457599997520	0.006187808700
0.459199994802	0.005928720348
0.460799992085	0.005742160603
0.462399989367	0.006451232359
0.463999986649	0.006903696805
0.465599983931	0.005799264647
0.467199981213	0.005931184627
0.468799978495	0.004916848615
0.470399975777	0.005560608581
0.472000002861	0.005393136293
0.473600000143	0.005972768646
0.475199997425	0.006488208659
0.476799994707	0.005608928390
0.478399991989	0.004422128201
0.479999989271	0.006061360706
0.481599986553	0.006017632317
0.483199983835	0.004013840575
0.484799981117	0.005037968513
0.486399978399	0.004532944411
0.487999975681	0.004885344300
0.489599972963	0.005605808459
0.491200000048	0.006721376441
0.492799997330	0.004336048383
0.494399994612	0.004948528484
0.495999991894	0.004382736515
0.497599989176	0.005952704232
0.499199986458	0.003810928436
0.500800013542	0.004907136317
0.502399981022	0.004746096209
0.504000008106	0.005187008530
0.505599975586	0.005185056478
0.507200002670	0.006987792440
0.508799970150	0.005104128271
0.510399997234	0.004978592508
0.511999964714	0.006097840611
0.513599991798	0.005282144528
0.515199959278	0.005773888435
0.516799986362	0.005569648463
0.518400013447	0.004780736286
0.519999980927	0.007293904666
0.521600008011	0.004825920332
0.523199975491	0.004053024575
0.524800002575	0.005760112312
0.526399970055	0.004496160429
0.527999997139	0.005575904623
0.529599964619	0.003672432387
0.531199991703	0.004040464293
0.532799959183	0.005771200638
0.534399986267	0.006906608585
0.536000013351	0.003353856271
0.537599980831	0.005611616652
0.539200007915	0.004612160381
0.540799975395	0.004452064168
0.542400002480	0.004781904630
0.543999969959	0.004189216532
0.545599997044	0.004324176349
0.547199964523	0.003599296324
0.548799991608	0.002968864283
0.550399959087	0.005110464524
0.551999986172	0.008325712755
0.553600013256	0.004348736256
0.555199980736	0.004058624152
0.556800007820	0.004233536310
0.558399975300	0.003663744312
0.560000002384	0.007084128447
0.561599969864	0.004679248203
0.563199996948	0.004338576458
0.564799964428	0.006227584556
0.566399991512	0.002195120091
0.567999958992	0.002012848156
0.569599986076	0.006673936732
0.571200013161	0.004354256205
0.572799980640	0.005224352237
0.574400007725	0.003456448205
0.575999975204	0.001957856119
0.577600002289	0.004405728541
0.579199969769	0.003945088480
0.580799996853	0.004338624422
0.582399964333	0.002151664114
0.583999991417	0.004488864448
0.585599958897	0.002045568312
0.587199985981	0.005165856332
0.588800013065	0.004539776593
0.590399980545	0.005396480672
0.592000007629	0.003597600386
0.593599975109	0.002962368075
0.595200002193	0.004014512524
0.596799969673	0.002337952144
0.598399996758	0.004808160476
0.599999964237	0.003543952247
0.601599991322	0.005574496463
0.603199958801	0.002349216258
0.604799985886	0.004162592348
0.606400012970	0.003156448249
0.607999980450	0.002564160153
0.609600007534	0.005015968345
0.611199975014	0.004461600445
0.612800002098	0.004273552448
0.614399969578	0.002631696174
0.615999996662	0.004104464315
0.617599964142	0.005341616459
0.619199991226	0.003750512376
0.620799958706	0.003430304350
0.622399985790	0.004523696378
0.624000012875	0.003852288239
0.625599980354	0.004984704312
0.627200007439	0.004043216351
0.628799974918	0.003994944505
0.630400002003	0.003982320428
0.631999969482	0.001843584119
0.633599996567	0.002549808240
0.635199964046	0.004898896441
0.636799991131	0.002133760136
0.638399958611	0.003199408296
0.639999985695	0.004941040184
0.641600012779	0.003508688184
0.643199980259	0.004129136447
0.644800007343	0.004822608549
0.646399974823	0.002904256107
0.648000001907	0.005681760609
0.649599969387	0.003402048256
0.651199996471	0.005343712401
0.652799963951	0.003642560216
0.654399991035	0.004351264331
0.655999958515	0.003231264185
0.657599985600	0.002855888102
0.659200012684	0.003808528418
0.660799980164	0.004205280449
0.662400007248	0.002133024158
0.663999974728	0.003013104200
0.665600001812	0.003265168285
0.667199969292	0.004192448221
0.668799996376	0.003491552314
0.670399963856	0.003932768479
0.671999990940	0.002926384332
0.673599958420	0.003010944230
0.675199985504	0.003946960438
0.676800012589	0.003263136372
0.678399980068	0.003295904258
0.680000007153	0.004968144465
0.681599974632	0.002123952145
0.683200001717	0.003227808280
0.684799969196	0.005407424644
0.686399996281	0.002370208269
0.687999963760	0.004483344499
0.689599990845	0.003449184354
0.691199958324	0.003672528313
0.692799985409	0.002861440182
0.694399952888	0.002952976152
0.695999979973	0.004699696321
0.697600007057	0.004496112466
0.699199974537	0.001638240181
0.700800001621	0.006242080592
0.702399969101	0.002398528159
0.703999996185	0.003048608312
0.705599963665	0.003554336261
0.707199990749	0.004856400192
0.708799958229	0.003484608373
0.710399985313	0.004340832587
0.711999952793	0.002348208101
0.713599979877	0.002581904177
0.715200006962	0.004891296383
0.716799974442	0.004603504203
0.718400001526	0.003640960203
0.719999969006	0.004435680341
0.721599996090	0.003722832305
0.723199963570	0.003891168395
0.724799990654	0.003298448166
0.726399958134	0.002608688315
0.727999985218	0.005027552601
0.729599952698	0.003543808358
0.731199979782	0.002473568311
0.732800006866	0.003487616312
0.734399974346	0.004241552204
0.736000001431	0.004198448267
0.737599968910	0.002832784317
0.739199995995	0.003384528216
0.740799963474	0.004143104423
0.742399990559	0.003792496398
0.743999958038	0.001570432098
0.745599985123	0.004359168466
0.747199952602	0.001453072182
0.748799979687	0.001552448142
0.750400006771	0.004247280303
0.751999974251	0.002620192245
0.753600001335	0.002535776235
0.755199968815	0.005362704396
0.756799995899	0.002150352113
0.758399963379	0.001306752092
0.759999990463	0.006694944575
0.761599957943	0.003404144198
0.763199985027	0.001647120109
0.764799952507	0.003683376359
0.766399979591	0.003561184276
0.768000006676	0.002060640138
0.769599974155	0.003145536175
0.771200001240	0.003420864232
0.772799968719	0.004974960350
0.774399995804	0.002503712196
0.775999963284	0.001979776192
0.777599990368	0.002927760128
0.779199957848	0.001029824023
0.780799984932	0.002317824168
0.782399952412	0.004253152292
0.783999979496	0.002859072294
0.785600006580	0.002681504237
0.787199974060	0.002808944089
0.788800001144	0.001135088038
0.790399968624	0.002277408261
0.791999995708	0.004771248437
0.793599963188	0.001364736119
0.795199990273	0.001582816127
0.796799957752	0.002422432182
0.798399984837	0.003302272176
0.799999952316	0.004596016370
0.801599979401	0.000624736014
0.803200006485	0.003773952369
0.804799973965	0.003037504153
0.806400001049	0.002005488146
0.807999968529	0.002859248314
0.809599995613	0.003149040276
0.811199963093	0.000668784021
0.812799990177	0.002087600064
0.814399957657	0.003221680177
0.815999984741	0.003996880259
0.817599952221	0.002002992202
0.819199979305	0.001902320073
0.820800006390	0.002267424250
0.822399973869	0.001237008139
0.824000000954	0.003882544348
0.825599968433	0.003660064191
0.827199995518	0.002091536298
0.828799962997	0.002235280117
0.830399990082	0.004206016194
0.831999957561	0.002656656085
0.833599984646	0.000575360027
0.835199952126	0.003395888256
0.836799979210	0.002733168192
0.838400006294	0.002242736053
0.839999973774	0.002310080221
0.841600000858	0.002720320132
0.843199968338	0.002241168171
0.844799995422	0.002088464098
0.846399962902	0.000891376112
0.847999989986	0.003878592281
0.849599957466	0.003358640242
0.851199984550	0.001136928098
0.852799952030	0.002512128325
0.854399979115	0.001856896095
0.856000006199	0.001798912184
0.857599973679	0.002614720259
0.859200000763	0.002747808350
0.860799968243	0.002584976144
0.862399995327	0.001963808201
0.863999962807	0.000869920012
0.865599989891	0.003751984332
0.867199957371	0.001504272106
0.868799984455	0.002608464332
0.870399951935	0.003309376305
0.871999979019	0.001958096167
0.873600006104	0.000906512025
0.875199973583	0.003778752405
0.876800000668	0.001796864090
0.878399968147	0.001237056102
0.879999995232	0.003559648292
0.881599962711	0.002572416095
0.883199989796	0.000217808018
0.884799957275	0.003035856178
0.886399984360	0.002358592115
0.887999951839	0.003691856284
0.889599978924	0.001577696064
0.891200006008	0.001018160023
0.892799973488	0.002145024249
0.894400000572	0.000930832059
0.895999968052	0.003885040293
0.897599995136	0.004535008222
0.899199962616	0.002045168076
0.900799989700	0.001702992129
0.902399957180	0.003173168283
0.903999984264	0.002592512174
0.905599951744	0.002022784203
0.907199978828	0.003220944200
0.908800005913	0.002874704311
0.910399973392	0.001318080118
0.912000000477	-0.000227760043
0.913599967957	0.001676784130
0.915199995041	0.004193408415
0.916799962521	0.002407216234
0.918399989605	0.002422928112
0.919999957085	0.003228704212
0.921599984169	0.003485280322
0.923199951649	0.001098720124
0.924799978733	0.001678624074
0.926400005817	0.003454688238
0.927999973297	0.001717728097
0.929600000381	0.002199520124
0.931199967861	0.002144480124
0.932799994946	0.002739504213
0.934399962425	0.001801680191
0.935999989510	0.002875776263
0.937599956989	0.003496368416
0.939199984074	-0.000383008010
0.940799951553	0.002707888139
0.942399978638	0.002089440124
0.944000005722	0.000116064002
0.945599973202	0.002368896268
0.947200000286	0.002615776146
0.948799967766	0.001538736047
0.950399994850	0.004725920502
0.951999962330	0.001037024078
0.953599989414	0.002991504269
0.955199956894	0.002828608267
0.956799983978	0.001753776101
0.958399951458	0.003839232260
0.959999978542	0.003422512207
0.961599946022	0.000909936090
0.963199973106	0.005133152474
0.964800000191	0.001939280191
0.966399967670	0.000687424093
0.967999994755	0.002962304279
0.969599962234	0.001472768141
0.971199989319	0.002089088084
0.972799956799	0.003190560266
0.974399983883	0.000635296048
0.975999951363	0.001330208033
0.977599978447	0.002196368296
0.979199945927	0.002723984187
0.980799973011	0.002347088186
0.982400000095	0.002918464132
0.983999967575	0.000553344027
0.985599994659	0.004421328194
0.987199962139	0.002825456206
0.988799989223	-0.001393584185
0.990399956703	0.000964224106
0.991999983788	0.003257888369
0.993599951267	0.001868048217
0.995199978352	0.002540880116
0.996799945831	0.000724752026
0.998399972916	0.000927712070
1.000000000000	0.002394864103
1.001600027084	0.000937168137
1.003199934959	0.003375920234
1.004799962044	0.002793120220
1.006399989128	0.001732560107
1.008000016212	0.001234176103
1.009599924088	0.000338576065
1.011199951172	0.001077776076
1.012799978256	0.001851024106
1.014400005341	0.002400800120
1.016000032425	0.000529344019
1.017599940300	0.001995264087
1.019199967384	0.001342000091
1.020799994469	-0.000270976016
1.022400021553	0.001937184134
1.023999929428	0.000597472070
1.025599956512	0.001422368106
1.027199983597	0.001751664095
1.028800010681	-0.000015936001
1.030399918556	0.001956720138
1.031999945641	0.001775296172
1.033599972725	0.000727648032
1.035199999809	0.001702176174
1.036800026894	0.001344896154
1.038399934769	-0.000176991991
1.039999961853	0.001488224138
1.041599988937	0.000831024081
1.043200016022	0.003065328347
1.044799923897	0.000799360103
1.046399950981	0.000831504061
1.047999978065	0.001882368117
1.049600005150	0.000444784062
1.051200032234	0.002453920199
1.052799940109	0.000976480078
1.054399967194	0.001659552101
1.055999994278	0.001268976135
1.057600021362	-0.000152351975
1.059199929237	0.000727936043
1.060799956322	0.001414624043
1.062399983406	0.003983312286
1.064000010490	-0.000234480016
1.065599918365	0.001689920202
1.067199945450	0.001259552082
1.068799972534	0.000790480000
1.070399999619	0.002990848152
1.072000026703	0.001447184128
1.073599934578	0.000322687993
1.075199961662	0.003198528197
1.076799988747	0.001339792041
1.078400015831	0.001201552106
1.079999923706	0.001209840062
1.081599950790	0.000684112078
1.083199977875	0.001878720126
1.084800004959	0.001440032152
1.086400032043	0.000546000025
1.087999939919	0.001101216068
1.089599967003	0.000125280014
1.091199994087	0.001510592178
1.092800021172	0.002231760183
1.094399929047	0.000692576054
1.095999956131	0.001433184138
1.097599983215	0.000080383965
1.099200010300	0.000448832056
1.100799918175	0.002611872274
1.102399945259	0.001557984157
1.103999972343	0.000678128097
1.105599999428	0.001942224219
1.107200026512	0.000976144103
1.108799934387	0.001043184078
1.110399961472	0.000222160059
1.111999988556	0.001463952125
1.113600015640	0.001985840267
1.115199923515	0.001863984042
1.116799950600	-0.000473312015
1.118399977684	0.002622064203
1.120000004768	0.002026240109
1.121599912643	0.000030911986
1.123199939728	0.001754944096
1.124799966812	-0.000496768043
1.126399993896	0.001412240090
1.128000020981	0.002075216034
1.129599928856	0.002217168221
1.131199955940	0.002132208087
1.132799983025	0.001587408129
1.134400010109	0.002735664137
1.135999917984	0.001670752186
1.137599945068	-0.000408239983
1.139199972153	0.000340480095
1.140799999237	0.002735088114
1.142400026321	0.001086336095
1.143999934196	0.000830672099
1.145599961281	0.001360000111
1.147199988365	-0.000648096087
1.148800015450	0.000622384017
1.150399923325	0.002618656261
1.151999950409	0.000114463968
1.153599977493	0.002478240291
1.155200004578	0.000704624050
1.156799912453	0.000659776037
1.158399939537	0.002535440261
1.159999966621	0.000989664113
1.161599993706	0.001416240120
1.163200020790	0.001960896188
1.164799928665	0.000790448044
1.166399955750	0.000577824074
1.167999982834	0.002623584121
1.169600009918	0.001783760148
1.171199917793	-0.000087248001
1.172799944878	0.002034992212
1.174399971962	-0.002487440128
1.175999999046	0.001440512016
1.177600026131	0.000109599961
1.179199934006	0.000863632071
1.180799961090	0.001974928193
1.182399988174	0.000742192031
1.184000015259	-0.000947456050
1.185599923134	0.001158144092
1.187199950218	0.001433792175
1.188799977303	-0.000190576015
1.190400004387	0.003093664302
1.191999912262	0.000570128032
1.193599939346	0.000018928020
1.195199966431	0.001781536150
1.196799993515	-0.000513008039
1.198400020599	-0.000405551982
1.199999928474	0.000541920017
1.201599955559	0.001140320092
1.203199982643	0.000953744107
1.204800009727	0.002316560131
1.206399917603	0.000726528058
1.207999944687	0.001095168060
1.209599971771	0.000886320078
1.211199998856	0.001094240113
1.212800025940	0.001007808023
1.214399933815	-0.000782304036
1.215999960899	0.002278672066
1.217599987984	0.001464192057
1.219200015068	0.000396512012
1.220799922943	0.000354032003
1.222399950027	0.000420016004
1.223999977112	0.000177039969
1.225600004196	0.000532256032
1.227199912071	0.001249936060
1.228799939156	0.000143248006
1.230399966240	-0.000225584052
1.231999993324	-0.000004384016
1.233600020409	0.001125648036
1.235199928284	0.001732496079
1.236799955368	0.000560176035
1.238399982452	0.001010768116
1.240000009537	0.001887968159
1.241599917412	0.000227392011
1.243199944496	0.001306528109
1.244799971581	-0.000769168080
1.246399998665	0.000847168034
1.248000025749	0.002068896079
1.249599933624	0.000780896109
1.251199960709	0.002046224196
1.252799987793	-0.000328064023
1.254400014877	-0.000151072003
1.255999922752	0.001685136114
1.257599949837	0.001921216142
1.259199976921	-0.001054080087
1.260800004005	0.001252480084
1.262399911880	-0.000115264025
1.263999938965	-0.001354880165
1.265599966049	0.002754944144
1.267199993134	-0.001160032116
1.268800020218	0.001489808084
1.270399928093	0.001209088019
1.271999955177	-0.002298176289
1.273599982262	0.000856304076
1.275200009346	0.000837024068
1.276799917221	0.000355168013
1.278399944305	0.002999008168
1.279999971390	-0.000167696038
1.281599998474	-0.001309904153
1.283200025558	0.002310624113
1.284799933434	-0.001655280124
1.286399960518	-0.000699040073
1.287999987602	0.000731440086
1.289600014687	0.000066543995
1.291199922562	-0.000154463982
1.292799949646	0.001458896091
1.294399976730	-0.001177616068
1.296000003815	-0.000822896080
1.297599911690	0.002167296130
1.299199938774	-0.000606607995
1.300799965858	0.001410016092
1.302399992943	0.001153215999
1.304000020027	-0.000327600050
1.305599927902	0.001776928199
1.307199954987	0.000059647995
1.308799982071	-0.000411535992
1.310400009155	0.001164672081
1.311999917030	-0.001346352161
1.313599944115	0.000360800012
1.315199971199	0.002036192222
1.316799998283	-0.000102095997
1.318400025368	0.000263824069
1.319999933243	-0.001487376168
1.321599960327	0.000512720027
1.323199987411	0.000787488068
1.324800014496	0.000337600039
1.326399922371	0.000546320050
1.327999949455	-0.000719136035
1.329599976540	0.000584191992
1.331200003624	0.000130480053
1.332799911499	0.000530080055
1.334399938583	0.002324064262
1.335999965668	-0.001272432157
1.337599992752	-0.000076911994
1.339200019836	0.000610528048
1.340799927711	-0.000159232033
1.342399954796	0.001052448060
1.343999981880	0.000149056010
1.345600008965	-0.000154944020
1.347199916840	0.000131904017
1.348799943924	0.000051503997
1.350399971008	-0.000738048053
1.351999998093	-0.000628032081
1.353600025177	0.001194704091
1.355199933052	0.002144464059
1.356799960136	0.001470000134
1.358399987221	0.001649632119
1.360000014305	0.001188480062
1.361599922180	-0.000928304042
1.363199949265	0.000986352097
1.364799976349	-0.000965936109
1.366400003433	0.002658864250
1.367999911308	0.001546880114
1.369599938393	-0.000959056080
1.371199965477	0.000630592054
1.372799992561	-0.001002512057
1.374400019646	-0.000425759994
1.375999927521	0.001892064116
1.377599954605	0.001181232161
1.379199981689	-0.000492560037
1.380800008774	0.000321408035
1.382399916649	0.001196304103
1.383999943733	-0.000816256041
1.385599970818	0.001328448183
1.387199997902	-0.000318080070
1.388799905777	0.000932768104
1.390399932861	0.001777152182
1.391999959946	-0.000390912028
1.393599987030	0.001235920005
1.395200014114	0.000512528059
1.396799921989	-0.002941328101
1.398399949074	0.002079888247
1.399999976158	0.001444832073
1.401600003242	0.000529264042
1.403199911118	0.002251520287
1.404799938202	-0.000075071985
1.406399965286	0.000613696058
1.407999992371	0.000714304100
1.409600019455	-0.001214576070
1.411199927330	-0.001058256021
1.412799954414	0.002662704093
1.414399981499	-0.000624192064
1.416000008583	0.001413552091
1.417599916458	0.000422896032
1.419199943542	0.000451168075
1.420799970627	0.001770848176
1.422399997711	0.000869008072
1.423999905586	0.000418912037
1.425599932671	0.001263680053
1.427199959755	0.000221616036
1.428799986839	0.001223120140
1.430400013924	0.001524208114
1.431999921799	0.000613120035
1.433599948883	0.000754752080
1.435199975967	0.001117664040
1.436800003052	-0.000345039967
1.438399910927	0.000793040090
1.439999938011	-0.001059328089
1.441599965096	0.001496400102
1.443199992180	0.001032896107
1.444800019264	-0.001234704047
1.446399927139	-0.000147344006
1.447999954224	-0.000026528047
1.449599981308	0.001032816130
1.451200008392	0.000302720000
1.452799916267	0.000257072039
1.454399943352	-0.000410400011
1.455999970436	-0.000016287999
1.457599997520	-0.000586160051
1.459199905396	0.000664800056
1.460799932480	-0.000165008038
1.462399959564	-0.001124208211
1.463999986649	0.000513072009
1.465600013733	0.000654143980
1.467199921608	0.000488080055
1.468799948692	-0.000583088025
1.470399975777	0.000261936075
1.472000002861	-0.001077168039
1.473599910736	0.001054624096
1.475199937820	-0.000878864026
1.476799964905	-0.000568016025
1.478399991989	0.001118448097
1.480000019073	0.001579824137
1.481599926949	-0.000447728089
1.483199954033	0.000568336050
1.484799981117	-0.000696272065
1.486400008202	-0.001121792127
1.487999916077	0.000787920086
1.489599943161	0.000450143998
1.491199970245	0.000818176079
1.492799997330	-0.000081360020
1.494399905205	-0.002519456204
1.495999932289	0.002413536189
1.497599959373	0.000155184011
1.499199986458	-0.001727280091
1.500800013542	-0.000623888045
1.502399921417	-0.000556687999
1.503999948502	-0.001901936135
1.505599975586	0.000822128030
1.507200002670	-0.001070832135
1.508799910545	-0.000647552020
1.510399937630	-0.000385296065
1.511999964714	-0.000722672034
1.513599991798	0.000058879992
1.515200018883	0.000155632020
1.516799926758	-0.000986400177
1.518399953842	0.001075472101
1.519999980927	0.000155727976
1.521600008011	-0.001268032123
1.523199915886	0.001444528112
1.524799942970	-0.000838688051
1.526399970055	-0.002127440181
1.527999997139	0.000135856040
1.529599905014	-0.000862704066
1.531199932098	-0.000756304071
1.532799959183	0.000000960029
1.534399986267	0.000255824008
1.536000013351	-0.001014896086
1.537599921227	-0.000285424059
1.539199948311	-0.000204864016
1.540799975395	0.000856704020
1.542400002480	-0.000961328042
1.543999910355	-0.002733552130
1.545599937439	-0.000296480081
1.547199964523	0.000262032059
1.548799991608	-0.000606720045
1.550400018692	0.000929280068
1.551999926567	-0.000099488076
1.553599953651	-0.000058688049
1.555199980736	-0.000640736078
1.556800007820	0.001365968143
1.558399915695	-0.002161888173
1.559999942780	-0.001860544202
1.561599969864	-0.000269440061
1.563199996948	-0.000572176068
1.564799904823	-0.000210224025
1.566399931908	-0.000292976038
1.567999958992	0.000830656092
1.569599986076	-0.000400752033
1.571200013161	-0.001076176064
1.572799921036	0.000663904066
1.574399948120	0.000006256002
1.575999975204	-0.002030432224
1.577600002289	0.000236784050
1.579199910164	-0.000149168001
1.580799937248	-0.000454367982
1.582399964333	-0.001745456131
1.583999991417	0.000995856128
1.585600018501	0.000386496074
1.587199926376	-0.001270368113
1.588799953461	0.000399728073
1.590399980545	-0.000807856035
1.592000007629	-0.000088960005
1.593599915504	0.001145199989
1.595199942589	-0.000405744038
1.596799969673	-0.000565648021
1.598399996758	-0.000518224027
1.599999904633	-0.000927504094
1.601599931717	0.000300288055
1.603199958801	-0.000821824011
1.604799985886	0.000106016007
1.606400012970	0.000607920054
1.607999920845	-0.001635920140
1.609599947929	-0.000355504046
1.611199975014	0.000892544107
1.612800002098	-0.001048992155
1.614399909973	-0.001447456074
1.615999937057	0.001171408105
1.617599964142	0.000032816002
1.619199991226	-0.002640384249
1.620800018311	0.000742000062
1.622399926186	-0.001355728135
1.623999953270	-0.000415520044
1.625599980354	0.000498928071
1.627200007439	-0.002114160219
1.628799915314	0.000896752055
1.630399942398	-0.000558672007
1.631999969482	-0.000705088023
1.633599996567	0.000897680118
1.635199904442	-0.000235712068
1.636799931526	-0.000050288003
1.638399958611	0.000851456018
1.639999985695	-0.000563360052
1.641600012779	-0.000623520114
1.643199920654	0.000256864034
1.644799947739	-0.000464656012
1.646399974823	-0.000598831975
1.648000001907	0.000282640016
1.649599909782	-0.000533888058
1.651199936867	0.000035519981
1.652799963951	0.000590416079
1.654399991035	0.001135184080
1.655999898911	0.000064640051
1.657599925995	-0.000441328011
1.659199953079	-0.001732352190
1.660799980164	0.000448432082
1.662400007248	-0.000584288035
1.663999915123	0.000535120082
1.665599942207	0.000209280013
1.667199969292	-0.000969728047
1.668799996376	0.000887216069
1.670399904251	-0.001664864132
1.671999931335	-0.000515584019
1.673599958420	-0.000285952032
1.675199985504	-0.001146384049
1.676800012589	0.000524208008
1.678399920464	-0.000043920027
1.679999947548	-0.000754848064
1.681599974632	-0.000139119962
1.683200001717	-0.000849680044
1.684799909592	-0.000684944040
1.686399936676	0.000285504037
1.687999963760	-0.000973888033
1.689599990845	-0.000497792033
1.691199898720	-0.000549680030
1.692799925804	-0.000502208073
1.694399952888	-0.001139568049
1.695999979973	0.000401632045
1.697600007057	-0.001850784174
1.699199914932	-0.001059584087
1.700799942017	-0.000341648032
1.702399969101	-0.001362528186
1.703999996185	-0.001013984089
1.705599904060	-0.000026719994
1.707199931145	0.000408048043
1.708799958229	-0.000958400138
1.710399985313	-0.001589280204
1.712000012398	0.000125696039
1.713599920273	0.001380992122
1.715199947357	-0.000794592081
1.716799974442	-0.000618464022
1.718400001526	0.001560592093
1.719999909401	-0.000857168052
1.721599936485	-0.000874000078
1.723199963570	0.000509120058
1.724799990654	-0.001584896119
1.726399898529	-0.000646704051
1.727999925613	0.000646016037
1.729599952698	-0.001707952120
1.731199979782	-0.000485328084
1.732800006866	0.000247856078
1.734399914742	-0.001502640080
1.735999941826	0.001105056144
1.737599968910	-0.001032496104
1.739199995995	-0.001794784097
1.740799903870	0.001013552072
1.742399930954	-0.002019824227
1.743999958038	-0.002209792146
1.745599985123	-0.000104607985
1.747200012207	-0.001503088162
1.748799920082	-0.000611136085
1.750399947166	0.000682576036
1.751999974251	-0.001191712101
1.753600001335	-0.000256128027
1.755199909210	0.000206160024
1.756799936295	-0.000602672051
1.758399963379	0.001253344119
1.759999990463	-0.000828144082
1.761599898338	-0.002222464187
1.763199925423	0.000593376055
1.764799952507	-0.002519168193
1.766399979591	-0.000113120004
1.768000006676	-0.000657248136
1.769599914551	-0.001984992297
1.771199941635	-0.000945568143
1.772799968719	-0.001558752148
1.774399995804	-0.000239840010
1.775999903679	-0.000650208036
1.777599930763	-0.001132976147
1.779199957848	-0.001424032147
1.780799984932	0.000693152018
1.782400012016	0.001525648171
1.783999919891	-0.002417856129
1.785599946976	-0.000580528053
1.787199974060	-0.001338592148
1.788800001144	-0.001186816138
1.790399909019	-0.001134496066
1.791999936104	-0.000127392006
1.793599963188	0.000540112087
1.795199990273	-0.000844656082
1.796799898148	-0.001087200129
1.798399925232	-0.000789216079
1.799999952316	-0.001230768044
1.801599979401	-0.000719920092
1.803200006485	-0.002197312191
1.804799914360	-0.000718256109
1.806399941444	-0.000861984096
1.807999968529	-0.001193168107
1.809599995613	-0.002338880207
1.811199903488	-0.000404144055
1.812799930573	0.000086912034
1.814399957657	-0.000723120058
1.815999984741	0.000163104050
1.817600011826	-0.000687568041
1.819199919701	-0.000223520008
1.820799946785	-0.001062368159
1.822399973869	-0.002473136177
1.824000000954	-0.000548240030
1.825599908829	0.000125919949
1.827199935913	-0.000981920050
1.828799962997	-0.000476816029
1.830399990082	-0.001185552101
1.831999897957	-0.001415632199
1.833599925041	-0.002004384063
1.835199952126	-0.000848096039
1.836799979210	-0.001310416148
1.838400006294	-0.000526320073
1.839999914169	-0.001066272147
1.841599941254	-0.000650496047
1.843199968338	-0.000268784061
1.844799995422	-0.002387120156
1.846399903297	0.000725296035
1.847999930382	-0.000978144119
1.849599957466	-0.000349504029
1.851199984550	-0.000658048026
1.852800011635	-0.001172560034
1.854399919510	-0.001394736115
1.855999946594	-0.000495136075
1.857599973679	-0.000444736041
1.859200000763	-0.002389760222
1.860799908638	-0.000458416005
1.862399935722	-0.000799808127
1.863999962807	-0.001725824201
1.865599989891	0.000334640004
1.867199897766	-0.002159056254
1.868799924850	0.000683936058
1.870399951935	0.000740432064
1.871999979019	-0.000313088036
1.873600006104	-0.001826752210
1.875199913979	-0.001942128176
1.876799941063	-0.001010592096
1.878399968147	-0.000373056013
1.879999995232	-0.000664576131
1.881599903107	-0.001448704046
1.883199930191	0.000603424036
1.884799957275	-0.002017280320
1.886399984360	-0.002790928353
1.888000011444	0.000446144055
1.889599919319	-0.000422880024
1.891199946404	-0.000435376016
1.892799973488	0.000022928052
1.894400000572	0.000186352001
1.895999908447	-0.000768847996
1.897599935532	-0.001787920250
1.899199962616	-0.000771088060
1.900799989700	-0.001059216098
1.902399897575	-0.001094448147
1.903999924660	-0.001150880125
1.905599951744	-0.001058160095
1.907199978828	-0.001653168118
1.908800005913	-0.000640384038
1.910399913788	-0.001219152124
1.911999940872	-0.000985264080
1.913599967957	-0.000865488080
1.915199995041	-0.002692144131
1.916799902916	-0.000737616036
1.918399930000	-0.000053679989
1.919999957085	-0.001326928148
1.921599984169	0.000780000119
1.923199892044	-0.000803888077
1.924799919128	-0.000655184034
1.926399946213	0.000604720088
1.927999973297	-0.000932352035
1.929600000381	-0.000913792057
1.931199908257	-0.000655504002
1.932799935341	-0.001305856160
1.934399962425	-0.001730560209
1.935999989510	-0.000087407992
1.937599897385	-0.000917248079
1.939199924469	-0.000960544101
1.940799951553	-0.000601696083
1.942399978638	-0.002967040287
1.944000005722	-0.000591008051
1.945599913597	-0.000817280030
1.947199940681	-0.001091808081
1.948799967766	-0.001405504066
1.950399994850	-0.001848048181
1.951999902725	-0.001148048090
1.953599929810	0.000421072036
1.955199956894	-0.001027984079
1.956799983978	0.000129135995
1.958399891853	-0.001162336092
1.959999918938	-0.002103360137
1.961599946022	0.000194639986
1.963199973106	0.000537600077
1.964800000191	-0.003536864184
1.966399908066	0.000819680048
1.967999935150	-0.000712480047
1.969599962234	-0.001006736071
1.971199989319	-0.002510672202
1.972799897194	-0.002602064284
1.974399924278	-0.003442592220
1.975999951363	-0.000368607987
1.977599978447	-0.001460832194
1.979200005531	-0.000937744102
1.980799913406	-0.002485808218
1.982399940491	-0.001877776114
1.983999967575	-0.001029968145
1.985599994659	-0.000818976085
1.987199902534	-0.002129856264
1.988799929619	-0.001933696098
1.990399956703	-0.000908352027
1.991999983788	-0.000871776079
1.993599891663	-0.000744544086
1.995199918747	-0.001143408008
1.996799945831	-0.000995296054
1.998399972916	-0.001321200165
2.000000000000	-0.000914784090
2.001600027084	-0.001557200099
2.003200054169	-0.001420928165
2.004799842834	-0.000445952028
2.006399869919	-0.000844704104
2.007999897003	-0.002563056070
2.009599924088	-0.001509920112
2.011199951172	-0.000689728069
2.012799978256	-0.000793087995
2.014400005341	-0.002264832146
2.016000032425	-0.001368576195
2.017600059509	-0.001616368070
2.019199848175	-0.001041520038
2.020799875259	-0.001703376067
2.022399902344	-0.001648032106
2.023999929428	-0.000453968038
2.025599956512	-0.002388464287
2.027199983597	-0.000538128021
2.028800010681	-0.000898432045
2.030400037766	-0.002124016173
2.032000064850	-0.001108464086
2.033599853516	-0.001236432116
2.035199880600	-0.001648560166
2.036799907684	-0.002801152179
2.038399934769	-0.001676272135
2.039999961853	-0.001125488081
2.041599988937	-0.000768048048
2.043200016022	-0.001703520073
2.044800043106	-0.002576848259
2.046399831772	-0.002081600251
2.047999858856	-0.003535984317
2.049599885941	-0.003184880130
2.051199913025	0.001021008124
2.052799940109	-0.002672032220
2.054399967194	-0.001603680081
2.055999994278	-0.000637552061
2.057600021362	-0.003015536349
2.059200048447	-0.000290912081
2.060799837112	-0.001774608158
2.062399864197	-0.002695360221
2.063999891281	-0.000353487994
2.065599918365	-0.002181360032
2.067199945450	-0.001590768108
2.068799972534	-0.001677584136
2.070399999619	-0.002744720317
2.072000026703	-0.000994256116
2.073600053787	-0.000844144030
2.075199842453	-0.002753056353
2.076799869537	-0.002024960238
2.078399896622	-0.000729872088
2.079999923706	-0.003186480375
2.081599950790	-0.001659280155
2.083199977875	-0.003149440279
2.084800004959	-0.001221264130
2.086400032043	-0.002373104217
2.088000059128	-0.001273232163
2.089599847794	0.000313792028
2.091199874878	-0.001926208148
2.092799901962	-0.002288576216
2.094399929047	-0.001872496214
2.095999956131	-0.001657088171
2.097599983215	-0.002581408247
2.099200010300	-0.002079504076
2.100800037384	-0.001574672177
2.102400064468	-0.000279136060
2.103999853134	-0.002997520147
2.105599880219	-0.003085280303
2.107199907303	-0.002167664235
2.108799934387	-0.000607520051
2.110399961472	-0.001019488089
2.111999988556	-0.001959264046
2.113600015640	-0.001533152186
2.115200042725	-0.001505504129
2.116799831390	-0.001296096132
2.118399858475	-0.002243216150
2.119999885559	-0.003060000250
2.121599912643	-0.001599152107
2.123199939728	-0.001477936166
2.124799966812	-0.002612080192
2.126399993896	-0.001499568112
2.128000020981	-0.001698960084
2.129600048065	-0.001954768086
2.131199836731	-0.001130800112
2.132799863815	-0.003468336305
2.134399890900	-0.000901456107
2.135999917984	-0.002260480309
2.137599945068	-0.002202256117
2.139199972153	0.000087983986
2.140799999237	-0.002045808127
2.142400026321	-0.001871392131
2.144000053406	-0.001723856200
2.145599842072	-0.003948048223
2.147199869156	-0.002042480279
2.148799896240	-0.001048288075
2.150399923325	-0.003295376198
2.151999950409	-0.001424080110
2.153599977493	-0.002186480211
2.155200004578	-0.001811824157
2.156800031662	-0.001483984059
2.158400058746	-0.002319936175
2.159999847412	-0.003135408275
2.161599874496	-0.001481520128
2.163199901581	-0.001330080093
2.164799928665	-0.003035552334
2.166399955750	-0.000851664052
2.167999982834	-0.000408224034
2.169600009918	-0.002233360196
2.171200037003	-0.001037040143
2.172800064087	-0.001419248176
2.174399852753	-0.000724912039
2.175999879837	-0.002832064172
2.177599906921	-0.003481104271
2.179199934006	-0.001471040072
2.180799961090	-0.002836880274
2.182399988174	-0.003070576349
2.184000015259	-0.000916960067
2.185600042343	-0.001232496114
2.187199831009	-0.002149392152
2.188799858093	-0.002338576131
2.190399885178	-0.002409200184
2.191999912262	-0.001628656173
2.193599939346	-0.001784128137
2.195199966431	-0.002758336253
2.196799993515	-0.001936512184
2.198400020599	-0.000611552037
2.200000047684	-0.002457504161
2.201599836349	-0.001027600025
2.203199863434	-0.000726240105
2.204799890518	-0.002164336154
2.206399917603	-0.000474880042
2.207999944687	-0.000147088023
2.209599971771	-0.001376624103
2.211199998856	-0.001366416109
2.212800025940	-0.002766768215
2.214400053024	-0.001285872073
2.215999841690	-0.001417424064
2.217599868774	-0.002480704337
2.219199895859	-0.001034512068
2.220799922943	-0.002267536242
2.222399950027	-0.002796224318
2.223999977112	-0.000827840122
2.225600004196	-0.001817424200
2.227200031281	-0.002588128205
2.228800058365	-0.000246047974
2.230399847031	-0.001923376112
2.231999874115	-0.002206080128
2.233599901199	-0.002348608105
2.235199928284	-0.001899472089
2.236799955368	-0.001436688122
2.238399982452	-0.002062048297
2.240000009537	-0.001887648134
2.241600036621	-0.000636176090
2.243199825287	-0.001695120125
2.244799852371	-0.002158624120
2.246399879456	-0.001602208125
2.247999906540	-0.003284688340
2.249599933624	-0.002625648165
2.251199960709	-0.001120096073
2.252799987793	-0.003587072250
2.254400014877	-0.001273120055
2.256000041962	-0.002490560291
2.257599830627	-0.002077936195
2.259199857712	-0.000983312144
2.260799884796	-0.002115296200
2.262399911880	-0.002473616274
2.263999938965	-0.001692688209
2.265599966049	-0.001129264128
2.267199993134	-0.001387840137
2.268800020218	-0.001941488124
2.270400047302	-0.002620496089
2.271999835968	-0.001905440236
2.273599863052	-0.002341952175
2.275199890137	-0.000918352103
2.276799917221	-0.002168256091
2.278399944305	-0.001027296064
2.279999971390	-0.001832112088
2.281599998474	-0.002333296230
2.283200025558	0.000522880058
2.284800052643	-0.003528576344
2.286399841309	-0.000545152056
2.287999868393	-0.000831200101
2.289599895477	-0.002426512074
2.291199922562	-0.001692128135
2.292799949646	-0.002090240130
2.294399976730	-0.002694752300
2.296000003815	-0.002225440228
2.297600030899	-0.003415184328
2.299200057983	-0.000965504092
2.300799846649	-0.002728208201
2.302399873734	-0.001950784121
2.303999900818	-0.001889712177
2.305599927902	-0.001533104107
2.307199954987	-0.002072192030
2.308799982071	-0.002019872190
2.310400009155	-0.002663248219
2.312000036240	-0.003941504285
2.313599824905	-0.001502368134
2.315199851990	-0.001497552148
2.316799879074	-0.001804032130
2.318399906158	-0.001295328140
2.319999933243	-0.003457376268
2.321599960327	-0.002001040149
2.323199987411	-0.001525552128
2.324800014496	-0.002517520217
2.326400041580	-0.003035728354
2.327999830246	-0.003053008113
2.329599857330	-0.003250832204
2.331199884415	-0.000894720084
2.332799911499	-0.002287776209
2.334399938583	-0.003360208357
2.335999965668	-0.001388240140
2.337599992752	-0.003009888344
2.339200019836	-0.001771904179
2.340800046921	-0.003003072226
2.342399835587	-0.002645504195
2.343999862671	-0.000615024008
2.345599889755	-0.004177216440
2.347199916840	-0.002779040253
2.348799943924	-0.000771056046
2.350399971008	-0.001334144035
2.351999998093	-0.002488432219
2.353600025177	-0.002724592341
2.355200052261	-0.001230736147
2.356799840927	-0.001082400093
2.358399868011	-0.003280480392
2.359999895096	-0.001385360141
2.361599922180	-0.002715312177
2.363199949265	-0.003492944175
2.364799976349	-0.004010768142
2.366400003433	-0.002381936181
2.368000030518	-0.002901584143
2.369600057602	-0.002612224082
2.371199846268	-0.001619616058
2.372799873352	-0.001864128164
2.374399900436	-0.001471120166
2.375999927521	-0.001305088168
2.377599954605	-0.002152160276
2.379199981689	-0.002407632302
2.380800008774	-0.003345632227
2.382400035858	-0.002567088231
2.383999824524	-0.002815328306
2.385599851608	-0.001262112055
2.387199878693	-0.002765488345
2.388799905777	-0.001144144102
2.390399932861	-0.001953504048
2.391999959946	-0.003468848299
2.393599987030	-0.000659216021
2.395200014114	-0.001922528143
2.396800041199	-0.003537376178
2.398399829865	-0.003273824230
2.399999856949	-0.001589520136
2.401599884033	-0.001475680154
2.403199911118	-0.002241072245
2.404799938202	-0.002460256219
2.406399965286	0.000190816005
2.407999992371	-0.002601952292
2.409600019455	-0.001202384126
2.411200046539	-0.001078160130
2.412799835205	-0.003421856323
2.414399862289	-0.001623136108
2.415999889374	-0.001572512090
2.417599916458	-0.001071312116
2.419199943542	-0.002770160325
2.420799970627	-0.003328016261
2.422399997711	-0.001908544218
2.424000024796	-0.002580976114
2.425600051880	-0.001772944117
2.427199840546	-0.000950240064
2.428799867630	-0.001384656061
2.430399894714	-0.001185296103
2.431999921799	-0.002467184328
2.433599948883	-0.002238080138
2.435199975967	-0.002814416308
2.436800003052	-0.002544736257
2.438400030136	-0.002429056214
2.440000057220	-0.001036480069
2.441599845886	-0.001578416093
2.443199872971	-0.002666800283
2.444799900055	-0.001294288086
2.446399927139	-0.001477040118
2.447999954224	-0.002884368179
2.449599981308	-0.002600608161
2.451200008392	-0.002507344121
2.452800035477	-0.000530672027
2.454399824142	-0.001256192103
2.455999851227	-0.003610128304
2.457599878311	-0.001419760170
2.459199905396	-0.002240960253
2.460799932480	-0.002810416277
2.462399959564	-0.002702448284
2.463999986649	-0.002229664242
2.465600013733	-0.003419856308
2.467200040817	-0.002489200328
2.468799829483	-0.001618032111
2.470399856567	-0.001555504161
2.471999883652	-0.000512880099
2.473599910736	-0.002008768264
2.475199937820	-0.003396656364
2.476799964905	-0.001760768122
2.478399991989	-0.001009568106
2.480000019073	-0.001551952097
2.481600046158	-0.001535056159
2.483199834824	-0.002221504226
2.484799861908	-0.002550480189
2.486399888992	-0.001991472207
2.487999916077	-0.004437456373
2.489599943161	-0.001436688122
2.491199970245	-0.001711168094
2.492799997330	-0.002209568163
2.494400024414	-0.002134496113
2.496000051498	-0.002251984319
2.497599840164	-0.002250992227
2.499199867249	-0.003418672364
2.500799894333	-0.002516000299
2.502399921417	-0.000280400011
2.503999948502	-0.002014128258
2.505599975586	-0.003561264370
2.507200002670	-0.001978240209
2.508800029755	-0.002367920242
2.510399818420	-0.004195888527
2.511999845505	-0.000731120002
2.513599872589	-0.001404720126
2.515199899673	-0.003508544294
2.516799926758	-0.002411744092
2.518399953842	-0.000126367959
2.519999980927	-0.003211616306
2.521600008011	-0.002944096224
2.523200035095	-0.001898752176
2.524799823761	-0.002145168139
2.526399850845	-0.003104336327
2.527999877930	-0.003928528167
2.529599905014	-0.000665344065
2.531199932098	-0.003106752178
2.532799959183	-0.002884848276
2.534399986267	-0.002491792198
2.536000013351	-0.003291600384
2.537600040436	-0.003113040235
2.539199829102	-0.001902256161
2.540799856186	-0.001783520100
2.542399883270	-0.003239824204
2.543999910355	-0.002174496185
2.545599937439	-0.003394768341
2.547199964523	-0.001534544164
2.548799991608	-0.003986640368
2.550400018692	-0.003713792190
2.552000045776	-0.002780944109
2.553599834442	-0.001695920131
2.555199861526	-0.002840800211
2.556799888611	-0.002339216182
2.558399915695	-0.000834416132
2.559999942780	-0.002413408132
2.561599969864	-0.003159520216
2.563199996948	-0.003519680351
2.564800024033	-0.003332624212
2.566400051117	-0.000510576065
2.567999839783	-0.001817696146
2.569599866867	-0.002662672196
2.571199893951	-0.002897792263
2.572799921036	-0.004211200401
2.574399948120	-0.003202240216
2.575999975204	-0.002086896216
2.577600002289	-0.003810432274
2.579200029373	-0.002575968159
2.580799818039	-0.003004928352
2.582399845123	-0.002442816272
2.583999872208	-0.003437408246
2.585599899292	-0.002606496215
2.587199926376	-0.002304224297
2.588799953461	-0.003898640396
2.590399980545	-0.001651120139
2.592000007629	-0.001843488193
2.593600034714	-0.002801792230
2.595199823380	-0.004536144435
2.596799850464	-0.002140144119
2.598399877548	-0.002778384136
2.599999904633	-0.002740192227
2.601599931717	-0.001841424149
2.603199958801	-0.003394608386
2.604799985886	-0.001955328044
2.606400012970	-0.001923984149
2.608000040054	-0.001655984088
2.609599828720	-0.002068496076
2.611199855804	-0.003989984281
2.612799882889	-0.004593616351
2.614399909973	-0.001905312180
2.615999937057	-0.002604320180
2.617599964142	-0.002526624361
2.619199991226	-0.001388752135
2.620800018311	-0.004293856211
2.622400045395	-0.002396688098
2.623999834061	-0.001864704187
2.625599861145	-0.003120768350
2.627199888229	-0.000460208073
2.628799915314	-0.002940112259
2.630399942398	-0.004661872517
2.631999969482	-0.000483248063
2.633599996567	-0.001803744119
2.635200023651	-0.001911888132
2.636800050735	-0.002029472264
2.638399839401	-0.003861984471
2.639999866486	-0.001606320147
2.641599893570	-0.002718272153
2.643199920654	-0.001264432096
2.644799947739	-0.002524112118
2.646399974823	-0.002400176134
2.648000001907	-0.001303312136
2.649600028992	-0.003033056157
2.651199817657	-0.002505296143
2.652799844742	-0.003047664184
2.654399871826	-0.001525008120
2.655999898911	-0.003227744251
2.657599925995	-0.002251872094
2.659199953079	-0.000679824036
2.660799980164	-0.002883552341
2.662400007248	-0.002333344193
2.664000034332	-0.003243264277
2.665599822998	-0.000996352057
2.667199850082	-0.003465440357
2.668799877167	-0.002025504131
2.670399904251	-0.004561968613
2.671999931335	-0.002604768146
2.673599958420	-0.001003968064
2.675199985504	-0.002835312160
2.676800012589	-0.002692416310
2.678400039673	-0.001681600115
2.679999828339	-0.003544320352
2.681599855423	-0.002714928240
2.683199882507	-0.001468544127
2.684799909592	-0.000757024041
2.686399936676	-0.003969248384
2.687999963760	-0.003376544220
2.689599990845	-0.001291104127
2.691200017929	-0.001848000218
2.692800045013	-0.002998208161
2.694399833679	-0.000913552067
2.695999860764	-0.002954864176
2.697599887848	-0.002349360147
2.699199914932	-0.001676288201
2.700799942017	-0.001204224071
2.702399969101	-0.001784912194
2.703999996185	-0.003875216236
2.705600023270	-0.004634272307
2.707200050354	-0.001156864106
2.708799839020	-0.001826128224
2.710399866104	-0.003726432333
2.711999893188	-0.001858320087
2.713599920273	-0.003164912108
2.715199947357	-0.002055760240
2.716799974442	-0.001489024144
2.718400001526	-0.003798768390
2.720000028610	-0.002667216118
2.721599817276	-0.001972352155
2.723199844360	-0.001244208077
2.724799871445	-0.002477040282
2.726399898529	-0.003205632325
2.727999925613	-0.002948848298
2.729599952698	-0.002476272173
2.731199979782	-0.002555536339
2.732800006866	-0.003545104293
2.734400033951	-0.002828304190
2.735999822617	-0.003532112343
2.737599849701	-0.001723712077
2.739199876785	-0.003731312230
2.740799903870	-0.003257024335
2.742399930954	-0.002384304302
2.743999958038	-0.002194784116
2.745599985123	-0.003322864184
2.747200012207	-0.001977728214
2.748800039291	-0.002204496181
2.750399827957	-0.003109808313
2.751999855042	-0.002458464121
2.753599882126	-0.002457488328
2.755199909210	-0.002853664337
2.756799936295	-0.002900448162
2.758399963379	-0.003465888323
2.759999990463	-0.002993056318
2.761600017548	-0.003606720362
2.763200044632	-0.004207936116
2.764799833298	-0.002197984140
2.766399860382	-0.001374048064
2.767999887466	-0.004104400519
2.769599914551	-0.001710192184
2.771199941635	-0.002116000280
2.772799968719	-0.005432960577
2.774399995804	-0.002604416339
2.776000022888	-0.003528352361
2.777599811554	-0.003751792246
2.779199838638	-0.003627552418
2.780799865723	-0.003020240227
2.782399892807	-0.004185104277
2.783999919891	-0.002351664240
2.785599946976	-0.005160256289
2.787199974060	-0.001940736198
2.788800001144	-0.002816480352
2.790400028229	-0.002334480174
2.791999816895	-0.003615552327
2.793599843979	-0.003593696281
2.795199871063	-0.001860080170
2.796799898148	-0.002127312124
2.798399925232	-0.002232880099
2.799999952316	-0.003017440205
2.801599979401	-0.003347120248
2.803200006485	-0.004649248440
2.804800033569	-0.002305952134
2.806399822235	-0.002700736281
2.807999849319	-0.003205520334
2.809599876404	-0.003189584240
2.811199903488	-0.002468896098
2.812799930573	-0.003831648268
2.814399957657	-0.001821280108
2.815999984741	-0.000843264046
2.817600011826	-0.003954368178
2.819200038910	-0.003098224290
2.820799827576	-0.002978496253
2.822399854660	-0.002838176209
2.823999881744	-0.004014384467
2.825599908829	-0.003217088291
2.827199935913	-0.002725712257
2.828799962997	-0.004333584569
2.830399990082	-0.002838224173
2.832000017166	-0.004195648246
2.833600044250	-0.002315296093
2.835199832916	-0.003655296285
2.836799860001	-0.002975648269
2.838399887085	-0.003212864278
2.839999914169	-0.003735088278
2.841599941254	-0.002980880206
2.843199968338	-0.004439104348
2.844799995422	-0.001202880056
2.846400022507	-0.003088432364
2.847999811172	-0.003175248159
2.849599838257	-0.003126464318
2.851199865341	-0.005208560266
2.852799892426	-0.002788224258
2.854399919510	-0.001183344168
2.855999946594	-0.002678896300
2.857599973679	-0.003891104367
2.859200000763	-0.001973344013
2.860800027847	-0.003963216208
2.862399816513	-0.003403424285
2.863999843597	-0.002925968263
2.865599870682	-0.001987184165
2.867199897766	-0.002932000207
2.868799924850	-0.003402480157
2.870399951935	-0.002212080173
2.871999979019	-0.002141024219
2.873600006104	-0.002369344234
2.875200033188	-0.003478976199
2.876799821854	-0.002353712218
2.878399848938	-0.002630928298
2.879999876022	-0.001680864138
2.881599903107	-0.002199024195
2.883199930191	-0.003403488314
2.884799957275	-0.003669920377
2.886399984360	-0.004640448373
2.888000011444	-0.002084512264
2.889600038528	-0.002100160113
2.891199827194	-0.003213472199
2.892799854279	-0.003458976280
2.894399881363	-0.003096704138
2.895999908447	-0.004824736621
2.897599935532	-0.000240175999
2.899199962616	-0.003023872152
2.900799989700	-0.004077616148
2.902400016785	-0.002336128149
2.904000043869	-0.003554800292
2.905599832535	-0.002380128251
2.907199859619	-0.002711120294
2.908799886703	-0.002802112373
2.910399913788	-0.003273776267
2.911999940872	-0.002679792233
2.913599967957	-0.003175008344
2.915199995041	-0.002421824262
2.916800022125	-0.002833440201
2.918399810791	-0.001790848095
2.919999837875	-0.004437712487
2.921599864960	-0.003310992382
2.923199892044	-0.002658032114
2.924799919128	-0.001485184068
2.926399946213	-0.003487056121
2.927999973297	-0.002369376132
2.929600000381	-0.001928320155
2.931200027466	-0.002744320314
2.932799816132	-0.002810160164
2.934399843216	-0.002877536230
2.935999870300	-0.002226640237
2.937599897385	-0.003707136260
2.939199924469	-0.002313264180
2.940799951553	-0.002698912285
2.942399978638	-0.003179968335
2.944000005722	-0.003170176409
2.945600032806	-0.003350288374
2.947199821472	-0.003927088343
2.948799848557	-0.002566880081
2.950399875641	-0.003487408394
2.951999902725	-0.001849696157
2.953599929810	-0.001142896130
2.955199956894	-0.003263776191
2.956799983978	-0.002102384111
2.958400011063	-0.003137840191
2.960000038147	-0.004552736413
2.961599826813	-0.002043200191
2.963199853897	-0.002099216217
2.964799880981	-0.001893296139
2.966399908066	-0.002713424386
2.967999935150	-0.003035968170
2.969599962234	-0.002966816304
2.971199989319	-0.001682112110
2.972800016403	-0.003144032322
2.974400043488	-0.002493696287
2.975999832153	-0.001894256216
2.977599859238	-0.002031008247
2.979199886322	-0.004043088295
2.980799913406	-0.005288320594
2.982399940491	-0.002569168340
2.983999967575	-0.003839008277
2.985599994659	-0.004113952164
2.987200021744	-0.002275264123
2.988799810410	-0.004239360336
2.990399837494	-0.002953296294
2.991999864578	-0.002969248220
2.993599891663	-0.003527968191
2.995199918747	-0.000774912070
2.996799945831	-0.004925968591
2.998399972916	-0.003619376337
3.000000000000	-0.004092272371
3.001600027084	-0.002700016135
3.003199815750	-0.004039952531
3.004799842834	-0.004514800385
3.006399869919	-0.002716544084
3.007999897003	-0.002122880192
3.009599924088	-0.001774912118
3.011199951172	-0.003475952195
3.012799978256	-0.003802528372
3.014400005341	-0.003581264289
3.016000032425	-0.003805264365
3.017599821091	-0.002717952244
3.019199848175	-0.002357824240
3.020799875259	-0.004353280179
3.022399902344	-0.002892112359
3.023999929428	-0.000431744062
3.025599956512	-0.003539136378
3.027199983597	-0.003507872345
3.028800010681	-0.002131232293
3.030400037766	-0.003355408320
3.031999826431	-0.002142416080
3.033599853516	-0.004132432397
3.035199880600	-0.002545632189
3.036799907684	-0.003231744282
3.038399934769	-0.003547696397
3.039999961853	-0.001277184114
3.041599988937	-0.003478672355
3.043200016022	-0.004278176464
3.044799804687	-0.003076432273
3.046399831772	-0.001716832165
3.047999858856	-0.002748880303
3.049599885941	-0.002496096306
3.051199913025	-0.002609600080
3.052799940109	-0.004239968490
3.054399967194	-0.003134176135
3.055999994278	-0.003757424420
3.057600021362	-0.002668080153
3.059199810028	-0.004233696498
3.060799837112	-0.003887136234
3.062399864197	-0.000200992014
3.063999891281	-0.002334000310
3.065599918365	-0.004138736520
3.067199945450	-0.003662784351
3.068799972534	-0.002684864216
3.070399999619	-0.003528176341
3.072000026703	-0.003734800266
3.073599815369	-0.003009904176
3.075199842453	-0.001907584141
3.076799869537	-0.002055040095
3.078399896622	-0.002756752307
3.079999923706	-0.002558016218
3.081599950790	-0.003767280374
3.083199977875	-0.002512720181
3.084800004959	-0.003260432277
3.086400032043	-0.004594320431
3.087999820709	-0.004850688390
3.089599847794	-0.003898000345
3.091199874878	-0.002501792042
3.092799901962	-0.003191520227
3.094399929047	-0.003179808147
3.095999956131	-0.004250464495
3.097599983215	-0.003853024449
3.099200010300	-0.002453136258
3.100800037384	-0.003828016343
3.102399826050	-0.003196000122
3.103999853134	-0.005051344633
3.105599880219	-0.003584336257
3.107199907303	-0.002231776249
3.108799934387	-0.003069104394
3.110399961472	-0.003970720340
3.111999988556	-0.004107280169
3.113600015640	-0.003841072321
3.115199804306	-0.003298352240
3.116799831390	-0.002143248217
3.118399858475	-0.002387824235
3.119999885559	-0.001884928206
3.121599912643	-0.002807024168
3.123199939728	-0.005157456268
3.124799966812	-0.003924272489
3.126399993896	-0.003070960287
3.128000020981	-0.004032224417
3.129599809647	-0.002186608035
3.131199836731	-0.002151168184
3.132799863815	-0.002989744302
3.134399890900	-0.003288448323
3.135999917984	-0.004731296562
3.137599945068	-0.001509040128
3.139199972153	-0.002532720333
3.140799999237	-0.004184256308
3.142400026321	-0.001977776177
3.143999814987	-0.002705904189
3.145599842072	-0.003673712257
3.147199869156	-0.003013200127
3.148799896240	-0.002979216166
3.150399923325	-0.002624512184
3.151999950409	-0.004501456395
3.153599977493	-0.003773616394
3.155200004578	-0.002215984277
3.156800031662	-0.004622592591
3.158399820328	-0.003949056379
3.159999847412	-0.001858224161
3.161599874496	-0.004217248410
3.163199901581	-0.003863008227
3.164799928665	-0.003379968228
3.166399955750	-0.003312720219
3.167999982834	-0.003909888212
3.169600009918	-0.001587872161
3.171200037003	-0.002758928342
3.172799825668	-0.003186864313
3.174399852753	-0.002504144097
3.175999879837	-0.002906016307
3.177599906921	-0.003770496231
3.179199934006	-0.003323344281
3.180799961090	-0.003484128276
3.182399988174	-0.004073056392
3.184000015259	-0.002759392140
3.185599803925	-0.002148320200
3.187199831009	-0.002440272132
3.188799858093	-0.002528032288
3.190399885178	-0.002430656226
3.191999912262	-0.003923952579
3.193599939346	-0.003071008250
3.195199966431	-0.003807472298
3.196799993515	-0.003213968361
3.198400020599	-0.003020256292
3.199999809265	-0.001198512153
3.201599836349	-0.002547600307
3.203199863434	-0.003524640342
3.204799890518	-0.001462576096
3.206399917603	-0.002555744257
3.207999944687	-0.004932784475
3.209599971771	-0.001708736178
3.211199998856	-0.002255648142
3.212800025940	-0.004110528156
3.214399814606	-0.002587536117
3.215999841690	-0.002647152171
3.217599868774	-0.003536224365
3.219199895859	-0.002394176321
3.220799922943	-0.004350464325
3.222399950027	-0.003171280259
3.223999977112	-0.003960432485
3.225600004196	-0.002737504197
3.227200031281	-0.003139344277
3.228799819946	-0.003131904174
3.230399847031	-0.003300080309
3.231999874115	-0.003454064252
3.233599901199	-0.003373264335
3.235199928284	-0.003060768358
3.236799955368	-0.003830624279
3.238399982452	-0.003104384290
3.240000009537	-0.002796960296
3.241600036621	-0.003299648175
3.243199825287	-0.003250432201
3.244799852371	-0.001581264194
3.246399879456	-0.003608320374
3.247999906540	-0.004095600452
3.249599933624	-0.001661952119
3.251199960709	-0.003326800186
3.252799987793	-0.004394320305
3.254400014877	-0.002070304239
3.255999803543	-0.005046096630
3.257599830627	-0.003902016440
3.259199857712	-0.004213760141
3.260799884796	-0.003105360316
3.262399911880	-0.002161488170
3.263999938965	-0.002926064190
3.265599966049	-0.003558464348
3.267199993134	-0.003511664225
3.268800020218	-0.004517696332
3.270399808884	-0.002294912236
3.271999835968	-0.002902192296
3.273599863052	-0.003116000211
3.275199890137	-0.003522160230
3.276799917221	-0.002745168284
3.278399944305	-0.005009056535
3.279999971390	-0.001858768170
3.281599998474	-0.004598752130
3.283200025558	-0.002664208179
3.284799814224	-0.003598688403
3.286399841309	-0.005224272609
3.287999868393	-0.003955568187
3.289599895477	-0.002448032144
3.291199922562	-0.003836784279
3.292799949646	-0.002588416217
3.294399976730	-0.003441376146
3.296000003815	-0.007100736722
3.297600030899	-0.002415888244
3.299199819565	-0.002152896253
3.300799846649	-0.004540480208
3.302399873734	-0.002402640181
3.303999900818	-0.002576896222
3.305599927902	-0.003178080311
3.307199954987	-0.002921888139
3.308799982071	-0.003344784258
3.310400009155	-0.004438640550
3.311999797821	-0.004500560462
3.313599824905	-0.002283200156
3.315199851990	-0.002717808122
3.316799879074	-0.003091632156
3.318399906158	-0.003785728244
3.319999933243	-0.005529264454
3.321599960327	-0.002334432211
3.323199987411	-0.003094640328
3.324800014496	-0.004274064209
3.326399803162	-0.003562160302
3.327999830246	-0.004058640450
3.329599857330	-0.001911920146
3.331199884415	-0.003156480379
3.332799911499	-0.002531952225
3.334399938583	-0.002603056142
3.335999965668	-0.005419472232
3.337599992752	-0.002509456128
3.339200019836	-0.004278112203
3.340799808502	-0.004269152414
3.342399835587	-0.003704208415
3.343999862671	-0.003076624125
3.345599889755	-0.005224768538
3.347199916840	-0.002593520330
3.348799943924	-0.002604656154
3.350399971008	-0.003450448159
3.351999998093	-0.004608432297
3.353600025177	-0.003495072247
3.355199813843	-0.005241232459
3.356799840927	-0.005195920356
3.358399868011	-0.003375792410
3.359999895096	-0.003215728328
3.361599922180	-0.003435856197
3.363199949265	-0.003867680207
3.364799976349	-0.002534400206
3.366400003433	-0.004608384334
3.368000030518	-0.003073792206
3.369599819183	-0.003330720356
3.371199846268	-0.003682784270
3.372799873352	-0.003193648299
3.374399900436	-0.005235840566
3.375999927521	-0.002748624189
3.377599954605	-0.003768336261
3.379199981689	-0.003370736260
3.380800008774	-0.003378528170
3.382399797440	-0.005274752621
3.383999824524	-0.004710160196
3.385599851608	-0.005146560259
3.387199878693	-0.002218384296
3.388799905777	-0.003222512314
3.390399932861	-0.003513120348
3.391999959946	-0.003194464371
3.393599987030	-0.004205760546
3.395200014114	-0.003545472166
3.396799802780	-0.003812336363
3.398399829865	-0.003036208218
3.399999856949	-0.004794528242
3.401599884033	-0.003730688244
3.403199911118	-0.004759136587
3.404799938202	-0.003300720360
3.406399965286	-0.004446480423
3.407999992371	-0.001818048186
3.409600019455	-0.002891616197
3.411199808121	-0.004205328412
3.412799835205	-0.002501952229
3.414399862289	-0.003174176207
3.415999889374	-0.003179424210
3.417599916458	-0.002910976298
3.419199943542	-0.003201376414
3.420799970627	-0.004124128260
3.422399997711	-0.002342000138
3.424000024796	-0.005426944699
3.425599813461	-0.003970544320
3.427199840546	-0.003267120337
3.428799867630	-0.004360064398
3.430399894714	-0.001620448194
3.431999921799	-0.004454000387
3.433599948883	-0.005074976478
3.435199975967	-0.003218208207
3.436800003052	-0.002501120325
3.438400030136	-0.002065728186
3.439999818802	-0.003372144187
3.441599845886	-0.003767760238
3.443199872971	-0.002907216316
3.444799900055	-0.004195776302
3.446399927139	-0.003404240357
3.447999954224	-0.003754288424
3.449599981308	-0.004465040285
3.451200008392	0.006081120577
