0.000000000000	0.012758305296
0.001599999960	0.011101184413
0.003199999919	0.013636944816
0.004799999762	0.013621360995
0.006399999838	0.012500224635
0.007999999449	0.013081440702
0.009599999525	0.013712689281
0.011199999601	0.013812209480
0.012799999677	0.013236625120
0.014399999753	0.012910577469
0.015999998897	0.014266769402
0.017599999905	0.014178881422
0.019199999049	0.013145585544
0.020800000057	0.012419953011
0.022399999201	0.013137409464
0.024000000209	0.013034912758
0.025599999353	0.013807041571
0.027199998498	0.010799136944
0.028799999505	0.014002929442
0.030399998650	0.013100417331
0.031999997795	0.012235729024
0.033599998802	0.011399089359
0.035199999809	0.012075137347
0.036800000817	0.011719601229
0.038399998099	0.013066897169
0.039999999106	0.012093809433
0.041600000113	0.011913392693
0.043199997395	0.013324833475
0.044799998403	0.012289281003
0.046399999410	0.011152816936
0.048000000417	0.012803968973
0.049599997699	0.012190384790
0.051199998707	0.013061248697
0.052799999714	0.011806016788
0.054399996996	0.012053664774
0.055999998003	0.011874657124
0.057599999011	0.012506352738
0.059200000018	0.010912881233
0.060799997300	0.011653873138
0.062399998307	0.012265184894
0.063999995589	0.011485680938
0.065600000322	0.012362944894
0.067199997604	0.010766817257
0.068799994886	0.010728145018
0.070399999619	0.012147952802
0.071999996901	0.009174512699
0.073600001633	0.012782896869
0.075199998915	0.012130864896
0.076799996197	0.009905264713
0.078400000930	0.010282688774
0.079999998212	0.011404464953
0.081599995494	0.012059489265
0.083200000226	0.011018944904
0.084799997509	0.010791968554
0.086399994791	0.011533360928
0.087999999523	0.010952993296
0.089599996805	0.011093664914
0.091199994087	0.010367008857
0.092799998820	0.009777984582
0.094399996102	0.010096848942
0.096000000834	0.011570672505
0.097599998116	0.011651856825
0.099199995399	0.010569232516
0.100800000131	0.011125569232
0.102399997413	0.012001088820
0.103999994695	0.009025536478
0.105599999428	0.012181185186
0.107199996710	0.012360032648
0.108799993992	0.011089201085
0.110399998724	0.010584672913
0.111999996006	0.011190544814
0.113600000739	0.011562673375
0.115199998021	0.010958832689
0.116799995303	0.010337441228
0.118400000036	0.010944561101
0.119999997318	0.011467200704
0.121599994600	0.010385280475
0.123199999332	0.011385264806
0.124799996614	0.008900608867
0.126399993896	0.011063041165
0.127999991179	0.010314448737
0.129600003362	0.009952608496
0.131200000644	0.008478848264
0.132799997926	0.010850977153
0.134399995208	0.009028544649
0.135999992490	0.010535072535
0.137599989772	0.009075232781
0.139200001955	0.010822145268
0.140799999237	0.010421104729
0.142399996519	0.009268256836
0.143999993801	0.010413073003
0.145599991083	0.010996241122
0.147200003266	0.010066176765
0.148800000548	0.010293777101
0.150399997830	0.009043488652
0.151999995112	0.010252593085
0.153599992394	0.009030864574
0.155199989676	0.010180736892
0.156800001860	0.009511425160
0.158399999142	0.011076577008
0.159999996424	0.009884593077
0.161599993706	0.010152000934
0.163199990988	0.009327280335
0.164800003171	0.009020784870
0.166400000453	0.009725824930
0.167999997735	0.009862736799
0.169599995017	0.009605633095
0.171199992299	0.010234449059
0.172799989581	0.009747968987
0.174400001764	0.009918000549
0.175999999046	0.009392448701
0.177599996328	0.008914416656
0.179199993610	0.008461264893
0.180799990892	0.010506737046
0.182399988174	0.008809344843
0.184000000358	0.010352160782
0.185599997640	0.007998320274
0.187199994922	0.007482080720
0.188799992204	0.008165168576
0.190399989486	0.009590945207
0.192000001669	0.008528321050
0.193599998951	0.008137216792
0.195199996233	0.009495840408
0.196799993515	0.008827616461
0.198399990797	0.010195137002
0.199999988079	0.008679776452
0.201600000262	0.009974816814
0.203199997544	0.009232672863
0.204799994826	0.008012080565
0.206399992108	0.008982352912
0.207999989390	0.009524544701
0.209600001574	0.008955584839
0.211199998856	0.009067457169
0.212799996138	0.010084561072
0.214399993420	0.008808688261
0.215999990702	0.009823264554
0.217599987984	0.008449488319
0.219200000167	0.009630960412
0.220799997449	0.008508096449
0.222399994731	0.008976480924
0.223999992013	0.008281664923
0.225599989295	0.009184977040
0.227200001478	0.007598464843
0.228799998760	0.009455952793
0.230399996042	0.008311216719
0.231999993324	0.007907425053
0.233599990606	0.010235984810
0.235199987888	0.009124512784
0.236800000072	0.008558256552
0.238399997354	0.008102608845
0.239999994636	0.007632832509
0.241599991918	0.006944832392
0.243199989200	0.008808016777
0.244799986482	0.009124352597
0.246399998665	0.008753232658
0.247999995947	0.009034369141
0.249599993229	0.007656400558
0.251199990511	0.008232160471
0.252799987793	0.008554561064
0.254399985075	0.007189856842
0.255999982357	0.008511040360
0.257599979639	0.007470400538
0.259200006723	0.007497312501
0.260800004005	0.008735041134
0.262400001287	0.008552096784
0.263999998569	0.009614896961
0.265599995852	0.008680080995
0.267199993134	0.007459312677
0.268799990416	0.008599712513
0.270399987698	0.009089088999
0.271999984980	0.008533712476
0.273599982262	0.007034112699
0.275199979544	0.007377712522
0.276800006628	0.008405616507
0.278400003910	0.007673504762
0.280000001192	0.007969120517
0.281599998474	0.007476208732
0.283199995756	0.008770928718
0.284799993038	0.009359840304
0.286399990320	0.009174496867
0.287999987602	0.007917569019
0.289599984884	0.007105984725
0.291199982166	0.007855664939
0.292799979448	0.008554720320
0.294400006533	0.008644096553
0.296000003815	0.006833248772
0.297600001097	0.007415616419
0.299199998379	0.008552720770
0.300799995661	0.008878832683
0.302399992943	0.008226208389
0.303999990225	0.009235520847
0.305599987507	0.008237456903
0.307199984789	0.006793616340
0.308799982071	0.007808240596
0.310399979353	0.008650400676
0.312000006437	0.007620240562
0.313600003719	0.006118480582
0.315200001001	0.007216512691
0.316799998283	0.009019488469
0.318399995565	0.007011872716
0.319999992847	0.007903872989
0.321599990129	0.007278928533
0.323199987411	0.008156736381
0.324799984694	0.009219232947
0.326399981976	0.008805728517
0.327999979258	0.006949376781
0.329600006342	0.007132384460
0.331200003624	0.007922817022
0.332800000906	0.007507216651
0.334399998188	0.006974608637
0.335999995470	0.005868480541
0.337599992752	0.007806992624
0.339199990034	0.007737632841
0.340799987316	0.007429360412
0.342399984598	0.007710960694
0.343999981880	0.007541216444
0.345599979162	0.007411088794
0.347199976444	0.007006816566
0.348800003529	0.007520640735
0.350400000811	0.007479136810
0.351999998093	0.006933712400
0.353599995375	0.008496209048
0.355199992657	0.006928848568
0.356799989939	0.006810352672
0.358399987221	0.007062496617
0.359999984503	0.008818288334
0.361599981785	0.007331088651
0.363199979067	0.005968912505
0.364799976349	0.005721344613
0.366400003433	0.007391344756
0.368000000715	0.006745504681
0.369599997997	0.005914112553
0.371199995279	0.008386208676
0.372799992561	0.006410400383
0.374399989843	0.005191840231
0.375999987125	0.008700432256
0.377599984407	0.007503888570
0.379199981689	0.005424032453
0.380799978971	0.006777296308
0.382399976254	0.005783328321
0.384000003338	0.006149056368
0.385600000620	0.005379104521
0.387199997902	0.006297984626
0.388799995184	0.007306496613
0.390399992466	0.006875216495
0.391999989748	0.006358352490
0.393599987030	0.006316784304
0.395199984312	0.007941616699
0.396799981594	0.005749856587
0.398399978876	0.007264496759
0.399999976158	0.007775328588
0.401600003242	0.005699792411
0.403200000525	0.006828736514
0.404799997807	0.005164608359
0.406399995089	0.005852976348
0.407999992371	0.006459984463
0.409599989653	0.006598944310
0.411199986935	0.006621808745
0.412799984217	0.007417856716
0.414399981499	0.006469120737
0.415999978781	0.008328480646
0.417599976063	0.008576272987
0.419200003147	0.005160704255
0.420800000429	0.005056432448
0.422399997711	0.006037776358
0.423999994993	0.006684800610
0.425599992275	0.007416640408
0.427199989557	0.004825424403
0.428799986839	0.006385056302
0.430399984121	0.007199344691
0.431999981403	0.006759840529
0.433599978685	0.006645376794
0.435199975967	0.007046896499
0.436800003052	0.005095888395
0.438400000334	0.006195808295
0.439999997616	0.005170448218
0.441599994898	0.006198624615
0.443199992180	0.006125808693
0.444799989462	0.005951888394
0.446399986744	0.005854624324
0.447999984026	0.005844000261
0.449599981308	0.005456080660
0.451199978590	0.007301264443
0.452799975872	0.005371968262
0.454400002956	0.005422400311
0.456000000238	0.005680112634
0.457599997520	0.003940448165
0.459199994802	0.004535856191
0.460799992085	0.006346624345
0.462399989367	0.005744752474
0.463999986649	0.004987888504
0.465599983931	0.005167408381
0.467199981213	0.005896944553
0.468799978495	0.004951392300
0.470399975777	0.005663792603
0.472000002861	0.004725152161
0.473600000143	0.005990576465
0.475199997425	0.006837056484
0.476799994707	0.005202160217
0.478399991989	0.006300000474
0.479999989271	0.006057728548
0.481599986553	0.005930256564
0.483199983835	0.005304128397
0.484799981117	0.006562928669
0.486399978399	0.005455536302
0.487999975681	0.004532432184
0.489599972963	0.005527984351
0.491200000048	0.006245728582
0.492799997330	0.006726224441
0.494399994612	0.006676352583
0.495999991894	0.006697488483
0.497599989176	0.004923104309
0.499199986458	0.005569872446
0.500800013542	0.006244880613
0.502399981022	0.005360544659
0.504000008106	0.004272192251
0.505599975586	0.006453664508
0.507200002670	0.003940304276
0.508799970150	0.005759632681
0.510399997234	0.005634000525
0.511999964714	0.005332560278
0.513599991798	0.003905200399
0.515199959278	0.005551616661
0.516799986362	0.005377280526
0.518400013447	0.006746432744
0.519999980927	0.005698128603
0.521600008011	0.005392800551
0.523199975491	0.006691184361
0.524800002575	0.004081952386
0.526399970055	0.005026272498
0.527999997139	0.005311264656
0.529599964619	0.004125264473
0.531199991703	0.005553968251
0.532799959183	0.007100880612
0.534399986267	0.003605984384
0.536000013351	0.005597936455
0.537599980831	0.004262752365
0.539200007915	0.006357056554
0.540799975395	0.005306272302
0.542400002480	0.007373232394
0.543999969959	0.006456816569
0.545599997044	0.004076016136
0.547199964523	0.004055696540
0.548799991608	0.006117152516
0.550399959087	0.004275328480
0.551999986172	0.004388928413
0.553600013256	0.005028672516
0.555199980736	0.005968672689
0.556800007820	0.005781088490
0.558399975300	0.006292160600
0.560000002384	0.006892400328
0.561599969864	0.004913392477
0.563199996948	0.004228768405
0.564799964428	0.005946512334
0.566399991512	0.004767120350
0.567999958992	0.004013200291
0.569599986076	0.004081856459
0.571200013161	0.004742448218
0.572799980640	0.005725920666
0.574400007725	0.004172592424
0.575999975204	0.004414512310
0.577600002289	0.002862576162
0.579199969769	0.006691520568
0.580799996853	0.004756640177
0.582399964333	0.005172752310
0.583999991417	0.005917472299
0.585599958897	0.004464432597
0.587199985981	0.005463856272
0.588800013065	0.005507056601
0.590399980545	0.004027120303
0.592000007629	0.003498000326
0.593599975109	0.004864480346
0.595200002193	0.004703920335
0.596799969673	0.004772416316
0.598399996758	0.007057168521
0.599999964237	0.005108912475
0.601599991322	0.004218352493
0.603199958801	0.004595744424
0.604799985886	0.004729312379
0.606400012970	0.005820992403
0.607999980450	0.004335776437
0.609600007534	0.004767408594
0.611199975014	0.005160144530
0.612800002098	0.004125136416
0.614399969578	0.004847776145
0.615999996662	0.006146720611
0.617599964142	0.004221808165
0.619199991226	0.003355200170
0.620799958706	0.005601904355
0.622399985790	0.005252016243
0.624000012875	0.003181888256
0.625599980354	0.005145392381
0.627200007439	0.003417264204
0.628799974918	0.004220112227
0.630400002003	0.003702992341
0.631999969482	0.003397760214
0.633599996567	0.003827808192
0.635199964046	0.004013552330
0.636799991131	0.003895200323
0.638399958611	0.005628096405
0.639999985695	0.002277072286
0.641600012779	0.004719248507
0.643199980259	0.005535792559
0.644800007343	0.004555296153
0.646399974823	0.003518848214
0.648000001907	0.004721312318
0.649599969387	0.003522832179
0.651199996471	0.002529904246
0.652799963951	0.005219936371
0.654399991035	0.005821216386
0.655999958515	0.004904704634
0.657599985600	0.002843856346
0.659200012684	0.004295152146
0.660799980164	0.004014480393
0.662400007248	0.005253040232
0.663999974728	0.005340896547
0.665600001812	0.003654352156
0.667199969292	0.004471984226
0.668799996376	0.002991248155
0.670399963856	0.004437216558
0.671999990940	0.004499760456
0.673599958420	0.004188272171
0.675199985504	0.002645008266
0.676800012589	0.004909040406
0.678399980068	0.003640352283
0.680000007153	0.003562736325
0.681599974632	0.004191568121
0.683200001717	0.005033232272
0.684799969196	0.004416784272
0.686399996281	0.003100560280
0.687999963760	0.006652752403
0.689599990845	0.004607520532
0.691199958324	0.003118288238
0.692799985409	0.004711632151
0.694399952888	0.003265600186
0.695999979973	0.003052336164
0.697600007057	0.002836224157
0.699199974537	0.003136048326
0.700800001621	0.005054336507
0.702399969101	0.003886960214
0.703999996185	0.005753552541
0.705599963665	0.003883200232
0.707199990749	0.005386080593
0.708799958229	0.003026768332
0.710399985313	0.003250192385
0.711999952793	0.003214048222
0.713599979877	0.004736144096
0.715200006962	0.003861616366
0.716799974442	0.002895040205
0.718400001526	0.002941600280
0.719999969006	0.004950704519
0.721599996090	0.003930560313
0.723199963570	0.004121488426
0.724799990654	0.004519136157
0.726399958134	0.006127504632
0.727999985218	0.004710240290
0.729599952698	0.003803424304
0.731199979782	0.003806240391
0.732800006866	0.005889984313
0.734399974346	0.002452288289
0.736000001431	0.003423760179
0.737599968910	0.002963696374
0.739199995995	0.003918992355
0.740799963474	0.003185136244
0.742399990559	0.002766640158
0.743999958038	0.004776816349
0.745599985123	0.003417824395
0.747199952602	0.003868336324
0.748799979687	0.005356304348
0.750400006771	0.003475952195
0.751999974251	0.004596016370
0.753600001335	0.004594544414
0.755199968815	0.003451984376
0.756799995899	0.002508368110
0.758399963379	0.005650336388
0.759999990463	0.002967328299
0.761599957943	0.003970816266
0.763199985027	0.002610064112
0.764799952507	0.004689552356
0.766399979591	0.004735968541
0.768000006676	0.003554144409
0.769599974155	0.004428304266
0.771200001240	0.003823520383
0.772799968719	0.004053040408
0.774399995804	0.003495472251
0.775999963284	0.004410064314
0.777599990368	0.004707824439
0.779199957848	0.002218000125
0.780799984932	0.004014816135
0.782399952412	0.003317936324
0.783999979496	0.003564992221
0.785600006580	0.003856176278
0.787199974060	0.004593264312
0.788800001144	0.003062688280
0.790399968624	0.005304288585
0.791999995708	0.003980192356
0.793599963188	0.004365168512
0.795199990273	0.002547424287
0.796799957752	0.003594368231
0.798399984837	0.004607280251
0.799999952316	0.001503392123
0.801599979401	0.004054944497
0.803200006485	0.002363584237
0.804799973965	0.002331488300
0.806400001049	0.005836320575
0.807999968529	0.004505888559
0.809599995613	0.002148352098
0.811199963093	0.005012832582
0.812799990177	0.003837856231
0.814399957657	0.002773696091
0.815999984741	0.004581952468
0.817599952221	0.004046944436
0.819199979305	0.002606800059
0.820800006390	0.003554976312
0.822399973869	0.004469664302
0.824000000954	0.003562448313
0.825599968433	0.003388400190
0.827199995518	0.003725648392
0.828799962997	0.004386368208
0.830399990082	0.003371776314
0.831999957561	0.004004768096
0.833599984646	0.004505808465
0.835199952126	0.003668944351
0.836799979210	0.003974784166
0.838400006294	0.003619888332
0.839999973774	0.002675584285
0.841600000858	0.001591664157
0.843199968338	0.005884816404
0.844799995422	0.004496176261
0.846399962902	0.003612992354
0.847999989986	0.003167760326
0.849599957466	0.003643328324
0.851199984550	0.004959152546
0.852799952030	0.003593952162
0.854399979115	0.002814512234
0.856000006199	0.003278144170
0.857599973679	0.002696112264
0.859200000763	0.002624880290
0.860799968243	0.003781056264
0.862399995327	0.002784560202
0.863999962807	0.004014512524
0.865599989891	0.004117856268
0.867199957371	0.005066128448
0.868799984455	0.003024640260
0.870399951935	0.003833312308
0.871999979019	0.002498800168
0.873600006104	0.003721088404
0.875199973583	0.005048544612
0.876800000668	0.002896544291
0.878399968147	0.004956384189
0.879999995232	0.002662880113
0.881599962711	0.003492224263
0.883199989796	0.002075728262
0.884799957275	0.003932352178
0.886399984360	0.004354096483
0.887999951839	0.002116320189
0.889599978924	0.002589888172
0.891200006008	0.004577984568
0.892799973488	0.004270656500
0.894400000572	0.003828080371
0.895999968052	0.003826656379
0.897599995136	0.004005744122
0.899199962616	0.002322032116
0.900799989700	0.003134608269
0.902399957180	0.002355328063
0.903999984264	0.004846464377
0.905599951744	0.002943232190
0.907199978828	0.003102128161
0.908800005913	0.003508976195
0.910399973392	0.003323088167
0.912000000477	0.001973936101
0.913599967957	0.003326832317
0.915199995041	0.003545392305
0.916799962521	0.002091936069
0.918399989605	0.002177360235
0.919999957085	0.004054432269
0.921599984169	0.004069200251
0.923199951649	0.002857056214
0.924799978733	0.003266496351
0.926400005817	0.002678032266
0.927999973297	0.003678224282
0.929600000381	0.001994448248
0.931199967861	0.004467440303
0.932799994946	0.003451520344
0.934399962425	0.002709728200
0.935999989510	0.001968528144
0.937599956989	0.003613840323
0.939199984074	0.004641920328
0.940799951553	0.002172176261
0.942399978638	0.002841424197
0.944000005722	0.003916032147
0.945599973202	0.002251808066
0.947200000286	0.002178224269
0.948799967766	0.004192464519
0.950399994850	0.004737872165
0.951999962330	0.002025696216
0.953599989414	0.003397424240
0.955199956894	0.003679472255
0.956799983978	0.004625216126
0.958399951458	0.003720912384
0.959999978542	0.004867184442
0.961599946022	0.003027824219
0.963199973106	0.002461792203
0.964800000191	0.003573824419
0.966399967670	0.002793216147
0.967999994755	0.003467344213
0.969599962234	0.002339920262
0.971199989319	0.004899360240
0.972799956799	0.002839456312
0.974399983883	0.004097040277
0.975999951363	0.004241952207
0.977599978447	0.003135152161
0.979199945927	0.002742256271
0.980799973011	0.002883776324
0.982400000095	0.003498976352
0.983999967575	0.003078880254
0.985599994659	0.002730896231
0.987199962139	0.002594144084
0.988799989223	0.002735984279
0.990399956703	0.003464384237
0.991999983788	0.001814608113
0.993599951267	0.002217504196
0.995199978352	0.002846352290
0.996799945831	0.002886304166
0.998399972916	0.003685856238
1.000000000000	0.001252160175
1.001600027084	0.002726160223
1.003199934959	0.003689664183
1.004799962044	0.003454528283
1.006399989128	0.003286736319
1.008000016212	0.003058672184
1.009599924088	0.002192544052
1.011199951172	0.001713776146
1.012799978256	0.003240368329
1.014400005341	0.003444736358
1.016000032425	0.004037696403
1.017599940300	0.003950688522
1.019199967384	0.003580448451
1.020799994469	0.002315520309
1.022400021553	0.002635152312
1.023999929428	0.004566960502
1.025599956512	0.003142544301
1.027199983597	0.002303776331
1.028800010681	0.002710928209
1.030399918556	0.003000096185
1.031999945641	0.003913760185
1.033599972725	0.002915312303
1.035199999809	0.002869520336
1.036800026894	0.001035392052
1.038399934769	0.004270400386
1.039999961853	0.003491536248
1.041599988937	0.004046576563
1.043200016022	0.002667936264
1.044799923897	0.002938432153
1.046399950981	0.003033072222
1.047999978065	0.001023008022
1.049600005150	0.002176640090
1.051200032234	0.003740224289
1.052799940109	0.003767792368
1.054399967194	0.002967184177
1.055999994278	0.002516544191
1.057600021362	0.002091168193
1.059199929237	0.002253552200
1.060799956322	0.004368096590
1.062399983406	0.003977632150
1.064000010490	0.003666848410
1.065599918365	0.003528288333
1.067199945450	0.002742928220
1.068799972534	0.001857536146
1.070399999619	0.003198816208
1.072000026703	0.002304816153
1.073599934578	0.002083424246
1.075199961662	0.001573952148
1.076799988747	0.004153696354
1.078400015831	0.002060336294
1.079999923706	0.002007280244
1.081599950790	0.003847296350
1.083199977875	0.002852448262
1.084800004959	0.002271792153
1.086400032043	0.004446496256
1.087999939919	0.002687792294
1.089599967003	0.001920976094
1.091199994087	0.001686928095
1.092800021172	0.002424384234
1.094399929047	0.003543232335
1.095999956131	0.003169072326
1.097599983215	0.001402640133
1.099200010300	0.002271712292
1.100799918175	0.003271936206
1.102399945259	0.002853568178
1.103999972343	0.003799856408
1.105599999428	0.002734704176
1.107200026512	0.002971040085
1.108799934387	0.003331200220
1.110399961472	0.002263072180
1.111999988556	0.002499776194
1.113600015640	0.001406928059
1.115199923515	0.001169472118
1.116799950600	0.004128496163
1.118399977684	0.002251200145
1.120000004768	0.003048720304
1.121599912643	0.002261504298
1.123199939728	0.002492736094
1.124799966812	0.001423744136
1.126399993896	0.002240832197
1.128000020981	0.003167104209
1.129599928856	0.001490192139
1.131199955940	0.001835616189
1.132799983025	0.002103616251
1.134400010109	0.002396352123
1.135999917984	0.000951104099
1.137599945068	0.001319744159
1.139199972153	0.004320128355
1.140799999237	0.002532544313
1.142400026321	0.002771152183
1.143999934196	0.003510096343
1.145599961281	0.004444912542
1.147199988365	0.002743344288
1.148800015450	0.001179536106
1.150399923325	0.002560656285
1.151999950409	0.002529536141
1.153599977493	0.003187376307
1.155200004578	0.002015152248
1.156799912453	0.004133088514
1.158399939537	0.002267920179
1.159999966621	0.001517744153
1.161599993706	0.004148816224
1.163200020790	0.003349600360
1.164799928665	0.002738848329
1.166399955750	0.002602736233
1.167999982834	0.002731088316
1.169600009918	0.001892576111
1.171199917793	0.001132720034
1.172799944878	0.001558672171
1.174399971962	0.003200960346
1.175999999046	0.002421120182
1.177600026131	0.003403776325
1.179199934006	0.003845824394
1.180799961090	0.002139552031
1.182399988174	0.000897840073
1.184000015259	0.003083616262
1.185599923134	0.002167648170
1.187199950218	0.001660896116
1.188799977303	0.003825056367
1.190400004387	0.004055424593
1.191999912262	0.002883264329
1.193599939346	0.003005664330
1.195199966431	0.003266432323
1.196799993515	0.004545440432
1.198400020599	0.000541056041
1.199999928474	0.001509920112
1.201599955559	0.001611184096
1.203199982643	0.003109328216
1.204800009727	0.004262816161
1.206399917603	0.002342624124
1.207999944687	0.000793296029
1.209599971771	0.002785168123
1.211199998856	0.003752352437
1.212800025940	0.002836608328
1.214399933815	0.001315648085
1.215999960899	0.001758640050
1.217599987984	0.002998432145
1.219200015068	0.000930304057
1.220799922943	0.002719040262
1.222399950027	0.002829232253
1.223999977112	0.000567824114
1.225600004196	0.003962064162
1.227199912071	0.001384080155
1.228799939156	0.003168496303
1.230399966240	0.002678544261
1.231999993324	0.002182944212
1.233600020409	0.002061296022
1.235199928284	0.002206576057
1.236799955368	0.003349968232
1.238399982452	0.001968496246
1.240000009537	0.000822816044
1.241599917412	0.002191776177
1.243199944496	0.002227408113
1.244799971581	0.002237696201
1.246399998665	0.002016656101
1.248000025749	0.003042144235
1.249599933624	0.003162432229
1.251199960709	0.003233616240
1.252799987793	0.000372928043
1.254400014877	0.003705136245
1.255999922752	0.001047504134
1.257599949837	0.002102256054
1.259199976921	0.002800592221
1.260800004005	0.000877040031
1.262399911880	0.000627520029
1.263999938965	0.001933072228
1.265599966049	0.003835680429
1.267199993134	0.002838176209
1.268800020218	0.003457296174
1.270399928093	0.000501424016
1.271999955177	0.001153888064
1.273599982262	0.004110464361
1.275200009346	0.001770192175
1.276799917221	0.003257440170
1.278399944305	0.001563440193
1.279999971390	0.002209360246
1.281599998474	0.002695840085
1.283200025558	0.003026656341
1.284799933434	0.001375376130
1.286399960518	0.001348736114
1.287999987602	0.001555904164
1.289600014687	0.003307344159
1.291199922562	0.004262848292
1.292799949646	0.001489584101
1.294399976730	0.004298832268
1.296000003815	0.001898112241
1.297599911690	0.001044656150
1.299199938774	0.003577008378
1.300799965858	0.002027792158
1.302399992943	0.002403456252
1.304000020027	0.001655024127
1.305599927902	0.002560144290
1.307199954987	0.003358352231
1.308799982071	0.002816512249
1.310400009155	0.001492496114
1.311999917030	0.001420304179
1.313599944115	0.002046192065
1.315199971199	0.000568688090
1.316799998283	0.002879904350
1.318400025368	0.001867488143
1.319999933243	0.001804128173
1.321599960327	0.001016288064
1.323199987411	0.004068448208
1.324800014496	0.001865216182
1.326399922371	0.001635456225
1.327999949455	0.003731280332
1.329599976540	0.001965456177
1.331200003624	0.003130912315
1.332799911499	0.000094784002
1.334399938583	0.003558880417
1.335999965668	0.001164224115
1.337599992752	0.001932368148
1.339200019836	0.003635968314
1.340799927711	0.002911648247
1.342399954796	-0.000227904078
1.343999981880	0.001626368146
1.345600008965	0.003893056419
1.347199916840	0.001295152120
1.348799943924	0.001266192063
1.350399971008	0.001854352187
1.351999998093	0.001925952150
1.353600025177	0.001772416173
1.355199933052	0.002098016208
1.356799960136	0.002582848072
1.358399987221	0.003079472343
1.360000014305	0.002028672025
1.361599922180	0.001754528144
1.363199949265	0.002102448139
1.364799976349	0.002120816149
1.366400003433	0.002742944052
1.367999911308	0.001066128141
1.369599938393	0.002273024293
1.371199965477	0.000626208086
1.372799992561	0.001178544131
1.374400019646	0.003759760410
1.375999927521	0.001307056169
1.377599954605	0.000929312082
1.379199981689	0.002871168312
1.380800008774	0.001587856095
1.382399916649	0.001975296065
1.383999943733	0.002802560339
1.385599970818	0.001648048172
1.387199997902	0.002446720144
1.388799905777	0.000713312009
1.390399932861	0.001990848221
1.391999959946	0.002480144147
1.393599987030	0.002415776253
1.395200014114	0.001887936145
1.396799921989	0.001820032136
1.398399949074	0.003549280344
1.399999976158	-0.000182319985
1.401600003242	0.001360560069
1.403199911118	0.001276160125
1.404799938202	0.002124016173
1.406399965286	0.001437952043
1.407999992371	-0.000372624083
1.409600019455	0.002124048304
1.411199927330	0.001539248158
1.412799954414	0.000621376035
1.414399981499	0.002352192067
1.416000008583	0.001487408183
1.417599916458	0.001026576036
1.419199943542	-0.000248208031
1.420799970627	0.002296480350
1.422399997711	0.000801376067
1.423999905586	0.003350048326
1.425599932671	0.001554416143
1.427199959755	0.000822512142
1.428799986839	0.002767392201
1.430400013924	0.001821296173
1.431999921799	0.001341728028
1.433599948883	0.001295376103
1.435199975967	0.001016000053
1.436800003052	0.001295792055
1.438399910927	0.002651968272
1.439999938011	-0.000121232028
1.441599965096	0.001202592161
1.443199992180	0.001109264093
1.444800019264	0.002616576152
1.446399927139	0.001549264183
1.447999954224	0.002673568204
1.449599981308	0.000038143975
1.451200008392	0.001682416070
1.452799916267	0.000170704021
1.454399943352	0.003666224191
1.455999970436	0.001211024122
1.457599997520	0.001988272183
1.459199905396	0.000327471993
1.460799932480	0.001566640101
1.462399959564	0.002121376107
1.463999986649	0.001082192059
1.465600013733	-0.001073168125
1.467199921608	0.003951696213
1.468799948692	0.001658544177
1.470399975777	-0.001366688055
1.472000002861	0.000936368073
1.473599910736	0.000942576036
1.475199937820	0.001594416099
1.476799964905	0.000083232037
1.478399991989	0.001555200201
1.480000019073	0.001606896170
1.481599926949	0.001072416082
1.483199954033	0.001291776192
1.484799981117	0.001810064190
1.486400008202	0.000166960031
1.487999916077	0.001319312141
1.489599943161	0.001753744204
1.491199970245	-0.000090367983
1.492799997330	0.000522592047
1.494399905205	0.002194176195
1.495999932289	0.000260544039
1.497599959373	0.002227232093
1.499199986458	0.001842448139
1.500800013542	0.002996320371
1.502399921417	0.001923008123
1.503999948502	0.001735312166
1.505599975586	-0.000326400041
1.507200002670	0.000738848001
1.508799910545	0.002161072101
1.510399937630	0.001603920129
1.511999964714	0.000596192025
1.513599991798	0.000440864009
1.515200018883	0.002587296301
1.516799926758	0.002024256159
1.518399953842	0.001693072147
1.519999980927	0.001813104143
1.521600008011	0.001869808184
1.523199915886	-0.000173056018
1.524799942970	0.002071504248
1.526399970055	0.000903696113
1.527999997139	0.001149744145
1.529599905014	0.000851424120
1.531199932098	0.003281488316
1.532799959183	0.001268032240
1.534399986267	0.001268864144
1.536000013351	0.001058112131
1.537599921227	0.002384176245
1.539199948311	0.003144992283
1.540799975395	0.002618176164
1.542400002480	0.001281104167
1.543999910355	0.002097392222
1.545599937439	0.002243440133
1.547199964523	0.002030784031
1.548799991608	0.001439680113
1.550400018692	0.000872976088
1.551999926567	0.002330224263
1.553599953651	0.003264544299
1.555199980736	0.000716368086
1.556800007820	0.002827280201
1.558399915695	0.002106799977
1.559999942780	0.000710064021
1.561599969864	0.003492496209
1.563199996948	0.001612400170
1.564799904823	0.001708304160
1.566399931908	0.000412656053
1.567999958992	0.001935824170
1.569599986076	0.000509136065
1.571200013161	0.001880384167
1.572799921036	0.001020608121
1.574399948120	0.000792720064
1.575999975204	0.002350832103
1.577600002289	0.000802400056
1.579199910164	0.001983008115
1.580799937248	0.001030512154
1.582399964333	0.002613696270
1.583999991417	0.001596496091
1.585600018501	0.000368288049
1.587199926376	0.001393008162
1.588799953461	0.000940672064
1.590399980545	0.002597264247
1.592000007629	0.000796480104
1.593599915504	-0.000823424081
1.595199942589	0.002560960129
1.596799969673	0.002131296089
1.598399996758	0.002224720083
1.599999904633	0.000709920074
1.601599931717	0.000669264002
1.603199958801	0.001559712109
1.604799985886	0.001132816076
1.606400012970	0.002846400253
1.607999920845	0.001687504118
1.609599947929	-0.000403232028
1.611199975014	0.001679184148
1.612800002098	0.001497248071
1.614399909973	0.001744320150
1.615999937057	0.002735088114
1.617599964142	0.000954368035
1.619199991226	0.002371744253
1.620800018311	0.001831344212
1.622399926186	0.001183392131
1.623999953270	0.002313472098
1.625599980354	0.000476000045
1.627200007439	0.001936528133
1.628799915314	0.001875664108
1.630399942398	0.000153680012
1.631999969482	0.001542320126
1.633599996567	0.000467968028
1.635199904442	0.001300976146
1.636799931526	0.002546752105
1.638399958611	0.001636448083
1.639999985695	0.000205504024
1.641600012779	0.000618784048
1.643199920654	0.000489856058
1.644799947739	0.001826960128
1.646399974823	0.000006752032
1.648000001907	0.001890192158
1.649599909782	0.000818992034
1.651199936867	0.001161056105
1.652799963951	0.001355472137
1.654399991035	0.001586864120
1.655999898911	-0.000147936080
1.657599925995	0.001835920149
1.659199953079	0.000622384017
1.660799980164	0.001073056133
1.662400007248	0.002634944161
1.663999915123	0.001292176079
1.665599942207	0.000633744115
1.667199969292	-0.000624816050
1.668799996376	0.002034128178
1.670399904251	0.002002992202
1.671999931335	0.002940128092
1.673599958420	0.001204640139
1.675199985504	0.000614128076
1.676800012589	0.000603344117
1.678399920464	0.000436944072
1.679999947548	0.002113120165
1.681599974632	0.000461152056
1.683200001717	-0.000910720089
1.684799909592	0.002403104212
1.686399936676	0.001393648097
1.687999963760	0.000269440003
1.689599990845	0.000549248070
1.691199898720	0.001478928141
1.692799925804	0.001300112111
1.694399952888	0.000514432031
1.695999979973	0.001042288146
1.697600007057	0.000262080022
1.699199914932	0.002130640205
1.700799942017	0.000699344091
1.702399969101	0.000949344016
1.703999996185	0.000302944012
1.705599904060	0.000630928029
1.707199931145	0.002365696244
1.708799958229	0.002496464178
1.710399985313	-0.000053903968
1.712000012398	0.000355440076
1.713599920273	0.000329632021
1.715199947357	0.000980576151
1.716799974442	0.000304143992
1.718400001526	0.000718000054
1.719999909401	-0.000653231982
1.721599936485	0.000090671987
1.723199963570	0.001289136126
1.724799990654	0.001273503993
1.726399898529	0.001463104156
1.727999925613	0.001748512150
1.729599952698	0.001700048102
1.731199979782	0.000444112025
1.732800006866	0.000616496138
1.734399914742	0.002417696174
1.735999941826	0.001630528248
1.737599968910	-0.000617792073
1.739199995995	0.001906880178
1.740799903870	0.001464768080
1.742399930954	0.000687360065
1.743999958038	0.001251856098
1.745599985123	0.001799312187
1.747200012207	0.000936576107
1.748799920082	0.000960656093
1.750399947166	0.001407696051
1.751999974251	0.000872448087
1.753600001335	0.001259792014
1.755199909210	0.000595360063
1.756799936295	0.000860960106
1.758399963379	0.000189968006
1.759999990463	0.000128207976
1.761599898338	0.001401088084
1.763199925423	0.001417519990
1.764799952507	0.002605328336
1.766399979591	-0.000218288027
1.768000006676	0.001501808176
1.769599914551	0.000984704122
1.771199941635	0.001992912265
1.772799968719	0.002074448159
1.774399995804	0.001257888041
1.775999903679	0.001072000130
1.777599930763	0.000177199981
1.779199957848	0.002863248112
1.780799984932	0.001182640088
1.782400012016	0.001690160134
1.783999919891	0.001390848076
1.785599946976	0.001974352170
1.787199974060	-0.000285760005
1.788800001144	0.000036256017
1.790399909019	0.001731968136
1.791999936104	0.002094352152
1.793599963188	0.001304720063
1.795199990273	-0.000653264055
1.796799898148	0.001935744076
1.798399925232	0.002242816146
1.799999952316	0.000965840067
1.801599979401	0.002069648122
1.803200006485	0.001426976174
1.804799914360	0.000916704070
1.806399941444	0.001188240130
1.807999968529	0.001756352140
1.809599995613	0.000612848089
1.811199903488	-0.000575152051
1.812799930573	0.002007072093
1.814399957657	0.002053024247
1.815999984741	-0.000829648110
1.817600011826	0.000458208087
1.819199919701	0.001999248052
1.820799946785	-0.000224192001
1.822399973869	0.001279856078
1.824000000954	0.000659376034
1.825599908829	0.002647744259
1.827199935913	0.001274560113
1.828799962997	0.002983680228
1.830399990082	-0.001387264114
1.831999897957	0.002334528137
1.833599925041	0.001677696127
1.835199952126	0.000343056046
1.836799979210	0.001354624168
1.838400006294	-0.000839840155
1.839999914169	0.000251264049
1.841599941254	-0.000062368024
1.843199968338	0.002306368202
1.844799995422	-0.000191359970
1.846399903297	0.000888576033
1.847999930382	0.003003888298
1.849599957466	0.000309887982
1.851199984550	0.000907104055
1.852800011635	0.000740080082
1.854399919510	0.001063232077
1.855999946594	0.000270032004
1.857599973679	-0.000609424023
1.859200000763	-0.000444832083
1.860799908638	0.001156704151
1.862399935722	0.002201456111
1.863999962807	-0.000322479988
1.865599989891	0.000633456046
1.867199897766	0.001526896143
1.868799924850	0.003297712188
1.870399951935	-0.000716544047
1.871999979019	0.000972176029
1.873600006104	0.002756144153
1.875199913979	0.001451376127
1.876799941063	0.001345808152
1.878399968147	-0.001310944092
1.879999995232	0.001019312069
1.881599903107	0.002227008110
1.883199930191	0.001781104249
1.884799957275	0.000145808008
1.886399984360	-0.001370256068
1.888000011444	0.001810864080
1.889599919319	0.001953104162
1.891199946404	0.001273376052
1.892799973488	0.000854928105
1.894400000572	-0.000002864046
1.895999908447	-0.001382464077
1.897599935532	0.001340656076
1.899199962616	0.002530640224
1.900799989700	-0.000756064081
1.902399897575	0.001486416091
1.903999924660	0.001056544133
1.905599951744	-0.000053072024
1.907199978828	0.001867168117
1.908800005913	-0.000578384090
1.910399913788	-0.001043824013
1.911999940872	-0.001523760147
1.913599967957	0.000714576046
1.915199995041	0.000961984100
1.916799902916	0.000672496040
1.918399930000	0.000262336020
1.919999957085	0.001014688052
1.921599984169	-0.000145536003
1.923199892044	-0.000993280089
1.924799919128	0.001769952127
1.926399946213	0.001143440139
1.927999973297	0.001800912200
1.929600000381	0.001169056050
1.931199908257	-0.000293984078
1.932799935341	0.000135600014
1.934399962425	-0.000745120051
1.935999989510	0.000253392063
1.937599897385	0.001383360126
1.939199924469	0.001015584101
1.940799951553	0.001255232142
1.942399978638	0.000020335987
1.944000005722	0.000446672027
1.945599913597	0.000879856118
1.947199940681	0.001660880167
1.948799967766	-0.000291200005
1.950399994850	-0.003789824434
1.951999902725	0.002319696127
1.953599929810	0.000409808010
1.955199956894	0.000721072080
1.956799983978	0.000359520025
1.958399891853	-0.000649504072
1.959999918938	0.000614319986
1.961599946022	-0.000079344034
1.963199973106	0.003196960315
1.964800000191	-0.000841456116
1.966399908066	-0.000898384082
1.967999935150	0.000169600025
1.969599962234	0.001736112172
1.971199989319	0.002279968234
1.972799897194	0.000424415979
1.974399924278	0.001973168226
1.975999951363	-0.000517711975
1.977599978447	0.001297744107
1.979200005531	0.001520048012
1.980799913406	0.000456336071
1.982399940491	0.001314512105
1.983999967575	0.000305504014
1.985599994659	0.000810832076
1.987199902534	-0.000402560079
1.988799929619	0.001446464099
1.990399956703	-0.000030688032
1.991999983788	-0.000885648129
1.993599891663	0.001513952157
1.995199918747	-0.000317072001
1.996799945831	0.001718704123
1.998399972916	0.001706240117
2.000000000000	-0.000935248099
2.001600027084	-0.001448432100
2.003200054169	-0.001051184023
2.004799842834	0.002340352163
2.006399869919	-0.001183344051
2.007999897003	0.001419712091
2.009599924088	0.000232864026
2.011199951172	0.000094416064
2.012799978256	0.001690688194
2.014400005341	0.002091952134
2.016000032425	0.001794064185
2.017600059509	0.000820544083
2.019199848175	0.000848480093
2.020799875259	0.000238831984
2.022399902344	0.000566591974
2.023999929428	0.001494352124
2.025599956512	-0.000143024023
2.027199983597	-0.000134543996
2.028800010681	0.001652480103
2.030400037766	0.001992672216
2.032000064850	0.001902896212
2.033599853516	0.000399984012
2.035199880600	0.001227232045
2.036799907684	0.000825008145
2.038399934769	0.002040064195
2.039999961853	0.000760544033
2.041599988937	-0.002200128045
2.043200016022	0.001755680074
2.044800043106	0.000747936079
2.046399831772	0.000027247959
2.047999858856	-0.000663632061
2.049599885941	0.001703296206
2.051199913025	0.001093040104
2.052799940109	-0.000589632080
2.054399967194	0.000929376110
2.055999994278	-0.000415743998
2.057600021362	0.000935232034
2.059200048447	0.001098832116
2.060799837112	-0.001617568196
2.062399864197	-0.000015599964
2.063999891281	0.001676384127
2.065599918365	-0.000171408043
2.067199945450	0.000492400024
2.068799972534	0.000425328064
2.070399999619	-0.001560864155
2.072000026703	0.001713536214
2.073600053787	0.000687616062
2.075199842453	-0.001074560103
2.076799869537	-0.000762784039
2.078399896622	0.001062016119
2.079999923706	0.002082880121
2.081599950790	0.000246415933
2.083199977875	-0.001748576178
2.084800004959	-0.001291008084
2.086400032043	-0.000318560051
2.088000059128	0.000514288025
2.089599847794	0.002921296284
2.091199874878	0.001035648049
2.092799901962	-0.002020784188
2.094399929047	0.000876160047
2.095999956131	0.001196288038
2.097599983215	0.002032512100
2.099200010300	0.000520336151
2.100800037384	-0.001916496083
2.102400064468	0.000607296010
2.103999853134	0.000904000073
2.105599880219	0.000107184045
2.107199907303	0.001703952206
2.108799934387	0.000172864020
2.110399961472	-0.001127008116
2.111999988556	-0.000707264058
2.113600015640	0.000352768053
2.115200042725	0.002381184138
2.116799831390	-0.001752864104
2.118399858475	0.000793872052
2.119999885559	-0.000400784018
2.121599912643	-0.000459328032
2.123199939728	0.001314624213
2.124799966812	0.000620480045
2.126399993896	-0.000443600089
2.128000020981	0.000351968018
2.129600048065	-0.000260543951
2.131199836731	0.000173839988
2.132799863815	-0.000146816048
2.134399890900	0.000852224010
2.135999917984	-0.002345664194
2.137599945068	-0.000678592070
2.139199972153	-0.000002288009
2.140799999237	-0.000812832033
2.142400026321	0.001815040130
2.144000053406	-0.000355216034
2.145599842072	-0.001519168145
2.147199869156	-0.000853904057
2.148799896240	-0.000946416054
2.150399923325	-0.001489280141
2.151999950409	0.000411264016
2.153599977493	0.001423808164
2.155200004578	-0.000868304109
2.156800031662	-0.000369151996
2.158400058746	0.000341087987
2.159999847412	-0.000054079974
2.161599874496	0.000687680033
2.163199901581	-0.001966992160
2.164799928665	-0.000310016010
2.166399955750	-0.001703840215
2.167999982834	0.001463184017
2.169600009918	0.000108319946
2.171200037003	-0.000793584099
2.172800064087	-0.001491088071
2.174399852753	-0.000623344094
2.175999879837	-0.000128543965
2.177599906921	0.002153024077
2.179199934006	0.002027808223
2.180799961090	-0.000684896077
2.182399988174	-0.001022688113
2.184000015259	0.001867088140
2.185600042343	-0.001617504167
2.187199831009	-0.000910992094
2.188799858093	-0.000168320010
2.190399885178	-0.000899232051
2.191999912262	0.000309488008
2.193599939346	0.000576560036
2.195199966431	0.000119840028
2.196799993515	-0.000248240016
2.198400020599	0.000187744008
2.200000047684	-0.000844672031
2.201599836349	-0.001548400149
2.203199863434	-0.000028000057
2.204799890518	0.000819504028
2.206399917603	0.000921088038
2.207999944687	-0.000688080094
2.209599971771	-0.000791392114
2.211199998856	-0.000180847972
2.212800025940	0.000107136009
2.214400053024	-0.000967328087
2.215999841690	0.001063904143
2.217599868774	0.000061727958
2.219199895859	-0.000071679984
2.220799922943	0.000007488064
2.222399950027	0.000644464104
2.223999977112	0.000398528005
2.225600004196	0.000492863997
2.227200031281	0.000178128059
2.228800058365	-0.000662128034
2.230399847031	-0.001212688047
2.231999874115	0.001490240218
2.233599901199	0.003243520157
2.235199928284	-0.001039584051
2.236799955368	-0.000702512101
2.238399982452	-0.000668112072
2.240000009537	-0.000314976001
2.241600036621	0.000994768110
2.243199825287	0.000293424004
2.244799852371	0.000262528018
2.246399879456	-0.001701408182
2.247999906540	0.000273472047
2.249599933624	0.001560224104
2.251199960709	0.000373359973
2.252799987793	0.002113952069
2.254400014877	-0.000889856019
2.256000041962	0.000268992066
2.257599830627	0.000825440045
2.259199857712	0.000046816040
2.260799884796	-0.001908640144
2.262399911880	0.000199952032
2.263999938965	0.000938384037
2.265599966049	-0.000806480006
2.267199993134	-0.000707312021
2.268800020218	0.002277632244
2.270400047302	0.000059807986
2.271999835968	0.000430320011
2.273599863052	-0.001379824127
2.275199890137	-0.000491664046
2.276799917221	0.000370128080
2.278399944305	-0.000725343998
2.279999971390	0.002406784100
2.281599998474	0.000235584041
2.283200025558	-0.000174976012
2.284800052643	-0.000455504050
2.286399841309	-0.000438751973
2.287999868393	0.002616992220
2.289599895477	0.001214080025
2.291199922562	0.001218624064
2.292799949646	0.000456272071
2.294399976730	0.001052448060
2.296000003815	-0.001098800101
2.297600030899	0.001370816142
2.299200057983	0.000071311959
2.300799846649	-0.003869136330
2.302399873734	0.001481408137
2.303999900818	0.001587440143
2.305599927902	0.000940112106
2.307199954987	0.001111168182
2.308799982071	0.002131856279
2.310400009155	0.000113247996
2.312000036240	0.000038175986
2.313599824905	0.001138544059
2.315199851990	0.000594528043
2.316799879074	0.000210304061
2.318399906158	-0.000348144036
2.319999933243	0.000829360099
2.321599960327	0.000518336019
2.323199987411	-0.000358816033
2.324800014496	0.001020272030
2.326400041580	-0.000005664039
2.327999830246	-0.000580576016
2.329599857330	0.000202336058
2.331199884415	-0.000360672071
2.332799911499	0.000133743990
2.334399938583	0.001439456129
2.335999965668	-0.000246016018
2.337599992752	-0.001331072184
2.339200019836	-0.001042352174
2.340800046921	0.001133440062
2.342399835587	0.001472016098
2.343999862671	-0.000304383982
2.345599889755	-0.000157647999
2.347199916840	-0.000272879959
2.348799943924	0.000921200088
2.350399971008	-0.000022000007
2.351999998093	-0.000592896075
2.353600025177	-0.002304992173
2.355200052261	0.001045936020
2.356799840927	-0.000549600052
2.358399868011	-0.000610752031
2.359999895096	0.002278368222
2.361599922180	0.000305488065
2.363199949265	-0.000417520001
2.364799976349	-0.000210752012
2.366400003433	-0.000678096083
2.368000030518	0.000019023973
2.369600057602	-0.000077648001
2.371199846268	-0.000469680061
2.372799873352	-0.000646832108
2.374399900436	0.000055984037
2.375999927521	0.000258560030
2.377599954605	-0.001117536100
2.379199981689	-0.002901776228
2.380800008774	-0.002210864099
2.382400035858	0.000881936052
2.383999824524	0.001159232110
2.385599851608	0.000100288045
2.387199878693	-0.001365840086
2.388799905777	-0.000641488063
2.390399932861	-0.000588768104
2.391999959946	0.000658384000
2.393599987030	-0.001765600173
2.395200014114	0.000824336137
2.396800041199	-0.001163648092
2.398399829865	-0.001287296065
2.399999856949	-0.000270224031
2.401599884033	-0.000068015979
2.403199911118	-0.000462112017
2.404799938202	-0.002294112230
2.406399965286	0.000945952139
2.407999992371	-0.001809248119
2.409600019455	-0.000930064125
2.411200046539	0.001306464081
2.412799835205	0.000398176024
2.414399862289	-0.001406864147
2.415999889374	-0.001375808148
2.417599916458	-0.000587648130
2.419199943542	0.000147903993
2.420799970627	-0.001438176143
2.422399997711	0.000740304007
2.424000024796	-0.000604192028
2.425600051880	-0.002533824183
2.427199840546	-0.001095232088
2.428799867630	0.000001503990
2.430399894714	-0.000649392081
2.431999921799	-0.002393424278
2.433599948883	-0.000479792099
2.435199975967	-0.000774608052
2.436800003052	-0.000584207999
2.438400030136	0.000163711971
2.440000057220	0.000363152009
2.441599845886	-0.002335456200
2.443199872971	-0.000787312107
2.444799900055	-0.000680752040
2.446399927139	-0.001653472194
2.447999954224	-0.001796320081
2.449599981308	-0.001418576110
2.451200008392	-0.001902464195
2.452800035477	-0.000095904034
2.454399824142	0.000339552003
2.455999851227	-0.000814880012
2.457599878311	-0.000435680064
2.459199905396	-0.001752224169
2.460799932480	-0.003612928325
2.462399959564	0.000469008082
2.463999986649	-0.000332592026
2.465600013733	-0.000865856069
2.467200040817	-0.001635568216
2.468799829483	-0.001030544168
2.470399856567	0.001261760015
2.471999883652	-0.002978720237
2.473599910736	0.001476672129
2.475199937820	-0.001465664129
2.476799964905	-0.000004400005
2.478399991989	-0.000357904093
2.480000019073	-0.000629760092
2.481600046158	0.001132464153
2.483199834824	0.000502224022
2.484799861908	0.000206863973
2.486399888992	-0.001988720149
2.487999916077	-0.001331280102
2.489599943161	0.000658976089
2.491199970245	-0.002317280043
2.492799997330	0.000973600079
2.494400024414	-0.001364048105
2.496000051498	-0.001810512156
2.497599840164	-0.000599088031
2.499199867249	-0.000693552021
2.500799894333	-0.000355824013
2.502399921417	-0.001127824187
2.503999948502	0.000787696044
2.505599975586	-0.002078304067
2.507200002670	-0.000607152062
2.508800029755	-0.000106624029
2.510399818420	-0.001283728168
2.511999845505	-0.000841584057
2.513599872589	0.000263792055
2.515199899673	-0.002136288211
2.516799926758	-0.000200576018
2.518399953842	-0.000327840040
2.519999980927	0.001402576105
2.521600008011	0.000101776022
2.523200035095	-0.002379280049
2.524799823761	-0.000162240016
2.526399850845	-0.001427888172
2.527999877930	-0.000114111979
2.529599905014	0.001259744051
2.531199932098	-0.001370544196
2.532799959183	0.000056975994
2.534399986267	-0.000333856035
2.536000013351	-0.000950832095
2.537600040436	0.000886672060
2.539199829102	0.000958768069
2.540799856186	-0.000253167993
2.542399883270	-0.000850000069
2.543999910355	-0.001086000120
2.545599937439	-0.000480592047
2.547199964523	-0.000221024005
2.548799991608	-0.000087520013
2.550400018692	0.000328032067
2.552000045776	-0.001133024110
2.553599834442	-0.000427408057
2.555199861526	-0.001788560185
2.556799888611	-0.002172784181
2.558399915695	-0.000821232097
2.559999942780	0.002664304338
2.561599969864	0.000091967966
2.563199996948	0.000235423955
2.564800024033	-0.000221072012
2.566400051117	-0.000868720119
2.567999839783	0.001386352116
2.569599866867	-0.000529535988
2.571199893951	-0.001215488068
2.572799921036	-0.001264240127
2.574399948120	-0.000935040123
2.575999975204	0.000977328047
2.577600002289	-0.001741232118
2.579200029373	0.001936640241
2.580799818039	-0.003251232207
2.582399845123	-0.003215200268
2.583999872208	-0.000513712061
2.585599899292	0.000966592052
2.587199926376	-0.001528864144
2.588799953461	-0.002019440057
2.590399980545	-0.001171728014
2.592000007629	-0.002570096171
2.593600034714	-0.001542976126
2.595199823380	0.000009215988
2.596799850464	-0.000954480085
2.598399877548	0.000047343980
2.599999904633	-0.000947280147
2.601599931717	-0.000643712061
2.603199958801	-0.001108528115
2.604799985886	0.000016511982
2.606400012970	0.000126928004
2.608000040054	-0.001296320115
2.609599828720	0.000535008032
2.611199855804	-0.000991776120
2.612799882889	-0.000172335975
2.614399909973	-0.001840032055
2.615999937057	-0.001952816150
2.617599964142	-0.000456992042
2.619199991226	0.000912896008
2.620800018311	0.000951680064
2.622400045395	-0.001179984072
2.623999834061	-0.001258624136
2.625599861145	0.000654464064
2.627199888229	-0.001391072059
2.628799915314	-0.000944560103
2.630399942398	-0.000244080045
2.631999969482	0.000072624025
2.633599996567	-0.001267664135
2.635200023651	-0.000920784078
2.636800050735	-0.001085888129
2.638399839401	-0.002651440213
2.639999866486	-0.000766640122
2.641599893570	-0.001998688094
2.643199920654	-0.001237648074
2.644799947739	-0.001511696028
2.646399974823	-0.001258352073
2.648000001907	0.000181840034
2.649600028992	-0.001938768197
2.651199817657	-0.001520784106
2.652799844742	-0.002445488237
2.654399871826	0.000631584029
2.655999898911	-0.000475296023
2.657599925995	-0.001391296159
2.659199953079	-0.003026848193
2.660799980164	-0.000717696035
2.662400007248	-0.000081888000
2.664000034332	0.000110640045
2.665599822998	-0.000014287992
2.667199850082	-0.000223584051
2.668799877167	-0.002006224124
2.670399904251	-0.001494416152
2.671999931335	-0.001322720083
2.673599958420	-0.000480591989
2.675199985504	-0.001687824144
2.676800012589	0.000328496011
2.678400039673	-0.003645488294
2.679999828339	-0.002711584326
2.681599855423	0.000412543974
2.683199882507	0.000307472015
2.684799909592	0.001204864122
2.686399936676	-0.002178720199
2.687999963760	-0.002133584116
2.689599990845	-0.000565072056
2.691200017929	-0.001276736031
2.692800045013	0.001098816050
2.694399833679	0.000740096031
2.695999860764	-0.003012928180
2.697599887848	-0.001370864105
2.699199914932	-0.001170176081
2.700799942017	0.000318752020
2.702399969101	-0.000477760070
2.703999996185	-0.001706656185
2.705600023270	-0.001500192098
2.707200050354	-0.000355632015
2.708799839020	-0.000040912037
2.710399866104	-0.001473184093
2.711999893188	-0.002349296119
2.713599920273	0.000373472023
2.715199947357	0.002798368223
2.716799974442	-0.001594608068
2.718400001526	-0.001676160144
2.720000028610	-0.000598496059
2.721599817276	-0.000965040119
2.723199844360	-0.000962992082
2.724799871445	0.001058928086
2.726399898529	-0.002856256207
2.727999925613	-0.002924112137
2.729599952698	0.000890112075
2.731199979782	0.001442464069
2.732800006866	0.000319056067
2.734400033951	-0.000215696025
2.735999822617	-0.000685264065
2.737599849701	-0.000815840089
2.739199876785	0.000276144041
2.740799903870	0.000956208096
2.742399930954	-0.001610560110
2.743999958038	-0.002714064205
2.745599985123	0.000216896035
2.747200012207	-0.001648112084
2.748800039291	-0.001047152095
2.750399827957	0.000299472042
2.751999855042	-0.000786208082
2.753599882126	-0.001829008223
2.755199909210	0.000435248046
2.756799936295	-0.001554992166
2.758399963379	-0.001945168129
2.759999990463	-0.000356240052
2.761600017548	0.000885440037
2.763200044632	-0.001981280278
2.764799833298	-0.001657168148
2.766399860382	0.000549792079
2.767999887466	-0.002795104403
2.769599914551	0.001013008179
2.771199941635	-0.001580336131
2.772799968719	-0.001825216226
2.774399995804	-0.001615984249
2.776000022888	-0.000113360016
2.777599811554	-0.001049472019
2.779199838638	-0.001429856056
2.780799865723	-0.000127552004
2.782399892807	-0.001276704133
2.783999919891	-0.001044080127
2.785599946976	0.000206687982
2.787199974060	-0.001349760103
2.788800001144	-0.003173280274
2.790400028229	0.000607008114
2.791999816895	0.000223776035
2.793599843979	-0.001025391975
2.795199871063	-0.000964224047
2.796799898148	0.000003263996
2.798399925232	-0.001314112102
2.799999952316	-0.000030751991
2.801599979401	-0.000149040090
2.803200006485	-0.001039584051
2.804800033569	-0.002383696148
2.806399822235	-0.000319904037
2.807999849319	-0.000786960067
2.809599876404	0.000366752036
2.811199903488	-0.002472704276
2.812799930573	-0.000792303996
2.814399957657	-0.001741328160
2.815999984741	-0.001588528161
2.817600011826	0.000223199968
2.819200038910	-0.001321104122
2.820799827576	0.000581440108
2.822399854660	-0.003739568405
2.823999881744	-0.002943504369
2.825599908829	0.000402176054
2.827199935913	-0.001302784076
2.828799962997	0.000251664023
2.830399990082	-0.000092848080
2.832000017166	-0.001116096042
2.833600044250	-0.000514735992
2.835199832916	-0.000523168012
2.836799860001	-0.001922176103
2.838399887085	-0.001392896054
2.839999914169	-0.001195072080
2.841599941254	0.000369600020
2.843199968338	0.000434576010
2.844799995422	-0.000344064058
2.846400022507	-0.000314495963
2.847999811172	-0.002068928210
2.849599838257	-0.002288144082
2.851199865341	-0.000491104031
2.852799892426	-0.000148080086
2.854399919510	-0.000725520076
2.855999946594	-0.001941696159
2.857599973679	-0.001177200116
2.859200000763	-0.002183648059
2.860800027847	-0.000111135996
2.862399816513	0.000248063996
2.863999843597	-0.002576784231
2.865599870682	-0.001234064111
2.867199897766	-0.001803488238
2.868799924850	0.000468304032
2.870399951935	0.000251232006
2.871999979019	-0.001937456196
2.873600006104	-0.002318768064
2.875200033188	-0.001323056058
2.876799821854	0.000605760026
2.878399848938	-0.002324336208
2.879999876022	-0.002259920118
2.881599903107	-0.001251184032
2.883199930191	-0.001880512224
2.884799957275	0.000934528071
2.886399984360	-0.002356448211
2.888000011444	-0.000917328114
2.889600038528	-0.001325024059
2.891199827194	-0.002859216416
2.892799854279	-0.000859008171
2.894399881363	-0.001592560206
2.895999908447	0.000320015999
2.897599935532	-0.001685616211
2.899199962616	0.000180256058
2.900799989700	-0.000361568120
2.902400016785	-0.001102208160
2.904000043869	-0.000140128046
2.905599832535	-0.001459920080
2.907199859619	-0.001807472203
2.908799886703	-0.001316400128
2.910399913788	0.000690432091
2.911999940872	-0.003542000195
2.913599967957	-0.000930592127
2.915199995041	0.000760496070
2.916800022125	-0.001973216189
2.918399810791	-0.000150240012
2.919999837875	-0.001327232108
2.921599864960	-0.002162208082
2.923199892044	-0.002891504206
2.924799919128	-0.001304544159
2.926399946213	-0.000743376091
2.927999973297	-0.002022224246
2.929600000381	-0.001599392155
2.931200027466	-0.001374704065
2.932799816132	-0.001714432146
2.934399843216	-0.001605024096
2.935999870300	-0.000521936046
2.937599897385	-0.002705248306
2.939199924469	-0.002631568117
2.940799951553	-0.003004544182
2.942399978638	-0.001898704097
2.944000005722	-0.002584624104
2.945600032806	-0.000619536033
2.947199821472	-0.000646656088
2.948799848557	-0.003428544383
2.950399875641	0.000239408095
2.951999902725	-0.000315040001
2.953599929810	0.000315664045
2.955199956894	-0.000285552029
2.956799983978	-0.000758560083
2.958400011063	-0.004155184142
2.960000038147	-0.000769968086
2.961599826813	-0.001307920087
2.963199853897	-0.000488719961
2.964799880981	-0.000900432060
2.966399908066	-0.001449424075
2.967999935150	-0.002930448391
2.969599962234	-0.000556752086
2.971199989319	-0.000506544020
2.972800016403	0.000710864027
2.974400043488	0.000589856005
2.975999832153	-0.000927919988
2.977599859238	-0.002121664118
2.979199886322	-0.001860976219
2.980799913406	-0.002619856270
2.982399940491	-0.001000352087
2.983999967575	-0.002789264312
2.985599994659	-0.000204064025
2.987200021744	-0.000119215998
2.988799810410	-0.001243280130
2.990399837494	-0.000339327991
2.991999864578	-0.000899248058
2.993599891663	-0.002588400152
2.995199918747	-0.001792864059
2.996799945831	-0.002886768198
2.998399972916	-0.001453376142
3.000000000000	-0.000398352073
3.001600027084	-0.000439248019
3.003199815750	-0.001142192050
3.004799842834	-0.002435808303
3.006399869919	-0.001194192097
3.007999897003	0.001800784143
3.009599924088	-0.001539280172
3.011199951172	-0.002567856107
3.012799978256	-0.002421216341
3.014400005341	-0.001406944124
3.016000032425	-0.001798880170
3.017599821091	0.000266864023
3.019199848175	-0.003082016250
3.020799875259	-0.001429936150
3.022399902344	-0.001029472100
3.023999929428	-0.001998304157
3.025599956512	-0.001091024140
3.027199983597	-0.002016608138
3.028800010681	-0.000632640091
3.030400037766	-0.000048992042
3.031999826431	-0.000963648141
3.033599853516	0.000011504006
3.035199880600	-0.001854544156
3.036799907684	-0.000478144008
3.038399934769	-0.001721936162
3.039999961853	0.000555648061
3.041599988937	-0.002685040236
3.043200016022	-0.001374464133
3.044799804687	-0.001671376056
3.046399831772	-0.001303488156
3.047999858856	-0.003304016311
3.049599885941	0.000411168032
3.051199913025	0.000043135984
3.052799940109	-0.003284544451
3.054399967194	-0.003468512325
3.055999994278	-0.000964912120
3.057600021362	-0.000125792038
3.059199810028	-0.002148784231
3.060799837112	-0.000974608061
3.062399864197	-0.000147359940
3.063999891281	-0.001719744178
3.065599918365	-0.000284256035
3.067199945450	-0.001271296176
3.068799972534	-0.002542784205
3.070399999619	-0.001441872097
3.072000026703	-0.000379983976
3.073599815369	-0.001825584215
3.075199842453	-0.001538784127
3.076799869537	-0.000516256026
3.078399896622	-0.003202160122
3.079999923706	-0.000058255984
3.081599950790	-0.001347312122
3.083199977875	-0.002211616142
3.084800004959	-0.001287952065
3.086400032043	-0.000803600124
3.087999820709	-0.002166496124
3.089599847794	-0.001329872059
3.091199874878	0.000670640089
3.092799901962	-0.002972128335
3.094399929047	-0.002412368078
3.095999956131	-0.000864688074
3.097599983215	-0.001724848174
3.099200010300	-0.002562960144
3.100800037384	-0.000307312061
3.102399826050	-0.001595696085
3.103999853134	-0.003855376272
3.105599880219	-0.003762448207
3.107199907303	-0.000528544013
3.108799934387	-0.001339424052
3.110399961472	-0.002480736235
3.111999988556	-0.000950560032
3.113600015640	-0.003608784406
3.115199804306	-0.002058016136
3.116799831390	-0.000235008003
3.118399858475	-0.001497584162
3.119999885559	-0.000677984091
3.121599912643	-0.002246592194
3.123199939728	-0.000454800058
3.124799966812	-0.003484016284
3.126399993896	-0.002639568178
3.128000020981	-0.002264672192
3.129599809647	-0.002278208267
3.131199836731	-0.001159312087
3.132799863815	-0.000157040035
3.134399890900	-0.000930816110
3.135999917984	-0.000961792073
3.137599945068	-0.000814768078
3.139199972153	-0.002973248251
3.140799999237	-0.001750160241
3.142400026321	-0.002552448306
3.143999814987	-0.002913680160
3.145599842072	-0.003827792360
3.147199869156	-0.000093488110
3.148799896240	-0.001168400166
3.150399923325	-0.003147824202
3.151999950409	-0.002373376163
3.153599977493	-0.000879808096
3.155200004578	-0.002633456141
3.156800031662	-0.001460528118
3.158399820328	0.000387136039
3.159999847412	0.001020144089
3.161599874496	-0.005101264454
3.163199901581	-0.000867184077
3.164799928665	-0.001646896126
3.166399955750	-0.002979696263
3.167999982834	-0.001557264128
3.169600009918	-0.003115504282
3.171200037003	-0.001987952041
3.172799825668	-0.003301920369
3.174399852753	-0.000955600059
3.175999879837	-0.002125632251
3.177599906921	-0.001268976135
3.179199934006	-0.000189679980
3.180799961090	-0.002065088134
3.182399988174	-0.001716400147
3.184000015259	-0.000506319979
3.185599803925	-0.001508048153
3.187199831009	-0.002647472313
3.188799858093	-0.002730736276
3.190399885178	-0.003214976285
3.191999912262	-0.003151808167
3.193599939346	-0.000051056049
3.195199966431	-0.001857360126
3.196799993515	-0.004246000201
3.198400020599	-0.000585520058
3.199999809265	-0.002706208266
3.201599836349	-0.001051632105
3.203199863434	-0.002397664124
3.204799890518	-0.001553616137
3.206399917603	-0.001763328095
3.207999944687	-0.001022256096
3.209599971771	-0.003042768221
3.211199998856	-0.002989840228
3.212800025940	-0.002627840266
3.214399814606	-0.001753696240
3.215999841690	-0.000813056133
3.217599868774	-0.001615936169
3.219199895859	-0.002612240147
3.220799922943	-0.001566848136
3.222399950027	-0.000999360112
3.223999977112	-0.002075504279
3.225600004196	-0.001048192149
3.227200031281	-0.003400336253
3.228799819946	-0.001450624084
3.230399847031	-0.001781280152
3.231999874115	-0.000696768053
3.233599901199	-0.002304496244
3.235199928284	-0.004224976525
3.236799955368	-0.003579088254
3.238399982452	-0.002996528288
3.240000009537	-0.000520016009
3.241600036621	-0.001268736087
3.243199825287	-0.002047248185
3.244799852371	-0.002943744184
3.246399879456	-0.001447472139
3.247999906540	0.000192175983
3.249599933624	-0.002037840197
3.251199960709	-0.001298112096
3.252799987793	-0.001504768152
3.254400014877	-0.001448848052
3.255999803543	-0.002450672211
3.257599830627	0.000816176063
3.259199857712	0.000391216046
3.260799884796	-0.000904912071
3.262399911880	-0.001091120066
3.263999938965	-0.002208000049
3.265599966049	-0.000155360016
3.267199993134	-0.002077424200
3.268800020218	-0.000685520063
3.270399808884	-0.000472976069
3.271999835968	-0.004425312392
3.273599863052	-0.001629504142
3.275199890137	-0.000169024046
3.276799917221	-0.000029759938
3.278399944305	-0.000137679977
3.279999971390	-0.002111568116
3.281599998474	-0.002869024174
3.283200025558	-0.000687904074
3.284799814224	-0.001160928165
3.286399841309	-0.001060928102
3.287999868393	-0.002672480186
3.289599895477	-0.001677312073
3.291199922562	-0.001616912195
3.292799949646	-0.004562000278
3.294399976730	-0.000792096078
3.296000003815	-0.002940624254
3.297600030899	-0.001052656095
3.299199819565	-0.001326736063
3.300799846649	-0.001316592097
3.302399873734	-0.004607904237
3.303999900818	-0.001725200098
3.305599927902	-0.000198464040
3.307199954987	-0.003365776269
3.308799982071	-0.002341088373
3.310400009155	0.000241519985
3.311999797821	-0.002532880288
3.313599824905	-0.000898224127
3.315199851990	0.000380352052
3.316799879074	-0.001627136138
3.318399906158	-0.002701872261
3.319999933243	-0.000094704017
3.321599960327	-0.000711472065
3.323199987411	-0.003442080226
3.324800014496	-0.001338592148
3.326399803162	0.000569808064
3.327999830246	-0.003768624272
3.329599857330	-0.002013216261
3.331199884415	0.000921344094
3.332799911499	-0.004624032415
3.334399938583	-0.000643744133
3.335999965668	0.000316239952
3.337599992752	-0.002206032164
3.339200019836	-0.001847840147
3.340799808502	-0.001736608217
3.342399835587	-0.001943888143
3.343999862671	-0.003810976166
3.345599889755	0.001011584071
3.347199916840	-0.001886640210
3.348799943924	-0.002333584242
3.350399971008	-0.000645615975
3.351999998093	-0.003088960191
3.353600025177	-0.001604480203
3.355199813843	-0.001331440057
3.356799840927	-0.002988704247
3.358399868011	-0.000793712097
3.359999895096	-0.000562480069
3.361599922180	-0.001478160149
3.363199949265	-0.004343904555
3.364799976349	-0.002976832213
3.366400003433	0.001974928193
3.368000030518	-0.000718767988
3.369599819183	-0.004195248242
3.371199846268	-0.000812096056
3.372799873352	-0.002250064164
3.374399900436	-0.002617072314
3.375999927521	-0.000435184105
3.377599954605	0.000469407998
3.379199981689	-0.003426704323
3.380800008774	-0.000692016096
3.382399797440	-0.004311456345
3.383999824524	-0.002036944032
3.385599851608	-0.000260447967
3.387199878693	-0.001137392130
3.388799905777	-0.002183808247
3.390399932861	-0.000890191994
3.391999959946	-0.002388256369
3.393599987030	-0.001179936109
3.395200014114	-0.001422576024
3.396799802780	0.000257648004
3.398399829865	-0.004413696472
3.399999856949	-0.004021904431
3.401599884033	-0.001102848095
3.403199911118	-0.002200112212
3.404799938202	-0.002081552055
3.406399965286	-0.002662592335
3.407999992371	-0.001127072028
3.409600019455	-0.004500944167
3.411199808121	-0.001740128035
3.412799835205	0.001818976132
3.414399862289	-0.004278224427
3.415999889374	-0.003091392340
3.417599916458	-0.001222944120
3.419199943542	-0.004681808408
3.420799970627	-0.002326864284
3.422399997711	-0.002859200118
3.424000024796	-0.002929488197
3.425599813461	-0.002549648052
3.427199840546	-0.001915040193
3.428799867630	-0.003747072304
3.430399894714	-0.002518672263
3.431999921799	-0.001050336054
3.433599948883	-0.002411680296
3.435199975967	-0.002852080157
3.436800003052	-0.001144256094
3.438400030136	-0.004049072508
3.439999818802	-0.001842304249
3.441599845886	-0.000427776016
3.443199872971	-0.000724015990
3.444799900055	0.000242336013
3.446399927139	-0.002969168359
3.447999954224	-0.001234624069
3.449599981308	-0.003945664503
3.451200008392	0.005089696497
