0.000000000000	0.011223969050
0.001599999960	0.010665857233
0.003199999919	0.011132992804
0.004799999762	0.011356096715
0.006399999838	0.012053136714
0.007999999449	0.010950544849
0.009599999525	0.010040624999
0.011199999601	0.010607712902
0.012799999677	0.012432305142
0.014399999753	0.010933856480
0.015999998897	0.011513264850
0.017599999905	0.011065120809
0.019199999049	0.011030256748
0.020800000057	0.010531248525
0.022399999201	0.010750208981
0.024000000209	0.011052144691
0.025599999353	0.009990353137
0.027199998498	0.009774976410
0.028799999505	0.011127617210
0.030399998650	0.012211840600
0.031999997795	0.009908176959
0.033599998802	0.008916576393
0.035199999809	0.010317153297
0.036800000817	0.010740176775
0.038399998099	0.010118097067
0.039999999106	0.011321664788
0.041600000113	0.010757552460
0.043199997395	0.009279728867
0.044799998403	0.010816592723
0.046399999410	0.010884832591
0.048000000417	0.009195632301
0.049599997699	0.009924768470
0.051199998707	0.010054816492
0.052799999714	0.008525760844
0.054399996996	0.008405440487
0.055999998003	0.009343232960
0.057599999011	0.009318225086
0.059200000018	0.009336800314
0.060799997300	0.009126944467
0.062399998307	0.011199616827
0.063999995589	0.010239920579
0.065600000322	0.008669569157
0.067199997604	0.009121920913
0.068799994886	0.009842785075
0.070399999619	0.007932320237
0.071999996901	0.010176785290
0.073600001633	0.009439408779
0.075199998915	0.008971569128
0.076799996197	0.009467072785
0.078400000930	0.009409712628
0.079999998212	0.008675424382
0.081599995494	0.008194640279
0.083200000226	0.009384592995
0.084799997509	0.008249889128
0.086399994791	0.008935680613
0.087999999523	0.008980000392
0.089599996805	0.009187792428
0.091199994087	0.009379296564
0.092799998820	0.009339408949
0.094399996102	0.007917328738
0.096000000834	0.009816160426
0.097599998116	0.009140753187
0.099199995399	0.008851408958
0.100800000131	0.009298000485
0.102399997413	0.009059889242
0.103999994695	0.007644976489
0.105599999428	0.009652736597
0.107199996710	0.008753168397
0.108799993992	0.008397056721
0.110399998724	0.007234960794
0.111999996006	0.008924880996
0.113600000739	0.007389904466
0.115199998021	0.008760208264
0.116799995303	0.008451792412
0.118400000036	0.008876368403
0.119999997318	0.007595936768
0.121599994600	0.009055744857
0.123199999332	0.009278944694
0.124799996614	0.008896145038
0.126399993896	0.009206336923
0.127999991179	0.008136432618
0.129600003362	0.008621040732
0.131200000644	0.007422352675
0.132799997926	0.008854720742
0.134399995208	0.007525328547
0.135999992490	0.006384656299
0.137599989772	0.007496720646
0.139200001955	0.008005024865
0.140799999237	0.008293632418
0.142399996519	0.008486176841
0.143999993801	0.006240096409
0.145599991083	0.007853232324
0.147200003266	0.007653072476
0.148800000548	0.009750384837
0.150399997830	0.007982336916
0.151999995112	0.006563264411
0.153599992394	0.006939888466
0.155199989676	0.007895248942
0.156800001860	0.007719072513
0.158399999142	0.008003456518
0.159999996424	0.007530416828
0.161599993706	0.008291408420
0.163199990988	0.009004929103
0.164800003171	0.008612209000
0.166400000453	0.008138881065
0.167999997735	0.007449536584
0.169599995017	0.008653072640
0.171199992299	0.007887824439
0.172799989581	0.006216720678
0.174400001764	0.007768656593
0.175999999046	0.006560704671
0.177599996328	0.006212368608
0.179199993610	0.008442352526
0.180799990892	0.007290656678
0.182399988174	0.008631456643
0.184000000358	0.007074624766
0.185599997640	0.006953536533
0.187199994922	0.007299616467
0.188799992204	0.006639024708
0.190399989486	0.007378032431
0.192000001669	0.008158752695
0.193599998951	0.005608288571
0.195199996233	0.006433792412
0.196799993515	0.008341216482
0.198399990797	0.008553665131
0.199999988079	0.008149760775
0.201600000262	0.006648976356
0.203199997544	0.008103121072
0.204799994826	0.006417920347
0.206399992108	0.007218112703
0.207999989390	0.007994432934
0.209600001574	0.006136304699
0.211199998856	0.006364080589
0.212799996138	0.007461584639
0.214399993420	0.006670320407
0.215999990702	0.007443616632
0.217599987984	0.008213392459
0.219200000167	0.008207984269
0.220799997449	0.008344160393
0.222399994731	0.006171408575
0.223999992013	0.006771328393
0.225599989295	0.007312352769
0.227200001478	0.006867968477
0.228799998760	0.006904368754
0.230399996042	0.007642000448
0.231999993324	0.007827809080
0.233599990606	0.008033344522
0.235199987888	0.006538912654
0.236800000072	0.006994032767
0.238399997354	0.007763920818
0.239999994636	0.006839200389
0.241599991918	0.008249616250
0.243199989200	0.007717888802
0.244799986482	0.008260448463
0.246399998665	0.008102272637
0.247999995947	0.007179312408
0.249599993229	0.007169360761
0.251199990511	0.007193824742
0.252799987793	0.007730096579
0.254399985075	0.006758544594
0.255999982357	0.005561664235
0.257599979639	0.006633344572
0.259200006723	0.007025824394
0.260800004005	0.006364352535
0.262400001287	0.005554048344
0.263999998569	0.006309040356
0.265599995852	0.008234560490
0.267199993134	0.007283120416
0.268799990416	0.005856528413
0.270399987698	0.007386000827
0.271999984980	0.007471328601
0.273599982262	0.006529552396
0.275199979544	0.007193488535
0.276800006628	0.006512768567
0.278400003910	0.005460528657
0.280000001192	0.007111648563
0.281599998474	0.007905152626
0.283199995756	0.006654512603
0.284799993038	0.006721920799
0.286399990320	0.006696624681
0.287999987602	0.008175536990
0.289599984884	0.006949344650
0.291199982166	0.006500176620
0.292799979448	0.006736208685
0.294400006533	0.006810656749
0.296000003815	0.007817472331
0.297600001097	0.007221936714
0.299199998379	0.007246432826
0.300799995661	0.006109712645
0.302399992943	0.006526976358
0.303999990225	0.007690720726
0.305599987507	0.007038608659
0.307199984789	0.006444544531
0.308799982071	0.006698208395
0.310399979353	0.005708432291
0.312000006437	0.006267280784
0.313600003719	0.007188368589
0.315200001001	0.006594016682
0.316799998283	0.005502944347
0.318399995565	0.006141360383
0.319999992847	0.005967520643
0.321599990129	0.007326656487
0.323199987411	0.007759632543
0.324799984694	0.007073920686
0.326399981976	0.006718752440
0.327999979258	0.006752480287
0.329600006342	0.007592736743
0.331200003624	0.006931312848
0.332800000906	0.007145888638
0.334399998188	0.005831296556
0.335999995470	0.006898416672
0.337599992752	0.007075488567
0.339199990034	0.007555936463
0.340799987316	0.007130656391
0.342399984598	0.006405120715
0.343999981880	0.007630576380
0.345599979162	0.007367104758
0.347199976444	0.006196528673
0.348800003529	0.008206240833
0.350400000811	0.005798336584
0.351999998093	0.005228768568
0.353599995375	0.005696592387
0.355199992657	0.007097424474
0.356799989939	0.005987168755
0.358399987221	0.006812384352
0.359999984503	0.005542480387
0.361599981785	0.006447872613
0.363199979067	0.007237472571
0.364799976349	0.006332416553
0.366400003433	0.005502336659
0.368000000715	0.005340304226
0.369599997997	0.005635776557
0.371199995279	0.007577552460
0.372799992561	0.007150880527
0.374399989843	0.007737552747
0.375999987125	0.006228256505
0.377599984407	0.005300320685
0.379199981689	0.006097984500
0.380799978971	0.004891776480
0.382399976254	0.006632576697
0.384000003338	0.005996320397
0.385600000620	0.005365584511
0.387199997902	0.006951552816
0.388799995184	0.007458416745
0.390399992466	0.004297344480
0.391999989748	0.006158400327
0.393599987030	0.006403088570
0.395199984312	0.005577088334
0.396799981594	0.006129600573
0.398399978876	0.005432336591
0.399999976158	0.006509552710
0.401600003242	0.006296016276
0.403200000525	0.005329008214
0.404799997807	0.006164160557
0.406399995089	0.005347424652
0.407999992371	0.007442448754
0.409599989653	0.007913504727
0.411199986935	0.006260384340
0.412799984217	0.006575248670
0.414399981499	0.004717632197
0.415999978781	0.006893056445
0.417599976063	0.006552240811
0.419200003147	0.006074192468
0.420800000429	0.005796800368
0.422399997711	0.007480144501
0.423999994993	0.005355616566
0.425599992275	0.006350688636
0.427199989557	0.006926768459
0.428799986839	0.006255344488
0.430399984121	0.004785024561
0.431999981403	0.005419904366
0.433599978685	0.005324672442
0.435199975967	0.005721008405
0.436800003052	0.004221472424
0.438400000334	0.005860064644
0.439999997616	0.006113504525
0.441599994898	0.005202784669
0.443199992180	0.006162096281
0.444799989462	0.006844624411
0.446399986744	0.006288672332
0.447999984026	0.005021552555
0.449599981308	0.006620080676
0.451199978590	0.005913664587
0.452799975872	0.005873280577
0.454400002956	0.005548752379
0.456000000238	0.006968304515
0.457599997520	0.004388736561
0.459199994802	0.006367808674
0.460799992085	0.008051280864
0.462399989367	0.006437328644
0.463999986649	0.005956976674
0.465599983931	0.006050880533
0.467199981213	0.005798512604
0.468799978495	0.008501024917
0.470399975777	0.004538736306
0.472000002861	0.005509536248
0.473600000143	0.006072560325
0.475199997425	0.006778736599
0.476799994707	0.006679520477
0.478399991989	0.006996032782
0.479999989271	0.006240496412
0.481599986553	0.003392112209
0.483199983835	0.005430400372
0.484799981117	0.005012432579
0.486399978399	0.006341408473
0.487999975681	0.005818496458
0.489599972963	0.005975008477
0.491200000048	0.006008144468
0.492799997330	0.004935200326
0.494399994612	0.004940368235
0.495999991894	0.006904000416
0.497599989176	0.003741520457
0.499199986458	0.003956608474
0.500800013542	0.003846976208
0.502399981022	0.007279504556
0.504000008106	0.005710480269
0.505599975586	0.006439488381
0.507200002670	0.005327136256
0.508799970150	0.004144224338
0.510399997234	0.005659824237
0.511999964714	0.005395776592
0.513599991798	0.005121504422
0.515199959278	0.005241648294
0.516799986362	0.005570352543
0.518400013447	0.005327856634
0.519999980927	0.005196368322
0.521600008011	0.006890784483
0.523199975491	0.006875232328
0.524800002575	0.005602720659
0.526399970055	0.005080896430
0.527999997139	0.003545440268
0.529599964619	0.006991712376
0.531199991703	0.005358320195
0.532799959183	0.004355664365
0.534399986267	0.004311216529
0.536000013351	0.004782800563
0.537599980831	0.007160224486
0.539200007915	0.005520176608
0.540799975395	0.005282736383
0.542400002480	0.004776288290
0.543999969959	0.004855568521
0.545599997044	0.005993040744
0.547199964523	0.006848096382
0.548799991608	0.006252704654
0.550399959087	0.005034992471
0.551999986172	0.004565424286
0.553600013256	0.005014592316
0.555199980736	0.004953504540
0.556800007820	0.006104720291
0.558399975300	0.005047920160
0.560000002384	0.006208272651
0.561599969864	0.003116064239
0.563199996948	0.005696928594
0.564799964428	0.004935664590
0.566399991512	0.006775936577
0.567999958992	0.003732384183
0.569599986076	0.003591040382
0.571200013161	0.005809664261
0.572799980640	0.004846640397
0.574400007725	0.006479296368
0.575999975204	0.004936624318
0.577600002289	0.004520800430
0.579199969769	0.004593360238
0.580799996853	0.004559744615
0.582399964333	0.004833904561
0.583999991417	0.004414480180
0.585599958897	0.004425488412
0.587199985981	0.005158144515
0.588800013065	0.004489856306
0.590399980545	0.004392288625
0.592000007629	0.004216960166
0.593599975109	0.005323040299
0.595200002193	0.004063744098
0.596799969673	0.006204352714
0.598399996758	0.006011280231
0.599999964237	0.006922784727
0.601599991322	0.004271344282
0.603199958801	0.003288368229
0.604799985886	0.005115456413
0.606400012970	0.004442416131
0.607999980450	0.004818880465
0.609600007534	0.006020176690
0.611199975014	0.004014736507
0.612800002098	0.005278560333
0.614399969578	0.005325168371
0.615999996662	0.005342656281
0.617599964142	0.004733856302
0.619199991226	0.004579104483
0.620799958706	0.005788832437
0.622399985790	0.003444736358
0.624000012875	0.004853104241
0.625599980354	0.005366848316
0.627200007439	0.004553552251
0.628799974918	0.004904352594
0.630400002003	0.006269776262
0.631999969482	0.003802032443
0.633599996567	0.005432720296
0.635199964046	0.003969536163
0.636799991131	0.004632896278
0.638399958611	0.004297312349
0.639999985695	0.004833760206
0.641600012779	0.004685344175
0.643199980259	0.005926304497
0.644800007343	0.003570960369
0.646399974823	0.004772464279
0.648000001907	0.003399008187
0.649599969387	0.004677584395
0.651199996471	0.005799600389
0.652799963951	0.003455472179
0.654399991035	0.004352768417
0.655999958515	0.003600416239
0.657599985600	0.004983056337
0.659200012684	0.005286704283
0.660799980164	0.003138960339
0.662400007248	0.004733216483
0.663999974728	0.004402224440
0.665600001812	0.004125120118
0.667199969292	0.004720352590
0.668799996376	0.004430112429
0.670399963856	0.004669888411
0.671999990940	0.004765696358
0.673599958420	0.004355168436
0.675199985504	0.002436752198
0.676800012589	0.005231040530
0.678399980068	0.004324000329
0.680000007153	0.005260800477
0.681599974632	0.004580624402
0.683200001717	0.003905728459
0.684799969196	0.006167952437
0.686399996281	0.003239056328
0.687999963760	0.004105712287
0.689599990845	0.004301600158
0.691199958324	0.004008688498
0.692799985409	0.004421968479
0.694399952888	0.004226160236
0.695999979973	0.004307616502
0.697600007057	0.003854048206
0.699199974537	0.004621904343
0.700800001621	0.005516960286
0.702399969101	0.004364864435
0.703999996185	0.004680880345
0.705599963665	0.003627744270
0.707199990749	0.002968416316
0.708799958229	0.002948608249
0.710399985313	0.005501072388
0.711999952793	0.002937120153
0.713599979877	0.004817376379
0.715200006962	0.004403088242
0.716799974442	0.004799184389
0.718400001526	0.004829040263
0.719999969006	0.003475984326
0.721599996090	0.004161072429
0.723199963570	0.005166960414
0.724799990654	0.002144464059
0.726399958134	0.003927984275
0.727999985218	0.003180864267
0.729599952698	0.004863392562
0.731199979782	0.003851408372
0.732800006866	0.003451856319
0.734399974346	0.004038208164
0.736000001431	0.003796688281
0.737599968910	0.005191888660
0.739199995995	0.003547440283
0.740799963474	0.004237200134
0.742399990559	0.002964976244
0.743999958038	0.004439232405
0.745599985123	0.004742960446
0.747199952602	0.004301504232
0.748799979687	0.004562912509
0.750400006771	0.003594480455
0.751999974251	0.004961600527
0.753600001335	0.004849840421
0.755199968815	0.004382880405
0.756799995899	0.005532544572
0.758399963379	0.003374448279
0.759999990463	0.004159664270
0.761599957943	0.005004352424
0.763199985027	0.004603120498
0.764799952507	0.002804464195
0.766399979591	0.003578464268
0.768000006676	0.005092576612
0.769599974155	0.004138992168
0.771200001240	0.004570352379
0.772799968719	0.004488304257
0.774399995804	0.004640832543
0.775999963284	0.002975488314
0.777599990368	0.003300960176
0.779199957848	0.003584832186
0.780799984932	0.003438352142
0.782399952412	0.003523296211
0.783999979496	0.002847664291
0.785600006580	0.003076384310
0.787199974060	0.003953072242
0.788800001144	0.004250800237
0.790399968624	0.003226864152
0.791999995708	0.002941760235
0.793599963188	0.002873248188
0.795199990273	0.003891200293
0.796799957752	0.005473744590
0.798399984837	0.002462992212
0.799999952316	0.003348208265
0.801599979401	0.003597360337
0.803200006485	0.003666208358
0.804799973965	0.003464896232
0.806400001049	0.004777344409
0.807999968529	0.003980752546
0.809599995613	0.002934416290
0.811199963093	0.004589136224
0.812799990177	0.004400352482
0.814399957657	0.004023488145
0.815999984741	0.002480624244
0.817599952221	0.005084592383
0.819199979305	0.005120016169
0.820800006390	0.004179664422
0.822399973869	0.004370048176
0.824000000954	0.003983152565
0.825599968433	0.003594144247
0.827199995518	0.003955024295
0.828799962997	0.003581232158
0.830399990082	0.004033296369
0.831999957561	0.003942208365
0.833599984646	0.001920368173
0.835199952126	0.003823072417
0.836799979210	0.003977312241
0.838400006294	0.004173760302
0.839999973774	0.004440720193
0.841600000858	0.005109904334
0.843199968338	0.003617616370
0.844799995422	0.004360944498
0.846399962902	0.003974096384
0.847999989986	0.002081568120
0.849599957466	0.002479536226
0.851199984550	0.004826720338
0.852799952030	0.004084320273
0.854399979115	0.003272992326
0.856000006199	0.003419840243
0.857599973679	0.004327584524
0.859200000763	0.003247184213
0.860799968243	0.004400400445
0.862399995327	0.003490000265
0.863999962807	0.003174592275
0.865599989891	0.003305648221
0.867199957371	0.003152128309
0.868799984455	0.004339040257
0.870399951935	0.004537072498
0.871999979019	0.003971552476
0.873600006104	0.002636544174
0.875199973583	0.003383312374
0.876800000668	0.003759840271
0.878399968147	0.004660976585
0.879999995232	0.004053728189
0.881599962711	0.004033872392
0.883199989796	0.003362576244
0.884799957275	0.003431776306
0.886399984360	0.003261184320
0.887999951839	0.002700864337
0.889599978924	0.004161056131
0.891200006008	0.003505344270
0.892799973488	0.003785008332
0.894400000572	0.005907680374
0.895999968052	0.004828336183
0.897599995136	0.004472784232
0.899199962616	0.003932448104
0.900799989700	0.003519328311
0.902399957180	0.003242160194
0.903999984264	0.003108832287
0.905599951744	0.004333616234
0.907199978828	0.003733392339
0.908800005913	0.004778480623
0.910399973392	0.003552096197
0.912000000477	0.002357776277
0.913599967957	0.003530416172
0.915199995041	0.004467392340
0.916799962521	0.002854208229
0.918399989605	0.002529344289
0.919999957085	0.003037408227
0.921599984169	0.005603088532
0.923199951649	0.003153488273
0.924799978733	0.003612448229
0.926400005817	0.004569152370
0.927999973297	0.003368832171
0.929600000381	0.004142928403
0.931199967861	0.004913600627
0.932799994946	0.002730192151
0.934399962425	0.002545344178
0.935999989510	0.002717952244
0.937599956989	0.004133072216
0.939199984074	0.003251392161
0.940799951553	0.003068752354
0.942399978638	0.004784176126
0.944000005722	0.004416112322
0.945599973202	0.003559120232
0.947200000286	0.004705264233
0.948799967766	0.004706400447
0.950399994850	0.004067536443
0.951999962330	0.003459248226
0.953599989414	0.002223392250
0.955199956894	0.005037664436
0.956799983978	0.003153616330
0.958399951458	0.003997392487
0.959999978542	0.003830640344
0.961599946022	0.002982720267
0.963199973106	0.003160224296
0.964800000191	0.005929248407
0.966399967670	0.005509248469
0.967999994755	0.002870400203
0.969599962234	0.003368816338
0.971199989319	0.005985904485
0.972799956799	0.003880800214
0.974399983883	0.001609488158
0.975999951363	0.004042320419
0.977599978447	0.002434528200
0.979199945927	0.003515952267
0.980799973011	0.002979536308
0.982400000095	0.003307536244
0.983999967575	0.003158784239
0.985599994659	0.003007984255
0.987199962139	0.004145504441
0.988799989223	0.003416112391
0.990399956703	0.002830448328
0.991999983788	0.003562016413
0.993599951267	0.003341840114
0.995199978352	0.001880816184
0.996799945831	0.002555056242
0.998399972916	0.004577504471
1.000000000000	0.002874000231
1.001600027084	0.003269456327
1.003199934959	0.002397840144
1.004799962044	0.005131344311
1.006399989128	0.004229824524
1.008000016212	0.001855584094
1.009599924088	0.004766000435
1.011199951172	0.002865360118
1.012799978256	0.005154608283
1.014400005341	0.004156944342
1.016000032425	0.003937264439
1.017599940300	0.001705088187
1.019199967384	0.002291104291
1.020799994469	0.004598096479
1.022400021553	0.002957552206
1.023999929428	0.001593680121
1.025599956512	0.002831888152
1.027199983597	0.003693888197
1.028800010681	0.002721376251
1.030399918556	0.002859280212
1.031999945641	0.003979872447
1.033599972725	0.002595968312
1.035199999809	0.004004816525
1.036800026894	0.004039504565
1.038399934769	0.002063008258
1.039999961853	0.001742736087
1.041599988937	0.001266496140
1.043200016022	0.003047344275
1.044799923897	0.001832864131
1.046399950981	0.001895824214
1.047999978065	0.002524320269
1.049600005150	0.005302496254
1.051200032234	0.001978656044
1.052799940109	0.002584608272
1.054399967194	0.003925104160
1.055999994278	0.003580144374
1.057600021362	0.001572528156
1.059199929237	0.003763376269
1.060799956322	0.001274112146
1.062399983406	0.003289904213
1.064000010490	0.002328624250
1.065599918365	0.003982672468
1.067199945450	0.002509968122
1.068799972534	0.001858448144
1.070399999619	0.003952768166
1.072000026703	0.002963088220
1.073599934578	0.004088208545
1.075199961662	0.003027552273
1.076799988747	0.002234272193
1.078400015831	0.003415520303
1.079999923706	0.002092960058
1.081599950790	0.003238272155
1.083199977875	0.002249120269
1.084800004959	0.001410496072
1.086400032043	0.001964928117
1.087999939919	0.002863040194
1.089599967003	0.002709168242
1.091199994087	0.001446864102
1.092800021172	0.003674368374
1.094399929047	0.002646816196
1.095999956131	0.003516448429
1.097599983215	0.002750736196
1.099200010300	0.003249328351
1.100799918175	0.002257472137
1.102399945259	0.002576640109
1.103999972343	0.005413808394
1.105599999428	0.001924720244
1.107200026512	0.002090608235
1.108799934387	0.003499744227
1.110399961472	0.002313136123
1.111999988556	0.002305472270
1.113600015640	0.003336384194
1.115199923515	0.004554416519
1.116799950600	0.002250944264
1.118399977684	0.003286912339
1.120000004768	0.002567600226
1.121599912643	0.001843856182
1.123199939728	0.002908880357
1.124799966812	0.002265856136
1.126399993896	0.001512352144
1.128000020981	0.003771504387
1.129599928856	0.002352336189
1.131199955940	0.002079232130
1.132799983025	0.003540592268
1.134400010109	0.002827040153
1.135999917984	0.002976576332
1.137599945068	0.003806352383
1.139199972153	0.004085360095
1.140799999237	0.001934096217
1.142400026321	0.003220928367
1.143999934196	0.002358016092
1.145599961281	0.002716368297
1.147199988365	0.003081392264
1.148800015450	0.003774096258
1.150399923325	0.002315712161
1.151999950409	0.003371136263
1.153599977493	0.002430528169
1.155200004578	0.002897312166
1.156799912453	0.003700784175
1.158399939537	0.002224592259
1.159999966621	0.001868688152
1.161599993706	0.003324144287
1.163200020790	0.002155136084
1.164799928665	0.002301792149
1.166399955750	0.004436720163
1.167999982834	0.001692656078
1.169600009918	0.002122096252
1.171199917793	0.003137440188
1.172799944878	0.002224800177
1.174399971962	0.004044512287
1.175999999046	0.001528032240
1.177600026131	0.001663968083
1.179199934006	0.002921808278
1.180799961090	0.003246352309
1.182399988174	0.004069904331
1.184000015259	0.000913408061
1.185599923134	0.003184592351
1.187199950218	0.003079520306
1.188799977303	0.003045040183
1.190400004387	0.002735296264
1.191999912262	0.002634496195
1.193599939346	0.003102624323
1.195199966431	0.003312832210
1.196799993515	0.002729424275
1.198400020599	0.003254064359
1.199999928474	0.003617888317
1.201599955559	0.002131216228
1.203199982643	0.001846944215
1.204800009727	0.002896048361
1.206399917603	0.001342192176
1.207999944687	0.002019584179
1.209599971771	0.003320768243
1.211199998856	0.000997408060
1.212800025940	0.002870992292
1.214399933815	0.002982720267
1.215999960899	0.003722336376
1.217599987984	0.001916672103
1.219200015068	0.001504048123
1.220799922943	0.002484640339
1.222399950027	0.002533136168
1.223999977112	0.001985616283
1.225600004196	0.004261568189
1.227199912071	0.002533680061
1.228799939156	0.001367840101
1.230399966240	0.003062128322
1.231999993324	0.002401568228
1.233600020409	0.000698928023
1.235199928284	0.000554144033
1.236799955368	0.002894496312
1.238399982452	0.002151968190
1.240000009537	0.002039680257
1.241599917412	0.003040128155
1.243199944496	0.002155776136
1.244799971581	0.001231152099
1.246399998665	0.002819472225
1.248000025749	0.001606496167
1.249599933624	0.001635856112
1.251199960709	0.002872880083
1.252799987793	0.002074384131
1.254400014877	0.001346480101
1.255999922752	0.002084336244
1.257599949837	0.001780320192
1.259199976921	0.001436496153
1.260800004005	0.002633120166
1.262399911880	0.003083568299
1.263999938965	0.003487568349
1.265599966049	0.001506560133
1.267199993134	0.002709008288
1.268800020218	0.003438912332
1.270399928093	0.001707632095
1.271999955177	0.000872416073
1.273599982262	0.001378656132
1.275200009346	0.001580544165
1.276799917221	0.002239040099
1.278399944305	0.003990832251
1.279999971390	0.002741664182
1.281599998474	0.000673808041
1.283200025558	0.002363968175
1.284799933434	0.002260608133
1.286399960518	0.002183248289
1.287999987602	0.000380080048
1.289600014687	0.003537408309
1.291199922562	0.003404000308
1.292799949646	0.002830368234
1.294399976730	0.001966800075
1.296000003815	0.002058704151
1.297599911690	0.001171424054
1.299199938774	0.001683200127
1.300799965858	0.002089984249
1.302399992943	0.001221424085
1.304000020027	0.002246688120
1.305599927902	0.002011888195
1.307199954987	0.002162624151
1.308799982071	-0.000277376064
1.310400009155	0.000811152044
1.311999917030	0.001756304177
1.313599944115	0.002181040123
1.315199971199	0.002432528185
1.316799998283	0.002809280297
1.318400025368	0.002027712064
1.319999933243	0.002982640173
1.321599960327	0.002586304210
1.323199987411	0.002212944208
1.324800014496	0.001277360134
1.326399922371	0.001857856172
1.327999949455	0.001928960206
1.329599976540	0.001283328049
1.331200003624	0.001240736106
1.332799911499	0.001757280086
1.334399938583	0.002068960108
1.335999965668	0.001821152167
1.337599992752	0.001223104075
1.339200019836	0.002294976264
1.340799927711	0.003174448153
1.342399954796	0.001748224138
1.343999981880	0.000742704025
1.345600008965	0.001168304123
1.347199916840	0.002278816188
1.348799943924	0.003548016306
1.350399971008	0.002301984234
1.351999998093	0.000698768068
1.353600025177	0.001871856162
1.355199933052	0.002489952138
1.356799960136	0.002181536052
1.358399987221	0.001445632079
1.360000014305	0.001444976078
1.361599922180	0.002659552265
1.363199949265	0.001488864073
1.364799976349	0.002829360310
1.366400003433	0.002481952077
1.367999911308	0.001737104147
1.369599938393	0.000971648085
1.371199965477	0.001716048107
1.372799992561	0.002595936181
1.374400019646	0.001862432109
1.375999927521	0.002296736231
1.377599954605	0.001025232021
1.379199981689	0.001253616065
1.380800008774	0.002336192178
1.382399916649	0.001059488044
1.383999943733	0.001124192146
1.385599970818	0.000902544067
1.387199997902	0.001911824220
1.388799905777	0.002081456129
1.390399932861	0.003354800399
1.391999959946	0.002382304287
1.393599987030	0.001493408112
1.395200014114	0.000930640148
1.396799921989	0.002017120132
1.398399949074	0.002043600194
1.399999976158	0.001475648140
1.401600003242	0.000003775973
1.403199911118	0.002436240204
1.404799938202	0.002965200227
1.406399965286	0.002125488129
1.407999992371	0.001030144049
1.409600019455	0.001675328240
1.411199927330	0.002450160217
1.412799954414	0.001111856080
1.414399981499	0.001809408190
1.416000008583	0.001879040152
1.417599916458	0.000956272066
1.419199943542	0.000046271991
1.420799970627	0.003372112289
1.422399997711	0.002172896173
1.423999905586	0.003167744260
1.425599932671	0.002618096070
1.427199959755	0.001781264204
1.428799986839	0.001897168113
1.430400013924	0.001296096132
1.431999921799	0.001815760159
1.433599948883	0.000224896008
1.435199975967	0.000166512022
1.436800003052	0.000494224019
1.438399910927	0.000056704008
1.439999938011	0.002456704155
1.441599965096	0.001416688086
1.443199992180	0.003259216202
1.444800019264	0.002552896272
1.446399927139	0.002103696112
1.447999954224	0.003336224239
1.449599981308	0.002562128240
1.451200008392	0.001626528101
1.452799916267	0.001672960119
1.454399943352	0.001570080174
1.455999970436	0.000994960079
1.457599997520	0.002443040255
1.459199905396	0.001042192103
1.460799932480	0.000123408026
1.462399959564	0.001412656158
1.463999986649	0.002123840153
1.465600013733	0.001042432035
1.467199921608	0.001244080137
1.468799948692	0.002329008188
1.470399975777	0.002762384247
1.472000002861	0.000714768074
1.473599910736	0.001989840064
1.475199937820	0.001033152104
1.476799964905	0.000324688008
1.478399991989	0.000976464071
1.480000019073	0.001590400119
1.481599926949	0.000142848003
1.483199954033	-0.000037087986
1.484799981117	0.001290160115
1.486400008202	0.002103840234
1.487999916077	0.001871808083
1.489599943161	0.001247296110
1.491199970245	0.000491520041
1.492799997330	0.000623392058
1.494399905205	0.001870208071
1.495999932289	0.001156208105
1.497599959373	0.001860000077
1.499199986458	0.001140768174
1.500800013542	0.001425040187
1.502399921417	0.000607503986
1.503999948502	-0.000851728080
1.505599975586	0.000664096035
1.507200002670	0.002064192202
1.508799910545	0.001203424181
1.510399937630	0.001166624133
1.511999964714	0.001931952196
1.513599991798	-0.000980384066
1.515200018883	0.001123888069
1.516799926758	0.001929488149
1.518399953842	0.000545808114
1.519999980927	0.001548144151
1.521600008011	0.001934800181
1.523199915886	-0.000249136036
1.524799942970	0.000139280033
1.526399970055	0.000690464105
1.527999997139	0.002026624279
1.529599905014	-0.000745616038
1.531199932098	0.001473792130
1.532799959183	0.001353424159
1.534399986267	0.000962208083
1.536000013351	0.000169744002
1.537599921227	0.002144304104
1.539199948311	0.001114144106
1.540799975395	0.001288224128
1.542400002480	0.000830864068
1.543999910355	0.000570752076
1.545599937439	0.000169184044
1.547199964523	0.003230384318
1.548799991608	0.002229776233
1.550400018692	0.001391760074
1.551999926567	-0.000634576019
1.553599953651	0.000209824066
1.555199980736	0.001471056137
1.556800007820	0.000903408043
1.558399915695	0.001582448138
1.559999942780	0.001690160134
1.561599969864	-0.000074160038
1.563199996948	0.002084752312
1.564799904823	0.001670048106
1.566399931908	0.001240720158
1.567999958992	0.001436304068
1.569599986076	0.001711888122
1.571200013161	0.002546704141
1.572799921036	0.001496128156
1.574399948120	0.000623600034
1.575999975204	0.000627104018
1.577600002289	0.000356992037
1.579199910164	0.001457376173
1.580799937248	0.000438656076
1.582399964333	0.000119935998
1.583999991417	0.000177631984
1.585600018501	0.001999824075
1.587199926376	0.001156576094
1.588799953461	0.001146224095
1.590399980545	0.000688928063
1.592000007629	0.001425872091
1.593599915504	0.000205328019
1.595199942589	0.000278464053
1.596799969673	0.000633536081
1.598399996758	0.000375775970
1.599999904633	0.000564032118
1.601599931717	0.001641920186
1.603199958801	-0.000121120014
1.604799985886	0.001076256158
1.606400012970	0.001302720048
1.607999920845	0.001168688061
1.609599947929	-0.000186800011
1.611199975014	0.000739408075
1.612800002098	0.000205808014
1.614399909973	-0.000124448008
1.615999937057	0.001600464107
1.617599964142	0.002435328206
1.619199991226	0.002111104084
1.620800018311	0.000615920057
1.622399926186	0.002013824182
1.623999953270	-0.000533520069
1.625599980354	0.001183360117
1.627200007439	0.001205520122
1.628799915314	0.000841104076
1.630399942398	-0.000225840020
1.631999969482	0.000615168072
1.633599996567	0.000653840078
1.635199904442	0.000308944058
1.636799931526	0.000721584074
1.638399958611	0.000806560100
1.639999985695	0.000660496065
1.641600012779	0.000230800011
1.643199920654	0.002015312202
1.644799947739	0.001683760202
1.646399974823	0.001832848182
1.648000001907	0.001695040148
1.649599909782	0.002969408175
1.651199936867	0.000757456000
1.652799963951	-0.000350064045
1.654399991035	0.000623584085
1.655999898911	0.000760112016
1.657599925995	0.000818096043
1.659199953079	0.001915824134
1.660799980164	0.002345872112
1.662400007248	0.000893328106
1.663999915123	0.000271632045
1.665599942207	0.002194272121
1.667199969292	0.000304784044
1.668799996376	0.000998144038
1.670399904251	0.002269616118
1.671999931335	0.000792815990
1.673599958420	-0.001509136055
1.675199985504	0.001806000131
1.676800012589	-0.001433328143
1.678399920464	0.001371088088
1.679999947548	0.000789072015
1.681599974632	0.000492575986
1.683200001717	0.000936512020
1.684799909592	0.000701280020
1.686399936676	0.002247248078
1.687999963760	-0.000880384061
1.689599990845	0.000883856032
1.691199898720	0.000177648049
1.692799925804	0.000873968063
1.694399952888	-0.001329744118
1.695999979973	0.001208704081
1.697600007057	-0.000228528035
1.699199914932	0.001187408110
1.700799942017	0.001153440098
1.702399969101	0.001492448151
1.703999996185	-0.000006304003
1.705599904060	0.001466432121
1.707199931145	0.001648272155
1.708799958229	-0.000443456054
1.710399985313	0.000682592043
1.712000012398	0.001224272070
1.713599920273	-0.001004768070
1.715199947357	-0.000263888040
1.716799974442	0.001960368128
1.718400001526	0.001334384084
1.719999909401	0.001044912147
1.721599936485	0.002252368256
1.723199963570	0.002117808210
1.724799990654	-0.000914128090
1.726399898529	0.001505808090
1.727999925613	-0.000049104015
1.729599952698	-0.000467520062
1.731199979782	0.001858320204
1.732800006866	0.001164576039
1.734399914742	0.000294640049
1.735999941826	0.000711328059
1.737599968910	0.000240304013
1.739199995995	0.002053328091
1.740799903870	-0.000581040105
1.742399930954	0.002175504109
1.743999958038	0.001711248187
1.745599985123	-0.000020511987
1.747200012207	0.001572224195
1.748799920082	0.001681648195
1.750399947166	0.001340352115
1.751999974251	-0.000797696062
1.753600001335	0.000929760048
1.755199909210	-0.001801328151
1.756799936295	-0.001631520223
1.758399963379	0.001280848053
1.759999990463	0.000651120034
1.761599898338	0.001287008054
1.763199925423	0.000773984008
1.764799952507	0.000118336000
1.766399979591	0.000111072004
1.768000006676	0.000489632017
1.769599914551	0.001095488085
1.771199941635	0.000310016010
1.772799968719	0.000796560023
1.774399995804	0.000724447949
1.775999903679	0.000522432034
1.777599930763	0.001113808132
1.779199957848	0.001917888178
1.780799984932	0.000991408131
1.782400012016	-0.001644576085
1.783999919891	-0.001123296097
1.785599946976	0.000188992009
1.787199974060	-0.000843056070
1.788800001144	-0.000092848022
1.790399909019	0.001629600069
1.791999936104	-0.000186560064
1.793599963188	-0.001277936157
1.795199990273	0.000644288084
1.796799898148	0.000091183989
1.798399925232	-0.001696704188
1.799999952316	0.003317792201
1.801599979401	-0.000724480022
1.803200006485	-0.000481440045
1.804799914360	-0.000363935978
1.806399941444	0.003289360320
1.807999968529	-0.000592576049
1.809599995613	-0.000787008030
1.811199903488	0.001426000148
1.812799930573	-0.000560912071
1.814399957657	0.000052783973
1.815999984741	0.001174000092
1.817600011826	-0.000446032034
1.819199919701	-0.000066816014
1.820799946785	0.001603824086
1.822399973869	0.000654096075
1.824000000954	-0.000169728024
1.825599908829	0.000506400014
1.827199935913	-0.000617968035
1.828799962997	0.000350944028
1.830399990082	0.002367776120
1.831999897957	-0.000775280118
1.833599925041	-0.000999488053
1.835199952126	-0.000448592065
1.836799979210	0.001095296117
1.838400006294	0.001379968133
1.839999914169	0.000263312046
1.841599941254	0.003663024399
1.843199968338	0.000784304051
1.844799995422	-0.000262976042
1.846399903297	0.001947040088
1.847999930382	0.001609104103
1.849599957466	-0.001214768039
1.851199984550	0.000144112011
1.852800011635	-0.000225280004
1.854399919510	-0.001104032039
1.855999946594	-0.001035552006
1.857599973679	0.001200592145
1.859200000763	0.000826800009
1.860799908638	0.000243199989
1.862399935722	-0.000694464077
1.863999962807	0.001097728149
1.865599989891	-0.001124656061
1.867199897766	0.000496384047
1.868799924850	-0.000393983995
1.870399951935	-0.001363136107
1.871999979019	-0.000077776065
1.873600006104	0.000583120098
1.875199913979	-0.000971184112
1.876799941063	-0.000431840046
1.878399968147	-0.000032447977
1.879999995232	-0.000961968093
1.881599903107	-0.000422160054
1.883199930191	0.000177216061
1.884799957275	0.000024143987
1.886399984360	-0.000178704024
1.888000011444	-0.000174608023
1.889599919319	0.000982640078
1.891199946404	-0.000195840010
1.892799973488	-0.001053856104
1.894400000572	-0.000699312077
1.895999908447	-0.001646464108
1.897599935532	0.000979311997
1.899199962616	-0.000353664043
1.900799989700	-0.000594800047
1.902399897575	-0.000359248021
1.903999924660	0.000760912080
1.905599951744	0.000174576038
1.907199978828	-0.001127792173
1.908800005913	0.000296240032
1.910399913788	0.001443584100
1.911999940872	0.001062656054
1.913599967957	0.000393983966
1.915199995041	0.000507568009
1.916799902916	0.000208256010
1.918399930000	-0.001175952028
1.919999957085	-0.000460144045
1.921599984169	-0.001452928060
1.923199892044	-0.000515968073
1.924799919128	0.000089328008
1.926399946213	0.001439680113
1.927999973297	0.000426080049
1.929600000381	0.000414816022
1.931199908257	0.001321312157
1.932799935341	-0.000066879991
1.934399962425	0.000091359994
1.935999989510	0.000359456055
1.937599897385	0.000594224024
1.939199924469	-0.001397200162
1.940799951553	0.000332544005
1.942399978638	-0.001047936035
1.944000005722	-0.002489920240
1.945599913597	0.000156880007
1.947199940681	-0.000619040045
1.948799967766	-0.000061200015
1.950399994850	0.000388880027
1.951999902725	0.000624656037
1.953599929810	0.000163952020
1.955199956894	-0.000766160083
1.956799983978	0.000822896080
1.958399891853	-0.002662544139
1.959999918938	-0.003270336194
1.961599946022	0.001284560072
1.963199973106	0.000826064090
1.964800000191	-0.001046208083
1.966399908066	-0.000239216039
1.967999935150	-0.000096832009
1.969599962234	0.000546896074
1.971199989319	-0.000363664061
1.972799897194	0.000624160049
1.974399924278	-0.000802896044
1.975999951363	-0.000033760025
1.977599978447	0.000281904067
1.979200005531	-0.001386432094
1.980799913406	0.000277664047
1.982399940491	0.000914224074
1.983999967575	-0.000655040087
1.985599994659	-0.002237424254
1.987199902534	0.000296784012
1.988799929619	-0.000506864046
1.990399956703	-0.000858944084
1.991999983788	0.000872032077
1.993599891663	0.000767904043
1.995199918747	-0.000389040011
1.996799945831	0.000929760106
1.998399972916	0.000973136106
2.000000000000	-0.001791600138
2.001600027084	-0.000932960073
2.003200054169	0.000142608056
2.004799842834	-0.000770480081
2.006399869919	-0.000075456039
2.007999897003	-0.001385840122
2.009599924088	-0.001785376109
2.011199951172	-0.000591664109
2.012799978256	0.000656992081
2.014400005341	0.000098880060
2.016000032425	-0.001329936087
2.017600059509	0.000915488112
2.019199848175	-0.001578016207
2.020799875259	-0.001937056193
2.022399902344	0.000817296037
2.023999929428	-0.000201503979
2.025599956512	0.000666128122
2.027199983597	-0.000898032100
2.028800010681	-0.001640880131
2.030400037766	-0.001414464088
2.032000064850	-0.000151696004
2.033599853516	0.001849840162
2.035199880600	-0.003207104281
2.036799907684	-0.001894736080
2.038399934769	0.000605567999
2.039999961853	0.000368704001
2.041599988937	-0.001514880103
2.043200016022	0.000549856049
2.044800043106	0.000637935998
2.046399831772	-0.001832928159
2.047999858856	0.000045760000
2.049599885941	-0.000923360116
2.051199913025	0.000007744001
2.052799940109	-0.000500592054
2.054399967194	0.000766832090
2.055999994278	-0.002829264151
2.057600021362	-0.002264496172
2.059200048447	-0.001780576189
2.060799837112	0.000814064115
2.062399864197	-0.000825536088
2.063999891281	-0.000179152034
2.065599918365	-0.001645568176
2.067199945450	-0.000918560079
2.068799972534	0.001645792159
2.070399999619	-0.000813264051
2.072000026703	-0.002519360278
2.073600053787	-0.000705040060
2.075199842453	0.001280992059
2.076799869537	-0.000928576046
2.078399896622	-0.001080672140
2.079999923706	0.000424528029
2.081599950790	-0.000401344063
2.083199977875	-0.000858224055
2.084800004959	-0.000784240023
2.086400032043	-0.000152879948
2.088000059128	-0.001967024291
2.089599847794	0.000585344038
2.091199874878	0.000023791967
2.092799901962	-0.001308032079
2.094399929047	-0.000730496075
2.095999956131	-0.003157136263
2.097599983215	-0.003432464320
2.099200010300	-0.002004752168
2.100800037384	-0.001426944160
2.102400064468	-0.000586720067
2.103999853134	-0.000039552007
2.105599880219	-0.000658512057
2.107199907303	-0.002136304276
2.108799934387	-0.001896032132
2.110399961472	0.000009471982
2.111999988556	-0.002385248197
2.113600015640	-0.000952976057
2.115200042725	0.000761136063
2.116799831390	0.000334432028
2.118399858475	-0.001564272097
2.119999885559	-0.000988992164
2.121599912643	0.001385216136
2.123199939728	-0.002495024120
2.124799966812	-0.000671616057
2.126399993896	-0.000164879981
2.128000020981	0.000710128108
2.129600048065	0.000608096016
2.131199836731	0.000077136050
2.132799863815	-0.002424976323
2.134399890900	-0.003093872219
2.135999917984	-0.001074464060
2.137599945068	-0.000989664113
2.139199972153	-0.001085728174
2.140799999237	0.000335744058
2.142400026321	0.000556656043
2.144000053406	-0.000689696055
2.145599842072	-0.001143232104
2.147199869156	-0.000649280089
2.148799896240	-0.002862752182
2.150399923325	-0.000093903996
2.151999950409	0.001355472137
2.153599977493	-0.003117600223
2.155200004578	-0.002140832134
2.156800031662	0.000160000011
2.158400058746	-0.000515232037
2.159999847412	-0.003046176163
2.161599874496	-0.001065424061
2.163199901581	0.001004864112
2.164799928665	-0.002520432230
2.166399955750	-0.002344048116
2.167999982834	-0.001346832141
2.169600009918	-0.001166704111
2.171200037003	-0.002406960120
2.172800064087	0.000287776027
2.174399852753	0.000162319993
2.175999879837	-0.001556160045
2.177599906921	-0.000106832056
2.179199934006	-0.000646864122
2.180799961090	-0.001450544107
2.182399988174	-0.000989440130
2.184000015259	-0.001567344065
2.185600042343	-0.000848208088
2.187199831009	-0.000307856040
2.188799858093	-0.001705024159
2.190399885178	-0.002779168310
2.191999912262	-0.000577872037
2.193599939346	0.000055600009
2.195199966431	-0.001957472181
2.196799993515	-0.000676128082
2.198400020599	-0.002026592148
2.200000047684	-0.001376400120
2.201599836349	-0.000526096032
2.203199863434	-0.001112288097
2.204799890518	-0.002022384200
2.206399917603	-0.000771680090
2.207999944687	-0.000672528055
2.209599971771	-0.002720960183
2.211199998856	-0.001464656089
2.212800025940	-0.000685424078
2.214400053024	-0.001906640129
2.215999841690	-0.000006783976
2.217599868774	-0.001428208081
2.219199895859	-0.001718352200
2.220799922943	-0.001309936051
2.222399950027	-0.001007376122
2.223999977112	0.000572592078
2.225600004196	-0.001484672073
2.227200031281	-0.001364208059
2.228800058365	-0.001419504057
2.230399847031	-0.000424496073
2.231999874115	-0.002030064119
2.233599901199	-0.001236240147
2.235199928284	-0.003041680204
2.236799955368	-0.001573024085
2.238399982452	-0.002471456304
2.240000009537	-0.002384064253
2.241600036621	-0.001175072044
2.243199825287	-0.001427648123
2.244799852371	-0.001992352307
2.246399879456	-0.002588208299
2.247999906540	0.000142272038
2.249599933624	-0.001581392135
2.251199960709	-0.003001296194
2.252799987793	-0.001771776122
2.254400014877	-0.002940544393
2.256000041962	-0.000498112058
2.257599830627	-0.002666320186
2.259199857712	-0.002690416295
2.260799884796	-0.002835472114
2.262399911880	-0.001695840037
2.263999938965	-0.001633680076
2.265599966049	-0.003170384327
2.267199993134	-0.001517824130
2.268800020218	-0.001270304085
2.270400047302	-0.000329104019
2.271999835968	-0.000940112106
2.273599863052	-0.002850224264
2.275199890137	-0.003034256399
2.276799917221	-0.002262288239
2.278399944305	-0.000789168058
2.279999971390	-0.001758864149
2.281599998474	-0.001666576136
2.283200025558	-0.002469344297
2.284800052643	-0.002610736294
2.286399841309	-0.002192144049
2.287999868393	-0.000512208033
2.289599895477	-0.000835472078
2.291199922562	-0.001286352053
2.292799949646	-0.001426896197
2.294399976730	-0.001454544137
2.296000003815	-0.002178880153
2.297600030899	-0.001147216186
2.299200057983	-0.003443008289
2.300799846649	-0.002076512203
2.302399873734	-0.001956608146
2.303999900818	-0.001478256192
2.305599927902	-0.000448288047
2.307199954987	-0.002458336297
2.308799982071	-0.002254272113
2.310400009155	-0.002321984153
2.312000036240	-0.001433888101
2.313599824905	-0.001596832182
2.315199851990	-0.001199984108
2.316799879074	-0.002540400252
2.318399906158	-0.001763536129
2.319999933243	-0.001605728059
2.321599960327	-0.002323296154
2.323199987411	-0.000386864034
2.324800014496	-0.001946688164
2.326400041580	-0.000753600034
2.327999830246	-0.000642224040
2.329599857330	-0.001179120154
2.331199884415	-0.001498112106
2.332799911499	-0.000849632081
2.334399938583	-0.002502096351
2.335999965668	-0.003606576240
2.337599992752	-0.001456624130
2.339200019836	-0.000136591974
2.340800046921	-0.002487408230
2.342399835587	-0.001883072197
2.343999862671	-0.002946704160
2.345599889755	-0.004068288486
2.347199916840	-0.000263376016
2.348799943924	-0.000086800021
2.350399971008	-0.002290800214
2.351999998093	-0.002662528306
2.353600025177	-0.000549968041
2.355200052261	-0.000125023973
2.356799840927	-0.001920176088
2.358399868011	-0.000514672080
2.359999895096	-0.002952976152
2.361599922180	-0.000893824152
2.363199949265	-0.001254400122
2.364799976349	-0.002202800242
2.366400003433	-0.001122064074
2.368000030518	-0.000961312035
2.369600057602	-0.002296720166
2.371199846268	-0.002905024216
2.372799873352	-0.000278719992
2.374399900436	-0.001906288089
2.375999927521	-0.001078192028
2.377599954605	-0.002657632111
2.379199981689	-0.003121280344
2.380800008774	-0.002008000156
2.382400035858	-0.001544512110
2.383999824524	-0.003531200346
2.385599851608	-0.002870272147
2.387199878693	-0.001368192141
2.388799905777	-0.001604320132
2.390399932861	-0.002309168223
2.391999959946	0.000617648009
2.393599987030	-0.003583792364
2.395200014114	-0.001860736171
2.396800041199	-0.000303424051
2.398399829865	-0.001267104060
2.399999856949	-0.002179376082
2.401599884033	-0.002377040219
2.403199911118	-0.001219488098
2.404799938202	-0.000616576057
2.406399965286	-0.001809184207
2.407999992371	-0.002017520135
2.409600019455	-0.002023408189
2.411200046539	-0.001502944157
2.412799835205	-0.000528992037
2.414399862289	-0.003328448394
2.415999889374	-0.002240768168
2.417599916458	-0.000919936108
2.419199943542	-0.000744416087
2.420799970627	-0.000541872054
2.422399997711	-0.001485040179
2.424000024796	-0.000466496043
2.425600051880	-0.003576240269
2.427199840546	-0.001756144105
2.428799867630	-0.002484864090
2.430399894714	-0.002273104154
2.431999921799	-0.001878224197
2.433599948883	-0.002414304297
2.435199975967	-0.002919440158
2.436800003052	-0.004217520356
2.438400030136	-0.000745280064
2.440000057220	-0.001703488175
2.441599845886	-0.000892688055
2.443199872971	-0.003142768284
2.444799900055	-0.000198992027
2.446399927139	-0.001972672297
2.447999954224	-0.000445072073
2.449599981308	-0.000989968074
2.451200008392	-0.004167312291
2.452800035477	-0.001647664118
2.454399824142	-0.001929424121
2.455999851227	-0.001313568093
2.457599878311	-0.001589344116
2.459199905396	-0.000941520091
2.460799932480	-0.002298064297
2.462399959564	-0.001170128118
2.463999986649	-0.001664320123
2.465600013733	-0.002517040353
2.467200040817	-0.003086928278
2.468799829483	-0.000041135962
2.470399856567	-0.001981248148
2.471999883652	-0.002986480249
2.473599910736	-0.001625280129
2.475199937820	-0.002180256182
2.476799964905	-0.000078607991
2.478399991989	-0.002867920324
2.480000019073	-0.001073312014
2.481600046158	-0.003069424303
2.483199834824	-0.002312752185
2.484799861908	-0.002206576057
2.486399888992	-0.002982016187
2.487999916077	-0.002952928189
2.489599943161	-0.003241296392
2.491199970245	-0.001581936143
2.492799997330	-0.002204272198
2.494400024414	-0.001719488180
2.496000051498	-0.001922176220
2.497599840164	-0.000579328043
2.499199867249	-0.001708160271
2.500799894333	-0.002012944082
2.502399921417	-0.002194480272
2.503999948502	-0.000875248108
2.505599975586	-0.002011824166
2.507200002670	-0.001961696194
2.508800029755	-0.001210624119
2.510399818420	-0.002009440213
2.511999845505	-0.002895488171
2.513599872589	-0.002369376132
2.515199899673	-0.000789600075
2.516799926758	-0.002312400378
2.518399953842	-0.002063632244
2.519999980927	-0.000936224067
2.521600008011	-0.003349584294
2.523200035095	-0.003947936464
2.524799823761	-0.002700432204
2.526399850845	-0.003443456255
2.527999877930	-0.002429456217
2.529599905014	-0.000944320054
2.531199932098	-0.003368992358
2.532799959183	-0.001088032150
2.534399986267	-0.001729616080
2.536000013351	-0.002316480270
2.537600040436	-0.002237632172
2.539199829102	-0.003143088194
2.540799856186	-0.004948032554
2.542399883270	-0.002437440213
2.543999910355	-0.001103360089
2.545599937439	-0.001835264149
2.547199964523	-0.003369280370
2.548799991608	-0.000334608078
2.550400018692	-0.003056864254
2.552000045776	-0.003555872245
2.553599834442	-0.001645632205
2.555199861526	-0.003327264218
2.556799888611	-0.002964080311
2.558399915695	-0.001257232158
2.559999942780	-0.002567392308
2.561599969864	-0.001500112121
2.563199996948	-0.000951920054
2.564800024033	-0.002895840211
2.566400051117	-0.001643744181
2.567999839783	-0.003200368257
2.569599866867	-0.002035552170
2.571199893951	-0.000629072078
2.572799921036	-0.001697792090
2.574399948120	-0.000575904094
2.575999975204	-0.002559168264
2.577600002289	-0.001616368187
2.579200029373	-0.002699120203
2.580799818039	-0.002911264310
2.582399845123	-0.002998864278
2.583999872208	-0.001745328191
2.585599899292	-0.002496400150
2.587199926376	-0.003081040224
2.588799953461	-0.001576864044
2.590399980545	-0.003397392342
2.592000007629	-0.001170832198
2.593600034714	-0.002521392191
2.595199823380	-0.001502688159
2.596799850464	-0.004097520374
2.598399877548	-0.001469792216
2.599999904633	-0.002819216345
2.601599931717	-0.002462144243
2.603199958801	-0.002080064267
2.604799985886	-0.002189168241
2.606400012970	-0.003683184274
2.608000040054	-0.001808976172
2.609599828720	-0.001401120098
2.611199855804	-0.003671040293
2.612799882889	-0.002847152296
2.614399909973	-0.001769472146
2.615999937057	-0.003064736258
2.617599964142	-0.001789776259
2.619199991226	-0.000704272068
2.620800018311	-0.001929760212
2.622400045395	-0.001744384179
2.623999834061	0.000078767989
2.625599861145	-0.003776624333
2.627199888229	-0.001699792105
2.628799915314	-0.003603232326
2.630399942398	-0.002335408237
2.631999969482	-0.002085536253
2.633599996567	-0.000797872024
2.635200023651	-0.001515024109
2.636800050735	-0.001360112103
2.638399839401	-0.003565040417
2.639999866486	-0.002400288126
2.641599893570	-0.002853376325
2.643199920654	-0.001965744188
2.644799947739	-0.000515088032
2.646399974823	-0.002197280293
2.648000001907	-0.002152000088
2.649600028992	-0.004652112257
2.651199817657	-0.002015968086
2.652799844742	-0.002311792225
2.654399871826	-0.003053056309
2.655999898911	-0.002441952238
2.657599925995	-0.002768736333
2.659199953079	-0.002241152106
2.660799980164	-0.001170832198
2.662400007248	-0.002889920259
2.664000034332	-0.001443328103
2.665599822998	-0.003237008350
2.667199850082	-0.001858560136
2.668799877167	-0.002161904238
2.670399904251	-0.001625312143
2.671999931335	-0.001641664188
2.673599958420	-0.001780064078
2.675199985504	-0.002357776277
2.676800012589	-0.003999152221
2.678400039673	-0.000598752056
2.679999828339	-0.003298256313
2.681599855423	-0.001703168149
2.683199882507	-0.001693168189
2.684799909592	-0.003272416303
2.686399936676	-0.003265616251
2.687999963760	-0.002052208176
2.689599990845	-0.003926752135
2.691200017929	-0.002890752163
2.692800045013	-0.001203744090
2.694399833679	-0.002958272118
2.695999860764	-0.001207664027
2.697599887848	-0.001781008206
2.699199914932	-0.001720528118
2.700799942017	-0.001416080166
2.702399969101	-0.003434096230
2.703999996185	-0.003025136190
2.705600023270	-0.002634560224
2.707200050354	-0.003620368196
2.708799839020	-0.003519120160
2.710399866104	-0.003045968246
2.711999893188	-0.003304096172
2.713599920273	-0.000688928063
2.715199947357	-0.004305712413
2.716799974442	-0.000776976114
2.718400001526	-0.003123696195
2.720000028610	-0.001484832144
2.721599817276	-0.001347536105
2.723199844360	-0.002562144073
2.724799871445	-0.001271904097
2.726399898529	-0.003025232349
2.727999925613	-0.001041248091
2.729599952698	-0.002469616244
2.731199979782	-0.001768896123
2.732800006866	-0.002531360136
2.734400033951	-0.002244576113
2.735999822617	-0.003457616316
2.737599849701	-0.002110800240
2.739199876785	-0.002039920073
2.740799903870	-0.002860688139
2.742399930954	-0.002721888246
2.743999958038	-0.005055856425
2.745599985123	-0.002850960242
2.747200012207	-0.000858336047
2.748800039291	-0.002885040129
2.750399827957	-0.002640848281
2.751999855042	-0.003908352461
2.753599882126	-0.003258128185
2.755199909210	-0.001395376050
2.756799936295	-0.002422304126
2.758399963379	-0.003842720296
2.759999990463	-0.002836864209
2.761600017548	-0.000787680154
2.763200044632	-0.003239024198
2.764799833298	-0.002786288271
2.766399860382	-0.003441744251
2.767999887466	-0.002271584235
2.769599914551	-0.003363344353
2.771199941635	-0.003853696398
2.772799968719	-0.002608384239
2.774399995804	-0.004322960507
2.776000022888	-0.002176736249
2.777599811554	-0.003039920237
2.779199838638	-0.002318896353
2.780799865723	-0.002005840186
2.782399892807	-0.002739664167
2.783999919891	-0.003353168257
2.785599946976	-0.004957488272
2.787199974060	-0.002014848171
2.788800001144	-0.002480672207
2.790400028229	-0.004356304184
2.791999816895	-0.002761472249
2.793599843979	-0.003744416405
2.795199871063	-0.002092976123
2.796799898148	-0.002130208304
2.798399925232	-0.004524032120
2.799999952316	-0.002649664180
2.801599979401	-0.004133776296
2.803200006485	-0.003483776236
2.804800033569	-0.002759920200
2.806399822235	-0.002522208262
2.807999849319	-0.003501568222
2.809599876404	-0.004099648446
2.811199903488	-0.001626144163
2.812799930573	-0.001635264256
2.814399957657	-0.004438912496
2.815999984741	-0.003385440214
2.817600011826	-0.004387680441
2.819200038910	-0.003562800353
2.820799827576	-0.001631616149
2.822399854660	-0.003822992323
2.823999881744	-0.002113904105
2.825599908829	-0.002393248258
2.827199935913	-0.003523728345
2.828799962997	-0.003254416166
2.830399990082	-0.002439808100
2.832000017166	-0.003695408348
2.833600044250	-0.002815712243
2.835199832916	-0.004112720490
2.836799860001	-0.003997824155
2.838399887085	-0.003743424313
2.839999914169	-0.002264688257
2.841599941254	-0.000939424033
2.843199968338	-0.002807488199
2.844799995422	-0.003665248398
2.846400022507	-0.003613408189
2.847999811172	-0.002537904307
2.849599838257	-0.003549360204
2.851199865341	-0.002120112069
2.852799892426	-0.004337584134
2.854399919510	-0.003727584379
2.855999946594	-0.003759440267
2.857599973679	-0.002111424226
2.859200000763	-0.002352896146
2.860800027847	-0.001473328215
2.862399816513	-0.003576256335
2.863999843597	-0.002556576161
2.865599870682	-0.001461040112
2.867199897766	-0.003851616289
2.868799924850	-0.003298720345
2.870399951935	-0.004135840107
2.871999979019	-0.003793168347
2.873600006104	-0.003105616197
2.875200033188	-0.002085312270
2.876799821854	-0.003936880268
2.878399848938	-0.004987712484
2.879999876022	-0.002509152284
2.881599903107	-0.001330576139
2.883199930191	-0.003365968354
2.884799957275	-0.003413728205
2.886399984360	-0.002194000175
2.888000011444	-0.001081360155
2.889600038528	-0.003120560199
2.891199827194	-0.003341168165
2.892799854279	-0.004542864393
2.894399881363	-0.003139600391
2.895999908447	-0.002448576270
2.897599935532	-0.004273968283
2.899199962616	-0.003630464431
2.900799989700	-0.002840384142
2.902400016785	-0.002102640225
2.904000043869	-0.003347936319
2.905599832535	-0.002216592198
2.907199859619	-0.003034960246
2.908799886703	-0.002889008261
2.910399913788	-0.003656544257
2.911999940872	-0.004642000422
2.913599967957	-0.002348544309
2.915199995041	-0.002249888144
2.916800022125	-0.003028576262
2.918399810791	-0.004620528314
2.919999837875	-0.003005072242
2.921599864960	-0.003566800384
2.923199892044	-0.003913552500
2.924799919128	-0.002791056177
2.926399946213	-0.003935984336
2.927999973297	-0.002692640293
2.929600000381	-0.001276304130
2.931200027466	-0.003539024387
2.932799816132	-0.004442848265
2.934399843216	-0.004523296375
2.935999870300	-0.002768240171
2.937599897385	-0.004519744311
2.939199924469	-0.003809120273
2.940799951553	-0.003316192422
2.942399978638	-0.004037120380
2.944000005722	-0.000166944010
2.945600032806	-0.002961248159
2.947199821472	-0.003317968221
2.948799848557	-0.003271392314
2.950399875641	-0.002103248145
2.951999902725	-0.003118544351
2.953599929810	-0.003735312261
2.955199956894	-0.003418896347
2.956799983978	-0.002307552146
2.958400011063	-0.002826032229
2.960000038147	-0.003784032306
2.961599826813	-0.004033328500
2.963199853897	-0.003011168214
2.964799880981	-0.005005248357
2.966399908066	-0.002525168238
2.967999935150	-0.001969984267
2.969599962234	-0.002908208175
2.971199989319	-0.003095120192
2.972800016403	-0.002552544232
2.974400043488	-0.002549216151
2.975999832153	-0.005332832225
2.977599859238	-0.003083520336
2.979199886322	-0.003118864261
2.980799913406	-0.003388736397
2.982399940491	-0.005477616563
2.983999967575	-0.003939600196
2.985599994659	-0.002976560267
2.987200021744	-0.003222480183
2.988799810410	-0.003856992349
2.990399837494	-0.003858128330
2.991999864578	-0.002461152151
2.993599891663	-0.004376768600
2.995199918747	-0.002587360097
2.996799945831	-0.001461312175
2.998399972916	-0.003631904256
3.000000000000	-0.003549184185
3.001600027084	-0.002787264297
3.003199815750	-0.002859680215
3.004799842834	-0.002736608265
3.006399869919	-0.001795888180
3.007999897003	-0.002981280209
3.009599924088	-0.006059728563
3.011199951172	-0.002685920335
3.012799978256	-0.002338640159
3.014400005341	-0.001054128050
3.016000032425	-0.004059616476
3.017599821091	-0.004414608236
3.019199848175	-0.004118928220
3.020799875259	-0.002604832174
3.022399902344	-0.004309152253
3.023999929428	-0.003467568196
3.025599956512	-0.000997184194
3.027199983597	-0.003153792350
3.028800010681	-0.004027728457
3.030400037766	-0.002788688289
3.031999826431	-0.003417216241
3.033599853516	-0.001645152108
3.035199880600	-0.004953920376
3.036799907684	-0.001391904079
3.038399934769	-0.005255456548
3.039999961853	-0.003492768388
3.041599988937	-0.002241456183
3.043200016022	-0.004723488353
3.044799804687	-0.005230240524
3.046399831772	-0.003206816269
3.047999858856	-0.001460064086
3.049599885941	-0.003248032182
3.051199913025	-0.004424560349
3.052799940109	-0.005384432618
3.054399967194	-0.005294848233
3.055999994278	-0.003739840351
3.057600021362	-0.004560112488
3.059199810028	-0.005363008473
3.060799837112	-0.003061248222
3.062399864197	-0.003750576405
3.063999891281	-0.002667872235
3.065599918365	-0.004256448243
3.067199945450	-0.004278480541
3.068799972534	-0.002997136209
3.070399999619	-0.002893344266
3.072000026703	-0.002987296320
3.073599815369	-0.003809872316
3.075199842453	-0.003480704268
3.076799869537	-0.001723088208
3.078399896622	-0.002738176147
3.079999923706	-0.005539504346
3.081599950790	-0.001796544180
3.083199977875	-0.004283168353
3.084800004959	-0.003996992484
3.086400032043	-0.004252352286
3.087999820709	-0.003059760202
3.089599847794	-0.004439616576
3.091199874878	-0.004501072224
3.092799901962	-0.003522544401
3.094399929047	-0.003151904326
3.095999956131	-0.002725392114
3.097599983215	-0.005767632741
3.099200010300	-0.003806432243
3.100800037384	-0.003578128293
3.102399826050	-0.003984576557
3.103999853134	-0.003024976235
3.105599880219	-0.003851600224
3.107199907303	-0.003657008288
3.108799934387	-0.003345728153
3.110399961472	-0.003121104324
3.111999988556	-0.002784960205
3.113600015640	-0.003274128307
3.115199804306	-0.002336432226
3.116799831390	-0.002911200281
3.118399858475	-0.003700976493
3.119999885559	-0.005367504433
3.121599912643	-0.003861344419
3.123199939728	-0.001864624210
3.124799966812	-0.003862688318
3.126399993896	-0.002672144212
3.128000020981	-0.004181984346
3.129599809647	-0.002629824216
3.131199836731	-0.003674528329
3.132799863815	-0.004876144230
3.134399890900	-0.003655616194
3.135999917984	-0.002820688300
3.137599945068	-0.003153456142
3.139199972153	-0.003192208242
3.140799999237	-0.001498880098
3.142400026321	-0.006076592486
3.143999814987	-0.002188976388
3.145599842072	-0.002805904252
3.147199869156	-0.003622112330
3.148799896240	-0.004133344162
3.150399923325	-0.002439200180
3.151999950409	-0.003279632423
3.153599977493	-0.003311984241
3.155200004578	-0.004571520258
3.156800031662	-0.003623840399
3.158399820328	-0.002885504160
3.159999847412	-0.004211872350
3.161599874496	-0.004350640345
3.163199901581	-0.004623760469
3.164799928665	-0.005017520394
3.166399955750	-0.002334864112
3.167999982834	-0.002370400121
3.169600009918	-0.005067856517
3.171200037003	-0.003401664319
3.172799825668	-0.004017872270
3.174399852753	-0.001424624119
3.175999879837	-0.002748208353
3.177599906921	-0.005971248727
3.179199934006	-0.004423392471
3.180799961090	-0.003268416272
3.182399988174	-0.004773248453
3.184000015259	-0.006206336431
3.185599803925	-0.004282608163
3.187199831009	-0.003631984349
3.188799858093	-0.003936768509
3.190399885178	-0.004970528651
3.191999912262	-0.003153824247
3.193599939346	-0.002452416113
3.195199966431	-0.002654720098
3.196799993515	-0.003690976417
3.198400020599	-0.004569872282
3.199999809265	-0.003852480324
3.201599836349	-0.003254672280
3.203199863434	-0.004639088642
3.204799890518	-0.002844176255
3.206399917603	-0.004735984374
3.207999944687	-0.004222272430
3.209599971771	-0.004001840483
3.211199998856	-0.003595632268
3.212800025940	-0.003687088145
3.214399814606	-0.002100704238
3.215999841690	-0.004155152477
3.217599868774	-0.006773216650
3.219199895859	-0.003854416311
3.220799922943	-0.003644496202
3.222399950027	-0.002803920303
3.223999977112	-0.005076064263
3.225600004196	-0.004769536201
3.227200031281	-0.003156144172
3.228799819946	-0.003721536370
3.230399847031	-0.002971504349
3.231999874115	-0.003856368363
3.233599901199	-0.003827136243
3.235199928284	-0.003519136226
3.236799955368	-0.001743776142
3.238399982452	-0.004297536332
3.240000009537	-0.003488064278
3.241600036621	-0.003377968213
3.243199825287	-0.003504736349
3.244799852371	-0.005668448284
3.246399879456	-0.004291184247
3.247999906540	-0.004051792435
3.249599933624	-0.001198320067
3.251199960709	-0.003289520275
3.252799987793	-0.003398176283
3.254400014877	-0.005702880677
3.255999803543	-0.002827120246
3.257599830627	-0.002833664184
3.259199857712	-0.004839392379
3.260799884796	-0.002105488209
3.262399911880	-0.004536768422
3.263999938965	-0.001556080068
3.265599966049	-0.004594848491
3.267199993134	-0.003664672375
3.268800020218	-0.005619504489
3.270399808884	-0.003090880346
3.271999835968	-0.003082560143
3.273599863052	-0.004169920459
3.275199890137	-0.003150400240
3.276799917221	-0.005286784377
3.278399944305	-0.002095072065
3.279999971390	-0.005504416302
3.281599998474	-0.004742176272
3.283200025558	-0.003161936300
3.284799814224	-0.005039104261
3.286399841309	-0.004595792387
3.287999868393	-0.005871344358
3.289599895477	-0.003388592275
3.291199922562	-0.003108768258
3.292799949646	-0.003926656209
3.294399976730	-0.003290432272
3.296000003815	-0.002875264268
3.297600030899	-0.001819936209
3.299199819565	-0.005497984588
3.300799846649	-0.001348464051
3.302399873734	-0.003380544251
3.303999900818	-0.004468640313
3.305599927902	-0.004457472358
3.307199954987	-0.005318608601
3.308799982071	-0.003531056223
3.310400009155	-0.005880320445
3.311999797821	-0.003056976246
3.313599824905	-0.003717376385
3.315199851990	-0.004311632365
3.316799879074	-0.003737616353
3.318399906158	-0.003742192406
3.319999933243	-0.002316736151
3.321599960327	-0.005085776560
3.323199987411	-0.002261392074
3.324800014496	-0.003501984291
3.326399803162	-0.005674368702
3.327999830246	-0.003878016258
3.329599857330	-0.002413504291
3.331199884415	-0.002173072193
3.332799911499	-0.005723712500
3.334399938583	-0.005387472454
3.335999965668	-0.003887840314
3.337599992752	-0.003917296417
3.339200019836	-0.002374064177
3.340799808502	-0.004833152518
3.342399835587	-0.003669456346
3.343999862671	-0.004892128520
3.345599889755	-0.003670640290
3.347199916840	-0.002027984243
3.348799943924	-0.003446336370
3.350399971008	-0.005024800543
3.351999998093	-0.003266832326
3.353600025177	-0.004543136340
3.355199813843	-0.005936592352
3.356799840927	-0.001884624129
3.358399868011	-0.003414128209
3.359999895096	-0.004763952456
3.361599922180	-0.005295248237
3.363199949265	-0.005850720685
3.364799976349	-0.003108096309
3.366400003433	-0.001894192188
3.368000030518	-0.005765632726
3.369599819183	-0.005284784362
3.371199846268	-0.001266832231
3.372799873352	-0.003446336137
3.374399900436	-0.003950016573
3.375999927521	-0.002547424287
3.377599954605	-0.005254624411
3.379199981689	-0.004966496490
3.380800008774	-0.003107184311
3.382399797440	-0.003043472301
3.383999824524	-0.002040400170
3.385599851608	-0.002047952265
3.387199878693	-0.001907600090
3.388799905777	-0.006381712388
3.390399932861	-0.003176256316
3.391999959946	-0.002863408299
3.393599987030	-0.003090560203
3.395200014114	-0.006215936504
3.396799802780	-0.003991760314
3.398399829865	-0.003846080275
3.399999856949	-0.002415104071
3.401599884033	-0.002793024294
3.403199911118	-0.004250320606
3.404799938202	-0.004076288547
3.406399965286	-0.004365392495
3.407999992371	-0.003971088212
3.409600019455	-0.004502112512
3.411199808121	-0.007055568509
3.412799835205	-0.003751248354
3.414399862289	-0.003386416240
3.415999889374	-0.003562912345
3.417599916458	-0.004091072362
3.419199943542	-0.006959440652
3.420799970627	-0.001768656191
3.422399997711	-0.002088304143
3.424000024796	-0.006512544584
3.425599813461	-0.006145712454
3.427199840546	-0.001189696020
3.428799867630	-0.002115568146
3.430399894714	-0.005093344487
3.431999921799	-0.005139376502
3.433599948883	-0.004541504197
3.435199975967	-0.003382000374
3.436800003052	-0.002643200336
3.438400030136	-0.002870960161
3.439999818802	-0.005053536501
3.441599845886	-0.005560672376
3.443199872971	-0.003020480275
3.444799900055	-0.003559248289
3.446399927139	-0.003104512347
3.447999954224	-0.005076544359
3.449599981308	-0.004668400623
3.451200008392	0.004736944567
