0.000000000000	0.011737105437
0.001599999960	0.011587409303
0.003199999919	0.010995216668
0.004799999762	0.010527920909
0.006399999838	0.008764896542
0.007999999449	0.010244880803
0.009599999525	0.012817345560
0.011199999601	0.009466464631
0.012799999677	0.011383136734
0.014399999753	0.011533249170
0.015999998897	0.010175553150
0.017599999905	0.011667536572
0.019199999049	0.010539985262
0.020800000057	0.010910176672
0.022399999201	0.009380481206
0.024000000209	0.009570752271
0.025599999353	0.009463328868
0.027199998498	0.010265536606
0.028799999505	0.010839104652
0.030399998650	0.010746897198
0.031999997795	0.011870768853
0.033599998802	0.009855712764
0.035199999809	0.009871425107
0.036800000817	0.009107520804
0.038399998099	0.010044320486
0.039999999106	0.009323377162
0.041600000113	0.008628192358
0.043199997395	0.009391408414
0.044799998403	0.009433536790
0.046399999410	0.010631073266
0.048000000417	0.009287441149
0.049599997699	0.008577120490
0.051199998707	0.007740112487
0.052799999714	0.007918112911
0.054399996996	0.010914769024
0.055999998003	0.009350848384
0.057599999011	0.009320848621
0.059200000018	0.009113776498
0.060799997300	0.008904928342
0.062399998307	0.008502576500
0.063999995589	0.009627168998
0.065600000322	0.008831184357
0.067199997604	0.008313648403
0.068799994886	0.009415520355
0.070399999619	0.008797841147
0.071999996901	0.008970176801
0.073600001633	0.008401377127
0.075199998915	0.008635008708
0.076799996197	0.010087168775
0.078400000930	0.008243120275
0.079999998212	0.007847201079
0.081599995494	0.007759920787
0.083200000226	0.009305472486
0.084799997509	0.010414657183
0.086399994791	0.007907296531
0.087999999523	0.009167200886
0.089599996805	0.007452416699
0.091199994087	0.009157552384
0.092799998820	0.009507232346
0.094399996102	0.008264976554
0.096000000834	0.008802784607
0.097599998116	0.008664593101
0.099199995399	0.008857600391
0.100800000131	0.008341312408
0.102399997413	0.007879840210
0.103999994695	0.008423232473
0.105599999428	0.009827616625
0.107199996710	0.006997424643
0.108799993992	0.007193488535
0.110399998724	0.010524576530
0.111999996006	0.007985312492
0.113600000739	0.006219728384
0.115199998021	0.008624336682
0.116799995303	0.009094368666
0.118400000036	0.008486848325
0.119999997318	0.006558672525
0.121599994600	0.008164208382
0.123199999332	0.008174560964
0.124799996614	0.006359456573
0.126399993896	0.008478976786
0.127999991179	0.008896896616
0.129600003362	0.007625744678
0.131200000644	0.008313504979
0.132799997926	0.007163344417
0.134399995208	0.006099056453
0.135999992490	0.009438481182
0.137599989772	0.009070481174
0.139200001955	0.008779521100
0.140799999237	0.008578929119
0.142399996519	0.005859504454
0.143999993801	0.008529921062
0.145599991083	0.010170096532
0.147200003266	0.007678224705
0.148800000548	0.007412880659
0.150399997830	0.006824496668
0.151999995112	0.007486688439
0.153599992394	0.007442704402
0.155199989676	0.006581488531
0.156800001860	0.008851760998
0.158399999142	0.007567744702
0.159999996424	0.007683904842
0.161599993706	0.007504624780
0.163199990988	0.007554144599
0.164800003171	0.008080560714
0.166400000453	0.007283312734
0.167999997735	0.008080544882
0.169599995017	0.007958880626
0.171199992299	0.006389408372
0.172799989581	0.006428896450
0.174400001764	0.009090736508
0.175999999046	0.007993552834
0.177599996328	0.007310656831
0.179199993610	0.007474400569
0.180799990892	0.007812352385
0.182399988174	0.007865617052
0.184000000358	0.007065312471
0.185599997640	0.007132368628
0.187199994922	0.008050096221
0.188799992204	0.007085568737
0.190399989486	0.007849728689
0.192000001669	0.008799169213
0.193599998951	0.006560304668
0.195199996233	0.006555264350
0.196799993515	0.010144865140
0.198399990797	0.007371680811
0.199999988079	0.008963520639
0.201600000262	0.007221600506
0.203199997544	0.008249280974
0.204799994826	0.007116448600
0.206399992108	0.006147920620
0.207999989390	0.005562896375
0.209600001574	0.005422752351
0.211199998856	0.007989441045
0.212799996138	0.009054016322
0.214399993420	0.006612544414
0.215999990702	0.007192768622
0.217599987984	0.007083504461
0.219200000167	0.007084416691
0.220799997449	0.008624992333
0.222399994731	0.006324192509
0.223999992013	0.007825712673
0.225599989295	0.006221440621
0.227200001478	0.009283824824
0.228799998760	0.006800368428
0.230399996042	0.006937840488
0.231999993324	0.006363936700
0.233599990606	0.007599232718
0.235199987888	0.007545152679
0.236800000072	0.008045728318
0.238399997354	0.007521504536
0.239999994636	0.006276080385
0.241599991918	0.007838577032
0.243199989200	0.007244864479
0.244799986482	0.006647792645
0.246399998665	0.006347456481
0.247999995947	0.006514656357
0.249599993229	0.006844208576
0.251199990511	0.008091632277
0.252799987793	0.006336000748
0.254399985075	0.006491680630
0.255999982357	0.006860064808
0.257599979639	0.007027696352
0.259200006723	0.007018384524
0.260800004005	0.007268736605
0.262400001287	0.006869216450
0.263999998569	0.006099648308
0.265599995852	0.006992112380
0.267199993134	0.007058240473
0.268799990416	0.006429200526
0.270399987698	0.009196656756
0.271999984980	0.008243776858
0.273599982262	0.005498256534
0.275199979544	0.004461088218
0.276800006628	0.006236704532
0.278400003910	0.005763952620
0.280000001192	0.007358528674
0.281599998474	0.006922592409
0.283199995756	0.007275488693
0.284799993038	0.006219376344
0.286399990320	0.006927520502
0.287999987602	0.007559104823
0.289599984884	0.006694736425
0.291199982166	0.008902193047
0.292799979448	0.006929920521
0.294400006533	0.007362000644
0.296000003815	0.005143568385
0.297600001097	0.006507936399
0.299199998379	0.006975264754
0.300799995661	0.006944800727
0.302399992943	0.005471888464
0.303999990225	0.006965152454
0.305599987507	0.005872768350
0.307199984789	0.006938576698
0.308799982071	0.008015761152
0.310399979353	0.008120641112
0.312000006437	0.005181216635
0.313600003719	0.006001280621
0.315200001001	0.005976736546
0.316799998283	0.005309200380
0.318399995565	0.008075680584
0.319999992847	0.006378816441
0.321599990129	0.007262896746
0.323199987411	0.006549712736
0.324799984694	0.008395088837
0.326399981976	0.006221600343
0.327999979258	0.006295824423
0.329600006342	0.008551089093
0.331200003624	0.006254960317
0.332800000906	0.004940288141
0.334399998188	0.009004656225
0.335999995470	0.005970720667
0.337599992752	0.003785216250
0.339199990034	0.006724496372
0.340799987316	0.007419104688
0.342399984598	0.007589248475
0.343999981880	0.004548336379
0.345599979162	0.008199872449
0.347199976444	0.006500000600
0.348800003529	0.007426096592
0.350400000811	0.006190224551
0.351999998093	0.005463184323
0.353599995375	0.006405600347
0.355199992657	0.007122848649
0.356799989939	0.005620944314
0.358399987221	0.005936528556
0.359999984503	0.006466512568
0.361599981785	0.006164464634
0.363199979067	0.008319888264
0.364799976349	0.006116416305
0.366400003433	0.007232400589
0.368000000715	0.007246608846
0.369599997997	0.007527200505
0.371199995279	0.005098752212
0.372799992561	0.004909504671
0.374399989843	0.006781104486
0.375999987125	0.006514608394
0.377599984407	0.006594320759
0.379199981689	0.006479280535
0.380799978971	0.005803584587
0.382399976254	0.006187920459
0.384000003338	0.005447408650
0.385600000620	0.007364048623
0.387199997902	0.005684672389
0.388799995184	0.006005424540
0.390399992466	0.007103568409
0.391999989748	0.004804144613
0.393599987030	0.005779168569
0.395199984312	0.004943968263
0.396799981594	0.007895953022
0.398399978876	0.006284992676
0.399999976158	0.006286784541
0.401600003242	0.004814560525
0.403200000525	0.007321856450
0.404799997807	0.005386192352
0.406399995089	0.005222192500
0.407999992371	0.004349744413
0.409599989653	0.004958688281
0.411199986935	0.005867008585
0.412799984217	0.006740208715
0.414399981499	0.005060496274
0.415999978781	0.005758720450
0.417599976063	0.007463152520
0.419200003147	0.003752064425
0.420800000429	0.005710016470
0.422399997711	0.004586736206
0.423999994993	0.007429120596
0.425599992275	0.004625440575
0.427199989557	0.007058656774
0.428799986839	0.003682896262
0.430399984121	0.007228208706
0.431999981403	0.007322880439
0.433599978685	0.004845184274
0.435199975967	0.005000352394
0.436800003052	0.006573776715
0.438400000334	0.006836544722
0.439999997616	0.004396480508
0.441599994898	0.006245872471
0.443199992180	0.005953248590
0.444799989462	0.007036992814
0.446399986744	0.005879856646
0.447999984026	0.005293616559
0.449599981308	0.003007904394
0.451199978590	0.008282496594
0.452799975872	0.006150736474
0.454400002956	0.003462064313
0.456000000238	0.004445568193
0.457599997520	0.005942368414
0.459199994802	0.005690448452
0.460799992085	0.004943408538
0.462399989367	0.004987264518
0.463999986649	0.004023920279
0.465599983931	0.005655696616
0.467199981213	0.005182800349
0.468799978495	0.004851312377
0.470399975777	0.003741328372
0.472000002861	0.006931616459
0.473600000143	0.005123744253
0.475199997425	0.005852256436
0.476799994707	0.005644144490
0.478399991989	0.005730624311
0.479999989271	0.005285408348
0.481599986553	0.005240400322
0.483199983835	0.005378624424
0.484799981117	0.003964864183
0.486399978399	0.004659632221
0.487999975681	0.005859456491
0.489599972963	0.004615264479
0.491200000048	0.006016192492
0.492799997330	0.004517792258
0.494399994612	0.004729776178
0.495999991894	0.006055072416
0.497599989176	0.004712320399
0.499199986458	0.004385136534
0.500800013542	0.005132896360
0.502399981022	0.005680240225
0.504000008106	0.002595232101
0.505599975586	0.005401744507
0.507200002670	0.005638368428
0.508799970150	0.004532992374
0.510399997234	0.005070992280
0.511999964714	0.006759088486
0.513599991798	0.002781312214
0.515199959278	0.004507776350
0.516799986362	0.003912976477
0.518400013447	0.005435936619
0.519999980927	0.002558256267
0.521600008011	0.003909712192
0.523199975491	0.004711552523
0.524800002575	0.004693040159
0.526399970055	0.005349968560
0.527999997139	0.004424384329
0.529599964619	0.005576016381
0.531199991703	0.003043376375
0.532799959183	0.005799728446
0.534399986267	0.003982928116
0.536000013351	0.005623824429
0.537599980831	0.005312352441
0.539200007915	0.004461456556
0.540799975395	0.004569344688
0.542400002480	0.005983696319
0.543999969959	0.006282368675
0.545599997044	0.002880240325
0.547199964523	0.006032800768
0.548799991608	0.004382976331
0.550399959087	0.004281200469
0.551999986172	0.003821520368
0.553600013256	0.004795792513
0.555199980736	0.004791552201
0.556800007820	0.004283696413
0.558399975300	0.004434736446
0.560000002384	0.003317792201
0.561599969864	0.005049136467
0.563199996948	0.006090064533
0.564799964428	0.004970256239
0.566399991512	0.003774784273
0.567999958992	0.002983920276
0.569599986076	0.005365232471
0.571200013161	0.005639280658
0.572799980640	0.003742784262
0.574400007725	0.002805344295
0.575999975204	0.005142688286
0.577600002289	0.006622720510
0.579199969769	0.005047664512
0.580799996853	0.003454112448
0.582399964333	0.006253344472
0.583999991417	0.002020912245
0.585599958897	0.005545792636
0.587199985981	0.003742512316
0.588800013065	0.003458832158
0.590399980545	0.003285968211
0.592000007629	0.004656016361
0.593599975109	0.005356864538
0.595200002193	0.001825168147
0.596799969673	0.006499072537
0.598399996758	0.005001216196
0.599999964237	0.006609376520
0.601599991322	0.004112048540
0.603199958801	0.003871104214
0.604799985886	0.003265168285
0.606400012970	0.004641328473
0.607999980450	0.003571216250
0.609600007534	0.003979024477
0.611199975014	0.004703824408
0.612800002098	0.004453024361
0.614399969578	0.004993184470
0.615999996662	0.003426080337
0.617599964142	0.006243760698
0.619199991226	0.002481088275
0.620799958706	0.004438448232
0.622399985790	0.004585792311
0.624000012875	0.003692048369
0.625599980354	0.003203280270
0.627200007439	0.006506432313
0.628799974918	0.004565136507
0.630400002003	0.002314896090
0.631999969482	0.005497280508
0.633599996567	0.004248592537
0.635199964046	0.004654928576
0.636799991131	0.004776992369
0.638399958611	0.004116368480
0.639999985695	0.003586080391
0.641600012779	0.003832128365
0.643199980259	0.004203360528
0.644800007343	0.003589968430
0.646399974823	0.003140208311
0.648000001907	0.002788272221
0.649599969387	0.003533024341
0.651199996471	0.003377856221
0.652799963951	0.004346672446
0.654399991035	0.004796208348
0.655999958515	0.002274144208
0.657599985600	0.003970000427
0.659200012684	0.003205264220
0.660799980164	0.003141552210
0.662400007248	0.003383888397
0.663999974728	0.003177360166
0.665600001812	0.004763536155
0.667199969292	0.003213792341
0.668799996376	0.003317472292
0.670399963856	0.004101872444
0.671999990940	0.004566112533
0.673599958420	0.003664848162
0.675199985504	0.003316800343
0.676800012589	0.003235376207
0.678399980068	0.004367360380
0.680000007153	0.003988064360
0.681599974632	0.004352144431
0.683200001717	0.003079776186
0.684799969196	0.003854640294
0.686399996281	0.002687168308
0.687999963760	0.003283424303
0.689599990845	0.002577136271
0.691199958324	0.004188624211
0.692799985409	0.005602816585
0.694399952888	0.000833264028
0.695999979973	0.003913104534
0.697600007057	0.003266000189
0.699199974537	0.003050080268
0.700800001621	0.001622784184
0.702399969101	0.003115696367
0.703999996185	0.002795344219
0.705599963665	0.003980160225
0.707199990749	0.004442496225
0.708799958229	0.003755488200
0.710399985313	0.003068688326
0.711999952793	0.002956032287
0.713599979877	0.005121440161
0.715200006962	0.003067792160
0.716799974442	0.002485200064
0.718400001526	0.003067920217
0.719999969006	0.003762016306
0.721599996090	0.003710512305
0.723199963570	0.000671280024
0.724799990654	0.003760688240
0.726399958134	0.005980256479
0.727999985218	0.004466336221
0.729599952698	0.002416672185
0.731199979782	0.003038384253
0.732800006866	0.003783264430
0.734399974346	0.005410656333
0.736000001431	0.000931680028
0.737599968910	0.003677296219
0.739199995995	0.003185888287
0.740799963474	0.003250448266
0.742399990559	0.004190064501
0.743999958038	0.003731056349
0.745599985123	0.003699552268
0.747199952602	0.001017888077
0.748799979687	0.004080160521
0.750400006771	0.001667776145
0.751999974251	0.004136112519
0.753600001335	0.003486560192
0.755199968815	0.003191968193
0.756799995899	0.001384208095
0.758399963379	0.003461424261
0.759999990463	0.004251760431
0.761599957943	0.002897344297
0.763199985027	0.002998848213
0.764799952507	0.002508304082
0.766399979591	0.004968816414
0.768000006676	0.001865440048
0.769599974155	0.001596320071
0.771200001240	0.002827744232
0.772799968719	0.004321712535
0.774399995804	0.003566624364
0.775999963284	0.002515728120
0.777599990368	0.002597792074
0.779199957848	0.004103728104
0.780799984932	0.005015920382
0.782399952412	0.003347072285
0.783999979496	0.003598224139
0.785600006580	0.002268464072
0.787199974060	0.005001184531
0.788800001144	0.003949712496
0.790399968624	0.003078608308
0.791999995708	0.002547856187
0.793599963188	0.003958576359
0.795199990273	0.001885184203
0.796799957752	0.003566912143
0.798399984837	0.003435040358
0.799999952316	0.002681952203
0.801599979401	0.004691648297
0.803200006485	0.002035376150
0.804799973965	0.004458288196
0.806400001049	0.004545648117
0.807999968529	0.003771648277
0.809599995613	0.002739536343
0.811199963093	0.002509712242
0.812799990177	0.001237872173
0.814399957657	0.004215616267
0.815999984741	0.002009200165
0.817599952221	0.004219904542
0.819199979305	0.002267632168
0.820800006390	0.002142288256
0.822399973869	0.004670064431
0.824000000954	0.003649072256
0.825599968433	0.002552112099
0.827199995518	0.002259536181
0.828799962997	0.004158160184
0.830399990082	0.003551552305
0.831999957561	0.004520304501
0.833599984646	0.002889248310
0.835199952126	0.002677728189
0.836799979210	0.003461360233
0.838400006294	0.003572480287
0.839999973774	0.002872608369
0.841600000858	0.001424608170
0.843199968338	0.002879632171
0.844799995422	0.002522544237
0.846399962902	0.001293856069
0.847999989986	0.002218976151
0.849599957466	0.002187760081
0.851199984550	0.002912240336
0.852799952030	0.005341216456
0.854399979115	0.002744880272
0.856000006199	0.001549584093
0.857599973679	0.003889472224
0.859200000763	0.005171424244
0.860799968243	0.002119792160
0.862399995327	0.000112432033
0.863999962807	0.003262496321
0.865599989891	0.001501328079
0.867199957371	0.003530144459
0.868799984455	0.003707472235
0.870399951935	0.003716448322
0.871999979019	0.002361376304
0.873600006104	0.002794112312
0.875199973583	0.003692560364
0.876800000668	0.002414720133
0.878399968147	0.003450080287
0.879999995232	0.003083360381
0.881599962711	0.003793344367
0.883199989796	0.002440640237
0.884799957275	0.003389984136
0.886399984360	0.002591424156
0.887999951839	0.004109328147
0.889599978924	0.003518464277
0.891200006008	0.000830544042
0.892799973488	0.000585632108
0.894400000572	0.004062544554
0.895999968052	0.002553392202
0.897599995136	0.001376368105
0.899199962616	0.002162288176
0.900799989700	0.003909824416
0.902399957180	0.001794640091
0.903999984264	0.004509632476
0.905599951744	0.004202400334
0.907199978828	0.003784336383
0.908800005913	0.003815040225
0.910399973392	0.003971024416
0.912000000477	0.004149024375
0.913599967957	0.001864128164
0.915199995041	0.003889760235
0.916799962521	0.002585808281
0.918399989605	0.003541968297
0.919999957085	0.002566368086
0.921599984169	0.003771584248
0.923199951649	0.002982944250
0.924799978733	0.004209504463
0.926400005817	0.002145104110
0.927999973297	0.004767040256
0.929600000381	0.002606208203
0.931199967861	0.003914272413
0.932799994946	0.001552688074
0.934399962425	0.000884928100
0.935999989510	0.005118096247
0.937599956989	0.002282288158
0.939199984074	0.002417008160
0.940799951553	0.003653232241
0.942399978638	0.000779824099
0.944000005722	0.001876144204
0.945599973202	0.004235280212
0.947200000286	0.000960208068
0.948799967766	0.001607424114
0.950399994850	0.003024272155
0.951999962330	0.003845952218
0.953599989414	0.003214656143
0.955199956894	0.002972032176
0.956799983978	0.002108720131
0.958399951458	0.001842400059
0.959999978542	0.001950160135
0.961599946022	0.003129408229
0.963199973106	0.002758464077
0.964800000191	0.003413840430
0.966399967670	0.002435776172
0.967999994755	0.001799648162
0.969599962234	0.001011392102
0.971199989319	0.004336848389
0.972799956799	0.001551616122
0.974399983883	0.000999552081
0.975999951363	0.003552496200
0.977599978447	0.002241728129
0.979199945927	0.004137168173
0.980799973011	0.002630176255
0.982400000095	0.002794288332
0.983999967575	0.002560944296
0.985599994659	0.003182400251
0.987199962139	0.003374448279
0.988799989223	0.001335536130
0.990399956703	0.002401184058
0.991999983788	0.005352848675
0.993599951267	0.002149712062
0.995199978352	0.003100512316
0.996799945831	0.003057968337
0.998399972916	0.002349552233
1.000000000000	0.004782848526
1.001600027084	0.003690560348
1.003199934959	0.002433264162
1.004799962044	0.001339536160
1.006399989128	0.002423888072
1.008000016212	0.003596256254
1.009599924088	0.001118512126
1.011199951172	0.001722400077
1.012799978256	0.003265424166
1.014400005341	0.000946720131
1.016000032425	0.003687616205
1.017599940300	0.001934000175
1.019199967384	0.002631408162
1.020799994469	0.002157488139
1.022400021553	0.002658272162
1.023999929428	0.002065888140
1.025599956512	0.002048112219
1.027199983597	0.002216640161
1.028800010681	0.002498304239
1.030399918556	0.002387744142
1.031999945641	0.002130512148
1.033599972725	0.004238736350
1.035199999809	0.001737712184
1.036800026894	0.003259936348
1.038399934769	0.002843520138
1.039999961853	0.001264928142
1.041599988937	0.001197648118
1.043200016022	0.002806816250
1.044799923897	0.003148000222
1.046399950981	0.002986416221
1.047999978065	0.001546480111
1.049600005150	0.001454384066
1.051200032234	0.002316128230
1.052799940109	0.003983776085
1.054399967194	0.002892544260
1.055999994278	0.002058048267
1.057600021362	0.001081376104
1.059199929237	0.004461968318
1.060799956322	0.003573904280
1.062399983406	0.000657616067
1.064000010490	-0.000222143979
1.065599918365	0.002972928341
1.067199945450	0.003328624181
1.068799972534	0.001043312019
1.070399999619	0.001402432099
1.072000026703	0.001546912128
1.073599934578	0.002303296234
1.075199961662	0.001493712189
1.076799988747	0.001998336287
1.078400015831	0.002619600389
1.079999923706	0.002934336197
1.081599950790	0.000926256063
1.083199977875	0.002479952294
1.084800004959	0.003847008338
1.086400032043	0.001371344086
1.087999939919	0.002462592209
1.089599967003	0.000742608041
1.091199994087	0.002392048249
1.092800021172	0.003899568226
1.094399929047	0.002647600137
1.095999956131	0.000391456037
1.097599983215	0.000740592019
1.099200010300	0.002773968270
1.100799918175	0.001836656127
1.102399945259	0.002211136045
1.103999972343	0.000507872028
1.105599999428	0.001198464190
1.107200026512	0.003232208313
1.108799934387	0.004084256478
1.110399961472	0.001632784144
1.111999988556	0.001462608110
1.113600015640	0.003647056408
1.115199923515	0.002915616147
1.116799950600	0.001977472100
1.118399977684	0.000731199980
1.120000004768	0.000336816040
1.121599912643	0.001877504168
1.123199939728	0.001954400213
1.124799966812	0.000454960013
1.126399993896	0.002192768268
1.128000020981	0.001910400111
1.129599928856	0.002849312266
1.131199955940	0.001987664262
1.132799983025	0.000764704018
1.134400010109	0.000826704083
1.135999917984	0.003242736217
1.137599945068	0.003068672260
1.139199972153	0.001111232094
1.140799999237	0.000673664035
1.142400026321	0.003227968235
1.143999934196	0.003083120333
1.145599961281	0.000619072060
1.147199988365	0.000963312050
1.148800015450	0.001238064142
1.150399923325	0.003056224203
1.151999950409	0.000822752016
1.153599977493	0.002188672079
1.155200004578	0.001397040207
1.156799912453	0.003201728221
1.158399939537	0.002227440244
1.159999966621	0.001318704104
1.161599993706	0.001491680159
1.163200020790	0.001269504079
1.164799928665	0.001421568100
1.166399955750	0.002544640331
1.167999982834	0.002208864084
1.169600009918	0.001285296050
1.171199917793	0.001580048120
1.172799944878	-0.000526144053
1.174399971962	0.002209152095
1.175999999046	0.000748768041
1.177600026131	0.004680672195
1.179199934006	0.001701664180
1.180799961090	0.001309888088
1.182399988174	0.001780512161
1.184000015259	0.003806032240
1.185599923134	0.002916368190
1.187199950218	0.000398287986
1.188799977303	0.002536960179
1.190400004387	0.002717936179
1.191999912262	0.003597056260
1.193599939346	0.002735216171
1.195199966431	0.001690288191
1.196799993515	0.000024447994
1.198400020599	0.004061760381
1.199999928474	0.001808096073
1.201599955559	0.001370640122
1.203199982643	0.000880400068
1.204800009727	0.001641056151
1.206399917603	0.001319104107
1.207999944687	0.001778560109
1.209599971771	0.001961808186
1.211199998856	0.000577696075
1.212800025940	0.001538576093
1.214399933815	0.002871264238
1.215999960899	0.001326000085
1.217599987984	0.001200256054
1.219200015068	0.002214848064
1.220799922943	0.002419984201
1.222399950027	0.000650272064
1.223999977112	0.002118256176
1.225600004196	0.000779264083
1.227199912071	-0.000259360037
1.228799939156	0.002589616226
1.230399966240	0.002800432267
1.231999993324	0.001824896084
1.233600020409	0.002086880151
1.235199928284	0.001726384042
1.236799955368	0.000155391957
1.238399982452	0.003877920331
1.240000009537	0.003370336257
1.241599917412	0.000816576125
1.243199944496	0.001941360184
1.244799971581	0.002326096175
1.246399998665	0.002096288139
1.248000025749	0.000624864013
1.249599933624	0.002384464256
1.251199960709	-0.000054591987
1.252799987793	0.001670752070
1.254400014877	0.003210768104
1.255999922752	0.002320352243
1.257599949837	0.000922832056
1.259199976921	0.000873216020
1.260800004005	-0.000773904088
1.262399911880	-0.000015456055
1.263999938965	0.002908080118
1.265599966049	0.002573440084
1.267199993134	0.002134912182
1.268800020218	0.000213312014
1.270399928093	0.003246368375
1.271999955177	0.002457728144
1.273599982262	0.002311072312
1.275200009346	0.001622720156
1.276799917221	0.000308735995
1.278399944305	0.001144112088
1.279999971390	0.003146384144
1.281599998474	0.000749680097
1.283200025558	0.001457280130
1.284799933434	0.001862688106
1.286399960518	0.002484912286
1.287999987602	0.001537088188
1.289600014687	0.001431584125
1.291199922562	0.000474352011
1.292799949646	0.001904096105
1.294399976730	0.002338240156
1.296000003815	0.002974816132
1.297599911690	-0.000724176061
1.299199938774	0.002094416181
1.300799965858	0.001357232104
1.302399992943	0.000557567982
1.304000020027	0.001687344164
1.305599927902	0.000546880008
1.307199954987	0.000922480132
1.308799982071	0.000995744136
1.310400009155	0.001980880275
1.311999917030	0.001546368119
1.313599944115	0.002755040303
1.315199971199	0.001301936107
1.316799998283	0.000175520006
1.318400025368	0.001379824011
1.319999933243	0.003111808328
1.321599960327	0.000552480051
1.323199987411	0.001935168169
1.324800014496	0.001457024133
1.326399922371	0.002245712327
1.327999949455	0.000806000084
1.329599976540	0.002847536234
1.331200003624	0.002173456131
1.332799911499	0.000394656032
1.334399938583	0.001853312133
1.335999965668	0.001298848190
1.337599992752	0.002342288150
1.339200019836	0.001396288164
1.340799927711	0.001122848131
1.342399954796	0.001368288067
1.343999981880	0.001781808212
1.345600008965	0.001989152050
1.347199916840	0.000922704116
1.348799943924	0.001690896228
1.350399971008	0.001988672186
1.351999998093	0.001909952145
1.353600025177	0.000201999967
1.355199933052	-0.000236624051
1.356799960136	0.002055056160
1.358399987221	0.000971744070
1.360000014305	0.001151264063
1.361599922180	0.000938784156
1.363199949265	0.000980304088
1.364799976349	0.002595664235
1.366400003433	0.004112272523
1.367999911308	0.001058096066
1.369599938393	-0.000280992041
1.371199965477	0.000273856072
1.372799992561	0.001567552099
1.374400019646	0.000852975994
1.375999927521	0.001116448082
1.377599954605	-0.000413216068
1.379199981689	0.000756464084
1.380800008774	0.002063312102
1.382399916649	0.000333600008
1.383999943733	0.002264304087
1.385599970818	0.002448352287
1.387199997902	0.000711648026
1.388799905777	0.001565168146
1.390399932861	-0.000831648067
1.391999959946	0.002746768296
1.393599987030	0.001839136123
1.395200014114	0.001215520082
1.396799921989	0.001748896088
1.398399949074	0.001738480176
1.399999976158	-0.000214592059
1.401600003242	0.000175264024
1.403199911118	0.001521104132
1.404799938202	0.001251984155
1.406399965286	0.000293200050
1.407999992371	0.001120256027
1.409600019455	0.001160592074
1.411199927330	-0.000668848050
1.412799954414	0.001873664209
1.414399981499	0.000458495982
1.416000008583	0.001559312106
1.417599916458	0.000473760039
1.419199943542	0.002206896199
1.420799970627	0.001632352127
1.422399997711	0.000965120038
1.423999905586	0.000505984062
1.425599932671	0.000920384075
1.427199959755	0.003801936284
1.428799986839	0.000152848006
1.430400013924	-0.000139776006
1.431999921799	0.001727744122
1.433599948883	0.002355632139
1.435199975967	0.001662944211
1.436800003052	0.000458352064
1.438399910927	-0.000955872121
1.439999938011	0.001215888071
1.441599965096	0.001152112149
1.443199992180	0.000344256026
1.444800019264	0.000827280048
1.446399927139	0.000495744054
1.447999954224	0.001762128202
1.449599981308	0.002463424113
1.451200008392	0.000045455938
1.452799916267	0.000056416015
1.454399943352	0.001407696051
1.455999970436	0.003180000233
1.457599997520	-0.001019552117
1.459199905396	0.000045968001
1.460799932480	0.001131280093
1.462399959564	0.000153808025
1.463999986649	0.000134159956
1.465600013733	-0.001109920093
1.467199921608	0.001360816066
1.468799948692	0.002451808192
1.470399975777	0.002380000195
1.472000002861	0.000335408084
1.473599910736	-0.000034576002
1.475199937820	0.001389984158
1.476799964905	0.001179808169
1.478399991989	-0.000387551991
1.480000019073	-0.000655088050
1.481599926949	0.000261088077
1.483199954033	0.001459472114
1.484799981117	0.002205568133
1.486400008202	-0.000136688002
1.487999916077	-0.001674160128
1.489599943161	0.000536592095
1.491199970245	0.001564048114
1.492799997330	0.000033167962
1.494399905205	0.000585024070
1.495999932289	0.001033232082
1.497599959373	-0.000255248015
1.499199986458	0.000929824077
1.500800013542	0.001563136117
1.502399921417	-0.000127696010
1.503999948502	-0.001487600151
1.505599975586	0.001005296130
1.507200002670	0.002384256339
1.508799910545	-0.001021760050
1.510399937630	-0.000206448021
1.511999964714	0.000760208059
1.513599991798	0.001681424095
1.515200018883	-0.001392560196
1.516799926758	0.000217040011
1.518399953842	0.001275472110
1.519999980927	0.002626480302
1.521600008011	0.000784608070
1.523199915886	-0.001209088136
1.524799942970	0.002701056190
1.526399970055	-0.000392112066
1.527999997139	0.000263248017
1.529599905014	0.000202271985
1.531199932098	0.001725184033
1.532799959183	0.000554159982
1.534399986267	-0.000374000025
1.536000013351	0.001761568128
1.537599921227	0.002507488243
1.539199948311	-0.000542080088
1.540799975395	0.000795632019
1.542400002480	0.001909664134
1.543999910355	-0.000480864022
1.545599937439	0.001838208176
1.547199964523	0.002172112232
1.548799991608	-0.000296095997
1.550400018692	0.000696863979
1.551999926567	-0.000406432053
1.553599953651	0.003615840338
1.555199980736	0.000196448003
1.556800007820	-0.000177872076
1.558399915695	0.000319824001
1.559999942780	0.002354160184
1.561599969864	0.001535360119
1.563199996948	-0.000394656061
1.564799904823	0.001400832087
1.566399931908	0.001998688094
1.567999958992	-0.000903056120
1.569599986076	-0.001163632143
1.571200013161	0.001850304077
1.572799921036	-0.000279440021
1.574399948120	0.000365760061
1.575999975204	0.000005440084
1.577600002289	0.000853920064
1.579199910164	-0.000834640057
1.580799937248	0.002576496219
1.582399964333	0.001960320165
1.583999991417	0.000504336029
1.585600018501	-0.001399296103
1.587199926376	0.000251456047
1.588799953461	-0.000024544031
1.590399980545	-0.000979536097
1.592000007629	0.001189072151
1.593599915504	0.000777504058
1.595199942589	0.001756528160
1.596799969673	0.000596704078
1.598399996758	0.001422016066
1.599999904633	-0.000139424039
1.601599931717	0.003011136316
1.603199958801	-0.002152976114
1.604799985886	-0.000466240017
1.606400012970	0.003720144276
1.607999920845	-0.001196432044
1.609599947929	0.001201872132
1.611199975014	-0.001107344055
1.612800002098	0.001929280115
1.614399909973	-0.001025200123
1.615999937057	0.002601696178
1.617599964142	0.000600800035
1.619199991226	-0.000326415990
1.620800018311	0.001083424082
1.622399926186	0.002817776287
1.623999953270	-0.000289392046
1.625599980354	-0.001179984072
1.627200007439	-0.000672736089
1.628799915314	0.001237504068
1.630399942398	0.001381888171
1.631999969482	0.000325808040
1.633599996567	-0.001208240050
1.635199904442	0.001946048229
1.636799931526	0.000251599995
1.638399958611	0.001394768129
1.639999985695	0.001141024055
1.641600012779	-0.000448608043
1.643199920654	-0.000372751994
1.644799947739	-0.000263312046
1.646399974823	0.001351216109
1.648000001907	-0.000034240005
1.649599909782	0.000683936058
1.651199936867	0.001676928136
1.652799963951	0.000988960033
1.654399991035	-0.001247104141
1.655999898911	0.004236096516
1.657599925995	0.001816048170
1.659199953079	-0.000801296090
1.660799980164	-0.000641424034
1.662400007248	0.001974400133
1.663999915123	0.001363504096
1.665599942207	0.000318992010
1.667199969292	0.000083696017
1.668799996376	-0.002276480198
1.670399904251	0.001065824064
1.671999931335	0.002378896112
1.673599958420	0.001519184094
1.675199985504	-0.001215808094
1.676800012589	0.001498992206
1.678399920464	0.000211663981
1.679999947548	0.002453344176
1.681599974632	0.001969664125
1.683200001717	-0.001158080180
1.684799909592	-0.001218880061
1.686399936676	0.001855472103
1.687999963760	-0.000693568029
1.689599990845	0.000917264086
1.691199898720	0.000903024105
1.692799925804	0.000992192072
1.694399952888	-0.002524144249
1.695999979973	0.001057344140
1.697600007057	0.000960608071
1.699199914932	0.000350992050
1.700799942017	-0.000460751995
1.702399969101	0.000803360017
1.703999996185	0.001075552078
1.705599904060	-0.000163712102
1.707199931145	0.001973296283
1.708799958229	-0.000109567969
1.710399985313	-0.000579856045
1.712000012398	-0.002114080125
1.713599920273	0.001734080142
1.715199947357	0.001857328112
1.716799974442	0.000738480070
1.718400001526	-0.001926848199
1.719999909401	0.001306048129
1.721599936485	0.002463744255
1.723199963570	0.000333999953
1.724799990654	-0.001219472033
1.726399898529	0.001450432115
1.727999925613	0.001118800021
1.729599952698	-0.000964880048
1.731199979782	0.002227984136
1.732800006866	-0.000039104008
1.734399914742	-0.001138176071
1.735999941826	-0.000252272032
1.737599968910	0.001259360113
1.739199995995	-0.002991344314
1.740799903870	0.001121264067
1.742399930954	0.000118159995
1.743999958038	0.001566096093
1.745599985123	-0.001034608111
1.747200012207	0.000873616082
1.748799920082	0.003487808164
1.750399947166	-0.001101168105
1.751999974251	-0.002090112306
1.753600001335	-0.001230448135
1.755199909210	0.002362400293
1.756799936295	-0.000359568076
1.758399963379	-0.000457552087
1.759999990463	0.001487712143
1.761599898338	0.001150864060
1.763199925423	-0.000089887995
1.764799952507	0.000421616045
1.766399979591	0.000599088031
1.768000006676	-0.000487744022
1.769599914551	0.000115040042
1.771199941635	0.000369920075
1.772799968719	0.001158256084
1.774399995804	0.000023024013
1.775999903679	-0.001209408045
1.777599930763	0.000555008010
1.779199957848	0.001960944152
1.780799984932	-0.000645168067
1.782400012016	0.000076976045
1.783999919891	0.000508448051
1.785599946976	0.000810032128
1.787199974060	0.000016240003
1.788800001144	0.000713632035
1.790399909019	-0.000289280026
1.791999936104	-0.000748271996
1.793599963188	-0.000756032066
1.795199990273	0.001190976123
1.796799898148	0.000334912038
1.798399925232	-0.001403536182
1.799999952316	-0.000429152075
1.801599979401	0.000443776022
1.803200006485	0.000154000052
1.804799914360	0.000044111959
1.806399941444	-0.000210255996
1.807999968529	0.000963856059
1.809599995613	0.000299216015
1.811199903488	0.000503568037
1.812799930573	0.002077680081
1.814399957657	-0.000768320053
1.815999984741	0.000674688024
1.817600011826	-0.000570960052
1.819199919701	-0.000254640006
1.820799946785	0.001022576122
1.822399973869	-0.000367392029
1.824000000954	-0.000213424064
1.825599908829	0.002047408139
1.827199935913	-0.000887056114
1.828799962997	0.000332704047
1.830399990082	0.000086592037
1.831999897957	-0.001328512095
1.833599925041	-0.002465936122
1.835199952126	0.001989232143
1.836799979210	0.002636912279
1.838400006294	-0.001567328116
1.839999914169	-0.000852384139
1.841599941254	0.000950112008
1.843199968338	0.000279920001
1.844799995422	-0.001042688033
1.846399903297	0.001679488108
1.847999930382	-0.000083584040
1.849599957466	-0.002649264177
1.851199984550	-0.001737968065
1.852800011635	-0.000306592032
1.854399919510	-0.000230335980
1.855999946594	0.000386448082
1.857599973679	0.000305056019
1.859200000763	-0.001785280183
1.860799908638	-0.001395600149
1.862399935722	0.001022144104
1.863999962807	0.000195855973
1.865599989891	0.001593728201
1.867199897766	-0.001620032126
1.868799924850	0.000881536049
1.870399951935	-0.001495488104
1.871999979019	-0.000126703977
1.873600006104	-0.001211392111
1.875199913979	0.000042352010
1.876799941063	0.001677440130
1.878399968147	-0.000842032081
1.879999995232	-0.000564272050
1.881599903107	0.000141263983
1.883199930191	0.000547088042
1.884799957275	0.000697488082
1.886399984360	-0.000388464017
1.888000011444	-0.002079648199
1.889599919319	-0.001205296139
1.891199946404	0.003753136378
1.892799973488	0.001727008144
1.894400000572	-0.001966048265
1.895999908447	-0.001115952036
1.897599935532	0.000060720009
1.899199962616	0.002581680194
1.900799989700	-0.000121823985
1.902399897575	-0.001242080121
1.903999924660	-0.002183616161
1.905599951744	0.001431600074
1.907199978828	0.001011792105
1.908800005913	-0.000243920018
1.910399913788	0.000291280041
1.911999940872	-0.000927120040
1.913599967957	-0.000323840068
1.915199995041	-0.000016928008
1.916799902916	0.001157840132
1.918399930000	-0.001833360177
1.919999957085	-0.002959936159
1.921599984169	0.000373872026
1.923199892044	0.002004000125
1.924799919128	0.000543232018
1.926399946213	-0.001847792184
1.927999973297	-0.002655648161
1.929600000381	0.001215232071
1.931199908257	-0.000149952015
1.932799935341	0.000015391974
1.934399962425	-0.001117264153
1.935999989510	0.000037632024
1.937599897385	-0.001058559981
1.939199924469	0.000251920079
1.940799951553	0.001100448077
1.942399978638	-0.002029392170
1.944000005722	-0.000707504048
1.945599913597	0.002102608327
1.947199940681	0.000762704061
1.948799967766	-0.001541280071
1.950399994850	0.000650415954
1.951999902725	0.000078416007
1.953599929810	0.001377120148
1.955199956894	-0.002513440326
1.956799983978	0.001479456085
1.958399891853	-0.000735216076
1.959999918938	-0.001229392132
1.961599946022	0.001487072092
1.963199973106	0.000125120001
1.964800000191	0.001390752150
1.966399908066	-0.001716480125
1.967999935150	0.000663312036
1.969599962234	-0.002247232245
1.971199989319	0.000287296018
1.972799897194	-0.001264928142
1.974399924278	-0.000330176001
1.975999951363	-0.000136080023
1.977599978447	-0.001038976130
1.979200005531	0.000096991978
1.980799913406	-0.000019488029
1.982399940491	0.000088767993
1.983999967575	-0.001357072033
1.985599994659	0.000760704046
1.987199902534	-0.001588720130
1.988799929619	-0.002851408208
1.990399956703	-0.001849536086
1.991999983788	0.001796368160
1.993599891663	-0.001799472258
1.995199918747	-0.001432368183
1.996799945831	-0.000934384007
1.998399972916	0.001973632257
2.000000000000	-0.000718832074
2.001600027084	0.000117455937
2.003200054169	0.000859824009
2.004799842834	-0.000210159997
2.006399869919	0.001086000120
2.007999897003	-0.001890208106
2.009599924088	-0.001093984116
2.011199951172	-0.001865520142
2.012799978256	0.000552000070
2.014400005341	0.000419520045
2.016000032425	-0.001263232087
2.017600059509	-0.001684352057
2.019199848175	-0.000978976139
2.020799875259	0.000662080070
2.022399902344	-0.000376480020
2.023999929428	-0.001713616191
2.025599956512	-0.000554080063
2.027199983597	-0.000551056000
2.028800010681	0.000208368045
2.030400037766	-0.003142496338
2.032000064850	-0.000652736053
2.033599853516	0.001294832095
2.035199880600	0.001227520057
2.036799907684	-0.000943680119
2.038399934769	-0.000345216016
2.039999961853	-0.001680960064
2.041599988937	0.001684464165
2.043200016022	0.001621744130
2.044800043106	-0.002289184136
2.046399831772	-0.002055440098
2.047999858856	-0.000685168081
2.049599885941	0.000966928084
2.051199913025	0.001201280043
2.052799940109	-0.002259616274
2.054399967194	-0.000667440065
2.055999994278	0.001888176077
2.057600021362	0.000781904033
2.059200048447	0.000118256023
2.060799837112	0.000019968040
2.062399864197	-0.000405040046
2.063999891281	-0.001500368118
2.065599918365	0.000341472041
2.067199945450	0.000411296060
2.068799972534	-0.000152976019
2.070399999619	-0.002402592218
2.072000026703	-0.000805568066
2.073600053787	0.000481344061
2.075199842453	-0.001288304105
2.076799869537	-0.000288560084
2.078399896622	-0.000696384057
2.079999923706	-0.002068176167
2.081599950790	-0.002879872220
2.083199977875	-0.000981008052
2.084800004959	-0.001227744156
2.086400032043	-0.001218672027
2.088000059128	0.000297183986
2.089599847794	0.000066319990
2.091199874878	0.000109872046
2.092799901962	-0.000488143996
2.094399929047	-0.000221200011
2.095999956131	-0.002072736155
2.097599983215	-0.001088976045
2.099200010300	0.000038768023
2.100800037384	-0.001934144180
2.102400064468	0.000908048067
2.103999853134	-0.000748016057
2.105599880219	0.000213456020
2.107199907303	-0.000624192064
2.108799934387	-0.000263296039
2.110399961472	0.000061967963
2.111999988556	-0.001366992132
2.113600015640	-0.001183920191
2.115200042725	0.000220208021
2.116799831390	0.001223696163
2.118399858475	0.002714656293
2.119999885559	-0.002434560098
2.121599912643	-0.003113632323
2.123199939728	0.000902320025
2.124799966812	0.000052479987
2.126399993896	-0.003411008278
2.128000020981	-0.000626064022
2.129600048065	-0.001692368183
2.131199836731	0.000409680011
2.132799863815	0.001083504176
2.134399890900	0.001068736077
2.135999917984	-0.001568560256
2.137599945068	-0.002830768237
2.139199972153	-0.000410848006
2.140799999237	-0.000772144063
2.142400026321	-0.001606560196
2.144000053406	-0.000235455984
2.145599842072	-0.002444640268
2.147199869156	-0.001109488076
2.148799896240	0.001011456130
2.150399923325	-0.001383040100
2.151999950409	-0.001872160239
2.153599977493	-0.002062736079
2.155200004578	-0.001320464187
2.156800031662	-0.000498719979
2.158400058746	0.000842528068
2.159999847412	-0.000980944140
2.161599874496	-0.001130352146
2.163199901581	-0.000667184067
2.164799928665	0.000117552016
2.166399955750	-0.000123168022
2.167999982834	-0.001227727975
2.169600009918	0.001328128041
2.171200037003	0.001099840039
2.172800064087	-0.002220912138
2.174399852753	-0.000608640024
2.175999879837	-0.000586976064
2.177599906921	0.000148048028
2.179199934006	-0.000934736046
2.180799961090	-0.002223424148
2.182399988174	-0.002883024281
2.184000015259	-0.000655616052
2.185600042343	0.000348864007
2.187199831009	-0.001390320132
2.188799858093	-0.002284240210
2.190399885178	-0.002440688200
2.191999912262	-0.000083311999
2.193599939346	-0.001222768100
2.195199966431	-0.000977840042
2.196799993515	-0.001300976030
2.198400020599	-0.003019984113
2.200000047684	0.001170768170
2.201599836349	-0.000421264005
2.203199863434	-0.002444784157
2.204799890518	-0.003286608262
2.206399917603	-0.001940400107
2.207999944687	-0.001940528164
2.209599971771	-0.000623136060
2.211199998856	-0.002529856283
2.212800025940	-0.001631312189
2.214400053024	-0.002029040130
2.215999841690	0.000638512021
2.217599868774	-0.003496800316
2.219199895859	-0.000816832064
2.220799922943	-0.000667040003
2.222399950027	-0.001693232101
2.223999977112	-0.001666976139
2.225600004196	-0.001720144181
2.227200031281	0.000232543985
2.228800058365	-0.002868160373
2.230399847031	0.003495344426
2.231999874115	-0.002055216115
2.233599901199	-0.002225840231
2.235199928284	-0.000598192099
2.236799955368	0.001373520121
2.238399982452	-0.003288464155
2.240000009537	-0.000784128031
2.241600036621	-0.000076448057
2.243199825287	-0.002736400347
2.244799852371	-0.000459456089
2.246399879456	-0.002351328265
2.247999906540	-0.002957232296
2.249599933624	-0.003079568269
2.251199960709	0.001462272136
2.252799987793	-0.002400608268
2.254400014877	-0.000927808112
2.256000041962	-0.002053760225
2.257599830627	-0.002712048125
2.259199857712	-0.001609168132
2.260799884796	-0.002041168278
2.262399911880	-0.000138880030
2.263999938965	-0.004320784472
2.265599966049	-0.000506656070
2.267199993134	-0.002261184156
2.268800020218	-0.001396368141
2.270400047302	-0.001233472140
2.271999835968	-0.000232752034
2.273599863052	-0.001325344201
2.275199890137	0.000464975950
2.276799917221	0.000431055989
2.278399944305	-0.004380304366
2.279999971390	-0.000519664027
2.281599998474	-0.000636352052
2.283200025558	-0.001465584151
2.284800052643	-0.001654576161
2.286399841309	-0.004519488197
2.287999868393	-0.001112064114
2.289599895477	-0.000169423962
2.291199922562	0.000999280019
2.292799949646	-0.001620960073
2.294399976730	-0.004349104129
2.296000003815	0.001998640131
2.297600030899	-0.002213040134
2.299200057983	-0.000345184002
2.300799846649	-0.002802176401
2.302399873734	0.000243760049
2.303999900818	-0.001037472044
2.305599927902	0.000679952151
2.307199954987	-0.001995904138
2.308799982071	-0.002434944268
2.310400009155	-0.000129776003
2.312000036240	0.000158448005
2.313599824905	-0.001213056035
2.315199851990	-0.001278864103
2.316799879074	0.000124719954
2.318399906158	0.000937856094
2.319999933243	-0.001178768114
2.321599960327	-0.000782000076
2.323199987411	-0.000211760023
2.324800014496	-0.000230224017
2.326400041580	-0.001590240165
2.327999830246	-0.002689920133
2.329599857330	-0.000889664108
2.331199884415	-0.001987808151
2.332799911499	-0.001160240150
2.334399938583	-0.001837584074
2.335999965668	-0.002901856322
2.337599992752	-0.001125632087
2.339200019836	-0.001785040135
2.340800046921	-0.000812080107
2.342399835587	-0.002060928149
2.343999862671	-0.000975296018
2.345599889755	-0.001346720150
2.347199916840	-0.003887376282
2.348799943924	-0.001038432121
2.350399971008	-0.002049472183
2.351999998093	-0.001269648084
2.353600025177	0.000317376078
2.355200052261	-0.002509120153
2.356799840927	-0.000844000024
2.358399868011	-0.000476816029
2.359999895096	-0.001097040134
2.361599922180	-0.004083824344
2.363199949265	0.000743872020
2.364799976349	-0.001007888117
2.366400003433	-0.001130416174
2.368000030518	0.000336928060
2.369600057602	-0.001675216132
2.371199846268	-0.001355024055
2.372799873352	-0.002823824296
2.374399900436	-0.001322464086
2.375999927521	-0.001902272110
2.377599954605	-0.000287712028
2.379199981689	-0.000786368037
2.380800008774	-0.003010256216
2.382400035858	-0.001287536114
2.383999824524	-0.001723840134
2.385599851608	-0.000841600064
2.387199878693	0.001968704164
2.388799905777	-0.002450080123
2.390399932861	-0.003083696356
2.391999959946	-0.002378160134
2.393599987030	0.000660080055
2.395200014114	-0.002034592209
2.396800041199	0.000376159995
2.398399829865	-0.002458768198
2.399999856949	-0.002442784142
2.401599884033	0.000417087955
2.403199911118	-0.001117104082
2.404799938202	-0.000333088072
2.406399965286	-0.002097952180
2.407999992371	-0.000532368023
2.409600019455	-0.000798192050
2.411200046539	-0.001298432122
2.412799835205	-0.001910816180
2.414399862289	-0.003068000311
2.415999889374	-0.000598864048
2.417599916458	-0.000189103972
2.419199943542	0.000448752107
2.420799970627	-0.001414256054
2.422399997711	-0.002167856088
2.424000024796	-0.003000784200
2.425600051880	-0.000707280124
2.427199840546	-0.000588976021
2.428799867630	-0.003066720208
2.430399894714	-0.001184288180
2.431999921799	-0.002639200306
2.433599948883	-0.000787008030
2.435199975967	-0.002598192310
2.436800003052	-0.000945088046
2.438400030136	-0.000920032035
2.440000057220	-0.002193312161
2.441599845886	-0.001186320093
2.443199872971	-0.003673888277
2.444799900055	-0.000633072050
2.446399927139	-0.002247024328
2.447999954224	-0.001277312171
2.449599981308	-0.002109504305
2.451200008392	-0.002505808137
2.452800035477	-0.000800016045
2.454399824142	-0.001604368095
2.455999851227	-0.000289616029
2.457599878311	-0.004167856183
2.459199905396	-0.002180992160
2.460799932480	-0.000847664080
2.462399959564	0.001333280117
2.463999986649	-0.003090144368
2.465600013733	-0.003634880297
2.467200040817	-0.000659744022
2.468799829483	0.000608047994
2.470399856567	-0.000483232026
2.471999883652	-0.002852560254
2.473599910736	-0.002262832131
2.475199937820	-0.000431760011
2.476799964905	-0.001724496135
2.478399991989	-0.000281855988
2.480000019073	-0.003695744323
2.481600046158	-0.000653680065
2.483199834824	0.000155168018
2.484799861908	0.000332928059
2.486399888992	-0.002175984206
2.487999916077	-0.004789984319
2.489599943161	0.001155888080
2.491199970245	-0.000068000008
2.492799997330	-0.000987840118
2.494400024414	-0.000614703982
2.496000051498	-0.004599904176
2.497599840164	-0.001994416118
2.499199867249	0.000347455993
2.500799894333	-0.000006400062
2.502399921417	-0.005097856279
2.503999948502	-0.000063119958
2.505599975586	0.000376240001
2.507200002670	-0.000236047985
2.508800029755	-0.001563600148
2.510399818420	-0.004288848490
2.511999845505	-0.001511008129
2.513599872589	-0.001989584183
2.515199899673	0.000726384053
2.516799926758	-0.002611296251
2.518399953842	-0.001014032168
2.519999980927	-0.003650448285
2.521600008011	-0.002075696131
2.523200035095	-0.003108784324
2.524799823761	-0.001511296141
2.526399850845	-0.000579296029
2.527999877930	-0.003536128206
2.529599905014	0.000478816073
2.531199932098	-0.003307600273
2.532799959183	-0.001194928074
2.534399986267	-0.001825120184
2.536000013351	-0.001534112147
2.537600040436	-0.000963216065
2.539199829102	-0.002371072304
2.540799856186	-0.001000912045
2.542399883270	-0.002323728288
2.543999910355	0.000658000004
2.545599937439	-0.004259376321
2.547199964523	-0.000311088021
2.548799991608	-0.002154000103
2.550400018692	-0.001122560119
2.552000045776	-0.002322640270
2.553599834442	-0.001885024249
2.555199861526	0.001506496104
2.556799888611	-0.001746640075
2.558399915695	0.000128687971
2.559999942780	0.000312704069
2.561599969864	-0.003135008272
2.563199996948	0.000344496046
2.564800024033	-0.001844672137
2.566400051117	-0.001259472105
2.567999839783	-0.001731520169
2.569599866867	-0.002110384172
2.571199893951	0.000292880053
2.572799921036	-0.001996608218
2.574399948120	-0.001417792053
2.575999975204	-0.001941200229
2.577600002289	-0.000887264032
2.579200029373	-0.002001904184
2.580799818039	-0.002046096139
2.582399845123	-0.000997135998
2.583999872208	-0.002384752268
2.585599899292	-0.001520672115
2.587199926376	-0.002868896350
2.588799953461	-0.000272720034
2.590399980545	-0.002306560054
2.592000007629	-0.003126192372
2.593600034714	-0.002799296286
2.595199823380	-0.001295072143
2.596799850464	0.000257680018
2.598399877548	-0.003326480277
2.599999904633	-0.002413776238
2.601599931717	-0.002011424163
2.603199958801	-0.000325024012
2.604799985886	-0.002362032188
2.606400012970	-0.001348544145
2.608000040054	-0.005024160258
2.609599828720	-0.003673392348
2.611199855804	-0.000499344140
2.612799882889	-0.001100128051
2.614399909973	-0.000253280043
2.615999937057	-0.003339696210
2.617599964142	-0.001598864095
2.619199991226	-0.000286144001
2.620800018311	-0.001056576148
2.622400045395	0.000268864009
2.623999834061	-0.003175296355
2.625599861145	-0.002139968099
2.627199888229	-0.001076976187
2.628799915314	-0.000966976106
2.630399942398	-0.002729456173
2.631999969482	-0.001424912130
2.633599996567	-0.001965040108
2.635200023651	-0.001403408125
2.636800050735	-0.001581632067
2.638399839401	-0.002830912126
2.639999866486	-0.000865648093
2.641599893570	-0.002797168214
2.643199920654	-0.001806064160
2.644799947739	-0.001624688040
2.646399974823	-0.002986112377
2.648000001907	-0.000208623969
2.649600028992	-0.002513040323
2.651199817657	-0.002252288163
2.652799844742	-0.001451808144
2.654399871826	-0.003400528338
2.655999898911	-0.000444960053
2.657599925995	-0.001236576121
2.659199953079	-0.001610144041
2.660799980164	-0.001354720094
2.662400007248	-0.002298320178
2.664000034332	-0.003084736178
2.665599822998	-0.001829776214
2.667199850082	-0.001407968113
2.668799877167	-0.001529040164
2.670399904251	-0.001469472074
2.671999931335	-0.004699728452
2.673599958420	-0.003008576343
2.675199985504	-0.001080304151
2.676800012589	-0.002549808240
2.678400039673	-0.000966624124
2.679999828339	-0.002989024157
2.681599855423	-0.001047344063
2.683199882507	-0.001636352157
2.684799909592	-0.001232192037
2.686399936676	-0.004172672518
2.687999963760	-0.002750528278
2.689599990845	-0.001857776195
2.691200017929	-0.002217072295
2.692800045013	-0.001152704121
2.694399833679	-0.003108592238
2.695999860764	-0.002950256225
2.697599887848	-0.003719616449
2.699199914932	0.000764944067
2.700799942017	-0.001620560186
2.702399969101	-0.002725008177
2.703999996185	-0.001229984104
2.705600023270	-0.003190864343
2.707200050354	-0.001796464203
2.708799839020	-0.002106576227
2.710399866104	-0.000119184078
2.711999893188	-0.001514960197
2.713599920273	-0.003042144235
2.715199947357	-0.001304128091
2.716799974442	-0.002470064210
2.718400001526	-0.001630560146
2.720000028610	-0.001253248076
2.721599817276	-0.000504896045
2.723199844360	-0.000626992027
2.724799871445	-0.000486400037
2.726399898529	-0.002227712190
2.727999925613	-0.002799632261
2.729599952698	-0.000230111909
2.731199979782	-0.003184848232
2.732800006866	-0.000852864061
2.734400033951	-0.003069472266
2.735999822617	-0.001341328141
2.737599849701	-0.001450416166
2.739199876785	-0.001897472073
2.740799903870	0.000139039970
2.742399930954	-0.002508016303
2.743999958038	-0.002465120051
2.745599985123	-0.001094256178
2.747200012207	-0.003738432424
2.748800039291	-0.003196144244
2.750399827957	-0.002798112342
2.751999855042	-0.002317584120
2.753599882126	-0.004349408206
2.755199909210	0.000296656013
2.756799936295	-0.001632400206
2.758399963379	-0.000934816024
2.759999990463	-0.002200608142
2.761600017548	-0.002808352234
2.763200044632	-0.001306864084
2.764799833298	-0.002241792157
2.766399860382	-0.000394352130
2.767999887466	-0.004912560340
2.769599914551	-0.001527248183
2.771199941635	-0.002038368257
2.772799968719	-0.001766016125
2.774399995804	-0.001372576109
2.776000022888	-0.000468000013
2.777599811554	-0.005419648252
2.779199838638	-0.002892512130
2.780799865723	-0.001092800056
2.782399892807	-0.003246480133
2.783999919891	-0.000898912083
2.785599946976	-0.004237984307
2.787199974060	-0.002173664281
2.788800001144	-0.002347200178
2.790400028229	-0.000800000038
2.791999816895	-0.000687424093
2.793599843979	-0.003043568227
2.795199871063	-0.003028080100
2.796799898148	-0.002863584319
2.798399925232	-0.000373631949
2.799999952316	-0.001252400107
2.801599979401	-0.001256912132
2.803200006485	-0.003637504298
2.804800033569	-0.000119951997
2.806399822235	-0.001486512134
2.807999849319	-0.001305120182
2.809599876404	-0.002173232147
2.811199903488	-0.003505104454
2.812799930573	-0.000871568045
2.814399957657	-0.000889200135
2.815999984741	-0.001941904193
2.817600011826	-0.002163248137
2.819200038910	-0.002945760265
2.820799827576	-0.001421040157
2.822399854660	0.000632736075
2.823999881744	-0.003593408270
2.825599908829	-0.002563712187
2.827199935913	-0.002143552061
2.828799962997	-0.003278416349
2.830399990082	0.000662528095
2.832000017166	-0.001496416051
2.833600044250	-0.003183728317
2.835199832916	-0.004601904191
2.836799860001	-0.000088048029
2.838399887085	-0.001350112143
2.839999914169	-0.001840720186
2.841599941254	-0.002102112165
2.843199968338	-0.003406736301
2.844799995422	-0.004684432410
2.846400022507	-0.003211408155
2.847999811172	-0.002934816293
2.849599838257	-0.001836560201
2.851199865341	-0.000890560099
2.852799892426	-0.002858480206
2.854399919510	-0.001442656154
2.855999946594	-0.000340752042
2.857599973679	-0.000928224064
2.859200000763	-0.002673584269
2.860800027847	-0.003881168319
2.862399816513	-0.003078048350
2.863999843597	-0.000739872106
2.865599870682	-0.002911904361
2.867199897766	-0.001448240131
2.868799924850	-0.002561968286
2.870399951935	-0.005805984605
2.871999979019	-0.001549552195
2.873600006104	-0.000627040106
2.875200033188	-0.001770928153
2.876799821854	-0.003666640259
2.878399848938	-0.001308976091
2.879999876022	-0.000817184045
2.881599903107	-0.001312416163
2.883199930191	-0.002776416251
2.884799957275	-0.003713024314
2.886399984360	-0.000290847936
2.888000011444	-0.001389552024
2.889600038528	-0.001581104123
2.891199827194	-0.003347008256
2.892799854279	-0.002378704259
2.894399881363	-0.000260096014
2.895999908447	-0.000176448040
2.897599935532	-0.000369695947
2.899199962616	-0.003997264430
2.900799989700	-0.003605504287
2.902400016785	0.000161119970
2.904000043869	-0.002039824147
2.905599832535	-0.002445920138
2.907199859619	-0.001216320088
2.908799886703	-0.001132416073
2.910399913788	-0.000949936104
2.911999940872	-0.000612224045
2.913599967957	-0.001715136226
2.915199995041	-0.005269152578
2.916800022125	-0.002988864202
2.918399810791	-0.000511120015
2.919999837875	-0.001861136174
2.921599864960	-0.002170656109
2.923199892044	0.000022096023
2.924799919128	-0.000726928061
2.926399946213	-0.004169136286
2.927999973297	-0.003144464223
2.929600000381	-0.002823552117
2.931200027466	-0.002201936208
2.932799816132	-0.002031472279
2.934399843216	-0.004333888181
2.935999870300	-0.002931408118
2.937599897385	-0.001993456157
2.939199924469	-0.000868944044
2.940799951553	-0.000855184102
2.942399978638	-0.001537808101
2.944000005722	-0.003326208331
2.945600032806	-0.001055216067
2.947199821472	-0.001737904153
2.948799848557	-0.001577664050
2.950399875641	-0.003168064170
2.951999902725	-0.003936944529
2.953599929810	-0.003025984392
2.955199956894	-0.002513744170
2.956799983978	-0.000318480044
2.958400011063	-0.004787936341
2.960000038147	-0.003329904284
2.961599826813	-0.001724704052
2.963199853897	-0.000477919966
2.964799880981	-0.003727056319
2.966399908066	-0.000179328053
2.967999935150	-0.002912400290
2.969599962234	-0.003797184443
2.971199989319	-0.002206704114
2.972800016403	-0.004267952405
2.974400043488	-0.001202352112
2.975999832153	-0.004024000373
2.977599859238	-0.001109968056
2.979199886322	-0.002866544295
2.980799913406	-0.005180144217
2.982399940491	-0.001640240196
2.983999967575	-0.000831888057
2.985599994659	-0.002361920197
2.987200021744	-0.000807056087
2.988799810410	-0.001947344281
2.990399837494	-0.004968992434
2.991999864578	-0.003584400285
2.993599891663	-0.001961136237
2.995199918747	-0.001838160213
2.996799945831	-0.001813360141
2.998399972916	-0.003313072259
3.000000000000	-0.000866240065
3.001600027084	-0.002105104271
3.003199815750	-0.000675424060
3.004799842834	-0.003778624348
3.006399869919	-0.002461616183
3.007999897003	-0.001614864101
3.009599924088	-0.003992864396
3.011199951172	-0.001947840210
3.012799978256	-0.001012736117
3.014400005341	-0.002859696280
3.016000032425	-0.002772080246
3.017599821091	-0.005867600441
3.019199848175	-0.002159952186
3.020799875259	-0.001811504131
3.022399902344	-0.003938640468
3.023999929428	-0.003650512313
3.025599956512	-0.004635648336
3.027199983597	-0.000949216133
3.028800010681	-0.001475424157
3.030400037766	-0.000261344016
3.031999826431	-0.005760464352
3.033599853516	-0.002426672261
3.035199880600	-0.002777616261
3.036799907684	-0.001458224142
3.038399934769	-0.002500848146
3.039999961853	-0.003296224168
3.041599988937	-0.003407504177
3.043200016022	-0.002510208171
3.044799804687	-0.000976416050
3.046399831772	-0.003150688251
3.047999858856	-0.000915456098
3.049599885941	-0.002593296114
3.051199913025	-0.003979936242
3.052799940109	-0.001412304118
3.054399967194	-0.001355248154
3.055999994278	-0.002464400139
3.057600021362	-0.005355696194
3.059199810028	-0.001111360034
3.060799837112	-0.003128720215
3.062399864197	-0.003097456181
3.063999891281	-0.003107840195
3.065599918365	-0.002343456261
3.067199945450	-0.002686384134
3.068799972534	-0.001668320154
3.070399999619	-0.000952832052
3.072000026703	-0.002097952180
3.073599815369	-0.002608064096
3.075199842453	-0.001076960121
3.076799869537	-0.001046912163
3.078399896622	-0.002440480050
3.079999923706	-0.002154880203
3.081599950790	-0.005777264480
3.083199977875	-0.001002224046
3.084800004959	-0.000729584077
3.086400032043	-0.002281104214
3.087999820709	-0.004340144340
3.089599847794	-0.001178096165
3.091199874878	-0.002594112186
3.092799901962	-0.002128080232
3.094399929047	-0.003645216348
3.095999956131	-0.004154112190
3.097599983215	-0.001611952088
3.099200010300	-0.003631920321
3.100800037384	-0.004122848157
3.102399826050	-0.003293120302
3.103999853134	0.000210112048
3.105599880219	-0.002616608283
3.107199907303	-0.004107008222
3.108799934387	-0.002937536221
3.110399961472	0.000703680096
3.111999988556	-0.001061552088
3.113600015640	-0.001279760152
3.115199804306	-0.003432880389
3.116799831390	-0.004633280449
3.118399858475	-0.000185791971
3.119999885559	-0.002873392310
3.121599912643	-0.003975936212
3.123199939728	-0.005038304254
3.124799966812	-0.002088256180
3.126399993896	-0.000611199997
3.128000020981	-0.002439536154
3.129599809647	-0.004240800161
3.131199836731	-0.003534720279
3.132799863815	-0.002064752160
3.134399890900	-0.002489744220
3.135999917984	-0.002355632139
3.137599945068	-0.005242384505
3.139199972153	-0.002600736218
3.140799999237	-0.001679008128
3.142400026321	-0.003536928212
3.143999814987	-0.001967600081
3.145599842072	-0.002894688165
3.147199869156	-0.002423952334
3.148799896240	-0.002757120179
3.150399923325	-0.001124608098
3.151999950409	-0.003278432181
3.153599977493	-0.005287312437
3.155200004578	-0.002452592133
3.156800031662	0.000353648036
3.158399820328	-0.003261808306
3.159999847412	-0.002243888332
3.161599874496	-0.004253216553
3.163199901581	-0.002763648285
3.164799928665	0.000620672072
3.166399955750	-0.001406128169
3.167999982834	-0.005177088547
3.169600009918	-0.005109792575
3.171200037003	-0.000889200077
3.172799825668	-0.003136240179
3.174399852753	-0.003983232193
3.175999879837	-0.001973824110
3.177599906921	-0.001036448055
3.179199934006	-0.003135472303
3.180799961090	-0.003543792292
3.182399988174	0.000413440022
3.184000015259	-0.002679200144
3.185599803925	-0.002189136110
3.187199831009	-0.005343968514
3.188799858093	-0.004711760208
3.190399885178	-0.001792288153
3.191999912262	-0.003128944431
3.193599939346	-0.000950960093
3.195199966431	-0.003733408405
3.196799993515	-0.002111456124
3.198400020599	-0.002583104186
3.199999809265	-0.001495696139
3.201599836349	-0.002102240222
3.203199863434	-0.001467440045
3.204799890518	-0.005745744333
3.206399917603	-0.004080832470
3.207999944687	-0.003782176413
3.209599971771	-0.000474351982
3.211199998856	-0.002688400215
3.212800025940	-0.002157120034
3.214399814606	-0.004001152236
3.215999841690	-0.001097664121
3.217599868774	-0.003017376177
3.219199895859	-0.002692384180
3.220799922943	-0.002228368307
3.222399950027	-0.004689168185
3.223999977112	-0.000922144041
3.225600004196	-0.003226400353
3.227200031281	-0.003600544296
3.228799819946	-0.004641264211
3.230399847031	-0.003781952197
3.231999874115	-0.001988640288
3.233599901199	-0.004095184151
3.235199928284	-0.001741248067
3.236799955368	-0.002592960140
3.238399982452	-0.002732960274
3.240000009537	-0.003023936180
3.241600036621	-0.004608464427
3.243199825287	-0.002637232188
3.244799852371	-0.003631168278
3.246399879456	-0.000951776165
3.247999906540	-0.001364080119
3.249599933624	-0.001701232162
3.251199960709	-0.004531600513
3.252799987793	-0.003315632232
3.254400014877	0.001674784115
3.255999803543	-0.003421744332
3.257599830627	-0.002545312280
3.259199857712	-0.003042048309
3.260799884796	-0.002812704304
3.262399911880	-0.001416544081
3.263999938965	-0.002108928049
3.265599966049	-0.003922528122
3.267199993134	-0.004034160171
3.268800020218	-0.002889232244
3.270399808884	-0.003274624236
3.271999835968	-0.002231216291
3.273599863052	-0.000070048045
3.275199890137	-0.005543840583
3.276799917221	-0.003421680303
3.278399944305	-0.002833040198
3.279999971390	-0.002371952171
3.281599998474	-0.004391456489
3.283200025558	-0.003187408205
3.284799814224	-0.000748208025
3.286399841309	-0.003344864352
3.287999868393	-0.002412784146
3.289599895477	-0.001848320127
3.291199922562	-0.002865840215
3.292799949646	-0.004171952605
3.294399976730	-0.002876304090
3.296000003815	-0.003659056267
3.297600030899	-0.004306896590
3.299199819565	-0.003563008271
3.300799846649	-0.002653440228
3.302399873734	-0.002422592137
3.303999900818	-0.004226176534
3.305599927902	-0.003263008315
3.307199954987	-0.002733584261
3.308799982071	-0.004771280568
3.310400009155	-0.003513264237
3.311999797821	-0.003481936175
3.313599824905	-0.000482176052
3.315199851990	-0.002878272207
3.316799879074	-0.003985360265
3.318399906158	-0.004480272532
3.319999933243	-0.000395600015
3.321599960327	-0.003787200199
3.323199987411	-0.002544512274
3.324800014496	-0.002819344169
3.326399803162	-0.000523584022
3.327999830246	-0.001311808126
3.329599857330	-0.001305248123
3.331199884415	-0.000904336164
3.332799911499	-0.003864128375
3.334399938583	-0.003011344234
3.335999965668	-0.002809856320
3.337599992752	-0.000255280116
3.339200019836	-0.003945312463
3.340799808502	-0.006489984691
3.342399835587	-0.002734816168
3.343999862671	-0.002015520120
3.345599889755	-0.002154912334
3.347199916840	-0.000238368069
3.348799943924	-0.003692000406
3.350399971008	-0.004704304505
3.351999998093	-0.000936944038
3.353600025177	0.000937440083
3.355199813843	-0.004266160540
3.356799840927	-0.003852704307
3.358399868011	-0.003640928306
3.359999895096	-0.000892704062
3.361599922180	-0.000181584081
3.363199949265	-0.002556864172
3.364799976349	-0.005856784526
3.366400003433	-0.001632832107
3.368000030518	-0.003954752348
3.369599819183	-0.003998000175
3.371199846268	-0.002679376164
3.372799873352	-0.003752880264
3.374399900436	-0.004216272384
3.375999927521	-0.002733808244
3.377599954605	-0.003062336240
3.379199981689	-0.004369536415
3.380800008774	-0.004835664295
3.382399797440	-0.001223184168
3.383999824524	-0.002630864270
3.385599851608	-0.003009392181
3.387199878693	-0.000787904079
3.388799905777	-0.003037392395
3.390399932861	-0.002372624120
3.391999959946	-0.004004432354
3.393599987030	-0.003329232335
3.395200014114	-0.002382336184
3.396799802780	-0.003772976343
3.398399829865	-0.001169792144
3.399999856949	-0.004325696267
3.401599884033	-0.002148080152
3.403199911118	0.000005199992
3.404799938202	-0.001519088168
3.406399965286	-0.004063360393
3.407999992371	-0.006959568709
3.409600019455	-0.002239664085
3.411199808121	-0.001968384255
3.412799835205	-0.001460688189
3.414399862289	-0.002781232120
3.415999889374	-0.002747920342
3.417599916458	-0.002525856253
3.419199943542	-0.001093472121
3.420799970627	-0.002245776122
3.422399997711	-0.004042656161
3.424000024796	-0.002809312195
3.425599813461	-0.001351568033
3.427199840546	-0.001280224067
3.428799867630	-0.003124240320
3.430399894714	-0.003577808384
3.431999921799	-0.002232416300
3.433599948883	-0.003193616401
3.435199975967	-0.001778768143
3.436800003052	-0.003328480292
3.438400030136	-0.002185328165
3.439999818802	-0.002743360121
3.441599845886	-0.003875440219
3.443199872971	-0.003471136326
3.444799900055	-0.002837904263
3.446399927139	-0.001588928164
3.447999954224	-0.006206608377
3.449599981308	-0.002398976125
3.451200008392	0.004503456410
