0.000000000000	0.009620704688
0.001599999960	0.011400496587
0.003199999919	0.011673185043
0.004799999762	0.010940353386
0.006399999838	0.010851969011
0.007999999449	0.011350177228
0.009599999525	0.011592401192
0.011199999601	0.010688080452
0.012799999677	0.011151185259
0.014399999753	0.009596000426
0.015999998897	0.009249185212
0.017599999905	0.011898049153
0.019199999049	0.009996368550
0.020800000057	0.009704625234
0.022399999201	0.009897504933
0.024000000209	0.010888672434
0.025599999353	0.011178256944
0.027199998498	0.008682448417
0.028799999505	0.008460273035
0.030399998650	0.009171089157
0.031999997795	0.008568640798
0.033599998802	0.010604960844
0.035199999809	0.009893520735
0.036800000817	0.008716208860
0.038399998099	0.010014128871
0.039999999106	0.011088896543
0.041600000113	0.008432944305
0.043199997395	0.009816864505
0.044799998403	0.009171664715
0.046399999410	0.009597408585
0.048000000417	0.009636608884
0.049599997699	0.007295312360
0.051199998707	0.008557904512
0.052799999714	0.009969281033
0.054399996996	0.009083569050
0.055999998003	0.010044337250
0.057599999011	0.009983601049
0.059200000018	0.008823216893
0.060799997300	0.008730432950
0.062399998307	0.010705424473
0.063999995589	0.008775888942
0.065600000322	0.008882848546
0.067199997604	0.008212064393
0.068799994886	0.010659952648
0.070399999619	0.009832097217
0.071999996901	0.008202048950
0.073600001633	0.006620800588
0.075199998915	0.009037841111
0.076799996197	0.009794864804
0.078400000930	0.008688320406
0.079999998212	0.006103920750
0.081599995494	0.008275568485
0.083200000226	0.008207456209
0.084799997509	0.009892560542
0.086399994791	0.009343248792
0.087999999523	0.005989824422
0.089599996805	0.009277968667
0.091199994087	0.008017584682
0.092799998820	0.009258784354
0.094399996102	0.008768577129
0.096000000834	0.007431856822
0.097599998116	0.009064416401
0.099199995399	0.007547008805
0.100800000131	0.007663264871
0.102399997413	0.007421616465
0.103999994695	0.007543328684
0.105599999428	0.007475184742
0.107199996710	0.008758032694
0.108799993992	0.008308288641
0.110399998724	0.006720720325
0.111999996006	0.008527680300
0.113600000739	0.007570256479
0.115199998021	0.008187456988
0.116799995303	0.007356432732
0.118400000036	0.007974832319
0.119999997318	0.006893360522
0.121599994600	0.008752864785
0.123199999332	0.008898449130
0.124799996614	0.007727872580
0.126399993896	0.007528912742
0.127999991179	0.007528000511
0.129600003362	0.009003792889
0.131200000644	0.007075408474
0.132799997926	0.006967072375
0.134399995208	0.008601216599
0.135999992490	0.008611952886
0.137599989772	0.008134433068
0.139200001955	0.007013792638
0.140799999237	0.007954688743
0.142399996519	0.007819040678
0.143999993801	0.007896129042
0.145599991083	0.007549856789
0.147200003266	0.005671120714
0.148800000548	0.007216512691
0.150399997830	0.008101056330
0.151999995112	0.008928896859
0.153599992394	0.006268608384
0.155199989676	0.007153168321
0.156800001860	0.007343968377
0.158399999142	0.008006720804
0.159999996424	0.008447920904
0.161599993706	0.006122848485
0.163199990988	0.006292912643
0.164800003171	0.008534576744
0.166400000453	0.008684224449
0.167999997735	0.008670704439
0.169599995017	0.007680816576
0.171199992299	0.004241088405
0.172799989581	0.008013216779
0.174400001764	0.009443872608
0.175999999046	0.008006096818
0.177599996328	0.005184000358
0.179199993610	0.006678736303
0.180799990892	0.007231216412
0.182399988174	0.008238304406
0.184000000358	0.007039984688
0.185599997640	0.005087360274
0.187199994922	0.007029472385
0.188799992204	0.008033649065
0.190399989486	0.006749232765
0.192000001669	0.008635968901
0.193599998951	0.006544800475
0.195199996233	0.006979264785
0.196799993515	0.008294448256
0.198399990797	0.008171488531
0.199999988079	0.007437312510
0.201600000262	0.007923793048
0.203199997544	0.007782560773
0.204799994826	0.007477168459
0.206399992108	0.008159456775
0.207999989390	0.006819040515
0.209600001574	0.008499409072
0.211199998856	0.007330624852
0.212799996138	0.006635984406
0.214399993420	0.006280240603
0.215999990702	0.006223920733
0.217599987984	0.007256928831
0.219200000167	0.007154944818
0.220799997449	0.007458592765
0.222399994731	0.006899264641
0.223999992013	0.007280848455
0.225599989295	0.008035616949
0.227200001478	0.008300096728
0.228799998760	0.006829536520
0.230399996042	0.006641104352
0.231999993324	0.006181984674
0.233599990606	0.008986337110
0.235199987888	0.007380608469
0.236800000072	0.005960000679
0.238399997354	0.007605088875
0.239999994636	0.008392640390
0.241599991918	0.008875216357
0.243199989200	0.007879168727
0.244799986482	0.004855584353
0.246399998665	0.006900320761
0.247999995947	0.007699488662
0.249599993229	0.007410608698
0.251199990511	0.007402800489
0.252799987793	0.004788320512
0.254399985075	0.008032368496
0.255999982357	0.008826912381
0.257599979639	0.006800352596
0.259200006723	0.006422816310
0.260800004005	0.005582816433
0.262400001287	0.006814496592
0.263999998569	0.007413120475
0.265599995852	0.008584112860
0.267199993134	0.006830096710
0.268799990416	0.006405424792
0.270399987698	0.007675952744
0.271999984980	0.008867681026
0.273599982262	0.007757152431
0.275199979544	0.005067872349
0.276800006628	0.005733536556
0.278400003910	0.006680992432
0.280000001192	0.007186576724
0.281599998474	0.005374720320
0.283199995756	0.005901792552
0.284799993038	0.007042192388
0.286399990320	0.007023024373
0.287999987602	0.006729648449
0.289599984884	0.005396512337
0.291199982166	0.006587232463
0.292799979448	0.005793584511
0.294400006533	0.007673680782
0.296000003815	0.006204064470
0.297600001097	0.005696480628
0.299199998379	0.007069456391
0.300799995661	0.007489280775
0.302399992943	0.006797232665
0.303999990225	0.005540720653
0.305599987507	0.006522592623
0.307199984789	0.006464240607
0.308799982071	0.006519776769
0.310399979353	0.006192976609
0.312000006437	0.006591952406
0.313600003719	0.006194208283
0.315200001001	0.008055232465
0.316799998283	0.008526944555
0.318399995565	0.006216032431
0.319999992847	0.005155392457
0.321599990129	0.005395296495
0.323199987411	0.007818144746
0.324799984694	0.006917632651
0.326399981976	0.005618640222
0.327999979258	0.006067312323
0.329600006342	0.006879472639
0.331200003624	0.006741968449
0.332800000906	0.008070016280
0.334399998188	0.005037120543
0.335999995470	0.005926832557
0.337599992752	0.007714016829
0.339199990034	0.006931712385
0.340799987316	0.007707952522
0.342399984598	0.004511280451
0.343999981880	0.006257552654
0.345599979162	0.008587825112
0.347199976444	0.006991152652
0.348800003529	0.004521984141
0.350400000811	0.005283856299
0.351999998093	0.006765184458
0.353599995375	0.006231648382
0.355199992657	0.005611184519
0.356799989939	0.005255168304
0.358399987221	0.005817616358
0.359999984503	0.006610752549
0.361599981785	0.006544768345
0.363199979067	0.004177344497
0.364799976349	0.005894992501
0.366400003433	0.005849792622
0.368000000715	0.005374464672
0.369599997997	0.006839888636
0.371199995279	0.004923184402
0.372799992561	0.005815328564
0.374399989843	0.005138640292
0.375999987125	0.005772560369
0.377599984407	0.007082384545
0.379199981689	0.006054848433
0.380799978971	0.003773584263
0.382399976254	0.007271088660
0.384000003338	0.005952128675
0.385600000620	0.005665760487
0.387199997902	0.005976096727
0.388799995184	0.005545744672
0.390399992466	0.006944080349
0.391999989748	0.005820336286
0.393599987030	0.005305072293
0.395199984312	0.004451072309
0.396799981594	0.007813456468
0.398399978876	0.006968304515
0.399999976158	0.005241808482
0.401600003242	0.004486880265
0.403200000525	0.005356224254
0.404799997807	0.007731808815
0.406399995089	0.004377776291
0.407999992371	0.005749968346
0.409599989653	0.004562752321
0.411199986935	0.005524480250
0.412799984217	0.005973488558
0.414399981499	0.006606832612
0.415999978781	0.004121808335
0.417599976063	0.003949824255
0.419200003147	0.004745200276
0.420800000429	0.006833872758
0.422399997711	0.005696224514
0.423999994993	0.005975792650
0.425599992275	0.003654256230
0.427199989557	0.005960064474
0.428799986839	0.008198528551
0.430399984121	0.003653952153
0.431999981403	0.004334224388
0.433599978685	0.003411664162
0.435199975967	0.005309824366
0.436800003052	0.006979264785
0.438400000334	0.004603568465
0.439999997616	0.003542192280
0.441599994898	0.005945376586
0.443199992180	0.007256224751
0.444799989462	0.004620048217
0.446399986744	0.003237504279
0.447999984026	0.005378976464
0.449599981308	0.006183360703
0.451199978590	0.004863440525
0.452799975872	0.004938960541
0.454400002956	0.003988176119
0.456000000238	0.004688960500
0.457599997520	0.006613104604
0.459199994802	0.005780944601
0.460799992085	0.005319168326
0.462399989367	0.003816384356
0.463999986649	0.005431072321
0.465599983931	0.003940192517
0.467199981213	0.005248368252
0.468799978495	0.005008528475
0.470399975777	0.003923872486
0.472000002861	0.005016768351
0.473600000143	0.006157744676
0.475199997425	0.004980224185
0.476799994707	0.005645744503
0.478399991989	0.003401312279
0.479999989271	0.005410432350
0.481599986553	0.006637440529
0.483199983835	0.004535408225
0.484799981117	0.003373648273
0.486399978399	0.004141360521
0.487999975681	0.006193248555
0.489599972963	0.005269088317
0.491200000048	0.003297456307
0.492799997330	0.004144784529
0.494399994612	0.005630352534
0.495999991894	0.006285248324
0.497599989176	0.004847568460
0.499199986458	0.002918160288
0.500800013542	0.004153840244
0.502399981022	0.005363456439
0.504000008106	0.005187280476
0.505599975586	0.002495632274
0.507200002670	0.002515584230
0.508799970150	0.004363072570
0.510399997234	0.004702320322
0.511999964714	0.003122912254
0.513599991798	0.005282848608
0.515199959278	0.004498400260
0.516799986362	0.003476720303
0.518400013447	0.005145552568
0.519999980927	0.005687136669
0.521600008011	0.003498320235
0.523199975491	0.002658224199
0.524800002575	0.004822048359
0.526399970055	0.004638784565
0.527999997139	0.004551856313
0.529599964619	0.002075600205
0.531199991703	0.004279072396
0.532799959183	0.005653488450
0.534399986267	0.005576768424
0.536000013351	0.002941280138
0.537599980831	0.003129568184
0.539200007915	0.003918336239
0.540799975395	0.007427472621
0.542400002480	0.003288000356
0.543999969959	0.004275168292
0.545599997044	0.004457184579
0.547199964523	0.004314384423
0.548799991608	0.005381472409
0.550399959087	0.003909184132
0.551999986172	0.003801424289
0.553600013256	0.003471504198
0.555199980736	0.004694608506
0.556800007820	0.004910000600
0.558399975300	0.004211600404
0.560000002384	0.004167008214
0.561599969864	0.002932128264
0.563199996948	0.004795632325
0.564799964428	0.004912416451
0.566399991512	0.004407904577
0.567999958992	0.003148624208
0.569599986076	0.004283424467
0.571200013161	0.003955520224
0.572799980640	0.005524720531
0.574400007725	0.003030080115
0.575999975204	0.003176176222
0.577600002289	0.004130576272
0.579199969769	0.004352896474
0.580799996853	0.003096784232
0.582399964333	0.003987088334
0.583999991417	0.003245408181
0.585599958897	0.005123904441
0.587199985981	0.004022624344
0.588800013065	0.001958688255
0.590399980545	0.005249440670
0.592000007629	0.005424560513
0.593599975109	0.003827936249
0.595200002193	0.004506032448
0.596799969673	0.002245616168
0.598399996758	0.003578416305
0.599999964237	0.004991360474
0.601599991322	0.004237392452
0.603199958801	0.003141472349
0.604799985886	0.005352864508
0.606400012970	0.004138032440
0.607999980450	0.004603936337
0.609600007534	0.003392496379
0.611199975014	0.002001536079
0.612800002098	0.004409728572
0.614399969578	0.003927456215
0.615999996662	0.004583280534
0.617599964142	0.004998752382
0.619199991226	0.002892352175
0.620799958706	0.002098496072
0.622399985790	0.005176832434
0.624000012875	0.005322224461
0.625599980354	0.003136640182
0.627200007439	0.003593584290
0.628799974918	0.004196288530
0.630400002003	0.004401760176
0.631999969482	0.003836960299
0.633599996567	0.001774096163
0.635199964046	0.003227680223
0.636799991131	0.004877312575
0.638399958611	0.002831328195
0.639999985695	0.004260352347
0.641600012779	0.003442432266
0.643199980259	0.002002848079
0.644800007343	0.003590800334
0.646399974823	0.004143504426
0.648000001907	0.002334880177
0.649599969387	0.003814832307
0.651199996471	0.004999088589
0.652799963951	0.003111888189
0.654399991035	0.003004864324
0.655999958515	0.004459120333
0.657599985600	0.005017984193
0.659200012684	0.003776656231
0.660799980164	0.003806640394
0.662400007248	0.004346848466
0.663999974728	0.004551248159
0.665600001812	0.003544864245
0.667199969292	0.003333072178
0.668799996376	0.004699008539
0.670399963856	0.002363888314
0.671999990940	0.002348208101
0.673599958420	0.004688160494
0.675199985504	0.006074928679
0.676800012589	0.003857184201
0.678399980068	0.002655312186
0.680000007153	0.003139872337
0.681599974632	0.004128752276
0.683200001717	0.004299744498
0.684799969196	0.002071232302
0.686399996281	0.002171280095
0.687999963760	0.005018576514
0.689599990845	0.005005856510
0.691199958324	0.004439424258
0.692799985409	0.000816336076
0.694399952888	0.003675712273
0.695999979973	0.003357056295
0.697600007057	0.004082000349
0.699199974537	0.002715952229
0.700800001621	0.002437104238
0.702399969101	0.002116176067
0.703999996185	0.003099088324
0.705599963665	0.003471968230
0.707199990749	0.003732816316
0.708799958229	0.000735536101
0.710399985313	0.003368496196
0.711999952793	0.003417120315
0.713599979877	0.005281952675
0.715200006962	0.003095232183
0.716799974442	0.003153888276
0.718400001526	0.002676976146
0.719999969006	0.003409872297
0.721599996090	0.004116624128
0.723199963570	0.001249824069
0.724799990654	0.002532480285
0.726399958134	0.003884656355
0.727999985218	0.003630896332
0.729599952698	0.003295872128
0.731199979782	0.002738208277
0.732800006866	0.003507264191
0.734399974346	0.004148624372
0.736000001431	0.003612928325
0.737599968910	0.001983792055
0.739199995995	0.003879664233
0.740799963474	0.003321136348
0.742399990559	0.003453360172
0.743999958038	0.003038272262
0.745599985123	0.003590368200
0.747199952602	0.002548144199
0.748799979687	0.003970992286
0.750400006771	0.003997392487
0.751999974251	0.002824800322
0.753600001335	0.001738512074
0.755199968815	0.001907328144
0.756799995899	0.004440672230
0.758399963379	0.002514864318
0.759999990463	0.003774384269
0.761599957943	0.002905600239
0.763199985027	0.003506880254
0.764799952507	0.004684272222
0.766399979591	0.003760608146
0.768000006676	0.001734528108
0.769599974155	0.002818672219
0.771200001240	0.003631264437
0.772799968719	0.003175552236
0.774399995804	0.001901568146
0.775999963284	0.001873264089
0.777599990368	0.002487504156
0.779199957848	0.003549584188
0.780799984932	0.004401888233
0.782399952412	0.001511200098
0.783999979496	0.001535280142
0.785600006580	0.003111328231
0.787199974060	0.003480944317
0.788800001144	0.003900704207
0.790399968624	0.003393056337
0.791999995708	0.000729520048
0.793599963188	0.003777264385
0.795199990273	0.004993488546
0.796799957752	0.001858096104
0.798399984837	0.001897184178
0.799999952316	0.003016480245
0.801599979401	0.003889824264
0.803200006485	0.004425104242
0.804799973965	0.002814432140
0.806400001049	0.000870352087
0.807999968529	0.002832480241
0.809599995613	0.003411664395
0.811199963093	0.003265824169
0.812799990177	0.004986096174
0.814399957657	0.000235775995
0.815999984741	0.002751920139
0.817599952221	0.003608048428
0.819199979305	0.002748992294
0.820800006390	0.004232976586
0.822399973869	0.002576192142
0.824000000954	0.002587568248
0.825599968433	0.003168624360
0.827199995518	0.004118784331
0.828799962997	0.002247664146
0.830399990082	0.002709920285
0.831999957561	0.003490992356
0.833599984646	0.002756384201
0.835199952126	0.003962896299
0.836799979210	0.002688976238
0.838400006294	0.002171152038
0.839999973774	0.003784544300
0.841600000858	0.001835456118
0.843199968338	0.000444352045
0.844799995422	0.004629216157
0.846399962902	0.002240304137
0.847999989986	0.003239296377
0.849599957466	0.003289360320
0.851199984550	0.001607856131
0.852799952030	0.002940608189
0.854399979115	0.002515840111
0.856000006199	0.002710560337
0.857599973679	0.002491856227
0.859200000763	0.003621632233
0.860799968243	0.005080240313
0.862399995327	0.003604288213
0.863999962807	0.002009648131
0.865599989891	0.002155056223
0.867199957371	0.003012256231
0.868799984455	0.003980144393
0.870399951935	0.003827536246
0.871999979019	0.002740544267
0.873600006104	0.001278512063
0.875199973583	0.002426032210
0.876800000668	0.004618080333
0.878399968147	0.002719504293
0.879999995232	0.001014784095
0.881599962711	0.000976112089
0.883199989796	0.002264400246
0.884799957275	0.002890016185
0.886399984360	0.003185984213
0.887999951839	0.001927392092
0.889599978924	0.000811920094
0.891200006008	0.003666368313
0.892799973488	0.002756736241
0.894400000572	0.002868912183
0.895999968052	0.001393200131
0.897599995136	0.003278032178
0.899199962616	0.002705328166
0.900799989700	0.002220768016
0.902399957180	0.000811360078
0.903999984264	0.003741552355
0.905599951744	0.002925824141
0.907199978828	0.002653088188
0.908800005913	0.001691568177
0.910399973392	0.001550800167
0.912000000477	0.003345024306
0.913599967957	0.002768160310
0.915199995041	0.003793584183
0.916799962521	0.001771440147
0.918399989605	0.002874688245
0.919999957085	0.003145088209
0.921599984169	0.002635584213
0.923199951649	0.002676960314
0.924799978733	0.001729136216
0.926400005817	0.003103968222
0.927999973297	0.003560480196
0.929600000381	0.002896832302
0.931199967861	0.003264672356
0.932799994946	0.002273072256
0.934399962425	0.002201040275
0.935999989510	0.002906128298
0.937599956989	0.004588880111
0.939199984074	0.001220768085
0.940799951553	0.001033376087
0.942399978638	0.002750576241
0.944000005722	0.002993792295
0.945599973202	0.003161424305
0.947200000286	0.001916464185
0.948799967766	0.001425936120
0.950399994850	0.003196624340
0.951999962330	0.003297136165
0.953599989414	0.002439424163
0.955199956894	0.001639408176
0.956799983978	0.001967056189
0.958399951458	0.002382304287
0.959999978542	0.002527152188
0.961599946022	0.001778416219
0.963199973106	0.001284048078
0.964800000191	0.002784688259
0.966399967670	0.004036864266
0.967999994755	0.002893920289
0.969599962234	0.002271584235
0.971199989319	0.001206832123
0.972799956799	0.002284960123
0.974399983883	0.003768448252
0.975999951363	0.003086336190
0.977599978447	0.001558016171
0.979199945927	0.002175376052
0.980799973011	0.002727760235
0.982400000095	0.002891824115
0.983999967575	0.002328480128
0.985599994659	0.001492464100
0.987199962139	0.002032960067
0.988799989223	0.003072160296
0.990399956703	0.002730944194
0.991999983788	0.002350720111
0.993599951267	0.001849680091
0.995199978352	0.003451008350
0.996799945831	0.003571264213
0.998399972916	0.002519248286
1.000000000000	0.000951136055
1.001600027084	0.001936320099
1.003199934959	0.003403072245
1.004799962044	0.002895808313
1.006399989128	0.001671088161
1.008000016212	0.002268784214
1.009599924088	0.002246496268
1.011199951172	0.003810144262
1.012799978256	0.001809280133
1.014400005341	0.001264160150
1.016000032425	0.002022736240
1.017599940300	0.002975200303
1.019199967384	0.002938304096
1.020799994469	0.003453152254
1.022400021553	0.001734528108
1.023999929428	0.001660992159
1.025599956512	0.003358448390
1.027199983597	0.002217248082
1.028800010681	0.003251568181
1.030399918556	-0.000386975997
1.031999945641	0.001182064065
1.033599972725	0.003543952247
1.035199999809	0.003176256316
1.036800026894	0.002173056128
1.038399934769	0.001068576123
1.039999961853	0.004590640310
1.041599988937	0.003264848143
1.043200016022	0.003119520377
1.044799923897	0.001132000121
1.046399950981	0.001328432118
1.047999978065	0.002688720124
1.049600005150	0.002922432264
1.051200032234	0.002041088184
1.052799940109	0.001247152104
1.054399967194	0.001258816104
1.055999994278	0.003631808329
1.057600021362	0.002341216197
1.059199929237	0.000462816039
1.060799956322	0.000054799988
1.062399983406	0.002075600205
1.064000010490	0.002251104219
1.065599918365	0.003709184239
1.067199945450	0.002957920311
1.068799972534	0.000612416072
1.070399999619	0.002337104175
1.072000026703	0.001297056093
1.073599934578	0.002580048284
1.075199961662	0.002534112195
1.076799988747	0.000940800062
1.078400015831	0.002406544285
1.079999923706	0.003625840414
1.081599950790	0.001690736157
1.083199977875	0.000414736016
1.084800004959	0.002120416146
1.086400032043	0.002103856299
1.087999939919	0.002673344221
1.089599967003	0.000565472059
1.091199994087	0.002922512358
1.092800021172	0.002655952238
1.094399929047	0.003068336286
1.095999956131	0.001893696142
1.097599983215	-0.000047376001
1.099200010300	0.001865376136
1.100799918175	0.002016432118
1.102399945259	0.001248896122
1.103999972343	0.001153024146
1.105599999428	0.001236784155
1.107200026512	0.004332832526
1.108799934387	0.003260064172
1.110399961472	0.001893344219
1.111999988556	0.003138304222
1.113600015640	0.001286416082
1.115199923515	0.001208896050
1.116799950600	0.001963968156
1.118399977684	0.002313712146
1.120000004768	0.001625296194
1.121599912643	0.002248416189
1.123199939728	0.004058800172
1.124799966812	0.003029584186
1.126399993896	0.001652048086
1.128000020981	0.001436256105
1.129599928856	0.000822912087
1.131199955940	0.002741632285
1.132799983025	0.001225728076
1.134400010109	0.001725312206
1.135999917984	0.001039952040
1.137599945068	0.001728368108
1.139199972153	0.002646448324
1.140799999237	0.002322048182
1.142400026321	-0.000217823996
1.143999934196	0.001070656115
1.145599961281	0.003101536306
1.147199988365	0.002521632239
1.148800015450	0.000439600088
1.150399923325	0.002276672050
1.151999950409	0.002693328308
1.153599977493	0.002415392315
1.155200004578	0.002840880072
1.156799912453	0.001075728098
1.158399939537	0.001893792185
1.159999966621	0.001792048104
1.161599993706	0.002274080180
1.163200020790	0.002448336221
1.164799928665	0.001888560131
1.166399955750	0.002158192219
1.167999982834	0.002635792131
1.169600009918	0.001389872166
1.171199917793	0.000479248003
1.172799944878	0.002954000141
1.174399971962	0.001950896112
1.175999999046	0.002366032219
1.177600026131	0.002353216289
1.179199934006	0.001019808115
1.180799961090	0.001861392171
1.182399988174	0.002434576163
1.184000015259	0.003202880267
1.185599923134	0.001900864183
1.187199950218	0.002603408182
1.188799977303	0.002086944180
1.190400004387	0.003513136413
1.191999912262	0.002657504287
1.193599939346	0.000299536012
1.195199966431	0.000878464081
1.196799993515	0.001934592146
1.198400020599	0.001299248077
1.199999928474	0.000556832063
1.201599955559	0.001054464141
1.203199982643	0.000867376046
1.204800009727	0.003380304202
1.206399917603	0.002685296116
1.207999944687	0.001348960097
1.209599971771	0.000547375996
1.211199998856	0.001020704047
1.212800025940	0.002248304198
1.214399933815	0.002193168271
1.215999960899	0.000788656063
1.217599987984	0.001425264170
1.219200015068	0.002514912281
1.220799922943	0.002580736298
1.222399950027	0.002486624289
1.223999977112	0.001558240037
1.225600004196	0.001900512143
1.227199912071	0.001222000108
1.228799939156	0.001572944107
1.230399966240	0.002385712229
1.231999993324	0.000446224032
1.233600020409	-0.000079056015
1.235199928284	0.000813888037
1.236799955368	0.002989728237
1.238399982452	0.001277456060
1.240000009537	0.001426640083
1.241599917412	0.002597504295
1.243199944496	0.003080336377
1.244799971581	-0.000867536059
1.246399998665	0.000744912075
1.248000025749	0.001166496077
1.249599933624	0.002311440185
1.251199960709	0.002821312286
1.252799987793	0.002090048278
1.254400014877	0.001490976079
1.255999922752	0.002145728096
1.257599949837	0.001938448171
1.259199976921	0.002601056127
1.260800004005	0.002666224260
1.262399911880	0.001875024172
1.263999938965	0.002687936183
1.265599966049	0.001859712065
1.267199993134	0.000879680039
1.268800020218	0.002658272162
1.270399928093	0.002948032226
1.271999955177	0.002607520204
1.273599982262	0.001638528192
1.275200009346	0.003405616386
1.276799917221	0.001025776030
1.278399944305	0.000158463998
1.279999971390	0.000963360071
1.281599998474	0.003083664225
1.283200025558	0.000891040079
1.284799933434	0.000908544054
1.286399960518	0.003669728292
1.287999987602	0.002727056155
1.289600014687	0.000908032060
1.291199922562	0.001200992032
1.292799949646	0.002760304138
1.294399976730	0.001318336115
1.296000003815	0.002145520179
1.297599911690	0.002610336291
1.299199938774	-0.000270240038
1.300799965858	0.000789824000
1.302399992943	0.002096192213
1.304000020027	0.001761504100
1.305599927902	0.001590128057
1.307199954987	0.001722016139
1.308799982071	0.002742704237
1.310400009155	0.002692016307
1.311999917030	0.001740192180
1.313599944115	0.001638880116
1.315199971199	0.000633312040
1.316799998283	0.001671696198
1.318400025368	0.003220480168
1.319999933243	0.003124480369
1.321599960327	0.001969232224
1.323199987411	-0.000006288009
1.324800014496	0.002075984143
1.326399922371	0.004105760250
1.327999949455	0.001509872149
1.329599976540	-0.000158399998
1.331200003624	0.002354784170
1.332799911499	0.002438976197
1.334399938583	0.002374672098
1.335999965668	0.001422416186
1.337599992752	-0.000074095973
1.339200019836	0.002998656128
1.340799927711	0.002065632259
1.342399954796	0.002331840107
1.343999981880	0.001074000029
1.345600008965	0.001383024151
1.347199916840	0.001350864070
1.348799943924	0.000949840061
1.350399971008	0.002050608164
1.351999998093	0.000727951992
1.353600025177	0.002990080277
1.355199933052	0.001126800082
1.356799960136	0.001667552162
1.358399987221	0.002729056170
1.360000014305	0.001535792137
1.361599922180	0.000601792068
1.363199949265	0.002673968207
1.364799976349	0.000252848025
1.366400003433	0.001239248086
1.367999911308	0.001381840091
1.369599938393	0.000501632108
1.371199965477	0.001545680105
1.372799992561	0.001159408013
1.374400019646	0.000103423998
1.375999927521	0.001126496121
1.377599954605	0.002017408144
1.379199981689	0.000968000037
1.380800008774	0.002335824072
1.382399916649	0.001739360159
1.383999943733	0.002407920314
1.385599970818	0.001981104258
1.387199997902	0.000980832032
1.388799905777	0.000786416058
1.390399932861	0.002017872175
1.391999959946	0.003235824173
1.393599987030	0.001301968121
1.395200014114	0.002809216268
1.396799921989	0.000420384109
1.398399949074	0.002034224104
1.399999976158	0.000752928026
1.401600003242	-0.000332272029
1.403199911118	0.001030752086
1.404799938202	0.001660480164
1.406399965286	0.002086624270
1.407999992371	0.001167680137
1.409600019455	0.001588496147
1.411199927330	0.000844512077
1.412799954414	0.000555216044
1.414399981499	0.001002320088
1.416000008583	0.001951952116
1.417599916458	0.001852208166
1.419199943542	-0.000267792027
1.420799970627	0.000226672026
1.422399997711	0.003413696308
1.423999905586	0.002290784148
1.425599932671	0.002065856243
1.427199959755	0.002075280063
1.428799986839	0.001047424041
1.430400013924	0.002354784170
1.431999921799	0.000681360078
1.433599948883	-0.000149856045
1.435199975967	0.001973200124
1.436800003052	0.002098496072
1.438399910927	0.002648592228
1.439999938011	0.001459008199
1.441599965096	0.000070112015
1.443199992180	0.000736240065
1.444800019264	0.003307616338
1.446399927139	0.000661760045
1.447999954224	0.000637648045
1.449599981308	0.000883376051
1.451200008392	0.002505216282
1.452799916267	0.001432096120
1.454399943352	0.002187440172
1.455999970436	0.001753760152
1.457599997520	0.001007744111
1.459199905396	0.003477920312
1.460799932480	0.000798464054
1.462399959564	0.001728032134
1.463999986649	0.000344704051
1.465600013733	0.002027760260
1.467199921608	0.002737968229
1.468799948692	0.002171712229
1.470399975777	0.001158480067
1.472000002861	0.000054944019
1.473599910736	0.002983088139
1.475199937820	0.002081296174
1.476799964905	0.000807088101
1.478399991989	0.001075264066
1.480000019073	0.000910848030
1.481599926949	0.002372336108
1.483199954033	0.003846640233
1.484799981117	0.000606048096
1.486400008202	0.000278224004
1.487999916077	0.001236400101
1.489599943161	0.001121872105
1.491199970245	0.002985360334
1.492799997330	0.001663008123
1.494399905205	0.001130976132
1.495999932289	0.001607392100
1.497599959373	0.002639824292
1.499199986458	0.000324480061
1.500800013542	0.001606656122
1.502399921417	0.000330592011
1.503999948502	0.002120208228
1.505599975586	0.002399616176
1.507200002670	0.000421088043
1.508799910545	0.000462144060
1.510399937630	0.001026784070
1.511999964714	0.002172000241
1.513599991798	0.002191440202
1.515200018883	0.001879584161
1.516799926758	-0.001142112073
1.518399953842	0.002547568176
1.519999980927	0.001907536178
1.521600008011	0.001547904103
1.523199915886	-0.000426479994
1.524799942970	0.000520032016
1.526399970055	0.003046240192
1.527999997139	0.002600912238
1.529599905014	0.001410320052
1.531199932098	-0.000857024046
1.532799959183	0.001415328123
1.534399986267	0.001724976115
1.536000013351	0.002994416282
1.537599921227	0.001359920134
1.539199948311	0.001494416152
1.540799975395	0.002427456202
1.542400002480	0.000923776068
1.543999910355	0.001270400127
1.545599937439	0.001574128168
1.547199964523	0.000966384076
1.548799991608	0.000312128046
1.550400018692	0.001067904057
1.551999926567	0.000755776069
1.553599953651	-0.000247984019
1.555199980736	0.000653568073
1.556800007820	0.002824272262
1.558399915695	0.001468848204
1.559999942780	-0.000876672042
1.561599969864	0.001211888157
1.563199996948	0.001889392151
1.564799904823	0.002049808158
1.566399931908	-0.000290352007
1.567999958992	0.001815088093
1.569599986076	0.001213120064
1.571200013161	0.001917856163
1.572799921036	0.002050064271
1.574399948120	0.000497232017
1.575999975204	0.000457696035
1.577600002289	0.001272912137
1.579199910164	0.003237568308
1.580799937248	0.001877184142
1.582399964333	0.000030048001
1.583999991417	0.000860128086
1.585600018501	0.001273840084
1.587199926376	-0.000206416036
1.588799953461	0.002126800129
1.590399980545	0.001745600137
1.592000007629	0.000930240087
1.593599915504	0.002174528083
1.595199942589	0.002014864236
1.596799969673	0.001318576047
1.598399996758	0.001373904059
1.599999904633	0.000354607997
1.601599931717	0.000894320023
1.603199958801	0.001824304112
1.604799985886	0.000314720004
1.606400012970	0.000683056074
1.607999920845	0.000973120099
1.609599947929	0.000536224048
1.611199975014	0.001948576188
1.612800002098	0.001408016076
1.614399909973	-0.000441040029
1.615999937057	0.001053056098
1.617599964142	0.001980208093
1.619199991226	-0.001172208111
1.620800018311	0.000125999999
1.622399926186	0.001044704113
1.623999953270	0.001449680072
1.625599980354	0.003308416344
1.627200007439	0.001107712043
1.628799915314	0.000825056108
1.630399942398	0.000808208075
1.631999969482	0.001519344049
1.633599996567	0.000946896093
1.635199904442	0.002169424202
1.636799931526	-0.000049616014
1.638399958611	0.001064560143
1.639999985695	0.001412608079
1.641600012779	0.000398703996
1.643199920654	0.000384976040
1.644799947739	0.000213888037
1.646399974823	0.000004271981
1.648000001907	0.001201872132
1.649599909782	0.000810832076
1.651199936867	-0.000651392038
1.652799963951	0.000774384069
1.654399991035	0.001034208108
1.655999898911	0.000896080048
1.657599925995	0.000898448052
1.659199953079	-0.000692976057
1.660799980164	0.002572816331
1.662400007248	0.000670656096
1.663999915123	-0.000246912066
1.665599942207	-0.000434208050
1.667199969292	0.000717776071
1.668799996376	0.003326352220
1.670399904251	0.001788976137
1.671999931335	0.000271648023
1.673599958420	-0.000776272092
1.675199985504	0.001067824080
1.676800012589	0.001301840181
1.678399920464	0.001132176141
1.679999947548	0.000420976023
1.681599974632	0.000838192063
1.683200001717	0.000137391995
1.684799909592	0.000924512045
1.686399936676	0.001066592056
1.687999963760	-0.000505408039
1.689599990845	0.000611680036
1.691199898720	0.001063744072
1.692799925804	0.000894400058
1.694399952888	-0.000072495961
1.695999979973	-0.000318880018
1.697600007057	0.000247152027
1.699199914932	0.001684656134
1.700799942017	0.002781584160
1.702399969101	0.001472928096
1.703999996185	0.000592736062
1.705599904060	0.001472720178
1.707199931145	-0.000048608024
1.708799958229	0.000912784075
1.710399985313	0.001277200063
1.712000012398	0.002315664198
1.713599920273	0.000859040068
1.715199947357	0.000565424038
1.716799974442	-0.000338655984
1.718400001526	0.000111791996
1.719999909401	0.001046416117
1.721599936485	0.002545664320
1.723199963570	0.000948048080
1.724799990654	-0.000618624093
1.726399898529	0.001724384143
1.727999925613	0.000702688063
1.729599952698	0.000692400092
1.731199979782	0.000259695982
1.732800006866	-0.001095936052
1.734399914742	0.000525024021
1.735999941826	0.001454864163
1.737599968910	0.001478384132
1.739199995995	0.001119984081
1.740799903870	0.000422736048
1.742399930954	0.000690992048
1.743999958038	0.001078384113
1.745599985123	0.003175952239
1.747200012207	0.001404752140
1.748799920082	-0.000053231994
1.750399947166	0.001759984065
1.751999974251	0.001267872052
1.753600001335	0.001213808078
1.755199909210	-0.000533679966
1.756799936295	0.000784192001
1.758399963379	0.002335632220
1.759999990463	0.000841552101
1.761599898338	0.001097584143
1.763199925423	-0.000785440032
1.764799952507	0.001320480136
1.766399979591	0.001909728162
1.768000006676	0.001487696078
1.769599914551	-0.000849952048
1.771199941635	0.001203808119
1.772799968719	0.002416720148
1.774399995804	0.001455120044
1.775999903679	0.000335567980
1.777599930763	0.000348128029
1.779199957848	0.002480096184
1.780799984932	0.001107584103
1.782400012016	0.001485392102
1.783999919891	0.000731520064
1.785599946976	0.000970944064
1.787199974060	0.001290992135
1.788800001144	0.001016032067
1.790399909019	0.001132864156
1.791999936104	0.000208319994
1.793599963188	0.001369632082
1.795199990273	0.000959328085
1.796799898148	0.002052912256
1.798399925232	0.000786944060
1.799999952316	-0.000068383997
1.801599979401	-0.000093936011
1.803200006485	0.000385456020
1.804799914360	0.000346479996
1.806399941444	0.000324656081
1.807999968529	-0.000958896067
1.809599995613	-0.000022384034
1.811199903488	0.003532704199
1.812799930573	0.000949328125
1.814399957657	-0.000482368021
1.815999984741	0.000522608054
1.817600011826	0.001094352105
1.819199919701	0.001285904087
1.820799946785	-0.000539312023
1.822399973869	-0.000315984042
1.824000000954	-0.000114352013
1.825599908829	0.001072784071
1.827199935913	0.000617008074
1.828799962997	0.002202848205
1.830399990082	-0.001030192128
1.831999897957	0.000568272080
1.833599925041	0.001579824137
1.835199952126	0.001275840099
1.836799979210	0.000279200030
1.838400006294	-0.000799360045
1.839999914169	0.001472336124
1.841599941254	0.000087712011
1.843199968338	0.001926960191
1.844799995422	0.000928352121
1.846399903297	0.000524768082
1.847999930382	-0.000597584061
1.849599957466	0.001725088106
1.851199984550	0.001489760121
1.852800011635	-0.002418176271
1.854399919510	-0.000482144096
1.855999946594	0.001308384119
1.857599973679	0.001178928069
1.859200000763	0.000222176022
1.860799908638	0.000391808018
1.862399935722	0.000739600102
1.863999962807	0.000600720057
1.865599989891	0.000780192087
1.867199897766	0.000780832081
1.868799924850	-0.000041631985
1.870399951935	0.000671104004
1.871999979019	0.001262576086
1.873600006104	0.001173696131
1.875199913979	0.000258576038
1.876799941063	-0.000652752060
1.878399968147	0.002344480250
1.879999995232	0.001629808103
1.881599903107	-0.000015968031
1.883199930191	0.000598928018
1.884799957275	0.000883392058
1.886399984360	0.001424352056
1.888000011444	-0.000190864012
1.889599919319	0.000342655985
1.891199946404	-0.000537968066
1.892799973488	0.001725744107
1.894400000572	0.001901648124
1.895999908447	0.000233264014
1.897599935532	0.000196304012
1.899199962616	0.000987295993
1.900799989700	0.001267808140
1.902399897575	-0.000314448029
1.903999924660	-0.000361536047
1.905599951744	0.001028688042
1.907199978828	-0.000310528005
1.908800005913	0.001427456154
1.910399913788	0.001285664155
1.911999940872	0.000227007957
1.913599967957	-0.002505120123
1.915199995041	0.001494656084
1.916799902916	0.000069920032
1.918399930000	-0.000143344005
1.919999957085	-0.000461696065
1.921599984169	-0.000402304024
1.923199892044	-0.000181568015
1.924799919128	0.001123984111
1.926399946213	-0.000311440032
1.927999973297	0.000202223993
1.929600000381	0.000743664103
1.931199908257	0.001510352129
1.932799935341	0.001532528084
1.934399962425	0.000774816086
1.935999989510	-0.000359056052
1.937599897385	-0.000168064042
1.939199924469	0.000877344050
1.940799951553	0.000009391934
1.942399978638	0.000319696002
1.944000005722	0.001047904138
1.945599913597	0.000741024094
1.947199940681	0.001361456118
1.948799967766	0.000469744031
1.950399994850	0.000863904017
1.951999902725	0.001069040154
1.953599929810	-0.001460688189
1.955199956894	0.000070768008
1.956799983978	-0.000478256028
1.958399891853	0.000472160027
1.959999918938	0.000168832048
1.961599946022	0.000596160069
1.963199973106	-0.000488783990
1.964800000191	0.000531904050
1.966399908066	0.000391280017
1.967999935150	0.000922560110
1.969599962234	0.000526576012
1.971199989319	-0.000046080015
1.972799897194	-0.000373760005
1.974399924278	0.001246704021
1.975999951363	0.000699968077
1.977599978447	0.000431920053
1.979200005531	0.000743872079
1.980799913406	0.000243392031
1.982399940491	0.000578064064
1.983999967575	0.003302288242
1.985599994659	0.000436400034
1.987199902534	-0.000888576033
1.988799929619	0.000873616082
1.990399956703	0.002698832192
1.991999983788	0.000698064046
1.993599891663	-0.001847360167
1.995199918747	-0.000281807996
1.996799945831	0.000162512006
1.998399972916	0.000097296012
2.000000000000	0.000162128024
2.001600027084	0.001591584180
2.003200054169	-0.000625392073
2.004799842834	0.001265712082
2.006399869919	0.001476352103
2.007999897003	-0.000979328179
2.009599924088	0.000133936017
2.011199951172	0.000016800013
2.012799978256	0.001150672091
2.014400005341	-0.000813536113
2.016000032425	0.000823856040
2.017600059509	0.001458256156
2.019199848175	0.000263104012
2.020799875259	0.000790736056
2.022399902344	0.001271024114
2.023999929428	0.001100800117
2.025599956512	-0.000642224099
2.027199983597	0.000548208074
2.028800010681	0.001996944193
2.030400037766	-0.000036928006
2.032000064850	-0.000113504007
2.033599853516	0.001742976136
2.035199880600	-0.000039823990
2.036799907684	0.001223248080
2.038399934769	0.002059904160
2.039999961853	-0.000698976102
2.041599988937	0.001250144094
2.043200016022	-0.000086335975
2.044800043106	0.001567360130
2.046399831772	0.000282432011
2.047999858856	-0.000543952046
2.049599885941	0.001800672151
2.051199913025	0.000159584000
2.052799940109	0.000631616043
2.054399967194	-0.000077343961
2.055999994278	0.000204751981
2.057600021362	0.000009519995
2.059200048447	-0.000026895985
2.060799837112	0.001660592156
2.062399864197	0.000905712077
2.063999891281	0.000373536081
2.065599918365	0.000809552032
2.067199945450	0.001257936121
2.068799972534	-0.000830640085
2.070399999619	0.000584912021
2.072000026703	0.000445568003
2.073600053787	0.002766464138
2.075199842453	-0.000327680027
2.076799869537	-0.000884496083
2.078399896622	-0.000138256044
2.079999923706	0.000222384013
2.081599950790	0.000473504042
2.083199977875	0.000832704070
2.084800004959	0.000025039961
2.086400032043	0.001958640059
2.088000059128	0.000909248076
2.089599847794	0.000412144029
2.091199874878	-0.000581088068
2.092799901962	-0.000007695968
2.094399929047	0.000373792020
2.095999956131	0.001580176177
2.097599983215	0.001172288088
2.099200010300	-0.000621936051
2.100800037384	0.000631808012
2.102400064468	0.002673808252
2.103999853134	0.002461328171
2.105599880219	-0.000803200062
2.107199907303	-0.000142912031
2.108799934387	-0.000369952060
2.110399961472	0.000850896060
2.111999988556	0.000627136091
2.113600015640	0.000777680078
2.115200042725	0.000361487968
2.116799831390	0.000383616047
2.118399858475	0.000039184066
2.119999885559	-0.000589344010
2.121599912643	-0.000570544042
2.123199939728	-0.000131295994
2.124799966812	0.000034032011
2.126399993896	0.000530816033
2.128000020981	0.000019503983
2.129600048065	0.000299776002
2.131199836731	0.000055216009
2.132799863815	-0.000106352025
2.134399890900	-0.000914464064
2.135999917984	0.000938816112
2.137599945068	-0.000498272071
2.139199972153	0.001216464094
2.140799999237	-0.000785136071
2.142400026321	0.000445168029
2.144000053406	0.000768272032
2.145599842072	0.000461296033
2.147199869156	0.001741888118
2.148799896240	0.000610720075
2.150399923325	-0.000907984097
2.151999950409	0.000748144055
2.153599977493	0.000288287963
2.155200004578	0.000818720029
2.156800031662	0.000264400063
2.158400058746	0.000065920038
2.159999847412	0.000399071985
2.161599874496	-0.000664224091
2.163199901581	0.000525808020
2.164799928665	0.000301263994
2.166399955750	-0.000617871992
2.167999982834	0.001279744087
2.169600009918	-0.000066720037
2.171200037003	0.000427312043
2.172800064087	0.000066720022
2.174399852753	0.000158384020
2.175999879837	0.000543632079
2.177599906921	0.000870960008
2.179199934006	-0.000178656031
2.180799961090	-0.001109648147
2.182399988174	0.001581600169
2.184000015259	-0.000785920129
2.185600042343	0.000755504007
2.187199831009	-0.000117424024
2.188799858093	0.000288112002
2.190399885178	0.001021024073
2.191999912262	0.000024271998
2.193599939346	-0.000715952076
2.195199966431	-0.000478624046
2.196799993515	0.000764304015
2.198400020599	-0.000429888081
2.200000047684	0.000540016044
2.201599836349	0.001171328127
2.203199863434	0.000128847998
2.204799890518	-0.001201968058
2.206399917603	0.000222239978
2.207999944687	0.000248400058
2.209599971771	-0.000279232074
2.211199998856	-0.001066640019
2.212800025940	0.000456800015
2.214400053024	0.000742752047
2.215999841690	0.001244240091
2.217599868774	0.000798832043
2.219199895859	-0.000065440036
2.220799922943	-0.000272496021
2.222399950027	0.001309136045
2.223999977112	0.000974384078
2.225600004196	-0.001207744121
2.227200031281	-0.001169296098
2.228800058365	0.000444016041
2.230399847031	0.000311440032
2.231999874115	-0.001046448131
2.233599901199	-0.001174080069
2.235199928284	0.000763760065
2.236799955368	0.000390847999
2.238399982452	0.001123840106
2.240000009537	0.002101568272
2.241600036621	-0.000158144016
2.243199825287	0.000583808054
2.244799852371	0.000383872044
2.246399879456	-0.000394160044
2.247999906540	-0.000721648044
2.249599933624	-0.000144992038
2.251199960709	0.001606096048
2.252799987793	0.000053279982
2.254400014877	-0.000003712032
2.256000041962	-0.000435824011
2.257599830627	-0.000678432058
2.259199857712	0.000350992079
2.260799884796	0.000240688038
2.262399911880	-0.000541376125
2.263999938965	0.000426416023
2.265599966049	0.000046416026
2.267199993134	0.000075295975
2.268800020218	0.000390575995
2.270400047302	-0.001255008159
2.271999835968	0.000302160013
2.273599863052	0.000728016079
2.275199890137	-0.000328832044
2.276799917221	0.001165504102
2.278399944305	-0.001126416028
2.279999971390	0.000602688058
2.281599998474	-0.000217520035
2.283200025558	-0.000195680012
2.284800052643	-0.000896416139
2.286399841309	-0.000096079988
2.287999868393	0.000388400047
2.289599895477	0.001664784155
2.291199922562	-0.000138335992
2.292799949646	-0.000714256079
2.294399976730	-0.000301872031
2.296000003815	0.002028432209
2.297600030899	-0.000805680058
2.299200057983	-0.000798160036
2.300799846649	-0.000789248093
2.302399873734	-0.001249136054
2.303999900818	0.000366880005
2.305599927902	-0.001322352095
2.307199954987	0.000595664023
2.308799982071	0.000362928025
2.310400009155	0.001414832077
2.312000036240	0.001359568094
2.313599824905	-0.000030576033
2.315199851990	0.000057856007
2.316799879074	-0.001688688062
2.318399906158	-0.000268592034
2.319999933243	0.000371680042
2.321599960327	-0.001201424049
2.323199987411	-0.000873360084
2.324800014496	-0.000491360028
2.326400041580	0.000875248050
2.327999830246	0.000332383992
2.329599857330	-0.000484256074
2.331199884415	-0.000897872087
2.332799911499	0.001017888077
2.334399938583	0.001465872047
2.335999965668	-0.000009744007
2.337599992752	-0.001392768114
2.339200019836	-0.000760256080
2.340800046921	0.000317296071
2.342399835587	0.001186800073
2.343999862671	-0.000601856038
2.345599889755	0.001058640075
2.347199916840	-0.001102784183
2.348799943924	-0.000498960027
2.350399971008	0.000560336048
2.351999998093	-0.000392832037
2.353600025177	-0.002089536283
2.355200052261	-0.001446944079
2.356799840927	0.000916832127
2.358399868011	-0.000487120036
2.359999895096	0.000394080009
2.361599922180	-0.001367696095
2.363199949265	-0.000301568041
2.364799976349	-0.000251424033
2.366400003433	-0.000275775994
2.368000030518	-0.000747952086
2.369600057602	-0.000368384033
2.371199846268	-0.001189072151
2.372799873352	0.000223776005
2.374399900436	0.000438640011
2.375999927521	-0.000823168142
2.377599954605	0.000054112003
2.379199981689	0.000864704081
2.380800008774	0.000454560010
2.382400035858	0.000147503990
2.383999824524	-0.001939760172
2.385599851608	0.000347055990
2.387199878693	0.000463488017
2.388799905777	-0.000187471989
2.390399932861	-0.000497264089
2.391999959946	0.000214208019
2.393599987030	0.000725424034
2.395200014114	-0.000646672037
2.396800041199	0.000522192044
2.398399829865	-0.000602880085
2.399999856949	-0.001487648115
2.401599884033	-0.000841504021
2.403199911118	0.000225103999
2.404799938202	0.000074767981
2.406399965286	-0.001249808120
2.407999992371	-0.001504960121
2.409600019455	0.000258688000
2.411200046539	-0.000340736035
2.412799835205	0.000589888019
2.414399862289	-0.000516176107
2.415999889374	0.000178848015
2.417599916458	-0.000649456051
2.419199943542	-0.000374304043
2.420799970627	-0.000493904052
2.422399997711	-0.001522000181
2.424000024796	0.000858000072
2.425600051880	0.001575792092
2.427199840546	-0.000160528012
2.428799867630	-0.001253280090
2.430399894714	-0.000000639971
2.431999921799	0.001155504026
2.433599948883	-0.000143056095
2.435199975967	-0.000881456072
2.436800003052	-0.000682400074
2.438400030136	0.000156880007
2.440000057220	0.001440832159
2.441599845886	-0.000594368030
2.443199872971	-0.000081648024
2.444799900055	-0.001319856150
2.446399927139	-0.000121664038
2.447999954224	0.000232720020
2.449599981308	-0.001368688070
2.451200008392	-0.001836896176
2.452800035477	-0.000790848047
2.454399824142	0.000036448022
2.455999851227	-0.000100432058
2.457599878311	-0.000073776020
2.459199905396	-0.000873120094
2.460799932480	-0.000386720028
2.462399959564	-0.000135264010
2.463999986649	-0.000603472057
2.465600013733	-0.000225216034
2.467200040817	-0.001723472145
2.468799829483	-0.001714480110
2.470399856567	0.000912992109
2.471999883652	0.000386224012
2.473599910736	-0.001490112161
2.475199937820	-0.000944640022
2.476799964905	0.000119135999
2.478399991989	0.000176543967
2.480000019073	-0.000491856073
2.481600046158	-0.000669456087
2.483199834824	-0.000936768076
2.484799861908	-0.000798848050
2.486399888992	0.000046880035
2.487999916077	-0.000940672064
2.489599943161	0.000200656010
2.491199970245	0.001086640055
2.492799997330	-0.001220224076
2.494400024414	-0.000606608053
2.496000051498	-0.000369280024
2.497599840164	0.000993712107
2.499199867249	0.000675264106
2.500799894333	-0.000323056040
2.502399921417	0.000313504017
2.503999948502	0.000650608039
2.505599975586	0.001118944143
2.507200002670	0.001046352088
2.508800029755	-0.000451184023
2.510399818420	-0.001681264141
2.511999845505	0.000905792054
2.513599872589	-0.000192847991
2.515199899673	-0.000579071988
2.516799926758	-0.000125856037
2.518399953842	-0.001148352167
2.519999980927	0.000295968028
2.521600008011	0.001543808146
2.523200035095	-0.000203215997
2.524799823761	-0.000673824048
2.526399850845	0.000142448000
2.527999877930	-0.000759200077
2.529599905014	0.000668848050
2.531199932098	0.000378527970
2.532799959183	0.001273984089
2.534399986267	-0.000966672087
2.536000013351	0.000427664054
2.537600040436	-0.000644112064
2.539199829102	-0.000876944046
2.540799856186	-0.001195792109
2.542399883270	0.000469648046
2.543999910355	0.000765600125
2.545599937439	0.000964640116
2.547199964523	-0.001642544172
2.548799991608	-0.000049664020
2.550400018692	0.001760368119
2.552000045776	0.000314832025
2.553599834442	0.000103216000
2.555199861526	0.000165920021
2.556799888611	-0.000736272079
2.558399915695	0.000267808064
2.559999942780	-0.000198656053
2.561599969864	-0.000356560020
2.563199996948	-0.001012800029
2.564800024033	-0.000714960042
2.566400051117	0.000409376022
2.567999839783	-0.000239040019
2.569599866867	0.000163520002
2.571199893951	-0.000430415996
2.572799921036	0.000700816046
2.574399948120	-0.000229632045
2.575999975204	0.002045584144
2.577600002289	-0.001591760083
2.579200029373	-0.001014112146
2.580799818039	0.000895488076
2.582399845123	0.001662032097
2.583999872208	0.000405584055
2.585599899292	-0.000955456053
2.587199926376	0.000076639997
2.588799953461	0.000259328022
2.590399980545	-0.000536544016
2.592000007629	0.001266992069
2.593600034714	-0.000291152013
2.595199823380	-0.001641456154
2.596799850464	-0.000115904033
2.598399877548	-0.001236016164
2.599999904633	0.000789216079
2.601599931717	-0.001593360212
2.603199958801	0.000688304077
2.604799985886	-0.001053696033
2.606400012970	-0.000420752040
2.608000040054	-0.001237888122
2.609599828720	-0.001112160156
2.611199855804	0.001215760130
2.612799882889	-0.000590528070
2.614399909973	0.000791552069
2.615999937057	-0.000965216081
2.617599964142	-0.001105072093
2.619199991226	0.001087344135
2.620800018311	-0.000448576000
2.622400045395	-0.000222576025
2.623999834061	-0.000428144063
2.625599861145	0.000604240049
2.627199888229	-0.000543488073
2.628799915314	-0.000716112030
2.630399942398	0.001573472051
2.631999969482	-0.001766000176
2.633599996567	-0.001364736119
2.635200023651	0.001047696103
2.636800050735	-0.000254800019
2.638399839401	-0.002539664274
2.639999866486	-0.001002416131
2.641599893570	0.000124992002
2.643199920654	-0.000592592056
2.644799947739	-0.000563936075
2.646399974823	0.000565424038
2.648000001907	-0.001020128140
2.649600028992	-0.000163072022
2.651199817657	0.001010480104
2.652799844742	-0.001528080087
2.654399871826	-0.001407744130
2.655999898911	0.000956448086
2.657599925995	0.000323424058
2.659199953079	-0.001685200143
2.660799980164	-0.000194160049
2.662400007248	-0.000723024074
2.664000034332	-0.001041312120
2.665599822998	-0.001125728129
2.667199850082	-0.001193408039
2.668799877167	-0.000726416067
2.670399904251	-0.000764224038
2.671999931335	-0.000105376013
2.673599958420	-0.000395584037
2.675199985504	-0.000848608091
2.676800012589	-0.001085664146
2.678400039673	-0.000482544041
2.679999828339	0.000807696022
2.681599855423	-0.000091279959
2.683199882507	-0.001543008140
2.684799909592	-0.002290352248
2.686399936676	-0.000145504004
2.687999963760	-0.000403936021
2.689599990845	-0.001220848178
2.691200017929	-0.001200944069
2.692800045013	-0.001240784070
2.694399833679	-0.001228688052
2.695999860764	-0.000887840055
2.697599887848	-0.000628512062
2.699199914932	-0.000619712053
2.700799942017	-0.000278688036
2.702399969101	0.000062288018
2.703999996185	-0.001262352103
2.705600023270	-0.000550384051
2.707200050354	-0.000516768021
2.708799839020	0.000069776004
2.710399866104	-0.001044368139
2.711999893188	0.000163759993
2.713599920273	0.000664560066
2.715199947357	-0.002068976173
2.716799974442	-0.000989616034
2.718400001526	0.000513360021
2.720000028610	-0.000162559969
2.721599817276	-0.001496720128
2.723199844360	0.000073760028
2.724799871445	0.000188288002
2.726399898529	-0.000548688055
2.727999925613	0.000322240056
2.729599952698	0.000055680004
2.731199979782	0.000256095984
2.732800006866	-0.000713104091
2.734400033951	0.000307120034
2.735999822617	0.000634479977
2.737599849701	-0.000213536026
2.739199876785	0.000240784022
2.740799903870	0.000401919999
2.742399930954	-0.000954848132
2.743999958038	-0.000328352064
2.745599985123	0.000563488051
2.747200012207	-0.001420800108
2.748800039291	-0.001822032151
2.750399827957	-0.000080736019
2.751999855042	-0.000502656039
2.753599882126	-0.001730576158
2.755199909210	-0.000906960049
2.756799936295	-0.001195056131
2.758399963379	-0.001165488153
2.759999990463	0.000136559989
2.761600017548	-0.001326288097
2.763200044632	0.000468191982
2.764799833298	-0.000553696067
2.766399860382	-0.000672256050
2.767999887466	-0.001648640144
2.769599914551	-0.001537696109
2.771199941635	-0.001592080109
2.772799968719	0.000331087998
2.774399995804	-0.000482560048
2.776000022888	-0.000686784042
2.777599811554	0.000002575955
2.779199838638	-0.001466384158
2.780799865723	-0.000964080042
2.782399892807	-0.000232160062
2.783999919891	0.000571968034
2.785599946976	-0.000260352041
2.787199974060	-0.001623584074
2.788800001144	-0.001418416156
2.790400028229	0.000478943984
2.791999816895	-0.001243504114
2.793599843979	-0.000104656014
2.795199871063	0.001072864048
2.796799898148	0.001031088061
2.798399925232	-0.000264240050
2.799999952316	-0.000466080033
2.801599979401	-0.000148608029
2.803200006485	-0.000551344070
2.804800033569	-0.001318768016
2.806399822235	-0.000355136057
2.807999849319	0.001200704137
2.809599876404	-0.001871760236
2.811199903488	0.000228095989
2.812799930573	0.000573376019
2.814399957657	0.000358848018
2.815999984741	-0.001506128116
2.817600011826	-0.001333376043
2.819200038910	-0.000019711975
2.820799827576	-0.001752912183
2.822399854660	-0.000299423991
2.823999881744	-0.000473696040
2.825599908829	-0.000629744027
2.827199935913	-0.000550576078
2.828799962997	-0.000118336029
2.830399990082	-0.000730544096
2.832000017166	-0.001397264074
2.833600044250	-0.000314304052
2.835199832916	-0.000751840009
2.836799860001	-0.001376288128
2.838399887085	0.000386064028
2.839999914169	-0.000304607995
2.841599941254	-0.000415984046
2.843199968338	-0.001052880078
2.844799995422	0.000040208022
2.846400022507	0.000823472044
2.847999811172	0.000400000019
2.849599838257	-0.000471968058
2.851199865341	-0.000412976049
2.852799892426	-0.001823888160
2.854399919510	-0.000653728086
2.855999946594	-0.001055696048
2.857599973679	-0.000102352031
2.859200000763	-0.000028000029
2.860800027847	-0.001599536161
2.862399816513	-0.000802352093
2.863999843597	-0.000249999983
2.865599870682	0.000441680022
2.867199897766	-0.001023488119
2.868799924850	-0.001585056074
2.870399951935	-0.001190928160
2.871999979019	-0.001177904080
2.873600006104	0.000903952110
2.875200033188	-0.000201408024
2.876799821854	-0.001716864179
2.878399848938	-0.002988096327
2.879999876022	0.000082815983
2.881599903107	-0.000730112079
2.883199930191	-0.001822784194
2.884799957275	-0.001096064108
2.886399984360	-0.001683360199
2.888000011444	-0.001841440098
2.889600038528	0.000278895954
2.891199827194	-0.000574704027
2.892799854279	-0.000910400064
2.894399881363	-0.000244048002
2.895999908447	-0.001138192019
2.897599935532	-0.000525824027
2.899199962616	-0.001866720151
2.900799989700	-0.001126816031
2.902400016785	-0.000363840081
2.904000043869	-0.000519296096
2.905599832535	-0.001436128165
2.907199859619	-0.001018240117
2.908799886703	-0.001210512128
2.910399913788	-0.000446256076
2.911999940872	-0.001464464120
2.913599967957	-0.001681920141
2.915199995041	-0.001420800108
2.916800022125	-0.001778928214
2.918399810791	0.001244608080
2.919999837875	0.000054127966
2.921599864960	-0.002054896206
2.923199892044	-0.001459264080
2.924799919128	-0.000161807970
2.926399946213	-0.001328800106
2.927999973297	-0.001061008079
2.929600000381	-0.000918960024
2.931200027466	-0.000432064029
2.932799816132	-0.000999712152
2.934399843216	-0.000894768105
2.935999870300	-0.000345344015
2.937599897385	-0.001400896115
2.939199924469	-0.001502416213
2.940799951553	-0.000135024049
2.942399978638	-0.000884848123
2.944000005722	-0.000893024029
2.945600032806	-0.001522144186
2.947199821472	-0.000963584112
2.948799848557	-0.000093744005
2.950399875641	-0.000279280037
2.951999902725	0.000036528025
2.953599929810	-0.000298784027
2.955199956894	-0.001550352084
2.956799983978	-0.000336464000
2.958400011063	-0.003001888283
2.960000038147	-0.001277600066
2.961599826813	-0.000604224042
2.963199853897	-0.000276671984
2.964799880981	0.000290111988
2.966399908066	-0.001860720105
2.967999935150	-0.000968496082
2.969599962234	-0.001737520215
2.971199989319	-0.001291744062
2.972800016403	-0.000170672007
2.974400043488	-0.001182336127
2.975999832153	-0.001287200139
2.977599859238	-0.000777168025
2.979199886322	-0.000814080006
2.980799913406	-0.001157440129
2.982399940491	-0.000324592023
2.983999967575	-0.001847632229
2.985599994659	-0.002037792234
2.987200021744	0.000684608007
2.988799810410	-0.001066736062
2.990399837494	0.000063920008
2.991999864578	-0.000695088063
2.993599891663	-0.001727648079
2.995199918747	0.000805968069
2.996799945831	-0.001264016144
2.998399972916	-0.000423936057
3.000000000000	-0.001461056178
3.001600027084	-0.002111552283
3.003199815750	-0.001242448110
3.004799842834	0.000440144097
3.006399869919	0.000505472010
3.007999897003	-0.001272976049
3.009599924088	-0.001769328141
3.011199951172	-0.000019903991
3.012799978256	-0.001633104053
3.014400005341	0.000424608035
3.016000032425	-0.001099008135
3.017599821091	-0.001459456165
3.019199848175	-0.002147024265
3.020799875259	-0.001396384090
3.022399902344	-0.001015776070
3.023999929428	0.000598544022
3.025599956512	0.001221136074
3.027199983597	-0.000987328123
3.028800010681	-0.001491232077
3.030400037766	-0.001847472158
3.031999826431	-0.000733840105
3.033599853516	-0.000774176035
3.035199880600	-0.000256160041
3.036799907684	0.000173488006
3.038399934769	-0.002750160173
3.039999961853	-0.000488384103
3.041599988937	0.000188287973
3.043200016022	-0.002380176215
3.044799804687	-0.002317408100
3.046399831772	-0.000576144026
3.047999858856	-0.000624656037
3.049599885941	-0.001404800103
3.051199913025	-0.001703760121
3.052799940109	0.000013487989
3.054399967194	-0.001258944161
3.055999994278	-0.000742496049
3.057600021362	-0.001345472177
3.059199810028	-0.000390912086
3.060799837112	-0.000874288089
3.062399864197	0.000098879973
3.063999891281	0.000680640049
3.065599918365	-0.000206560042
3.067199945450	0.000782432035
3.068799972534	-0.000366256019
3.070399999619	-0.000342880056
3.072000026703	-0.000709216052
3.073599815369	-0.000578032050
3.075199842453	-0.001068288111
3.076799869537	-0.000549184100
3.078399896622	-0.000561104040
3.079999923706	-0.000801664079
3.081599950790	-0.000322896085
3.083199977875	-0.000462208089
3.084800004959	-0.001871808199
3.086400032043	-0.001283696038
3.087999820709	-0.001528016175
3.089599847794	-0.001362224109
3.091199874878	-0.002576288301
3.092799901962	0.001609728090
3.094399929047	0.000215504057
3.095999956131	0.000247840013
3.097599983215	-0.000700528035
3.099200010300	-0.001115104067
3.100800037384	-0.001945312135
3.102399826050	-0.000777759997
3.103999853134	-0.000089007968
3.105599880219	-0.000394352042
3.107199907303	-0.002595472150
3.108799934387	-0.000689312117
3.110399961472	0.000374176045
3.111999988556	0.000077600038
3.113600015640	-0.000531200087
3.115199804306	-0.001605776139
3.116799831390	-0.001349984086
3.118399858475	-0.001051792060
3.119999885559	0.000456320005
3.121599912643	-0.002175184200
3.123199939728	-0.001897152164
3.124799966812	-0.000354512071
3.126399993896	-0.001849520137
3.128000020981	-0.001610384090
3.129599809647	-0.001669040183
3.131199836731	0.000780848088
3.132799863815	-0.000463968026
3.134399890900	-0.001859376207
3.135999917984	0.000140351971
3.137599945068	0.000224320029
3.139199972153	-0.002778624184
3.140799999237	-0.000907600042
3.142400026321	-0.001366704120
3.143999814987	-0.002806688193
3.145599842072	-0.003142480273
3.147199869156	-0.002248112345
3.148799896240	0.000190799983
3.150399923325	-0.000820528076
3.151999950409	0.000132159985
3.153599977493	-0.000782608055
3.155200004578	-0.001263680169
3.156800031662	-0.001313200104
3.158399820328	-0.001234368072
3.159999847412	-0.000151919987
3.161599874496	-0.001720224158
3.163199901581	-0.001526144100
3.164799928665	-0.000240128007
3.166399955750	-0.000641616061
3.167999982834	-0.001135200146
3.169600009918	-0.001256752177
3.171200037003	-0.000956176082
3.172799825668	-0.000851872028
3.174399852753	-0.001500976156
3.175999879837	-0.000977264135
3.177599906921	-0.001015328104
3.179199934006	-0.001335232169
3.180799961090	-0.000437520066
3.182399988174	-0.001228912035
3.184000015259	-0.000857376028
3.185599803925	-0.001883104211
3.187199831009	-0.000164480021
3.188799858093	-0.001042368123
3.190399885178	-0.000883376109
3.191999912262	0.000573295983
3.193599939346	-0.003060592338
3.195199966431	-0.000928224064
3.196799993515	0.000285120012
3.198400020599	-0.001913536224
3.199999809265	-0.001588784158
3.201599836349	-0.000425424019
3.203199863434	-0.000391680049
3.204799890518	-0.000046271973
3.206399917603	-0.001553696115
3.207999944687	-0.001515216078
3.209599971771	-0.000954912102
3.211199998856	-0.001786816167
3.212800025940	-0.000320112042
3.214399814606	-0.002917344216
3.215999841690	0.000139696000
3.217599868774	-0.001317216083
3.219199895859	-0.001262944075
3.220799922943	0.000455184054
3.222399950027	-0.002413776238
3.223999977112	-0.002792096231
3.225600004196	-0.000188671984
3.227200031281	-0.000438080053
3.228799819946	-0.001096496009
3.230399847031	-0.000451648026
3.231999874115	-0.003104992211
3.233599901199	-0.000535168045
3.235199928284	-0.000785840093
3.236799955368	0.000009792006
3.238399982452	-0.000744736055
3.240000009537	-0.001661824179
3.241600036621	0.000184320030
3.243199825287	-0.000997520052
3.244799852371	-0.001888192142
3.246399879456	-0.000407600019
3.247999906540	-0.001980576199
3.249599933624	-0.000308575982
3.251199960709	-0.001034176094
3.252799987793	-0.001329040155
3.254400014877	0.000028447992
3.255999803543	-0.000949008099
3.257599830627	0.000703408034
3.259199857712	-0.000497952045
3.260799884796	-0.002920688363
3.262399911880	-0.001915440080
3.263999938965	-0.001200528000
3.265599966049	-0.000462384050
3.267199993134	-0.002601120155
3.268800020218	0.000144320016
3.270399808884	-0.000547280011
3.271999835968	-0.001427904121
3.273599863052	-0.000564784044
3.275199890137	-0.000744784076
3.276799917221	-0.001861568191
3.278399944305	-0.001445536152
3.279999971390	-0.000093727976
3.281599998474	-0.001557744108
3.283200025558	-0.000120415993
3.284799814224	-0.001523536048
3.286399841309	-0.001920976210
3.287999868393	0.000150799999
3.289599895477	-0.001243776060
3.291199922562	-0.000682672020
3.292799949646	-0.000029583998
3.294399976730	-0.000971776026
3.296000003815	0.000005872023
3.297600030899	-0.002605600283
3.299199819565	-0.000044800017
3.300799846649	-0.000626048073
3.302399873734	-0.002801312134
3.303999900818	-0.001024816069
3.305599927902	-0.001760352170
3.307199954987	-0.001966112060
3.308799982071	-0.000237904009
3.310400009155	-0.000778192072
3.311999797821	-0.001946624136
3.313599824905	-0.003454224207
3.315199851990	-0.000996384071
3.316799879074	-0.000305664056
3.318399906158	0.000800416048
3.319999933243	-0.000617280020
3.321599960327	-0.000324976048
3.323199987411	-0.001137600164
3.324800014496	-0.000803392031
3.326399803162	0.000622160092
3.327999830246	-0.000470816041
3.329599857330	-0.002749056323
3.331199884415	-0.002365040127
3.332799911499	-0.000584992114
3.334399938583	-0.001052016043
3.335999965668	-0.000710128108
3.337599992752	-0.001982096117
3.339200019836	-0.000311088021
3.340799808502	-0.001084112097
3.342399835587	0.000401807978
3.343999862671	-0.000581536035
3.345599889755	-0.001971472055
3.347199916840	-0.002288528252
3.348799943924	-0.001748864190
3.350399971008	-0.001126944087
3.351999998093	-0.000791456085
3.353600025177	-0.002628688235
3.355199813843	-0.001658496098
3.356799840927	-0.001026816084
3.358399868011	-0.001950784121
3.359999895096	-0.001315456117
3.361599922180	-0.001043504104
3.363199949265	-0.000908672053
3.364799976349	-0.002599472180
3.366400003433	0.000458304043
3.368000030518	-0.000689823995
3.369599819183	-0.001753264107
3.371199846268	-0.000295120029
3.372799873352	-0.000165920021
3.374399900436	-0.000756640045
3.375999927521	-0.002668496221
3.377599954605	0.000185680008
3.379199981689	-0.001210080110
3.380800008774	-0.002026784234
3.382399797440	-0.000430976070
3.383999824524	-0.002802608302
3.385599851608	-0.001004432095
3.387199878693	-0.002406496089
3.388799905777	-0.000608000031
3.390399932861	-0.000870592077
3.391999959946	-0.002169872168
3.393599987030	-0.001359664020
3.395200014114	0.000902608095
3.396799802780	-0.001223120023
3.398399829865	-0.001491360134
3.399999856949	-0.002232480096
3.401599884033	-0.002167040249
3.403199911118	-0.001291392138
3.404799938202	0.000046896021
3.406399965286	-0.001371024176
3.407999992371	-0.001938752132
3.409600019455	-0.003473856254
3.411199808121	-0.000642288069
3.412799835205	-0.000431936060
3.414399862289	-0.002815024229
3.415999889374	-0.000578544044
3.417599916458	-0.000988208107
3.419199943542	-0.001011408051
3.420799970627	-0.002747728257
3.422399997711	-0.001540384139
3.424000024796	-0.001418768079
3.425599813461	-0.001790592098
3.427199840546	-0.000504816009
3.428799867630	-0.001314800116
3.430399894714	-0.003195472294
3.431999921799	-0.003068688326
3.433599948883	-0.001796032186
3.435199975967	-0.001929040183
3.436800003052	-0.002863200381
3.438400030136	-0.002883232199
3.439999818802	-0.001390656107
3.441599845886	-0.001707872143
3.443199872971	-0.001891488093
3.444799900055	-0.001619040151
3.446399927139	-0.001810400165
3.447999954224	-0.000513760024
3.449599981308	0.001345184050
3.451200008392	0.005249008536
