0.000000000000	0.007278560661
0.001599999960	0.009776848368
0.003199999919	0.013548336923
0.004799999762	0.010403952561
0.006399999838	0.011973377317
0.007999999449	0.010071489029
0.009599999525	0.012055248953
0.011199999601	0.009827217087
0.012799999677	0.012098128907
0.014399999753	0.010460017249
0.015999998897	0.009808576666
0.017599999905	0.012094688602
0.019199999049	0.010066256858
0.020800000057	0.011062976904
0.022399999201	0.011078321375
0.024000000209	0.010604000650
0.025599999353	0.008082209155
0.027199998498	0.009464113042
0.028799999505	0.007853168994
0.030399998650	0.011186609045
0.031999997795	0.010692336597
0.033599998802	0.009728880599
0.035199999809	0.006648000330
0.036800000817	0.007819328457
0.038399998099	0.012396416627
0.039999999106	0.008609856479
0.041600000113	0.007703296840
0.043199997395	0.008634960279
0.044799998403	0.010376753286
0.046399999410	0.007352512795
0.048000000417	0.010023713112
0.049599997699	0.008346256800
0.051199998707	0.007850096561
0.052799999714	0.010060480796
0.054399996996	0.010958736762
0.055999998003	0.007826624438
0.057599999011	0.007722160779
0.059200000018	0.008262576535
0.060799997300	0.009324592538
0.062399998307	0.009814673103
0.063999995589	0.006443920545
0.065600000322	0.008681120351
0.067199997604	0.008560096845
0.068799994886	0.011237649247
0.070399999619	0.009496929124
0.071999996901	0.008801984601
0.073600001633	0.008253361098
0.075199998915	0.010424864478
0.076799996197	0.009652785026
0.078400000930	0.008297760971
0.079999998212	0.006337216590
0.081599995494	0.007115872577
0.083200000226	0.009420672432
0.084799997509	0.009207936935
0.086399994791	0.010174176656
0.087999999523	0.008038496599
0.089599996805	0.008205505088
0.091199994087	0.007343024481
0.092799998820	0.006822736468
0.094399996102	0.008155920543
0.096000000834	0.009023392573
0.097599998116	0.006838528439
0.099199995399	0.007174880709
0.100800000131	0.008060704917
0.102399997413	0.007806128357
0.103999994695	0.006423760671
0.105599999428	0.008139488287
0.107199996710	0.008985889144
0.108799993992	0.008967136964
0.110399998724	0.006968848407
0.111999996006	0.005285776220
0.113600000739	0.008534416556
0.115199998021	0.009430288337
0.116799995303	0.008020928130
0.118400000036	0.005706160329
0.119999997318	0.010644529015
0.121599994600	0.007689632475
0.123199999332	0.007037712727
0.124799996614	0.007611536421
0.126399993896	0.005066976417
0.127999991179	0.008940912783
0.129600003362	0.007737856824
0.131200000644	0.005900416523
0.132799997926	0.006808864418
0.134399995208	0.007627632469
0.135999992490	0.007646176498
0.137599989772	0.007422416471
0.139200001955	0.007279744372
0.140799999237	0.007755712606
0.142399996519	0.008532928303
0.143999993801	0.005791424308
0.145599991083	0.007057840470
0.147200003266	0.008358368650
0.148800000548	0.005681584589
0.150399997830	0.007673888467
0.151999995112	0.008861056529
0.153599992394	0.006221216638
0.155199989676	0.009806321003
0.156800001860	0.006280256435
0.158399999142	0.007932592183
0.159999996424	0.010302096605
0.161599993706	0.005656912457
0.163199990988	0.006478304509
0.164800003171	0.006769888569
0.166400000453	0.007269488648
0.167999997735	0.007299136370
0.169599995017	0.006979184691
0.171199992299	0.005075776484
0.172799989581	0.007679424714
0.174400001764	0.009756816551
0.175999999046	0.006976672448
0.177599996328	0.006735584699
0.179199993610	0.008219840936
0.180799990892	0.005323424470
0.182399988174	0.007305808831
0.184000000358	0.009092704393
0.185599997640	0.004012352321
0.187199994922	0.008469280787
0.188799992204	0.007048608735
0.190399989486	0.006115168333
0.192000001669	0.006585616618
0.193599998951	0.006439008750
0.195199996233	0.006879440509
0.196799993515	0.009124672972
0.198399990797	0.005217232276
0.199999988079	0.006184720434
0.201600000262	0.007528480608
0.203199997544	0.005338784307
0.204799994826	0.007987456396
0.206399992108	0.008633553050
0.207999989390	0.005246000364
0.209600001574	0.005591712426
0.211199998856	0.008989232592
0.212799996138	0.005031808279
0.214399993420	0.005856512580
0.215999990702	0.006659664679
0.217599987984	0.006855040323
0.219200000167	0.008003424853
0.220799997449	0.006688096561
0.222399994731	0.005326832645
0.223999992013	0.005966688506
0.225599989295	0.007203280460
0.227200001478	0.006028576754
0.228799998760	0.008156464435
0.230399996042	0.002865216229
0.231999993324	0.006761456374
0.233599990606	0.007350176573
0.235199987888	0.005269808695
0.236800000072	0.006337792613
0.238399997354	0.007419632748
0.239999994636	0.007259296719
0.241599991918	0.006831504405
0.243199989200	0.007268160582
0.244799986482	0.004649840295
0.246399998665	0.006468144711
0.247999995947	0.008042112924
0.249599993229	0.007452336606
0.251199990511	0.005692576524
0.252799987793	0.008668480441
0.254399985075	0.005005648360
0.255999982357	0.006330560427
0.257599979639	0.006909840740
0.259200006723	0.007142736576
0.260800004005	0.005934944376
0.262400001287	0.004740832373
0.263999998569	0.006516720634
0.265599995852	0.005530176684
0.267199993134	0.005338736344
0.268799990416	0.004712832626
0.270399987698	0.008057776839
0.271999984980	0.007655584719
0.273599982262	0.006723824423
0.275199979544	0.005907136481
0.276800006628	0.005445248447
0.278400003910	0.006287504453
0.280000001192	0.006531136576
0.281599998474	0.006156304386
0.283199995756	0.005521184299
0.284799993038	0.008700625040
0.286399990320	0.005354832392
0.287999987602	0.004506896250
0.289599984884	0.006519840565
0.291199982166	0.007105504628
0.292799979448	0.007701504510
0.294400006533	0.004935568199
0.296000003815	0.005523488391
0.297600001097	0.004991680384
0.299199998379	0.006503120530
0.300799995661	0.004349216353
0.302399992943	0.008238368668
0.303999990225	0.008349712938
0.305599987507	0.003325088182
0.307199984789	0.006277808454
0.308799982071	0.007350960746
0.310399979353	0.006334640551
0.312000006437	0.006399168633
0.313600003719	0.006012384314
0.315200001001	0.006277664565
0.316799998283	0.005807104520
0.318399995565	0.004651664291
0.319999992847	0.005096336361
0.321599990129	0.007097632624
0.323199987411	0.007297152653
0.324799984694	0.004425712395
0.326399981976	0.004267712124
0.327999979258	0.005743168294
0.329600006342	0.007830192335
0.331200003624	0.007133472711
0.332800000906	0.003987344448
0.334399998188	0.004219248425
0.335999995470	0.006294960622
0.337599992752	0.005542816594
0.339199990034	0.005605792161
0.340799987316	0.006675696466
0.342399984598	0.004648368340
0.343999981880	0.003419408342
0.345599979162	0.006621952634
0.347199976444	0.004630832467
0.348800003529	0.006027552299
0.350400000811	0.006192448549
0.351999998093	0.004322208464
0.353599995375	0.006146448664
0.355199992657	0.005292768590
0.356799989939	0.006138704717
0.358399987221	0.004468976520
0.359999984503	0.005275472533
0.361599981785	0.005425728392
0.363199979067	0.005315600429
0.364799976349	0.004317632411
0.366400003433	0.004604832269
0.368000000715	0.008508064784
0.369599997997	0.005522224586
0.371199995279	0.003456576262
0.372799992561	0.005586080253
0.374399989843	0.006154816598
0.375999987125	0.004005760420
0.377599984407	0.006714160554
0.379199981689	0.003358656308
0.380799978971	0.004424176645
0.382399976254	0.007951296866
0.384000003338	0.005039840471
0.385600000620	0.005164816510
0.387199997902	0.006875104737
0.388799995184	0.004878096282
0.390399992466	0.004113936331
0.391999989748	0.005050096195
0.393599987030	0.005009248387
0.395199984312	0.007188976742
0.396799981594	0.005801120307
0.398399978876	0.004266464151
0.399999976158	0.003715264378
0.401600003242	0.003276912263
0.403200000525	0.005107584409
0.404799997807	0.006811456755
0.406399995089	0.006120608654
0.407999992371	0.002534112195
0.409599989653	0.003742544213
0.411199986935	0.004160176497
0.412799984217	0.006162416656
0.414399981499	0.007819633000
0.415999978781	0.003611024236
0.417599976063	0.005394336302
0.419200003147	0.003890192369
0.420800000429	0.004494544584
0.422399997711	0.005117232446
0.423999994993	0.007477904670
0.425599992275	0.002731632208
0.427199989557	0.007331712637
0.428799986839	0.006528768688
0.430399984121	0.003533312352
0.431999981403	0.004066640511
0.433599978685	0.007107936777
0.435199975967	0.003989456221
0.436800003052	0.006654112600
0.438400000334	0.005483664572
0.439999997616	0.003323088400
0.441599994898	0.005018384662
0.443199992180	0.004509792197
0.444799989462	0.005377648398
0.446399986744	0.005597952288
0.447999984026	0.005868352484
0.449599981308	0.004114096519
0.451199978590	0.003610320389
0.452799975872	0.005551568232
0.454400002956	0.006237344351
0.456000000238	0.004890288226
0.457599997520	0.005609488580
0.459199994802	0.005055968650
0.460799992085	0.003946400248
0.462399989367	0.004688016605
0.463999986649	0.004204288591
0.465599983931	0.004805984441
0.467199981213	0.002619456267
0.468799978495	0.005145088304
0.470399975777	0.004639520310
0.472000002861	0.004028000403
0.473600000143	0.003842736362
0.475199997425	0.004497616552
0.476799994707	0.002991392277
0.478399991989	0.006064096466
0.479999989271	0.007833552547
0.481599986553	0.003089344362
0.483199983835	0.004063408356
0.484799981117	0.004774864297
0.486399978399	0.005187264644
0.487999975681	0.003608832369
0.489599972963	0.004744064528
0.491200000048	0.003131264122
0.492799997330	0.003938464448
0.494399994612	0.004340560175
0.495999991894	0.002665840322
0.497599989176	0.003931712359
0.499199986458	0.005251984578
0.500800013542	0.005858720280
0.502399981022	0.004607456271
0.504000008106	0.004360880237
0.505599975586	0.003462368157
0.507200002670	0.004120288417
0.508799970150	0.003016656265
0.510399997234	0.005502640270
0.511999964714	0.006007280666
0.513599991798	0.004482064396
0.515199959278	0.003609952284
0.516799986362	0.003182016080
0.518400013447	0.005564000458
0.519999980927	0.003630752442
0.521600008011	0.005035920534
0.523199975491	0.004852096550
0.524800002575	0.003504848341
0.526399970055	0.004137424286
0.527999997139	0.003144960385
0.529599964619	0.006131200586
0.531199991703	0.006327120587
0.532799959183	0.002991936170
0.534399986267	0.004276496358
0.536000013351	0.004927920643
0.537599980831	0.004913712386
0.539200007915	0.005574848503
0.540799975395	0.002333072247
0.542400002480	0.003202272346
0.543999969959	0.006541888695
0.545599997044	0.002464608289
0.547199964523	0.004323920235
0.548799991608	0.004722416401
0.550399959087	0.002845536219
0.551999986172	0.002380880294
0.553600013256	0.004216464236
0.555199980736	0.005116896704
0.556800007820	0.003041264135
0.558399975300	0.004697200377
0.560000002384	0.002365808235
0.561599969864	0.005057728384
0.563199996948	0.005382480565
0.564799964428	0.003562352387
0.566399991512	0.002145440085
0.567999958992	0.003395392327
0.569599986076	0.005646528676
0.571200013161	0.004243776202
0.572799980640	0.003786544316
0.574400007725	0.001678208122
0.575999975204	0.006064080633
0.577600002289	0.004793840460
0.579199969769	0.001789376140
0.580799996853	0.003445360344
0.582399964333	0.003137296299
0.583999991417	0.003516912227
0.585599958897	0.004867920186
0.587199985981	0.003628816223
0.588800013065	0.003641584190
0.590399980545	0.003873120295
0.592000007629	0.002589904238
0.593599975109	0.006614256650
0.595200002193	0.003316976363
0.596799969673	0.004985664506
0.598399996758	0.002140912227
0.599999964237	0.005449424498
0.601599991322	0.005484288558
0.603199958801	0.005161072593
0.604799985886	0.003200000152
0.606400012970	0.002959248144
0.607999980450	0.005296608433
0.609600007534	0.004467776511
0.611199975014	0.003627760336
0.612800002098	0.004746032413
0.614399969578	0.004483280238
0.615999996662	0.003604032332
0.617599964142	0.003107120283
0.619199991226	0.001634608139
0.620799958706	0.004765968304
0.622399985790	0.004246080294
0.624000012875	0.004177920520
0.625599980354	0.004623008426
0.627200007439	0.003134464147
0.628799974918	0.003608208383
0.630400002003	0.003054208122
0.631999969482	0.004334288184
0.633599996567	0.003871584311
0.635199964046	0.005203920417
0.636799991131	0.002886640141
0.638399958611	0.002480960218
0.639999985695	0.003954528365
0.641600012779	0.003499280196
0.643199980259	0.002497520298
0.644800007343	0.005015168339
0.646399974823	0.003701520385
0.648000001907	0.003783936379
0.649599969387	0.002722608158
0.651199996471	0.001605280093
0.652799963951	0.005250928458
0.654399991035	0.004538480192
0.655999958515	0.003361008363
0.657599985600	0.003617696231
0.659200012684	0.003704832401
0.660799980164	0.004476624541
0.662400007248	0.004497584421
0.663999974728	0.002930768300
0.665600001812	0.004008800257
0.667199969292	0.005914128385
0.668799996376	0.003556768410
0.670399963856	0.004137776326
0.671999990940	0.003121424234
0.673599958420	0.003279280383
0.675199985504	0.003563312348
0.676800012589	0.004520576447
0.678399980068	0.001706224168
0.680000007153	0.003342320211
0.681599974632	0.003728832351
0.683200001717	0.004409840330
0.684799969196	0.001651328173
0.686399996281	0.002150992164
0.687999963760	0.003962592222
0.689599990845	0.003615392139
0.691199958324	0.004677936435
0.692799985409	0.001489824150
0.694399952888	0.003752816236
0.695999979973	0.002776128240
0.697600007057	0.004492128268
0.699199974537	0.005392896477
0.700800001621	0.003324576188
0.702399969101	0.003947456367
0.703999996185	0.002761472249
0.705599963665	0.004225168377
0.707199990749	0.003801648272
0.708799958229	0.004183072131
0.710399985313	0.003702032380
0.711999952793	0.005421152338
0.713599979877	0.003280000295
0.715200006962	0.003582800273
0.716799974442	0.002401344245
0.718400001526	0.004239248578
0.719999969006	0.004687568173
0.721599996090	0.002484544180
0.723199963570	0.003303840291
0.724799990654	0.002618496306
0.726399958134	0.004654944409
0.727999985218	0.002791424282
0.729599952698	0.003157872241
0.731199979782	0.003062944161
0.732800006866	0.003677216358
0.734399974346	0.004981104285
0.736000001431	0.001740576117
0.737599968910	0.003730848199
0.739199995995	0.002950384282
0.740799963474	0.002960384358
0.742399990559	0.005041776225
0.743999958038	0.002217696048
0.745599985123	0.002902608365
0.747199952602	0.004325344227
0.748799979687	0.002753280336
0.750400006771	0.004664368462
0.751999974251	0.002844992327
0.753600001335	0.002349408111
0.755199968815	0.005175776314
0.756799995899	0.002432448324
0.758399963379	0.003802288324
0.759999990463	0.005175088532
0.761599957943	0.002282592235
0.763199985027	0.004338864237
0.764799952507	0.005070304498
0.766399979591	0.004918416496
0.768000006676	0.001405264135
0.769599974155	0.004301680252
0.771200001240	0.003089808160
0.772799968719	0.003819504287
0.774399995804	0.004706096370
0.775999963284	0.002463568235
0.777599990368	0.003027232131
0.779199957848	0.004503456410
0.780799984932	0.002939840313
0.782399952412	0.001311664120
0.783999979496	0.005855136551
0.785600006580	0.002346304245
0.787199974060	0.004554624204
0.788800001144	0.004201680422
0.790399968624	0.004591312259
0.791999995708	0.001198000158
0.793599963188	0.004131872207
0.795199990273	0.002880816348
0.796799957752	0.003746688366
0.798399984837	0.003209632356
0.799999952316	0.000168639963
0.801599979401	0.005241200328
0.803200006485	0.003973872401
0.804799973965	0.004161936231
0.806400001049	0.003723296337
0.807999968529	0.002830736106
0.809599995613	0.003884352278
0.811199963093	0.004711648449
0.812799990177	0.002921376377
0.814399957657	0.001253632130
0.815999984741	0.003494192380
0.817599952221	0.003354160348
0.819199979305	0.002072400181
0.820800006390	0.003043024335
0.822399973869	0.002876288258
0.824000000954	0.003141568275
0.825599968433	0.004053408280
0.827199995518	0.001479008119
0.828799962997	0.003550768364
0.830399990082	0.004261424299
0.831999957561	0.002927120309
0.833599984646	0.003535584314
0.835199952126	0.003822672414
0.836799979210	0.003253904171
0.838400006294	0.003191152355
0.839999973774	0.003418448381
0.841600000858	0.001532768016
0.843199968338	0.004841504153
0.844799995422	0.003230656264
0.846399962902	0.001313792076
0.847999989986	0.005051616579
0.849599957466	0.002935792319
0.851199984550	0.002567136195
0.852799952030	0.005375152454
0.854399979115	0.003172000172
0.856000006199	0.001510224072
0.857599973679	0.004233200569
0.859200000763	0.001157216029
0.860799968243	0.003644896206
0.862399995327	0.004719296470
0.863999962807	0.003365200246
0.865599989891	0.003250128357
0.867199957371	0.002426480176
0.868799984455	0.005122208502
0.870399951935	0.003783728462
0.871999979019	0.003811440198
0.873600006104	0.004526144359
0.875199973583	0.003279664321
0.876800000668	0.003129408229
0.878399968147	0.002188176150
0.879999995232	0.004134416115
0.881599962711	0.003043952165
0.883199989796	0.001600528136
0.884799957275	0.002637216356
0.886399984360	0.001683776150
0.887999951839	0.002947360277
0.889599978924	0.002381088212
0.891200006008	0.002844784176
0.892799973488	0.002680352191
0.894400000572	0.003073632251
0.895999968052	0.003129888326
0.897599995136	0.001567488071
0.899199962616	0.004429808352
0.900799989700	0.002795568202
0.902399957180	0.003887264291
0.903999984264	0.001215040102
0.905599951744	0.001922752126
0.907199978828	0.003885088256
0.908800005913	0.003516768338
0.910399973392	0.002874400234
0.912000000477	0.005154144485
0.913599967957	0.002407408087
0.915199995041	0.002735648304
0.916799962521	0.002599440282
0.918399989605	0.001930096187
0.919999957085	0.002978672273
0.921599984169	0.003458528314
0.923199951649	0.003564272309
0.924799978733	0.002647936111
0.926400005817	0.001139536151
0.927999973297	0.006414064672
0.929600000381	0.002255728235
0.931199967861	0.004818224348
0.932799994946	0.002835056279
0.934399962425	0.001383136143
0.935999989510	0.003050112398
0.937599956989	0.004597472493
0.939199984074	0.003992928192
0.940799951553	0.003336864291
0.942399978638	0.001544144121
0.944000005722	0.001755280187
0.945599973202	0.004433568101
0.947200000286	0.003412528196
0.948799967766	0.002653824165
0.950399994850	0.005084224511
0.951999962330	0.003552544164
0.953599989414	0.002194528235
0.955199956894	0.003346272279
0.956799983978	0.002874496160
0.958399951458	0.001972432248
0.959999978542	0.006590688601
0.961599946022	0.002018624218
0.963199973106	0.003382672323
0.964800000191	0.001863888116
0.966399967670	0.004029984120
0.967999994755	0.004352128599
0.969599962234	0.004430544563
0.971199989319	0.002777216258
0.972799956799	0.003313296242
0.974399983883	0.003511088202
0.975999951363	0.003401664319
0.977599978447	0.003269776236
0.979199945927	0.003766752314
0.980799973011	0.002334448276
0.982400000095	0.001326832105
0.983999967575	0.003007536288
0.985599994659	0.002650288166
0.987199962139	0.003562304191
0.988799989223	0.004741440527
0.990399956703	0.001159648062
0.991999983788	0.004394768272
0.993599951267	0.003887264291
0.995199978352	0.003609888256
0.996799945831	0.002966576256
0.998399972916	0.002922016196
1.000000000000	0.002204256132
1.001600027084	0.002623008331
1.003199934959	0.002889472293
1.004799962044	0.004694096278
1.006399989128	0.003515984165
1.008000016212	0.002979456214
1.009599924088	0.005872944370
1.011199951172	0.003643216332
1.012799978256	0.002743312158
1.014400005341	0.003782464424
1.016000032425	0.004009216558
1.017599940300	0.002942000283
1.019199967384	0.002751920139
1.020799994469	0.004789824598
1.022400021553	0.002200912219
1.023999929428	0.002856032224
1.025599956512	0.004618384410
1.027199983597	0.004152304493
1.028800010681	0.003303808160
1.030399918556	0.001924912212
1.031999945641	0.001674576080
1.033599972725	0.003263616236
1.035199999809	0.003522928338
1.036800026894	0.003773232223
1.038399934769	0.003233696334
1.039999961853	0.001640592120
1.041599988937	0.002581792185
1.043200016022	0.003745472291
1.044799923897	0.004163984209
1.046399950981	0.001375984051
1.047999978065	0.004035968333
1.049600005150	0.003992896061
1.051200032234	0.001172640128
1.052799940109	0.003106496297
1.054399967194	0.001570704160
1.055999994278	0.004495008383
1.057600021362	0.004421600141
1.059199929237	0.002465248108
1.060799956322	0.002532000188
1.062399983406	0.003810384311
1.064000010490	0.004060112406
1.065599918365	0.003290944267
1.067199945450	0.003283296246
1.068799972534	0.004041184206
1.070399999619	0.003126864322
1.072000026703	0.003312864341
1.073599934578	0.003933600150
1.075199961662	0.004978240468
1.076799988747	0.002555872314
1.078400015831	0.003042384284
1.079999923706	0.005047776271
1.081599950790	0.003345584264
1.083199977875	0.002184416167
1.084800004959	0.003431088291
1.086400032043	0.004388096277
1.087999939919	0.001854384085
1.089599967003	0.001911344123
1.091199994087	0.002131184097
1.092800021172	0.003993248101
1.094399929047	0.003692736384
1.095999956131	0.002157968236
1.097599983215	0.001700672088
1.099200010300	0.001613712055
1.100799918175	0.002474272158
1.102399945259	0.004733872600
1.103999972343	0.002969584195
1.105599999428	0.003049216233
1.107200026512	0.004739328288
1.108799934387	0.002967952285
1.110399961472	0.002126736101
1.111999988556	0.002384640276
1.113600015640	0.002935712226
1.115199923515	0.003674192354
1.116799950600	0.002452496206
1.118399977684	0.003482880304
1.120000004768	0.003201088170
1.121599912643	0.002747312188
1.123199939728	0.002803712152
1.124799966812	0.002734080190
1.126399993896	0.003587664338
1.128000020981	0.002454384230
1.129599928856	0.002163232071
1.131199955940	0.003540800419
1.132799983025	0.002867216244
1.134400010109	0.001762096188
1.135999917984	0.002275344217
1.137599945068	0.003442304209
1.139199972153	0.003502608277
1.140799999237	0.002157568233
1.142400026321	0.001043984084
1.143999934196	0.003025632119
1.145599961281	0.002532176208
1.147199988365	0.003132096259
1.148800015450	0.002387168119
1.150399923325	0.002518976107
1.151999950409	0.001490288181
1.153599977493	0.002384000225
1.155200004578	0.002121904166
1.156799912453	0.003291520290
1.158399939537	0.003234464210
1.159999966621	0.002994480310
1.161599993706	0.001902672229
1.163200020790	0.002360048238
1.164799928665	0.002218480222
1.166399955750	0.001321215997
1.167999982834	0.002029840136
1.169600009918	0.002906208159
1.171199917793	0.001989904325
1.172799944878	0.003341088304
1.174399971962	0.000674176030
1.175999999046	0.002376592252
1.177600026131	0.003188448260
1.179199934006	0.002427216154
1.180799961090	0.001420192071
1.182399988174	0.004427520558
1.184000015259	0.002640544204
1.185599923134	0.001792576164
1.187199950218	0.000829920114
1.188799977303	0.002838288201
1.190400004387	0.004125280306
1.191999912262	0.004367776215
1.193599939346	0.001495696139
1.195199966431	0.002716080286
1.196799993515	0.003230624367
1.198400020599	-0.000138720032
1.199999928474	0.002814464271
1.201599955559	0.001045376062
1.203199982643	0.003620912321
1.204800009727	0.003429968143
1.206399917603	0.002536128275
1.207999944687	0.000772208092
1.209599971771	0.003328688210
1.211199998856	0.002887568204
1.212800025940	0.002491216175
1.214399933815	0.004708336201
1.215999960899	0.002044080058
1.217599987984	0.002338736085
1.219200015068	0.002238304121
1.220799922943	0.004169872496
1.222399950027	0.002968560206
1.223999977112	0.002469904255
1.225600004196	0.002130128210
1.227199912071	0.002273456194
1.228799939156	0.003599232296
1.230399966240	0.001638240064
1.231999993324	0.002312336117
1.233600020409	0.002787952311
1.235199928284	0.001850240165
1.236799955368	0.001799920225
1.238399982452	0.003305600258
1.240000009537	0.000084367988
1.241599917412	0.001953664236
1.243199944496	0.004080192186
1.244799971581	0.001765360124
1.246399998665	0.003658240428
1.248000025749	0.002600960201
1.249599933624	0.003395312233
1.251199960709	0.001402080175
1.252799987793	0.001810720190
1.254400014877	0.003320144257
1.255999922752	0.003446496325
1.257599949837	0.002430352150
1.259199976921	0.001923552132
1.260800004005	0.003900224343
1.262399911880	0.001083712094
1.263999938965	0.001413504127
1.265599966049	0.002042976208
1.267199993134	0.002729584230
1.268800020218	0.004248912446
1.270399928093	0.003036688315
1.271999955177	0.001329536084
1.273599982262	0.003589120228
1.275200009346	0.003359136404
1.276799917221	0.002919568215
1.278399944305	0.001848816173
1.279999971390	0.002179024043
1.281599998474	0.004197824281
1.283200025558	0.002346432069
1.284799933434	0.001365824137
1.286399960518	0.001715408056
1.287999987602	0.003821312450
1.289600014687	0.002819216345
1.291199922562	0.003026800230
1.292799949646	0.002271936275
1.294399976730	0.000811088074
1.296000003815	0.002975136274
1.297599911690	0.002517280169
1.299199938774	0.000789136044
1.300799965858	0.000785759999
1.302399992943	0.003684048308
1.304000020027	0.003164832247
1.305599927902	0.001530816196
1.307199954987	0.002689504297
1.308799982071	0.002013824182
1.310400009155	0.002252512146
1.311999917030	0.003296064213
1.313599944115	0.002495792229
1.315199971199	0.000518799992
1.316799998283	0.002477488248
1.318400025368	0.002291424200
1.319999933243	0.002292608144
1.321599960327	0.002806512173
1.323199987411	0.001392384176
1.324800014496	0.002355232136
1.326399922371	0.003560832236
1.327999949455	0.002561872359
1.329599976540	0.002224032069
1.331200003624	0.001217536046
1.332799911499	0.003504224354
1.334399938583	0.003031696193
1.335999965668	0.001659104135
1.337599992752	0.000436768052
1.339200019836	0.004131056368
1.340799927711	0.002044016263
1.342399954796	0.002427792177
1.343999981880	0.003376240376
1.345600008965	0.002147344174
1.347199916840	0.003939184360
1.348799943924	0.001260288176
1.350399971008	0.000631456031
1.351999998093	0.001736416132
1.353600025177	0.003185824258
1.355199933052	0.002427072264
1.356799960136	0.003559632227
1.358399987221	0.003755072365
1.360000014305	0.002470416250
1.361599922180	0.003211792326
1.363199949265	0.002518832218
1.364799976349	0.003626992228
1.366400003433	0.004002912436
1.367999911308	0.001666480093
1.369599938393	0.001339536160
1.371199965477	0.003408080200
1.372799992561	0.001221424085
1.374400019646	0.002033440163
1.375999927521	0.002460944233
1.377599954605	0.002584128175
1.379199981689	0.003548592329
1.380800008774	0.001222016173
1.382399916649	0.002220688155
1.383999943733	0.002390944166
1.385599970818	0.002323504305
1.387199997902	0.002595168306
1.388799905777	0.000420256052
1.390399932861	0.003672832390
1.391999959946	0.002936816309
1.393599987030	0.004498848226
1.395200014114	0.002168592066
1.396799921989	0.001832816168
1.398399949074	0.003737728344
1.399999976158	0.001786192181
1.401600003242	0.003234480275
1.403199911118	0.002736368217
1.404799938202	0.001845776103
1.406399965286	0.001947920071
1.407999992371	0.002344576176
1.409600019455	0.002451392123
1.411199927330	0.003313872265
1.412799954414	0.001477280166
1.414399981499	0.002160224132
1.416000008583	0.002508272184
1.417599916458	0.001768864109
1.419199943542	0.001623920165
1.420799970627	0.002839824185
1.422399997711	0.003076752182
1.423999905586	0.001911872183
1.425599932671	0.005449856631
1.427199959755	0.001692800201
1.428799986839	0.003225984285
1.430400013924	0.002098640194
1.431999921799	0.002422976308
1.433599948883	0.003006144194
1.435199975967	0.001292656059
1.436800003052	0.003645584220
1.438399910927	0.001583728124
1.439999938011	0.001791824121
1.441599965096	0.002101344289
1.443199992180	0.003682400333
1.444800019264	0.003071472282
1.446399927139	0.001238304074
1.447999954224	0.003122304333
1.449599981308	0.003517072182
1.451200008392	0.000953584095
1.452799916267	0.000721728022
1.454399943352	0.003143648384
1.455999970436	0.002238608198
1.457599997520	0.002809264231
1.459199905396	0.002392016118
1.460799932480	0.003751584329
1.462399959564	0.002351184143
1.463999986649	0.001873200061
1.465600013733	0.002817664295
1.467199921608	0.002272144193
1.468799948692	0.001725888113
1.470399975777	0.003046800150
1.472000002861	0.002083856147
1.473599910736	0.000609472045
1.475199937820	0.003063104348
1.476799964905	0.004232256208
1.478399991989	0.001084704068
1.480000019073	0.002336848294
1.481599926949	0.002283776179
1.483199954033	0.003516720142
1.484799981117	0.001912848093
1.486400008202	0.001593840192
1.487999916077	0.002349184128
1.489599943161	0.003460880369
1.491199970245	0.001777984202
1.492799997330	0.001866320148
1.494399905205	0.003138960106
1.495999932289	0.002516672248
1.497599959373	0.002585680224
1.499199986458	0.001666112104
1.500800013542	0.002773168264
1.502399921417	0.001587360166
1.503999948502	0.001427040086
1.505599975586	0.000248240045
1.507200002670	0.002929712180
1.508799910545	0.003076288383
1.510399937630	0.001102160080
1.511999964714	0.001948656165
1.513599991798	0.001880832133
1.515200018883	0.003474256257
1.516799926758	0.001958656125
1.518399953842	0.001496144105
1.519999980927	0.003672864288
1.521600008011	0.002417920157
1.523199915886	0.003315792186
1.524799942970	0.000439488096
1.526399970055	0.001935744192
1.527999997139	0.002462144243
1.529599905014	0.003363664262
1.531199932098	0.001821904094
1.532799959183	0.001885760110
1.534399986267	0.001286879997
1.536000013351	0.001594928210
1.537599921227	0.001270912122
1.539199948311	0.001767600188
1.540799975395	0.002673808252
1.542400002480	0.000894000113
1.543999910355	0.001281152130
1.545599937439	0.001238448080
1.547199964523	0.002633680124
1.548799991608	0.003812656272
1.550400018692	0.002940560225
1.551999926567	0.001367680146
1.553599953651	0.001789552160
1.555199980736	0.003904448356
1.556800007820	0.002583664143
1.558399915695	0.000950480055
1.559999942780	0.003844704246
1.561599969864	0.002542512259
1.563199996948	0.002577200299
1.564799904823	0.001662144088
1.566399931908	0.000995248090
1.567999958992	0.001903216122
1.569599986076	0.000042687992
1.571200013161	0.002888208255
1.572799921036	0.004214800429
1.574399948120	0.002265920164
1.575999975204	0.001725264126
1.577600002289	0.001483136090
1.579199910164	0.001063792035
1.580799937248	0.002944352338
1.582399964333	0.002915696241
1.583999991417	0.002087072236
1.585600018501	0.002262176247
1.587199926376	0.003138944274
1.588799953461	0.002151744207
1.590399980545	0.000071248018
1.592000007629	0.001385216136
1.593599915504	0.002757392125
1.595199942589	0.001882368117
1.596799969673	0.001422368106
1.598399996758	0.003515888238
1.599999904633	0.001688240096
1.601599931717	0.001764960121
1.603199958801	0.000031487958
1.604799985886	0.001399888075
1.606400012970	0.002378352219
1.607999920845	0.001455936115
1.609599947929	0.001115664141
1.611199975014	0.002623440232
1.612800002098	0.001115824096
1.614399909973	0.003299808362
1.615999937057	0.002110384172
1.617599964142	0.002847280120
1.619199991226	0.003795472207
1.620800018311	0.002109808149
1.622399926186	0.001394640072
1.623999953270	0.002474752255
1.625599980354	0.003229472321
1.627200007439	0.001521664090
1.628799915314	0.000374592055
1.630399942398	0.001735504135
1.631999969482	0.003016944276
1.633599996567	0.002197504276
1.635199904442	0.000161103962
1.636799931526	0.001878848183
1.638399958611	0.002908112248
1.639999985695	0.001002880046
1.641600012779	0.001180896070
1.643199920654	0.000572352030
1.644799947739	0.002106128260
1.646399974823	0.003736752318
1.648000001907	0.002729904139
1.649599909782	0.000809744117
1.651199936867	0.000790496066
1.652799963951	0.002104256302
1.654399991035	-0.000335215998
1.655999898911	0.001490512164
1.657599925995	0.002379280282
1.659199953079	0.001727520139
1.660799980164	0.001889264095
1.662400007248	0.002792064333
1.663999915123	0.002010512166
1.665599942207	0.002089360263
1.667199969292	0.000199952017
1.668799996376	0.001960896188
1.670399904251	0.002557696076
1.671999931335	0.000783936062
1.673599958420	0.002033472294
1.675199985504	0.001796832192
1.676800012589	0.004989184439
1.678399920464	0.001891920110
1.679999947548	0.002092688112
1.681599974632	-0.000232111997
1.683200001717	0.001694672159
1.684799909592	0.003219968174
1.686399936676	0.001832352136
1.687999963760	0.002662720159
1.689599990845	0.002801296301
1.691199898720	0.002704032231
1.692799925804	0.001279088086
1.694399952888	0.001291872119
1.695999979973	0.002329776064
1.697600007057	0.004289600533
1.699199914932	0.000896304031
1.700799942017	0.002609280171
1.702399969101	0.001003600075
1.703999996185	0.001853120164
1.705599904060	0.002737920266
1.707199931145	-0.000315632002
1.708799958229	0.002568160184
1.710399985313	0.002070320072
1.712000012398	0.000801744056
1.713599920273	0.000358864025
1.715199947357	0.000488416059
1.716799974442	0.002920176368
1.718400001526	0.000878944062
1.719999909401	0.001179648098
1.721599936485	0.001566928229
1.723199963570	0.003473088145
1.724799990654	0.000687712105
1.726399898529	0.001580688171
1.727999925613	0.002334560035
1.729599952698	0.003712176345
1.731199979782	0.001000112039
1.732800006866	0.002458528150
1.734399914742	0.001356848166
1.735999941826	0.001420480083
1.737599968910	0.002877792343
1.739199995995	-0.000122191996
1.740799903870	0.002814048203
1.742399930954	0.000989248161
1.743999958038	0.003055904293
1.745599985123	0.000147328028
1.747200012207	0.001318464172
1.748799920082	0.002631024225
1.750399947166	0.001865344122
1.751999974251	0.001275280025
1.753600001335	0.002731104149
1.755199909210	0.002531376202
1.756799936295	0.001252384158
1.758399963379	0.001559648081
1.759999990463	0.004239440430
1.761599898338	0.003749472322
1.763199925423	0.000942032086
1.764799952507	0.001869616099
1.766399979591	0.003243616316
1.768000006676	0.000538464054
1.769599914551	0.003948080353
1.771199941635	0.001135360100
1.772799968719	0.002860880224
1.774399995804	0.002348256065
1.775999903679	0.003341584234
1.777599930763	0.000651824055
1.779199957848	0.001947456156
1.780799984932	0.003059232375
1.782400012016	0.000557471998
1.783999919891	0.002011488192
1.785599946976	0.001458768151
1.787199974060	0.002785760211
1.788800001144	0.002951024333
1.790399909019	0.001344912103
1.791999936104	0.002238032175
1.793599963188	0.002682464197
1.795199990273	0.002134240232
1.796799898148	0.001563152066
1.798399925232	0.002326800255
1.799999952316	0.001020224066
1.801599979401	0.003263168270
1.803200006485	0.000858272077
1.804799914360	0.001546912128
1.806399941444	0.002876704326
1.807999968529	0.001408223994
1.809599995613	0.000661424012
1.811199903488	0.002114800271
1.812799930573	0.003735792357
1.814399957657	0.001413952094
1.815999984741	0.001539808116
1.817600011826	0.000501903996
1.819199919701	0.002356784185
1.820799946785	0.001541968086
1.822399973869	0.001742464141
1.824000000954	0.002224272117
1.825599908829	0.002662592335
1.827199935913	0.004619600251
1.828799962997	0.002193776192
1.830399990082	0.001992736245
1.831999897957	0.002243680181
1.833599925041	0.003713792423
1.835199952126	0.003465120215
1.836799979210	0.001028656028
1.838400006294	0.000718128053
1.839999914169	0.001588240149
1.841599941254	0.000599376042
1.843199968338	0.003301456338
1.844799995422	0.003690864192
1.846399903297	0.001760096173
1.847999930382	0.001684480114
1.849599957466	0.000308496034
1.851199984550	0.001405792078
1.852800011635	0.001784816151
1.854399919510	-0.000529568060
1.855999946594	0.002807520330
1.857599973679	0.003045440186
1.859200000763	0.003712784266
1.860799908638	0.001003792044
1.862399935722	0.001693568076
1.863999962807	0.002603696194
1.865599989891	0.002494112123
1.867199897766	0.001169168158
1.868799924850	0.000419952034
1.870399951935	0.002817152301
1.871999979019	0.002870736178
1.873600006104	0.002023664070
1.875199913979	0.000052176016
1.876799941063	0.003882976249
1.878399968147	0.002608288080
1.879999995232	-0.000615408062
1.881599903107	0.001015040092
1.883199930191	0.001368416124
1.884799957275	0.002527488163
1.886399984360	0.002184576122
1.888000011444	0.003074928187
1.889599919319	0.002567728283
1.891199946404	0.002615296282
1.892799973488	0.001742320135
1.894400000572	0.001567856176
1.895999908447	0.002318784129
1.897599935532	0.000032463999
1.899199962616	0.001786320121
1.900799989700	0.003053056309
1.902399897575	0.000499872025
1.903999924660	0.002904976252
1.905599951744	0.001742896158
1.907199978828	0.000489504018
1.908800005913	0.001995360246
1.910399913788	0.001282400102
1.911999940872	0.000887600065
1.913599967957	0.001724528149
1.915199995041	-0.000276336039
1.916799902916	0.003115216270
1.918399930000	0.003479872365
1.919999957085	0.000743712066
1.921599984169	0.001075184089
1.923199892044	0.002950848313
1.924799919128	0.001574720140
1.926399946213	0.000422656041
1.927999973297	0.002074656077
1.929600000381	0.000587392075
1.931199908257	0.003915104549
1.932799935341	0.002570192097
1.934399962425	0.001084799995
1.935999989510	0.003326832317
1.937599897385	0.001864944119
1.939199924469	0.001854784205
1.940799951553	0.001180176041
1.942399978638	0.001404448180
1.944000005722	0.001110112178
1.945599913597	0.002683728235
1.947199940681	0.001013904111
1.948799967766	0.001782544190
1.950399994850	0.003055568319
1.951999902725	0.001204608125
1.953599929810	0.000135615963
1.955199956894	0.002478768118
1.956799983978	0.002008608077
1.958399891853	-0.000445824058
1.959999918938	0.001492288196
1.961599946022	0.000700976059
1.963199973106	0.002536256332
1.964800000191	0.000994752045
1.966399908066	0.002593984129
1.967999935150	0.000683600025
1.969599962234	0.001323440112
1.971199989319	0.001678816159
1.972799897194	0.000289248041
1.974399924278	0.002565632109
1.975999951363	0.001347840065
1.977599978447	0.004139056429
1.979200005531	0.000397040014
1.980799913406	0.001366512035
1.982399940491	0.003124384210
1.983999967575	0.001907968195
1.985599994659	-0.000044495981
1.987199902534	0.000351440016
1.988799929619	0.002917600330
1.990399956703	0.001331152162
1.991999983788	0.000740016054
1.993599891663	0.000140047996
1.995199918747	0.002893856261
1.996799945831	0.001649712096
1.998399972916	0.000741344062
2.000000000000	0.000731008011
2.001600027084	0.001949584112
2.003200054169	-0.000311519980
2.004799842834	-0.000481440075
2.006399869919	0.003456464270
2.007999897003	0.001878848183
2.009599924088	0.000280447974
2.011199951172	0.000864032074
2.012799978256	0.001270032139
2.014400005341	0.001755952137
2.016000032425	0.002128528198
2.017600059509	0.000804944080
2.019199848175	-0.000406160078
2.020799875259	0.003000176279
2.022399902344	0.001363344025
2.023999929428	0.002254384104
2.025599956512	-0.000021727985
2.027199983597	0.002823792165
2.028800010681	0.003476048354
2.030400037766	0.002094544237
2.032000064850	0.000009391992
2.033599853516	0.002899440238
2.035199880600	0.002550368197
2.036799907684	0.000509232050
2.038399934769	0.002451024251
2.039999961853	0.001215616125
2.041599988937	0.002549824305
2.043200016022	0.000753504049
2.044800043106	0.001646432094
2.046399831772	0.002952688141
2.047999858856	0.002368608257
2.049599885941	0.001660368172
2.051199913025	0.001001568162
2.052799940109	0.002429088112
2.054399967194	0.000168832004
2.055999994278	0.001183520071
2.057600021362	-0.000071616014
2.059200048447	0.000273392012
2.060799837112	0.002572000260
2.062399864197	0.001022176119
2.063999891281	0.000039343977
2.065599918365	0.001842320082
2.067199945450	0.001159376116
2.068799972534	0.001722896239
2.070399999619	0.001298864139
2.072000026703	0.001561408164
2.073600053787	0.001814736053
2.075199842453	0.001221264130
2.076799869537	0.002189072082
2.078399896622	0.001171056065
2.079999923706	0.002763184253
2.081599950790	0.001324624056
2.083199977875	0.001368432073
2.084800004959	0.001682768110
2.086400032043	0.001024640049
2.088000059128	0.002176464070
2.089599847794	-0.000057040059
2.091199874878	0.000543856062
2.092799901962	0.001343568088
2.094399929047	0.001815344207
2.095999956131	0.000116240022
2.097599983215	0.001689936151
2.099200010300	0.001599168056
2.100800037384	-0.000229471989
2.102400064468	0.000069552021
2.103999853134	0.002213312080
2.105599880219	0.001271024114
2.107199907303	0.001951456070
2.108799934387	0.000025408013
2.110399961472	0.001957312226
2.111999988556	0.003279920202
2.113600015640	0.001027792110
2.115200042725	0.000650976028
2.116799831390	0.002091152128
2.118399858475	0.002458160277
2.119999885559	0.001086448086
2.121599912643	0.000773760083
2.123199939728	0.000450112042
2.124799966812	0.000680448022
2.126399993896	0.001999440137
2.128000020981	-0.000705360027
2.129600048065	-0.000046880057
2.131199836731	0.000737040071
2.132799863815	-0.000645632041
2.134399890900	-0.000351904018
2.135999917984	0.000587072049
2.137599945068	0.001505504129
2.139199972153	0.001224176143
2.140799999237	-0.000769584090
2.142400026321	-0.000763472111
2.144000053406	0.001625136123
2.145599842072	0.002462512115
2.147199869156	0.000510208134
2.148799896240	0.002285376191
2.150399923325	0.003179872176
2.151999950409	0.001639632159
2.153599977493	0.001120896079
2.155200004578	-0.000559328066
2.156800031662	0.002567952266
2.158400058746	0.000684896077
2.159999847412	0.001778400154
2.161599874496	0.000620912062
2.163199901581	0.002537152264
2.164799928665	0.002414336195
2.166399955750	0.000303344044
2.167999982834	0.000957968063
2.169600009918	-0.000387008040
2.171200037003	0.001715584192
2.172800064087	0.001176288119
2.174399852753	-0.002178992145
2.175999879837	0.000797280052
2.177599906921	0.001467408147
2.179199934006	0.001123424037
2.180799961090	0.000706432038
2.182399988174	0.001661568065
2.184000015259	0.001302176155
2.185600042343	0.001246720087
2.187199831009	-0.001784912194
2.188799858093	0.001289136126
2.190399885178	0.001613504137
2.191999912262	-0.000771088060
2.193599939346	0.001029968145
2.195199966431	0.001945376163
2.196799993515	0.001544160070
2.198400020599	0.000015024003
2.200000047684	-0.000518112036
2.201599836349	-0.000571792014
2.203199863434	0.001200432074
2.204799890518	-0.000889840012
2.206399917603	0.000738560047
2.207999944687	0.001133712125
2.209599971771	0.002108224202
2.211199998856	0.001396432053
2.212800025940	-0.000698752119
2.214400053024	0.001617920236
2.215999841690	0.001702816109
2.217599868774	0.001479936065
2.219199895859	-0.001011840068
2.220799922943	0.001626384095
2.222399950027	0.002335776109
2.223999977112	0.001016096096
2.225600004196	-0.000692128087
2.227200031281	0.001542880083
2.228800058365	0.002168000210
2.230399847031	0.000480768067
2.231999874115	0.000068336005
2.233599901199	-0.000542912108
2.235199928284	0.002054640092
2.236799955368	0.001851440175
2.238399982452	0.000742656004
2.240000009537	0.001464912086
2.241600036621	0.002017504070
2.243199825287	0.001319712144
2.244799852371	0.000766560028
2.246399879456	0.001301232143
2.247999906540	0.001095904037
2.249599933624	0.002287680050
2.251199960709	-0.000360079983
2.252799987793	0.000104224018
2.254400014877	0.001581024146
2.256000041962	0.001004816033
2.257599830627	0.000776496076
2.259199857712	0.000038032056
2.260799884796	0.002593760146
2.262399911880	0.000980816083
2.263999938965	0.000949696056
2.265599966049	-0.000804752053
2.267199993134	0.001627344056
2.268800020218	0.001252672053
2.270400047302	0.001381968032
2.271999835968	0.001788112218
2.273599863052	0.001499248086
2.275199890137	0.001100256108
2.276799917221	0.000433968031
2.278399944305	0.001599840121
2.279999971390	0.001147632138
2.281599998474	0.001978864195
2.283200025558	-0.000113055990
2.284800052643	0.000130815984
2.286399841309	0.002421808196
2.287999868393	0.001651504193
2.289599895477	0.001341696130
2.291199922562	-0.000530464051
2.292799949646	0.002379216254
2.294399976730	0.001309104147
2.296000003815	0.002160800155
2.297600030899	-0.000580143998
2.299200057983	0.000748864084
2.300799846649	0.003394608153
2.302399873734	-0.000265071983
2.303999900818	-0.000403824029
2.305599927902	0.001522880164
2.307199954987	0.000319392013
2.308799982071	0.000832480087
2.310400009155	0.001289808075
2.312000036240	0.000740960066
2.313599824905	0.002240128117
2.315199851990	-0.000185888057
2.316799879074	0.001734128105
2.318399906158	0.001621056115
2.319999933243	0.001484208158
2.321599960327	0.001459968160
2.323199987411	0.001423344132
2.324800014496	0.002312880242
2.326400041580	0.002363840118
2.327999830246	0.001286496175
2.329599857330	0.001142608118
2.331199884415	0.001630880055
2.332799911499	0.001084048068
2.334399938583	0.001385216019
2.335999965668	-0.001083808020
2.337599992752	0.000562384026
2.339200019836	0.001624832163
2.340800046921	-0.001669616089
2.342399835587	-0.000377472024
2.343999862671	0.001549504115
2.345599889755	0.001316848095
2.347199916840	0.000058720048
2.348799943924	-0.001984704286
2.350399971008	0.000526032003
2.351999998093	0.002390672220
2.353600025177	0.001485376037
2.355200052261	0.000633296033
2.356799840927	0.000390672038
2.358399868011	0.001770144096
2.359999895096	0.001439296175
2.361599922180	0.000949824112
2.363199949265	0.000265600014
2.364799976349	0.000516288041
2.366400003433	0.002408752218
2.368000030518	-0.000075376003
2.369600057602	0.000307535985
2.371199846268	0.001212032163
2.372799873352	-0.000516960048
2.374399900436	0.000232400023
2.375999927521	0.001088608056
2.377599954605	0.001015008078
2.379199981689	0.001611792133
2.380800008774	-0.000001648065
2.382400035858	0.002161152195
2.383999824524	0.002557504224
2.385599851608	0.001154784113
2.387199878693	-0.000719376083
2.388799905777	0.002796800341
2.390399932861	0.001285376144
2.391999959946	0.000469391991
2.393599987030	0.001729760203
2.395200014114	-0.000278095977
2.396800041199	0.002869520336
2.398399829865	0.002728464315
2.399999856949	-0.001356176101
2.401599884033	0.001772304182
2.403199911118	-0.000083456012
2.404799938202	0.001006976119
2.406399965286	0.000670864072
2.407999992371	0.000611104071
2.409600019455	0.000531728088
2.411200046539	0.001485024113
2.412799835205	-0.000400319987
2.414399862289	-0.000500624068
2.415999889374	0.003148512216
2.417599916458	0.001858992153
2.419199943542	0.001370368060
2.420799970627	0.000642336032
2.422399997711	0.002325728070
2.424000024796	0.001457376173
2.425600051880	0.003620512318
2.427199840546	0.001291136025
2.428799867630	0.000649440102
2.430399894714	0.000695232069
2.431999921799	0.002332000295
2.433599948883	0.002038624138
2.435199975967	0.000235600048
2.436800003052	-0.000064879969
2.438400030136	0.000268784032
2.440000057220	0.000611663971
2.441599845886	0.000954384042
2.443199872971	0.004052480217
2.444799900055	0.000981760095
2.446399927139	-0.001788848080
2.447999954224	0.001812448143
2.449599981308	0.001426496077
2.451200008392	0.001838112134
2.452800035477	0.000777600042
2.454399824142	0.002897552215
2.455999851227	-0.000526688062
2.457599878311	0.002734336071
2.459199905396	0.000498944020
2.460799932480	0.000679712102
2.462399959564	0.002517360263
2.463999986649	0.001285968116
2.465600013733	0.001407232136
2.467200040817	0.000906720059
2.468799829483	0.000813360035
2.470399856567	0.000506112061
2.471999883652	0.001195712131
2.473599910736	-0.000389696012
2.475199937820	0.002035040176
2.476799964905	0.002046496142
2.478399991989	0.001082576113
2.480000019073	0.001299344120
2.481600046158	0.001750224154
2.483199834824	0.000241984002
2.484799861908	0.000937856094
2.486399888992	0.002309952164
2.487999916077	0.001303472091
2.489599943161	0.001537888194
2.491199970245	0.000848816067
2.492799997330	0.000238816036
2.494400024414	0.000640752027
2.496000051498	0.001752144191
2.497599840164	-0.000040544011
2.499199867249	0.001749856165
2.500799894333	0.001628976199
2.502399921417	0.001259696088
2.503999948502	0.002007600153
2.505599975586	0.000417712086
2.507200002670	0.001836448209
2.508800029755	0.003038224299
2.510399818420	-0.000375968084
2.511999845505	-0.000196160036
2.513599872589	0.002409360139
2.515199899673	0.001295344089
2.516799926758	0.000242000053
2.518399953842	0.000886800059
2.519999980927	0.002184800105
2.521600008011	0.000548416050
2.523200035095	-0.000448000064
2.524799823761	0.000096880045
2.526399850845	0.002029568190
2.527999877930	0.002212080173
2.529599905014	0.001998064108
2.531199932098	0.001941888127
2.532799959183	0.000483599986
2.534399986267	0.001889504143
2.536000013351	0.000403775979
2.537600040436	0.000548016047
2.539199829102	0.000942224055
2.540799856186	0.002125264145
2.542399883270	-0.000381920050
2.543999910355	-0.000105583989
2.545599937439	0.002613792196
2.547199964523	0.000378480036
2.548799991608	-0.000458576047
2.550400018692	-0.000072464063
2.552000045776	0.000344944070
2.553599834442	0.001623776159
2.555199861526	0.000342288055
2.556799888611	-0.000592816097
2.558399915695	0.001796512050
2.559999942780	0.000965120096
2.561599969864	0.001637216192
2.563199996948	0.002119520213
2.564800024033	0.001329392078
2.566400051117	0.001150624128
2.567999839783	0.001144352020
2.569599866867	-0.000056975976
2.571199893951	0.000187439990
2.572799921036	0.000426368060
2.574399948120	0.001340416144
2.575999975204	-0.001624752185
2.577600002289	0.001098384149
2.579200029373	0.000630608061
2.580799818039	0.000163216027
2.582399845123	-0.000549904013
2.583999872208	0.000534400053
2.585599899292	0.001485696179
2.587199926376	0.000681216014
2.588799953461	-0.000347328052
2.590399980545	0.000682256068
2.592000007629	0.001746704103
2.593600034714	-0.000184511999
2.595199823380	0.001916368143
2.596799850464	0.001233904157
2.598399877548	0.002198976232
2.599999904633	0.002495872322
2.601599931717	-0.000466719997
2.603199958801	0.001023488003
2.604799985886	0.002659664256
2.606400012970	0.002347776201
2.608000040054	0.000742304022
2.609599828720	0.000429616048
2.611199855804	0.000565600058
2.612799882889	0.001459280029
2.614399909973	-0.000022783988
2.615999937057	-0.000496816065
2.617599964142	0.001778224134
2.619199991226	0.001624480123
2.620800018311	-0.000729248044
2.622400045395	0.000578448060
2.623999834061	0.001273552072
2.625599861145	0.000549168035
2.627199888229	0.001170848147
2.628799915314	0.001646624180
2.630399942398	0.002256656066
2.631999969482	-0.000047360019
2.633599996567	0.001990816090
2.635200023651	0.001023664023
2.636800050735	0.001595488167
2.638399839401	0.000874112069
2.639999866486	0.000512624043
2.641599893570	0.001778768143
2.643199920654	0.001641888171
2.644799947739	0.002275328152
2.646399974823	-0.000301152031
2.648000001907	-0.000649840047
2.649600028992	0.000484591961
2.651199817657	0.001295808121
2.652799844742	0.000068943984
2.654399871826	-0.001356592053
2.655999898911	0.000646656030
2.657599925995	0.001997440122
2.659199953079	0.000615344034
2.660799980164	0.002378544072
2.662400007248	0.001869360101
2.664000034332	0.001482448191
2.665599822998	0.001263088081
2.667199850082	-0.000340432016
2.668799877167	0.001263648155
2.670399904251	0.002410784131
2.671999931335	-0.000233648097
2.673599958420	0.001723840134
2.675199985504	0.000692160043
2.676800012589	0.001773552154
2.678400039673	0.000771456049
2.679999828339	-0.000246192067
2.681599855423	0.002088784240
2.683199882507	0.001656400156
2.684799909592	-0.000188096004
2.686399936676	-0.000518304005
2.687999963760	0.000219839989
2.689599990845	0.000450768013
2.691200017929	0.001014032168
2.692800045013	-0.001721792156
2.694399833679	0.001237008139
2.695999860764	0.000209280013
2.697599887848	0.001220080070
2.699199914932	-0.000213984022
2.700799942017	-0.000726240047
2.702399969101	0.001513680094
2.703999996185	0.000496480032
2.705600023270	0.000599328021
2.707200050354	0.000404880062
2.708799839020	0.000219616006
2.710399866104	0.000322335982
2.711999893188	-0.000015503983
2.713599920273	0.001187472139
2.715199947357	0.002253840212
2.716799974442	0.001485152170
2.718400001526	0.000298960018
2.720000028610	0.000094976014
2.721599817276	0.001106144045
2.723199844360	0.000528640056
2.724799871445	-0.000644416083
2.726399898529	0.000747424026
2.727999925613	0.000336144032
2.729599952698	-0.000179808034
2.731199979782	0.000311008014
2.732800006866	-0.000285168033
2.734400033951	-0.000208560028
2.735999822617	-0.000330544048
2.737599849701	0.001041888143
2.739199876785	0.001232736045
2.740799903870	0.001028784085
2.742399930954	0.000471312000
2.743999958038	0.002014128258
2.745599985123	-0.002129632281
2.747200012207	0.001097040134
2.748800039291	0.001484832144
2.750399827957	-0.000496160064
2.751999855042	-0.000390800036
2.753599882126	0.001075632172
2.755199909210	0.001491680043
2.756799936295	-0.000724384096
2.758399963379	0.000760272087
2.759999990463	0.000325872010
2.761600017548	0.002066480229
2.763200044632	0.000344864035
2.764799833298	-0.001576400129
2.766399860382	0.002879440319
2.767999887466	0.000815008068
2.769599914551	-0.000219344016
2.771199941635	0.001116480096
2.772799968719	0.000802704075
2.774399995804	0.001637152163
2.776000022888	0.001787840156
2.777599811554	-0.001015456044
2.779199838638	-0.000308544026
2.780799865723	0.000908192073
2.782399892807	0.001069312100
2.783999919891	0.001558784163
2.785599946976	0.002262864262
2.787199974060	0.000840752036
2.788800001144	-0.001189744100
2.790400028229	-0.001469488139
2.791999816895	0.000352848059
2.793599843979	0.001238192082
2.795199871063	0.000020287989
2.796799898148	-0.001394816092
2.798399925232	0.000336288038
2.799999952316	0.001423984068
2.801599979401	-0.000291888049
2.803200006485	0.001123008085
2.804800033569	0.000502512034
2.806399822235	0.000285376009
2.807999849319	0.000516000087
2.809599876404	0.000448160019
2.811199903488	-0.000042624044
2.812799930573	0.000047551988
2.814399957657	0.001251024078
2.815999984741	0.001473968150
2.817600011826	0.000485471974
2.819200038910	0.001345392084
2.820799827576	-0.000477936032
2.822399854660	-0.000873712066
2.823999881744	-0.000253920007
2.825599908829	0.001007120125
2.827199935913	0.000746672100
2.828799962997	0.000831840036
2.830399990082	0.000165392048
2.832000017166	0.001102848095
2.833600044250	-0.000647008070
2.835199832916	-0.000828592048
2.836799860001	-0.000071664035
2.838399887085	0.000788688136
2.839999914169	0.002056400059
2.841599941254	-0.000431248016
2.843199968338	0.000234480045
2.844799995422	0.000317648024
2.846400022507	-0.000114832030
2.847999811172	0.000276288047
2.849599838257	-0.000338416023
2.851199865341	-0.000820832094
2.852799892426	0.000673808041
2.854399919510	-0.000560944027
2.855999946594	-0.001628240105
2.857599973679	-0.000357136014
2.859200000763	0.000953664072
2.860800027847	-0.000136272007
2.862399816513	-0.001004944090
2.863999843597	0.002694176277
2.865599870682	-0.001594768139
2.867199897766	-0.001645856188
2.868799924850	0.001658992143
2.870399951935	0.001230336144
2.871999979019	0.001379824127
2.873600006104	-0.000836752006
2.875200033188	0.000909632072
2.876799821854	0.000234272011
2.878399848938	-0.000369088055
2.879999876022	0.002043200191
2.881599903107	0.002151536057
2.883199930191	-0.002159296069
2.884799957275	0.000983200036
2.886399984360	-0.000040895979
2.888000011444	-0.000246128009
2.889600038528	-0.000171152045
2.891199827194	0.000951680122
2.892799854279	0.001023568097
2.894399881363	-0.000836832100
2.895999908447	-0.000610704068
2.897599935532	-0.001022704062
2.899199962616	0.001170080039
2.900799989700	0.000161599979
2.902400016785	0.000129168024
2.904000043869	0.000941056060
2.905599832535	-0.001301312121
2.907199859619	0.000328335998
2.908799886703	0.000371679984
2.910399913788	0.000824608083
2.911999940872	0.000337439968
2.913599967957	0.001913120155
2.915199995041	-0.000424048019
2.916800022125	-0.001919680159
2.918399810791	0.001563280122
2.919999837875	-0.001087600132
2.921599864960	-0.002273488091
2.923199892044	-0.000097184013
2.924799919128	0.001252768096
2.926399946213	-0.000514816027
2.927999973297	-0.000359711994
2.929600000381	0.000875008060
2.931200027466	0.000684704049
2.932799816132	-0.000004735981
2.934399843216	0.000036975995
2.935999870300	0.000735904032
2.937599897385	-0.000800320122
2.939199924469	-0.000540143985
2.940799951553	-0.000557936030
2.942399978638	0.001095200074
2.944000005722	0.000339007995
2.945600032806	-0.001194640063
2.947199821472	0.001460112049
2.948799848557	0.000107840002
2.950399875641	0.001207808033
2.951999902725	-0.000519439986
2.953599929810	0.000055408003
2.955199956894	0.001122880145
2.956799983978	0.001069936086
2.958400011063	-0.000460096053
2.960000038147	0.000670464011
2.961599826813	-0.000243184040
2.963199853897	0.002295088256
2.964799880981	0.000611664029
2.966399908066	-0.001719584106
2.967999935150	-0.000736320042
2.969599962234	0.001640560105
2.971199989319	-0.000274112041
2.972800016403	0.000941728125
2.974400043488	0.000588592084
2.975999832153	-0.000562624075
2.977599859238	-0.000630416034
2.979199886322	-0.001508592162
2.980799913406	-0.000555104052
2.982399940491	-0.000720816082
2.983999967575	-0.001100464026
2.985599994659	-0.000514272018
2.987200021744	-0.000118559998
2.988799810410	0.001576800132
2.990399837494	0.000148480030
2.991999864578	-0.001348400139
2.993599891663	0.000250687997
2.995199918747	-0.000818064087
2.996799945831	0.001309136162
2.998399972916	-0.001732608187
3.000000000000	-0.000954816060
3.001600027084	0.001395616098
3.003199815750	0.000853568083
3.004799842834	-0.001062000054
3.006399869919	-0.000801648130
3.007999897003	-0.000617136073
3.009599924088	0.000606896007
3.011199951172	0.000185200013
3.012799978256	0.000974176102
3.014400005341	0.001061312156
3.016000032425	0.000411600049
3.017599821091	-0.000368768058
3.019199848175	0.000254336046
3.020799875259	0.000269968004
3.022399902344	0.000897600083
3.023999929428	-0.000486288016
3.025599956512	0.001120416098
3.027199983597	0.000352672039
3.028800010681	-0.000442816032
3.030400037766	-0.000966000080
3.031999826431	0.000404992054
3.033599853516	0.000210160040
3.035199880600	0.000489328057
3.036799907684	-0.001656368142
3.038399934769	-0.000814864063
3.039999961853	-0.000030287973
3.041599988937	-0.000826720032
3.043200016022	-0.000403376005
3.044799804687	-0.000529936049
3.046399831772	0.001709440141
3.047999858856	-0.000014591961
3.049599885941	-0.000198576017
3.051199913025	-0.002598176245
3.052799940109	-0.000493328029
3.054399967194	0.001223408035
3.055999994278	-0.002321808133
3.057600021362	0.001011120039
3.059199810028	0.000657200057
3.060799837112	-0.001950464095
3.062399864197	-0.000309696014
3.063999891281	-0.000803728064
3.065599918365	0.000283248024
3.067199945450	0.000393712049
3.068799972534	-0.000597136095
3.070399999619	0.000397072057
3.072000026703	-0.000862336019
3.073599815369	-0.001476480160
3.075199842453	0.001745872083
3.076799869537	0.000108015993
3.078399896622	-0.000025695994
3.079999923706	-0.000444864068
3.081599950790	0.000004912020
3.083199977875	-0.000474080065
3.084800004959	0.000430096028
3.086400032043	0.000298880070
3.087999820709	-0.001870368142
3.089599847794	0.001463760156
3.091199874878	0.001235664124
3.092799901962	0.000211664010
3.094399929047	0.000293872028
3.095999956131	-0.001744944137
3.097599983215	-0.000379216071
3.099200010300	0.000459376053
3.100800037384	-0.001116128173
3.102399826050	-0.001380672096
3.103999853134	0.000215823995
3.105599880219	-0.001386736054
3.107199907303	-0.000278496009
3.108799934387	0.000388768065
3.110399961472	-0.002415040275
3.111999988556	-0.000793456042
3.113600015640	-0.001091296086
3.115199804306	-0.000131872017
3.116799831390	-0.000092064001
3.118399858475	-0.001726704068
3.119999885559	-0.000562352070
3.121599912643	-0.001204592176
3.123199939728	0.000971968053
3.124799966812	-0.000496800058
3.126399993896	-0.001311776112
3.128000020981	-0.000429920037
3.129599809647	-0.001274240087
3.131199836731	0.000328384020
3.132799863815	0.000016127949
3.134399890900	-0.000262576039
3.135999917984	-0.000689152046
3.137599945068	-0.002781696152
3.139199972153	-0.000365920045
3.140799999237	-0.000767632097
3.142400026321	-0.000590016076
3.143999814987	-0.001043456141
3.145599842072	-0.001223056111
3.147199869156	0.001380576170
3.148799896240	0.000554320053
3.150399923325	-0.001092000166
3.151999950409	-0.000242880007
3.153599977493	-0.000395679992
3.155200004578	0.001623344142
3.156800031662	-0.001160672167
3.158399820328	-0.000257519976
3.159999847412	0.000195712026
3.161599874496	-0.000186864010
3.163199901581	0.000094272022
3.164799928665	0.000578864070
3.166399955750	0.000275920029
3.167999982834	0.001234096126
3.169600009918	-0.000626016059
3.171200037003	0.000102463993
3.172799825668	0.000555536011
3.174399852753	-0.000402495993
3.175999879837	-0.002507056342
3.177599906921	-0.001660352107
3.179199934006	0.000698080054
3.180799961090	-0.001831120113
3.182399988174	-0.000892528100
3.184000015259	-0.000629504037
3.185599803925	-0.000824752089
3.187199831009	0.000353999989
3.188799858093	-0.000242224036
3.190399885178	-0.000111504050
3.191999912262	-0.000157791990
3.193599939346	-0.002962208353
3.195199966431	-0.001001728117
3.196799993515	0.000878752093
3.198400020599	0.001331248088
3.199999809265	-0.000254016020
3.201599836349	-0.000134016009
3.203199863434	-0.001396528096
3.204799890518	0.000058495996
3.206399917603	0.000038960021
3.207999944687	-0.001055168104
3.209599971771	-0.001471152180
3.211199998856	0.000216047978
3.212800025940	0.000642944069
3.214399814606	-0.001252528047
3.215999841690	-0.000890176045
3.217599868774	-0.000773952052
3.219199895859	-0.000243119997
3.220799922943	-0.000322048028
3.222399950027	-0.001308640116
3.223999977112	0.000667136046
3.225600004196	-0.000964224106
3.227200031281	-0.001260672114
3.228799819946	-0.000411520014
3.230399847031	0.000064159991
3.231999874115	0.001855232171
3.233599901199	-0.000933872070
3.235199928284	0.000373471994
3.236799955368	0.001665168209
3.238399982452	-0.000604800065
3.240000009537	-0.001007248065
3.241600036621	-0.001858496107
3.243199825287	-0.000327552028
3.244799852371	0.000736512069
3.246399879456	-0.002193072112
3.247999906540	-0.001033104025
3.249599933624	-0.000176176050
3.251199960709	0.000179088005
3.252799987793	0.000294400001
3.254400014877	-0.001639936119
3.255999803543	0.000705856073
3.257599830627	0.000216815999
3.259199857712	-0.000630576047
3.260799884796	-0.000735744077
3.262399911880	-0.001015184098
3.263999938965	-0.001094880048
3.265599966049	0.000220688002
3.267199993134	-0.000307040056
3.268800020218	0.001249968074
3.270399808884	-0.000957552111
3.271999835968	0.001444016118
3.273599863052	-0.001258944161
3.275199890137	-0.000256031984
3.276799917221	0.000519712048
3.278399944305	-0.001844464219
3.279999971390	0.001176800113
3.281599998474	0.000241680027
3.283200025558	-0.000992752146
3.284799814224	0.000058047986
3.286399841309	-0.000421472010
3.287999868393	-0.001355056069
3.289599895477	-0.000926752051
3.291199922562	-0.001262096106
3.292799949646	-0.001179648098
3.294399976730	0.001411920064
3.296000003815	0.001110208104
3.297600030899	-0.000779600057
3.299199819565	-0.000652768067
3.300799846649	-0.000137520037
3.302399873734	0.001296592061
3.303999900818	0.000548432057
3.305599927902	-0.001852208166
3.307199954987	-0.001618080190
3.308799982071	0.000343920052
3.310400009155	-0.000820464047
3.311999797821	0.000598928018
3.313599824905	-0.000483824057
3.315199851990	-0.000888464099
3.316799879074	0.000395440002
3.318399906158	-0.001003504149
3.319999933243	0.000052032032
3.321599960327	-0.000216912027
3.323199987411	0.000378624012
3.324800014496	0.000307392038
3.326399803162	-0.000216608023
3.327999830246	-0.002506176243
3.329599857330	-0.000988400076
3.331199884415	0.000458752009
3.332799911499	-0.002400448080
3.334399938583	0.000023360000
3.335999965668	0.001158560161
3.337599992752	0.000706400024
3.339200019836	-0.001355936169
3.340799808502	0.000470448053
3.342399835587	0.000303408044
3.343999862671	0.000087808003
3.345599889755	-0.001920208219
3.347199916840	-0.002035600133
3.348799943924	-0.001267328160
3.350399971008	-0.000317936036
3.351999998093	0.000180304007
3.353600025177	-0.001423616079
3.355199813843	0.001171376090
3.356799840927	-0.000719984062
3.358399868011	-0.000501056027
3.359999895096	0.000146255974
3.361599922180	0.000650736038
3.363199949265	-0.001965216128
3.364799976349	0.000146079954
3.366400003433	0.000313440018
3.368000030518	-0.000581616012
3.369599819183	0.000138176023
3.371199846268	-0.000008255948
3.372799873352	-0.000574544072
3.374399900436	0.000075167991
3.375999927521	-0.000297184044
3.377599954605	-0.000430800021
3.379199981689	-0.001150288153
3.380800008774	-0.001090480131
3.382399797440	-0.001111872145
3.383999824524	0.000138960022
3.385599851608	-0.001581152203
3.387199878693	-0.000236176027
3.388799905777	-0.002852416364
3.390399932861	-0.002363264095
3.391999959946	0.000175440029
3.393599987030	0.000490464037
3.395200014114	-0.001358736074
3.396799802780	-0.001569456188
3.398399829865	-0.001079440117
3.399999856949	-0.000419232092
3.401599884033	-0.000269984041
3.403199911118	0.000316656020
3.404799938202	-0.000413408066
3.406399965286	-0.001400176086
3.407999992371	-0.000680576079
3.409600019455	0.001111664111
3.411199808121	-0.000389744033
3.412799835205	-0.000426720071
3.414399862289	0.001789792092
3.415999889374	-0.002092656214
3.417599916458	-0.002295648213
3.419199943542	0.001480048057
3.420799970627	0.000323439977
3.422399997711	-0.001415120088
3.424000024796	-0.002891104203
3.425599813461	0.000287392031
3.427199840546	-0.001385488082
3.428799867630	-0.001286544022
3.430399894714	0.000449664047
3.431999921799	-0.001465760171
3.433599948883	0.000912960095
3.435199975967	0.000192976018
3.436800003052	-0.000012063977
3.438400030136	-0.000978144119
3.439999818802	-0.000127120016
3.441599845886	-0.001246112050
3.443199872971	0.000114880029
3.444799900055	-0.000623904052
3.446399927139	-0.002258128254
3.447999954224	0.000502255978
3.449599981308	-0.001610576175
3.451200008392	0.004086688161
