0.000000000000	0.009562768973
0.001599999960	0.008410320617
0.003199999919	0.008182208985
0.004799999762	0.009462976828
0.006399999838	0.010308560915
0.007999999449	0.008814496920
0.009599999525	0.007909728214
0.011199999601	0.009742224589
0.012799999677	0.008456512354
0.014399999753	0.009214544669
0.015999998897	0.010115440935
0.017599999905	0.009170432575
0.019199999049	0.008908736520
0.020800000057	0.008534993045
0.022399999201	0.009607648477
0.024000000209	0.010209345259
0.025599999353	0.008798817173
0.027199998498	0.008646656759
0.028799999505	0.008086240850
0.030399998650	0.007999137044
0.031999997795	0.006863264367
0.033599998802	0.008384944871
0.035199999809	0.008231456392
0.036800000817	0.007912704721
0.038399998099	0.007937824354
0.039999999106	0.008228608407
0.041600000113	0.006950128358
0.043199997395	0.006727104541
0.044799998403	0.007966080680
0.046399999410	0.008157728240
0.048000000417	0.008480624296
0.049599997699	0.007920736447
0.051199998707	0.008164176717
0.052799999714	0.007798640523
0.054399996996	0.007042336743
0.055999998003	0.007822720334
0.057599999011	0.006146240514
0.059200000018	0.007156176493
0.060799997300	0.007367760409
0.062399998307	0.008805489168
0.063999995589	0.007294416428
0.065600000322	0.007372032385
0.067199997604	0.006944240537
0.068799994886	0.006589616649
0.070399999619	0.007837120444
0.071999996901	0.006764704362
0.073600001633	0.007249888498
0.075199998915	0.007111152634
0.076799996197	0.007555296645
0.078400000930	0.007860208862
0.079999998212	0.006411776412
0.081599995494	0.006672320422
0.083200000226	0.005162272602
0.084799997509	0.007297392469
0.086399994791	0.007705600467
0.087999999523	0.006445024628
0.089599996805	0.006487904582
0.091199994087	0.008055792190
0.092799998820	0.006616736762
0.094399996102	0.005840240512
0.096000000834	0.007734704763
0.097599998116	0.006351408549
0.099199995399	0.007904304191
0.100800000131	0.005403104238
0.102399997413	0.007411616389
0.103999994695	0.005697680637
0.105599999428	0.006106240675
0.107199996710	0.006505056750
0.108799993992	0.006303056609
0.110399998724	0.006365280598
0.111999996006	0.007704528514
0.113600000739	0.007054656744
0.115199998021	0.006359472405
0.116799995303	0.006042880472
0.118400000036	0.006185536738
0.119999997318	0.006454432383
0.121599994600	0.004915296566
0.123199999332	0.007627648767
0.124799996614	0.007450384554
0.126399993896	0.006631920580
0.127999991179	0.006940480787
0.129600003362	0.006860368419
0.131200000644	0.005740960594
0.132799997926	0.006607680582
0.134399995208	0.004510240164
0.135999992490	0.006577680353
0.137599989772	0.006089088507
0.139200001955	0.005399296526
0.140799999237	0.005866656546
0.142399996519	0.005483024288
0.143999993801	0.006548928563
0.145599991083	0.004369216505
0.147200003266	0.005746352486
0.148800000548	0.006295040715
0.150399997830	0.005147472490
0.151999995112	0.006289344281
0.153599992394	0.006572144572
0.155199989676	0.005755456630
0.156800001860	0.005374304485
0.158399999142	0.005278880242
0.159999996424	0.006239360664
0.161599993706	0.006146016531
0.163199990988	0.005259488244
0.164800003171	0.005467824172
0.166400000453	0.004802496172
0.167999997735	0.006248608697
0.169599995017	0.005568032619
0.171199992299	0.004832944367
0.172799989581	0.004853360355
0.174400001764	0.005712464452
0.175999999046	0.006660352461
0.177599996328	0.005250384565
0.179199993610	0.006923024543
0.180799990892	0.004400960170
0.182399988174	0.003720688401
0.184000000358	0.006707936525
0.185599997640	0.005286928266
0.187199994922	0.004999808501
0.188799992204	0.005573216360
0.190399989486	0.005330672488
0.192000001669	0.003514192300
0.193599998951	0.004690112546
0.195199996233	0.005572512746
0.196799993515	0.004603856243
0.198399990797	0.005204544403
0.199999988079	0.006246848498
0.201600000262	0.005028512329
0.203199997544	0.005441456567
0.204799994826	0.005318784621
0.206399992108	0.005019280594
0.207999989390	0.004095696378
0.209600001574	0.004394336604
0.211199998856	0.004431472160
0.212799996138	0.003771472257
0.214399993420	0.005494256504
0.215999990702	0.005838672630
0.217599987984	0.004175424110
0.219200000167	0.005136336666
0.220799997449	0.007666032761
0.222399994731	0.006464384496
0.223999992013	0.004762192257
0.225599989295	0.005414400250
0.227200001478	0.004543104209
0.228799998760	0.005980960559
0.230399996042	0.005133712199
0.231999993324	0.003776432248
0.233599990606	0.004859120585
0.235199987888	0.006035920698
0.236800000072	0.006156544667
0.238399997354	0.005094912369
0.239999994636	0.006179280579
0.241599991918	0.006543664727
0.243199989200	0.006223984528
0.244799986482	0.005314080510
0.246399998665	0.004780592397
0.247999995947	0.003688464407
0.249599993229	0.006918784697
0.251199990511	0.005691168364
0.252799987793	0.005277008284
0.254399985075	0.004741568584
0.255999982357	0.005089072511
0.257599979639	0.004630096257
0.259200006723	0.005033968482
0.260800004005	0.004775856622
0.262400001287	0.004032480530
0.263999998569	0.005727456417
0.265599995852	0.006287152413
0.267199993134	0.006496096496
0.268799990416	0.004772672430
0.270399987698	0.003454048187
0.271999984980	0.005107728299
0.273599982262	0.004177088384
0.275199979544	0.005371840205
0.276800006628	0.004806912504
0.278400003910	0.005686480552
0.280000001192	0.005432096310
0.281599998474	0.006494224537
0.283199995756	0.005950208288
0.284799993038	0.003730880329
0.286399990320	0.005961456336
0.287999987602	0.003705376294
0.289599984884	0.007599680685
0.291199982166	0.004163360223
0.292799979448	0.004091856536
0.294400006533	0.006410928443
0.296000003815	0.006533904467
0.297600001097	0.003648432204
0.299199998379	0.004338656552
0.300799995661	0.005409472622
0.302399992943	0.004359296523
0.303999990225	0.004647344351
0.305599987507	0.004631296266
0.307199984789	0.005417600274
0.308799982071	0.005340064410
0.310399979353	0.006582576316
0.312000006437	0.004322656430
0.313600003719	0.005706816446
0.315200001001	0.004485216457
0.316799998283	0.004395744298
0.318399995565	0.003298896365
0.319999992847	0.006214768626
0.321599990129	0.005555056501
0.323199987411	0.003867792198
0.324799984694	0.006701648701
0.326399981976	0.005512432661
0.327999979258	0.003974640276
0.329600006342	0.004415376112
0.331200003624	0.004962624516
0.332800000906	0.005153744482
0.334399998188	0.003109472338
0.335999995470	0.005805280525
0.337599992752	0.005065200385
0.339199990034	0.004982928280
0.340799987316	0.004969408270
0.342399984598	0.005279344507
0.343999981880	0.003961280454
0.345599979162	0.003772192402
0.347199976444	0.003318064148
0.348800003529	0.003949664533
0.350400000811	0.006130112335
0.351999998093	0.005931360647
0.353599995375	0.003379328176
0.355199992657	0.004896912258
0.356799989939	0.004759760574
0.358399987221	0.003320464166
0.359999984503	0.005836480297
0.361599981785	0.004196608439
0.363199979067	0.004944896325
0.364799976349	0.004887584597
0.366400003433	0.005289440509
0.368000000715	0.003496448277
0.369599997997	0.004093952477
0.371199995279	0.004528336227
0.372799992561	0.004961232189
0.374399989843	0.004389904439
0.375999987125	0.003717456246
0.377599984407	0.004156896379
0.379199981689	0.004668544512
0.380799978971	0.004791456275
0.382399976254	0.004592704587
0.384000003338	0.004434496164
0.385600000620	0.004191664513
0.387199997902	0.003379408270
0.388799995184	0.005742640700
0.390399992466	0.003364032134
0.391999989748	0.005460096523
0.393599987030	0.004766128492
0.395199984312	0.005089824554
0.396799981594	0.004338640254
0.398399978876	0.003796784207
0.399999976158	0.003563536331
0.401600003242	0.004162080586
0.403200000525	0.003569584340
0.404799997807	0.003620000323
0.406399995089	0.006762592588
0.407999992371	0.004090880509
0.409599989653	0.002626320114
0.411199986935	0.003389936173
0.412799984217	0.005014544353
0.414399981499	0.005212192424
0.415999978781	0.004771888256
0.417599976063	0.003599680262
0.419200003147	0.004471216351
0.420800000429	0.003947408404
0.422399997711	0.004515152425
0.423999994993	0.003675296204
0.425599992275	0.003700544359
0.427199989557	0.004060352221
0.428799986839	0.005714352243
0.430399984121	0.004080352373
0.431999981403	0.003973648418
0.433599978685	0.005022640340
0.435199975967	0.004602400586
0.436800003052	0.004724752624
0.438400000334	0.003274464281
0.439999997616	0.003463376313
0.441599994898	0.003906384110
0.443199992180	0.004775920417
0.444799989462	0.005225472618
0.446399986744	0.004336160142
0.447999984026	0.002565648174
0.449599981308	0.004700128455
0.451199978590	0.006370544434
0.452799975872	0.004029312171
0.454400002956	0.003534288378
0.456000000238	0.004983184393
0.457599997520	0.005374688655
0.459199994802	0.003142080270
0.460799992085	0.003416816238
0.462399989367	0.005938448478
0.463999986649	0.002334512072
0.465599983931	0.003704192350
0.467199981213	0.003501552390
0.468799978495	0.004946000408
0.470399975777	0.004776176531
0.472000002861	0.004278736189
0.473600000143	0.004246704280
0.475199997425	0.003194720251
0.476799994707	0.005082640331
0.478399991989	0.002829504199
0.479999989271	0.003877280280
0.481599986553	0.003019648138
0.483199983835	0.002892704215
0.484799981117	0.004160304554
0.486399978399	0.004261088558
0.487999975681	0.002243072260
0.489599972963	0.002096144250
0.491200000048	0.004180352204
0.492799997330	0.003903840203
0.494399994612	0.005382288247
0.495999991894	0.002987840213
0.497599989176	0.006266672630
0.499199986458	0.002649440197
0.500800013542	0.005035024602
0.502399981022	0.003471696284
0.504000008106	0.003307312261
0.505599975586	0.004314528313
0.507200002670	0.003131744219
0.508799970150	0.004398608115
0.510399997234	0.004225104116
0.511999964714	0.005977072287
0.513599991798	0.004573904444
0.515199959278	0.004459328484
0.516799986362	0.005322528537
0.518400013447	0.002552992199
0.519999980927	0.003282400314
0.521600008011	0.004722992424
0.523199975491	0.002948448295
0.524800002575	0.002386496169
0.526399970055	0.004995648284
0.527999997139	0.005728016607
0.529599964619	0.004713824484
0.531199991703	0.004282320384
0.532799959183	0.004088176414
0.534399986267	0.002702400321
0.536000013351	0.004509648308
0.537599980831	0.003967008553
0.539200007915	0.002853680169
0.540799975395	0.002475968096
0.542400002480	0.002652464202
0.543999969959	0.004228496458
0.545599997044	0.005600976292
0.547199964523	0.002751472173
0.548799991608	0.003878256306
0.550399959087	0.002080576262
0.551999986172	0.003145760391
0.553600013256	0.002682752209
0.555199980736	0.002901856322
0.556800007820	0.003895600326
0.558399975300	0.002436224138
0.560000002384	0.001828320208
0.561599969864	0.004739120137
0.563199996948	0.002184032230
0.564799964428	0.004053664394
0.566399991512	0.004306304269
0.567999958992	0.003483568318
0.569599986076	0.003731488250
0.571200013161	0.004125808366
0.572799980640	0.003334352281
0.574400007725	0.003198752180
0.575999975204	0.001602496137
0.577600002289	0.005749824457
0.579199969769	0.003804272274
0.580799996853	0.004041744396
0.582399964333	0.003953408450
0.583999991417	0.002846192336
0.585599958897	0.004385056440
0.587199985981	0.003379472299
0.588800013065	0.004196704365
0.590399980545	0.002094992204
0.592000007629	0.003089728300
0.593599975109	0.002630480332
0.595200002193	0.004664384294
0.596799969673	0.004360096529
0.598399996758	0.002483264310
0.599999964237	0.003493376309
0.601599991322	0.000501056085
0.603199958801	0.004612208344
0.604799985886	0.003212880343
0.606400012970	0.003177248174
0.607999980450	0.003374864347
0.609600007534	0.003202928230
0.611199975014	0.003003360238
0.612800002098	0.000879744068
0.614399969578	0.003605408361
0.615999996662	0.001915232162
0.617599964142	0.003544464242
0.619199991226	0.002012864221
0.620799958706	0.004187520128
0.622399985790	0.003105248325
0.624000012875	0.005017808173
0.625599980354	0.004339232575
0.627200007439	0.001581280143
0.628799974918	0.003871120280
0.630400002003	0.002609168179
0.631999969482	0.002911872230
0.633599996567	0.002632736228
0.635199964046	0.003757584374
0.636799991131	0.002637856174
0.638399958611	0.004015392158
0.639999985695	0.003692016238
0.641600012779	0.003787472378
0.643199980259	0.002622576198
0.644800007343	0.002633872209
0.646399974823	0.004057136364
0.648000001907	0.003498720238
0.649599969387	0.004013712518
0.651199996471	0.003129504388
0.652799963951	0.004106864333
0.654399991035	0.003045824356
0.655999958515	0.002891568234
0.657599985600	0.002392896218
0.659200012684	0.003318912350
0.660799980164	0.003351232270
0.662400007248	0.003589824308
0.663999974728	0.004330560565
0.665600001812	0.001678336062
0.667199969292	0.003326032311
0.668799996376	0.003412224352
0.670399963856	0.002657264238
0.671999990940	0.002163328230
0.673599958420	0.003413296305
0.675199985504	0.004059168510
0.676800012589	0.003627872327
0.678399980068	0.002696256153
0.680000007153	0.002315392252
0.681599974632	0.003990928177
0.683200001717	0.001284112106
0.684799969196	0.002963888226
0.686399996281	0.002140736207
0.687999963760	0.002635120181
0.689599990845	0.001760832150
0.691199958324	0.004149056505
0.692799985409	0.004580464214
0.694399952888	0.002314688172
0.695999979973	0.002206560224
0.697600007057	0.002997104311
0.699199974537	0.005468592513
0.700800001621	0.004126080312
0.702399969101	0.002969648223
0.703999996185	0.002778400201
0.705599963665	0.003390416270
0.707199990749	0.003257072298
0.708799958229	0.002838704269
0.710399985313	0.002528448123
0.711999952793	0.001379488036
0.713599979877	0.004069152288
0.715200006962	0.004570880439
0.716799974442	0.002406784100
0.718400001526	0.001273008063
0.719999969006	0.004161328543
0.721599996090	0.002946240362
0.723199963570	0.001754672150
0.724799990654	0.001497232122
0.726399958134	0.002020464046
0.727999985218	0.003441152396
0.729599952698	0.004545312375
0.731199979782	0.003441264387
0.732800006866	0.002894752193
0.734399974346	0.002743312158
0.736000001431	0.002832896076
0.737599968910	0.002973936265
0.739199995995	0.001624752069
0.740799963474	0.003281536279
0.742399990559	0.002257872140
0.743999958038	0.003781888168
0.745599985123	0.004549648147
0.747199952602	0.000562175992
0.748799979687	0.002254592255
0.750400006771	0.003960816190
0.751999974251	0.004872192163
0.753600001335	0.001310208114
0.755199968815	0.002573232166
0.756799995899	0.003099296242
0.758399963379	0.002373728203
0.759999990463	0.003841488389
0.761599957943	0.002071584109
0.763199985027	0.001939744106
0.764799952507	0.002841312205
0.766399979591	0.002913232194
0.768000006676	0.002095520264
0.769599974155	0.002154032234
0.771200001240	0.003585248254
0.772799968719	0.003533808282
0.774399995804	0.000648688001
0.775999963284	0.004013264552
0.777599990368	0.005388128571
0.779199957848	0.002280960092
0.780799984932	0.003555312287
0.782399952412	0.003025216283
0.783999979496	0.003743728390
0.785600006580	0.004289360251
0.787199974060	0.002002288122
0.788800001144	0.002188384067
0.790399968624	0.003404768184
0.791999995708	0.002619936131
0.793599963188	0.002633568132
0.795199990273	0.003227904206
0.796799957752	0.003070112318
0.798399984837	0.002383152256
0.799999952316	0.004091344308
0.801599979401	0.003785984358
0.803200006485	0.002472832100
0.804799973965	0.003280352335
0.806400001049	0.004030128475
0.807999968529	0.003046304220
0.809599995613	0.003698688233
0.811199963093	0.003552256152
0.812799990177	0.002304320224
0.814399957657	0.002602640307
0.815999984741	0.002403152175
0.817599952221	0.004743120167
0.819199979305	0.001509376103
0.820800006390	0.000865472073
0.822399973869	0.003528864356
0.824000000954	0.003012160305
0.825599968433	0.002608464332
0.827199995518	0.002034752164
0.828799962997	0.000884608075
0.830399990082	0.005115552340
0.831999957561	0.002261296147
0.833599984646	0.001502192114
0.835199952126	0.003792544361
0.836799979210	0.001857440104
0.838400006294	0.002765072277
0.839999973774	0.002550560050
0.841600000858	0.003270992311
0.843199968338	0.002588592237
0.844799995422	0.002858960070
0.846399962902	0.002056320198
0.847999989986	0.004450048320
0.849599957466	0.002414080314
0.851199984550	0.002238576068
0.852799952030	0.002869584365
0.854399979115	0.002624496119
0.856000006199	0.002818976296
0.857599973679	0.002921920270
0.859200000763	0.001947792131
0.860799968243	0.005868048407
0.862399995327	0.002914512297
0.863999962807	0.003003936261
0.865599989891	0.001582160126
0.867199957371	0.001334864064
0.868799984455	0.002984320279
0.870399951935	0.004725424573
0.871999979019	0.002626864240
0.873600006104	0.002550272271
0.875199973583	0.002981536323
0.876800000668	0.003740016371
0.878399968147	0.003816128243
0.879999995232	0.003786272369
0.881599962711	0.000335824006
0.883199989796	0.001818640158
0.884799957275	0.001971584046
0.886399984360	0.003615344176
0.887999951839	0.003761488246
0.889599978924	0.002761216136
0.891200006008	0.000771856052
0.892799973488	0.003607840277
0.894400000572	0.003370240331
0.895999968052	0.001922624186
0.897599995136	0.000076063989
0.899199962616	0.003185312264
0.900799989700	0.002176416107
0.902399957180	0.001734464196
0.903999984264	0.003418576205
0.905599951744	0.002668176312
0.907199978828	0.002743248129
0.908800005913	0.002787296195
0.910399973392	0.003599856282
0.912000000477	0.001930448227
0.913599967957	0.002371824114
0.915199995041	0.002734384267
0.916799962521	0.003522944171
0.918399989605	0.001270912122
0.919999957085	0.003656224348
0.921599984169	0.002954048337
0.923199951649	0.002164832084
0.924799978733	0.003639360424
0.926400005817	0.003411024343
0.927999973297	0.002915456193
0.929600000381	0.001538720098
0.931199967861	0.002811760176
0.932799994946	0.002281008288
0.934399962425	0.002931872150
0.935999989510	0.002389984205
0.937599956989	0.003080512164
0.939199984074	0.001750864089
0.940799951553	0.003151216311
0.942399978638	0.004419360310
0.944000005722	0.002619728213
0.945599973202	0.002131584100
0.947200000286	0.002111584181
0.948799967766	0.002253952203
0.950399994850	0.004293472506
0.951999962330	0.002139760181
0.953599989414	0.002333696233
0.955199956894	0.003438016400
0.956799983978	0.004065216519
0.958399951458	0.003391808132
0.959999978542	0.004092400428
0.961599946022	0.002940400271
0.963199973106	0.000971312111
0.964800000191	0.002214288106
0.966399967670	0.002929168288
0.967999994755	0.002988944296
0.969599962234	0.001819680096
0.971199989319	0.001759840176
0.972799956799	0.000388176006
0.974399983883	0.003248608205
0.975999951363	0.002398768207
0.977599978447	0.003119136207
0.979199945927	0.002185760066
0.980799973011	0.002968992339
0.982400000095	0.000213984051
0.983999967575	0.003319872310
0.985599994659	0.002320544096
0.987199962139	0.001423440175
0.988799989223	0.002077536192
0.990399956703	0.003007344203
0.991999983788	0.002512768144
0.993599951267	0.001522544073
0.995199978352	0.004066208377
0.996799945831	0.001206912100
0.998399972916	0.002120016143
1.000000000000	0.004402496386
1.001600027084	0.003401936265
1.003199934959	0.002873472171
1.004799962044	0.003574992297
1.006399989128	0.003327808343
1.008000016212	0.003152384190
1.009599924088	0.002512432169
1.011199951172	0.002767744241
1.012799978256	0.003106768243
1.014400005341	0.002379008103
1.016000032425	0.002885056194
1.017599940300	0.003097584238
1.019199967384	0.002164928243
1.020799994469	0.002678832272
1.022400021553	0.002705920255
1.023999929428	0.003707696218
1.025599956512	0.002240384230
1.027199983597	0.001013760106
1.028800010681	0.001340288087
1.030399918556	0.002942896215
1.031999945641	0.003228400135
1.033599972725	0.001533072093
1.035199999809	0.002226496115
1.036800026894	0.001955824206
1.038399934769	0.003346896265
1.039999961853	0.002879744163
1.041599988937	0.005511376541
1.043200016022	0.003107440192
1.044799923897	0.000693456037
1.046399950981	0.003487248207
1.047999978065	0.002585136099
1.049600005150	0.003387952223
1.051200032234	0.000955600059
1.052799940109	0.002677680226
1.054399967194	0.002165216254
1.055999994278	0.003562272293
1.057600021362	0.001924880082
1.059199929237	0.003266736167
1.060799956322	0.004142816179
1.062399983406	0.003687824355
1.064000010490	0.003148704302
1.065599918365	0.002993328264
1.067199945450	0.003194768215
1.068799972534	0.002874880331
1.070399999619	0.003494080156
1.072000026703	0.002275936073
1.073599934578	0.001641344046
1.075199961662	0.003420368303
1.076799988747	0.001863744110
1.078400015831	0.003288416192
1.079999923706	0.001622096170
1.081599950790	0.001791520161
1.083199977875	0.003305664286
1.084800004959	0.003172752215
1.086400032043	0.002032112097
1.087999939919	0.002249552170
1.089599967003	0.003111504251
1.091199994087	0.002454544185
1.092800021172	0.002367936308
1.094399929047	0.001687136129
1.095999956131	0.001753568184
1.097599983215	0.002004288137
1.099200010300	0.001131888130
1.100799918175	0.003225888358
1.102399945259	0.002002656227
1.103999972343	0.001201200066
1.105599999428	0.003251408227
1.107200026512	0.002155664144
1.108799934387	0.001321264077
1.110399961472	0.002622032072
1.111999988556	0.002185024088
1.113600015640	0.003265760373
1.115199923515	0.003007168183
1.116799950600	0.004546160344
1.118399977684	0.000982464058
1.120000004768	0.003012768226
1.121599912643	0.002366528148
1.123199939728	0.002939824248
1.124799966812	0.002119616140
1.126399993896	0.001663520117
1.128000020981	0.001383120194
1.129599928856	0.003699840279
1.131199955940	0.004054656252
1.132799983025	0.002043056302
1.134400010109	-0.001015168149
1.135999917984	0.001785104163
1.137599945068	0.003540240228
1.139199972153	0.002407504246
1.140799999237	0.003384224372
1.142400026321	0.002953472314
1.143999934196	0.001199152088
1.145599961281	0.000370880036
1.147199988365	0.004107920453
1.148800015450	0.002488080179
1.150399923325	0.002377008088
1.151999950409	0.002730816137
1.153599977493	0.001233168179
1.155200004578	0.001453888137
1.156799912453	0.003514912212
1.158399939537	0.001788416179
1.159999966621	0.002288464224
1.161599993706	0.002825632226
1.163200020790	0.000625776011
1.164799928665	0.002444928279
1.166399955750	0.004074272234
1.167999982834	0.002235792112
1.169600009918	0.000387808046
1.171199917793	0.001226192107
1.172799944878	0.004028064199
1.174399971962	0.001487920061
1.175999999046	0.001707152114
1.177600026131	0.001357424189
1.179199934006	0.002446656115
1.180799961090	0.002046912210
1.182399988174	0.000797904097
1.184000015259	0.001935168169
1.185599923134	0.002411536174
1.187199950218	0.001926480094
1.188799977303	0.001740400214
1.190400004387	0.002846752293
1.191999912262	0.001853312133
1.193599939346	0.000982368016
1.195199966431	0.002356144134
1.196799993515	0.002595776226
1.198400020599	0.001134656137
1.199999928474	0.003749600379
1.201599955559	0.002260512207
1.203199982643	0.002430848079
1.204800009727	0.001663984149
1.206399917603	0.002968336223
1.207999944687	0.001641600160
1.209599971771	0.003819600446
1.211199998856	0.001775936107
1.212800025940	0.003264848376
1.214399933815	0.001922528143
1.215999960899	0.003438880201
1.217599987984	-0.000154352005
1.219200015068	0.001273632166
1.220799922943	0.003348192200
1.222399950027	0.001432480174
1.223999977112	0.002061792184
1.225600004196	0.002783872187
1.227199912071	0.001259984099
1.228799939156	0.003136432264
1.230399966240	0.001644400181
1.231999993324	0.003423840273
1.233600020409	-0.000267712050
1.235199928284	0.001860384247
1.236799955368	0.001201600069
1.238399982452	0.003096352331
1.240000009537	0.001989728305
1.241599917412	0.003413600149
1.243199944496	0.001789920148
1.244799971581	0.000776032044
1.246399998665	0.004458400421
1.248000025749	0.002704048296
1.249599933624	0.001024704077
1.251199960709	0.001787792193
1.252799987793	0.003048992250
1.254400014877	0.002160448115
1.255999922752	0.003028080333
1.257599949837	0.001815680065
1.259199976921	0.002762304153
1.260800004005	0.001888848143
1.262399911880	0.001744368114
1.263999938965	0.003719248343
1.265599966049	0.001450352138
1.267199993134	0.002706640167
1.268800020218	0.001097904169
1.270399928093	0.001267248066
1.271999955177	0.003059664275
1.273599982262	0.000581680040
1.275200009346	0.002325536218
1.276799917221	0.002596896142
1.278399944305	0.002167504281
1.279999971390	0.002278928179
1.281599998474	0.002584560309
1.283200025558	0.001413856051
1.284799933434	0.000700480072
1.286399960518	0.002682208316
1.287999987602	0.001076512039
1.289600014687	0.001291520079
1.291199922562	0.001909152139
1.292799949646	0.001782640116
1.294399976730	0.003279712284
1.296000003815	0.002241456183
1.297599911690	0.002649600152
1.299199938774	0.003755440237
1.300799965858	0.003141456284
1.302399992943	0.002870064229
1.304000020027	0.002407248132
1.305599927902	0.002070288174
1.307199954987	0.001881680102
1.308799982071	0.001765440102
1.310400009155	0.000762800046
1.311999917030	0.002126240171
1.313599944115	0.001032592147
1.315199971199	0.002614336321
1.316799998283	0.003874208312
1.318400025368	0.000517152075
1.319999933243	0.003155248240
1.321599960327	0.003011600347
1.323199987411	0.002148400294
1.324800014496	0.001562208170
1.326399922371	0.002257424174
1.327999949455	0.002823040355
1.329599976540	0.001409584074
1.331200003624	0.001189184026
1.332799911499	0.001762704109
1.334399938583	0.001322112046
1.335999965668	0.002368192188
1.337599992752	0.002262896160
1.339200019836	0.001380656147
1.340799927711	0.001637600129
1.342399954796	0.001512544113
1.343999981880	0.002502864227
1.345600008965	0.002735536313
1.347199916840	0.001814336167
1.348799943924	0.000860416098
1.350399971008	0.004954800475
1.351999998093	0.001809456153
1.353600025177	0.000018639979
1.355199933052	0.001194976037
1.356799960136	0.000704224105
1.358399987221	0.002940496197
1.360000014305	0.000744016084
1.361599922180	0.001374384155
1.363199949265	0.003037136281
1.364799976349	0.002649376169
1.366400003433	0.003654304193
1.367999911308	0.001095968066
1.369599938393	0.001277216128
1.371199965477	0.001007056097
1.372799992561	0.002878960222
1.374400019646	0.002688928274
1.375999927521	0.001433136058
1.377599954605	0.000324128021
1.379199981689	0.001641888171
1.380800008774	0.003529776353
1.382399916649	0.000442432007
1.383999943733	0.002460400341
1.385599970818	0.003552320180
1.387199997902	0.000052288033
1.388799905777	0.001361312112
1.390399932861	0.001363488147
1.391999959946	0.003350224346
1.393599987030	0.001075232169
1.395200014114	-0.000554176047
1.396799921989	-0.000374672032
1.398399949074	0.001717120176
1.399999976158	0.001693648053
1.401600003242	0.002062976127
1.403199911118	0.001410416095
1.404799938202	0.001367392018
1.406399965286	0.001710128156
1.407999992371	0.002186832251
1.409600019455	0.000805168063
1.411199927330	0.002849456156
1.412799954414	0.000723072095
1.414399981499	0.002382544102
1.416000008583	0.002700624289
1.417599916458	0.000810640049
1.419199943542	0.002431728179
1.420799970627	0.000138480027
1.422399997711	0.002534528263
1.423999905586	0.002811040264
1.425599932671	0.002725072205
1.427199959755	0.001056240057
1.428799986839	0.001456704107
1.430400013924	0.002067728201
1.431999921799	-0.000270240009
1.433599948883	0.003125488292
1.435199975967	0.000975664123
1.436800003052	0.001132208039
1.438399910927	0.001759680104
1.439999938011	0.000653216091
1.441599965096	0.001708208234
1.443199992180	0.001841120189
1.444800019264	0.001453696052
1.446399927139	0.000962000107
1.447999954224	0.001622368116
1.449599981308	0.001980544068
1.451200008392	0.003225568216
1.452799916267	0.001763648121
1.454399943352	0.000595136080
1.455999970436	0.002221632050
1.457599997520	0.001404576120
1.459199905396	0.000956640055
1.460799932480	-0.000181984040
1.462399959564	0.002775568282
1.463999986649	0.001001584111
1.465600013733	0.001047136029
1.467199921608	0.001973840175
1.468799948692	0.003773184260
1.470399975777	0.001552288188
1.472000002861	0.000658784003
1.473599910736	0.001418832107
1.475199937820	0.002781760180
1.476799964905	0.003243712243
1.478399991989	0.001544576138
1.480000019073	0.003193520242
1.481599926949	-0.000325056026
1.483199954033	0.001991888275
1.484799981117	0.001737584244
1.486400008202	0.000763216056
1.487999916077	0.000869488169
1.489599943161	0.001839424134
1.491199970245	0.002821392147
1.492799997330	0.002309408272
1.494399905205	0.000023679973
1.495999932289	0.000322576030
1.497599959373	0.002563008107
1.499199986458	0.002772368258
1.500800013542	0.000710304070
1.502399921417	0.001751520089
1.503999948502	0.001532192109
1.505599975586	0.003195504192
1.507200002670	0.001308832085
1.508799910545	0.002900560154
1.510399937630	0.001779120183
1.511999964714	0.002373984084
1.513599991798	0.000660000020
1.515200018883	-0.000390320056
1.516799926758	0.001543824095
1.518399953842	0.001006240142
1.519999980927	0.002051808173
1.521600008011	0.003736336250
1.523199915886	0.001863328158
1.524799942970	-0.000074096017
1.526399970055	0.003663504263
1.527999997139	0.004369440489
1.529599905014	0.001380224130
1.531199932098	0.000079519996
1.532799959183	0.001807184191
1.534399986267	0.001932752086
1.536000013351	0.001154256053
1.537599921227	0.000949904090
1.539199948311	0.001705280156
1.540799975395	0.000509312027
1.542400002480	0.001808592118
1.543999910355	0.001221088110
1.545599937439	0.001128416159
1.547199964523	0.003106144257
1.548799991608	0.001582704135
1.550400018692	0.002902704291
1.551999926567	0.001618320122
1.553599953651	0.000958608056
1.555199980736	0.002020064043
1.556800007820	0.002860608278
1.558399915695	0.001868688152
1.559999942780	-0.000550128054
1.561599969864	0.001639968134
1.563199996948	0.001441664062
1.564799904823	0.001394176041
1.566399931908	0.001626112149
1.567999958992	0.002750432119
1.569599986076	0.001198832062
1.571200013161	0.000809712044
1.572799921036	0.002710720291
1.574399948120	0.000768512022
1.575999975204	0.000393839990
1.577600002289	0.002090320224
1.579199910164	-0.000337695994
1.580799937248	0.002202368109
1.582399964333	0.002325072186
1.583999991417	-0.000011424010
1.585600018501	0.002258288208
1.587199926376	0.001073264051
1.588799953461	0.001886192244
1.590399980545	0.001263184124
1.592000007629	0.002117888071
1.593599915504	0.001435200102
1.595199942589	0.000004896015
1.596799969673	0.000253039994
1.598399996758	0.001094576088
1.599999904633	0.001806464163
1.601599931717	0.000184480057
1.603199958801	0.000379775971
1.604799985886	0.002333536278
1.606400012970	0.001174912089
1.607999920845	0.002112672199
1.609599947929	0.000523759983
1.611199975014	0.001610272098
1.612800002098	0.001213744050
1.614399909973	0.001826208085
1.615999937057	0.001730832155
1.617599964142	0.000998768024
1.619199991226	0.000692272093
1.620800018311	0.000203967997
1.622399926186	0.001769152121
1.623999953270	0.003354176180
1.625599980354	0.000669472036
1.627200007439	0.000044031960
1.628799915314	0.002152032219
1.630399942398	0.002910976298
1.631999969482	0.002702032216
1.633599996567	0.000104864004
1.635199904442	0.000380752026
1.636799931526	0.004799904302
1.638399958611	0.002709920285
1.639999985695	0.001348896069
1.641600012779	0.000301711989
1.643199920654	0.001006192062
1.644799947739	0.001095216139
1.646399974823	0.001345072058
1.648000001907	0.001778928097
1.649599909782	0.000272656005
1.651199936867	0.001303072087
1.652799963951	0.001229808084
1.654399991035	0.001844640123
1.655999898911	0.001836576150
1.657599925995	0.001613936154
1.659199953079	0.000811760023
1.660799980164	0.001114000101
1.662400007248	0.000908832008
1.663999915123	0.001339824172
1.665599942207	0.001759200124
1.667199969292	0.001601552125
1.668799996376	0.000302176049
1.670399904251	0.002041648142
1.671999931335	0.003394816304
1.673599958420	0.000701648067
1.675199985504	0.000292240002
1.676800012589	0.000173536013
1.678399920464	0.003242400242
1.679999947548	0.001688496210
1.681599974632	0.001569152111
1.683200001717	0.003040832235
1.684799909592	-0.000277600047
1.686399936676	0.000295664038
1.687999963760	0.000670592068
1.689599990845	0.002111344133
1.691199898720	-0.000507264049
1.692799925804	-0.000116496034
1.694399952888	0.000722416036
1.695999979973	0.001428816118
1.697600007057	0.002279488137
1.699199914932	-0.000222896022
1.700799942017	0.001260112040
1.702399969101	0.000338992017
1.703999996185	0.000857072009
1.705599904060	0.000058528018
1.707199931145	0.001226224122
1.708799958229	0.001886336133
1.710399985313	0.001107360120
1.712000012398	0.000994048081
1.713599920273	0.002024160232
1.715199947357	0.002358384198
1.716799974442	0.002829760313
1.718400001526	-0.000119056029
1.719999909401	0.001415424049
1.721599936485	0.003328336170
1.723199963570	0.003108176170
1.724799990654	0.000395760057
1.726399898529	0.001861952129
1.727999925613	0.001387120108
1.729599952698	0.001217392157
1.731199979782	0.000075152013
1.732800006866	0.001509440131
1.734399914742	0.000037055983
1.735999941826	0.001337072114
1.737599968910	0.003450672142
1.739199995995	0.001307872124
1.740799903870	-0.001263312064
1.742399930954	0.000425776030
1.743999958038	0.000787696044
1.745599985123	0.001106400043
1.747200012207	0.001431488083
1.748799920082	0.000187648009
1.750399947166	0.001295808121
1.751999974251	0.002133104252
1.753600001335	0.001339648152
1.755199909210	0.002941536251
1.756799936295	-0.000298592029
1.758399963379	0.002656800207
1.759999990463	0.000494976062
1.761599898338	0.001177856117
1.763199925423	0.001750256168
1.764799952507	-0.000824208080
1.766399979591	0.002401088132
1.768000006676	0.000396912044
1.769599914551	0.001435184036
1.771199941635	-0.000341376028
1.772799968719	0.003663248383
1.774399995804	0.002085520187
1.775999903679	0.001323728007
1.777599930763	0.000492240011
1.779199957848	0.000697744079
1.780799984932	0.001904800069
1.782400012016	0.001221024082
1.783999919891	0.000333392032
1.785599946976	-0.000139359967
1.787199974060	-0.000005711999
1.788800001144	-0.000437631999
1.790399909019	0.000859296066
1.791999936104	0.002060768194
1.793599963188	0.002291808138
1.795199990273	-0.000470016006
1.796799898148	0.001191776013
1.798399925232	0.002639632206
1.799999952316	0.001692848164
1.801599979401	-0.000116592055
1.803200006485	-0.000687856111
1.804799914360	0.002610288095
1.806399941444	0.001688304124
1.807999968529	-0.000032656018
1.809599995613	0.001421104069
1.811199903488	0.000465872057
1.812799930573	0.002672768198
1.814399957657	0.000732832064
1.815999984741	-0.000852960104
1.817600011826	0.002116528107
1.819199919701	0.000643840060
1.820799946785	0.001007120125
1.822399973869	0.000874848105
1.824000000954	-0.000719952106
1.825599908829	0.001908784150
1.827199935913	0.001677648164
1.828799962997	0.001209344133
1.830399990082	-0.000258463988
1.831999897957	0.000581216067
1.833599925041	-0.001378032146
1.835199952126	0.002464672318
1.836799979210	0.000589280098
1.838400006294	0.000478528033
1.839999914169	0.002509952290
1.841599941254	0.000008128020
1.843199968338	0.002555792220
1.844799995422	-0.000267072028
1.846399903297	0.001164992107
1.847999930382	0.001538880169
1.849599957466	0.000132000030
1.851199984550	0.001345536090
1.852800011635	0.000791744096
1.854399919510	-0.000064544001
1.855999946594	0.000046191995
1.857599973679	0.000362576044
1.859200000763	0.001462048152
1.860799908638	0.000649632129
1.862399935722	0.000393711962
1.863999962807	0.001628496102
1.865599989891	0.000387871987
1.867199897766	0.001795360120
1.868799924850	0.001564096194
1.870399951935	0.000524896081
1.871999979019	-0.000740576070
1.873600006104	0.001969552133
1.875199913979	0.001001440105
1.876799941063	0.001791344257
1.878399968147	0.001113872044
1.879999995232	-0.000328848051
1.881599903107	0.000685200037
1.883199930191	0.001526352135
1.884799957275	0.001106272102
1.886399984360	0.000577984028
1.888000011444	0.000516688044
1.889599919319	-0.000146432008
1.891199946404	-0.000399472076
1.892799973488	0.002781056333
1.894400000572	0.001588816172
1.895999908447	-0.001356880064
1.897599935532	0.001055792090
1.899199962616	0.000807136064
1.900799989700	0.000368784036
1.902399897575	0.002689216286
1.903999924660	0.002240592148
1.905599951744	-0.000989184133
1.907199978828	-0.000651696057
1.908800005913	-0.000180064017
1.910399913788	0.000506304030
1.911999940872	0.001154688071
1.913599967957	0.001191567979
1.915199995041	-0.000463504053
1.916799902916	0.000566928065
1.918399930000	0.002201568102
1.919999957085	0.002125824103
1.921599984169	0.000510640035
1.923199892044	-0.001095312065
1.924799919128	0.000767488091
1.926399946213	-0.000622768130
1.927999973297	0.001371920109
1.929600000381	0.000832064019
1.931199908257	0.002094848081
1.932799935341	0.002290112199
1.934399962425	0.000287200033
1.935999989510	-0.000998416101
1.937599897385	0.000393984024
1.939199924469	0.001920992276
1.940799951553	0.002228624187
1.942399978638	-0.000046208010
1.944000005722	0.001396896085
1.945599913597	-0.000255424093
1.947199940681	0.001470960095
1.948799967766	0.002643280197
1.950399994850	0.000725984049
1.951999902725	0.000656800054
1.953599929810	0.001055008033
1.955199956894	0.000546912139
1.956799983978	0.002158368239
1.958399891853	-0.000723200093
1.959999918938	0.001507008099
1.961599946022	0.000519744004
1.963199973106	0.000327392074
1.964800000191	0.000431519991
1.966399908066	-0.000440096046
1.967999935150	0.001266112202
1.969599962234	0.001382192131
1.971199989319	0.001088992110
1.972799897194	0.002176608192
1.974399924278	0.000521200069
1.975999951363	0.001030560001
1.977599978447	0.000564080081
1.979200005531	0.002360592131
1.980799913406	-0.000445536047
1.982399940491	0.002219280228
1.983999967575	0.000537904038
1.985599994659	-0.000149216023
1.987199902534	0.002291408135
1.988799929619	0.001070496044
1.990399956703	0.000544304086
1.991999983788	-0.000423856050
1.993599891663	0.000666623993
1.995199918747	0.000415504095
1.996799945831	-0.001157760038
1.998399972916	0.002700256184
2.000000000000	0.000921584025
2.001600027084	-0.001764944172
2.003200054169	0.000240640016
2.004799842834	0.001705632079
2.006399869919	0.002198016271
2.007999897003	0.001434736070
2.009599924088	-0.001371792168
2.011199951172	0.000328720023
2.012799978256	0.000338880054
2.014400005341	0.000458240043
2.016000032425	0.001185728121
2.017600059509	0.002049568109
2.019199848175	-0.000105680054
2.020799875259	-0.000116544026
2.022399902344	0.001555696130
2.023999929428	0.001271824120
2.025599956512	-0.000114320050
2.027199983597	-0.001042304095
2.028800010681	0.000914272096
2.030400037766	0.002336416161
2.032000064850	-0.002638160251
2.033599853516	0.001600496122
2.035199880600	0.000604560075
2.036799907684	0.002115424257
2.038399934769	0.001097104046
2.039999961853	-0.000628352049
2.041599988937	0.000175695997
2.043200016022	-0.000277184008
2.044800043106	0.000559808046
2.046399831772	0.000484144024
2.047999858856	0.000526544056
2.049599885941	0.001436720137
2.051199913025	0.001080512069
2.052799940109	0.003751552198
2.054399967194	-0.000363056024
2.055999994278	-0.002301984234
2.057600021362	0.000811872073
2.059200048447	0.003285392188
2.060799837112	0.001900752191
2.062399864197	0.000307232025
2.063999891281	-0.000953184091
2.065599918365	0.000514912012
2.067199945450	0.001900128089
2.068799972534	0.003375504166
2.070399999619	-0.001500992104
2.072000026703	0.000426816026
2.073600053787	0.000255072024
2.075199842453	0.000365040032
2.076799869537	0.004070800263
2.078399896622	0.000755199988
2.079999923706	0.000242176000
2.081599950790	-0.001043936121
2.083199977875	-0.000383456063
2.084800004959	0.001433952129
2.086400032043	-0.000694432063
2.088000059128	0.003198080231
2.089599847794	-0.002476096153
2.091199874878	-0.001474080142
2.092799901962	0.002299072221
2.094399929047	0.001139792148
2.095999956131	0.001685696188
2.097599983215	0.000588736089
2.099200010300	0.000871936150
2.100800037384	0.000918512000
2.102400064468	0.000873328070
2.103999853134	0.001066400087
2.105599880219	-0.000726992032
2.107199907303	0.000606656075
2.108799934387	-0.000528560020
2.110399961472	-0.000168239974
2.111999988556	0.000442640041
2.113600015640	0.001168240095
2.115200042725	0.000204192052
2.116799831390	-0.000770080020
2.118399858475	0.003805040382
2.119999885559	0.001764304121
2.121599912643	0.002014448168
2.123199939728	0.000835760031
2.124799966812	-0.001130800112
2.126399993896	0.001123088063
2.128000020981	-0.000555824139
2.129600048065	-0.000740368036
2.131199836731	0.000684768078
2.132799863815	0.000047279947
2.134399890900	0.001063888078
2.135999917984	-0.000546240015
2.137599945068	0.000549184042
2.139199972153	0.001195952180
2.140799999237	0.000766000070
2.142400026321	0.001246944186
2.144000053406	0.000316543999
2.145599842072	-0.000438864052
2.147199869156	0.000505088072
2.148799896240	-0.000567856012
2.150399923325	0.000907168083
2.151999950409	-0.000282208028
2.153599977493	0.000417600037
2.155200004578	-0.000885904010
2.156800031662	0.000443056080
2.158400058746	0.001788640162
2.159999847412	-0.000867456081
2.161599874496	0.001356384135
2.163199901581	-0.000449104089
2.164799928665	-0.000448448031
2.166399955750	0.000613760029
2.167999982834	-0.002084528096
2.169600009918	0.001377008157
2.171200037003	-0.002256224165
2.172800064087	0.001743520144
2.174399852753	0.000619904022
2.175999879837	-0.000259600027
2.177599906921	0.001058336115
2.179199934006	-0.000614512071
2.180799961090	0.001231392031
2.182399988174	0.001052912092
2.184000015259	0.002586576389
2.185600042343	0.001000576071
2.187199831009	-0.000454960042
2.188799858093	0.001342608128
2.190399885178	-0.000134271992
2.191999912262	-0.001504800050
2.193599939346	-0.000233648054
2.195199966431	-0.000432367990
2.196799993515	0.001161408029
2.198400020599	0.001956400229
2.200000047684	-0.000299552077
2.201599836349	-0.001853248104
2.203199863434	0.001477952115
2.204799890518	0.001301152166
2.206399917603	-0.001588048181
2.207999944687	0.000408640073
2.209599971771	0.001276976196
2.211199998856	0.001611104119
2.212800025940	0.000252416037
2.214400053024	0.000558048079
2.215999841690	-0.001536912168
2.217599868774	-0.000165584002
2.219199895859	0.003485184396
2.220799922943	0.000532816048
2.222399950027	-0.002463728189
2.223999977112	0.002438127995
2.225600004196	0.000027920009
2.227200031281	0.001321408083
2.228800058365	-0.001386832097
2.230399847031	0.000302016007
2.231999874115	-0.002332432196
2.233599901199	0.001330720144
2.235199928284	0.002446976257
2.236799955368	-0.000948720088
2.238399982452	0.000038655940
2.240000009537	-0.000228496021
2.241600036621	-0.000898464117
2.243199825287	0.001749568153
2.244799852371	-0.000312224001
2.246399879456	-0.001245440100
2.247999906540	-0.002490848070
2.249599933624	0.003163168207
2.251199960709	0.001136928098
2.252799987793	-0.001287680119
2.254400014877	0.001873856178
2.256000041962	-0.002287760144
2.257599830627	-0.002152912086
2.259199857712	0.002986032283
2.260799884796	0.001999408239
2.262399911880	-0.000257520005
2.263999938965	-0.000536832027
2.265599966049	0.000232768012
2.267199993134	-0.000481408089
2.268800020218	-0.000933440111
2.270400047302	-0.000118144038
2.271999835968	-0.002940496197
2.273599863052	0.000024144030
2.275199890137	0.001281552133
2.276799917221	-0.001874224166
2.278399944305	0.000832736026
2.279999971390	0.000033888020
2.281599998474	0.001033296110
2.283200025558	-0.000325600005
2.284800052643	0.000509247999
2.286399841309	-0.000049312039
2.287999868393	-0.002129424131
2.289599895477	-0.000741296099
2.291199922562	0.000018671968
2.292799949646	-0.001355696120
2.294399976730	-0.001276736148
2.296000003815	0.000789536047
2.297600030899	-0.000100831996
2.299200057983	0.000322208100
2.300799846649	0.002122624312
2.302399873734	-0.001637968118
2.303999900818	-0.001217504148
2.305599927902	0.001485008048
2.307199954987	-0.001074208063
2.308799982071	0.000654112024
2.310400009155	-0.001987008145
2.312000036240	-0.000136128030
2.313599824905	-0.001502480125
2.315199851990	0.000889936055
2.316799879074	0.002484368160
2.318399906158	-0.000140128002
2.319999933243	-0.000179248033
2.321599960327	0.000541568035
2.323199987411	0.001997856190
2.324800014496	0.001187392161
2.326400041580	0.001661808114
2.327999830246	-0.002886256203
2.329599857330	0.001121312031
2.331199884415	0.001276208088
2.332799911499	0.000299743988
2.334399938583	-0.002570848214
2.335999965668	0.001405616058
2.337599992752	-0.001870528213
2.339200019836	-0.000496544002
2.340800046921	0.001427168027
2.342399835587	0.001119680121
2.343999862671	-0.001202000072
2.345599889755	0.001688912162
2.347199916840	-0.000072064002
2.348799943924	-0.002164576203
2.350399971008	0.002369168214
2.351999998093	0.000663248065
2.353600025177	-0.001068112091
2.355200052261	-0.000941040053
2.356799840927	-0.000209424019
2.358399868011	-0.000448944047
2.359999895096	0.000891024072
2.361599922180	-0.000266720017
2.363199949265	-0.000323232060
2.364799976349	-0.001849968219
2.366400003433	0.001827712171
2.368000030518	-0.002692928305
2.369600057602	0.001170400181
2.371199846268	-0.001865664148
2.372799873352	-0.001600304153
2.374399900436	-0.001990352059
2.375999927521	-0.000709615997
2.377599954605	0.000455904024
2.379199981689	-0.001524352119
2.380800008774	0.004670160357
2.382400035858	-0.000780832081
2.383999824524	-0.001191328163
2.385599851608	-0.000038143990
2.387199878693	-0.000378816010
2.388799905777	0.000414912007
2.390399932861	-0.000914976059
2.391999959946	0.003236352233
2.393599987030	-0.000872048084
2.395200014114	-0.002503984142
2.396800041199	0.001228720066
2.398399829865	0.001956528053
2.399999856949	0.000944576052
2.401599884033	-0.001744896173
2.403199911118	-0.000183984026
2.404799938202	0.001215744065
2.406399965286	0.000605136040
2.407999992371	0.000296992017
2.409600019455	-0.000332128024
2.411200046539	0.000925552158
2.412799835205	-0.001373872044
2.414399862289	0.000219631984
2.415999889374	0.001216304139
2.417599916458	-0.002419232158
2.419199943542	-0.001167824143
2.420799970627	-0.001068656100
2.422399997711	0.001601328142
2.424000024796	-0.000365615997
2.425600051880	-0.001438608160
2.427199840546	0.000719616073
2.428799867630	-0.001362784067
2.430399894714	-0.000607184076
2.431999921799	-0.000510592014
2.433599948883	-0.000761792064
2.435199975967	-0.001087248093
2.436800003052	-0.000111999987
2.438400030136	-0.001622736105
2.440000057220	-0.001301744138
2.441599845886	-0.000853456091
2.443199872971	0.000356032047
2.444799900055	-0.000132816029
2.446399927139	-0.000174207991
2.447999954224	-0.000704464037
2.449599981308	0.000186832011
2.451200008392	0.000590720098
2.452800035477	0.000489408034
2.454399824142	0.000386495987
2.455999851227	-0.001622256124
2.457599878311	-0.000599247986
2.459199905396	-0.002798384288
2.460799932480	-0.000333792006
2.462399959564	-0.000455312082
2.463999986649	-0.000663120067
2.465600013733	0.000316208083
2.467200040817	0.000487600046
2.468799829483	-0.000851872028
2.470399856567	-0.001884000143
2.471999883652	-0.001780128106
2.473599910736	0.002559840214
2.475199937820	-0.002117440104
2.476799964905	-0.001153008081
2.478399991989	-0.000533024082
2.480000019073	-0.000985840103
2.481600046158	0.000109568013
2.483199834824	0.001023568097
2.484799861908	-0.003355680266
2.486399888992	0.000336480036
2.487999916077	0.000848992087
2.489599943161	0.000377392047
2.491199970245	0.000709200103
2.492799997330	-0.001007056097
2.494400024414	-0.000668592053
2.496000051498	0.000813152117
2.497599840164	-0.000446608057
2.499199867249	-0.002604208188
2.500799894333	0.000173184002
2.502399921417	0.000733184046
2.503999948502	-0.000564336020
2.505599975586	-0.002105952241
2.507200002670	0.002675696276
2.508800029755	-0.000652000075
2.510399818420	-0.000045999990
2.511999845505	-0.000685648120
2.513599872589	0.000380368001
2.515199899673	-0.000473296037
2.516799926758	0.000536736043
2.518399953842	0.000026752010
2.519999980927	-0.000565296097
2.521600008011	0.000024527957
2.523200035095	-0.000301552005
2.524799823761	-0.000024944020
2.526399850845	0.000022815979
2.527999877930	-0.001483232132
2.529599905014	0.000510176003
2.531199932098	-0.001834880211
2.532799959183	0.003518464277
2.534399986267	-0.000886304071
2.536000013351	-0.004250768572
2.537600040436	-0.000181696028
2.539199829102	-0.001554544200
2.540799856186	0.001629184117
2.542399883270	-0.001602128148
2.543999910355	-0.002737968229
2.545599937439	-0.001458224142
2.547199964523	0.002227712190
2.548799991608	0.000058991965
2.550400018692	-0.001702800160
2.552000045776	-0.001321904128
2.553599834442	-0.000875408063
2.555199861526	-0.001706768177
2.556799888611	0.000998816104
2.558399915695	-0.001769824186
2.559999942780	-0.000037376005
2.561599969864	-0.001480512088
2.563199996948	0.000101888014
2.564800024033	-0.001913456130
2.566400051117	-0.001640096074
2.567999839783	-0.000781600073
2.569599866867	-0.001956352266
2.571199893951	0.002039488172
2.572799921036	0.000469344057
2.574399948120	-0.002842112212
2.575999975204	-0.001206848072
2.577600002289	-0.000483600044
2.579200029373	-0.000749488070
2.580799818039	-0.000483920099
2.582399845123	-0.002131728223
2.583999872208	0.001041136100
2.585599899292	-0.002813872183
2.587199926376	0.000389712048
2.588799953461	-0.001257504104
2.590399980545	-0.000626864086
2.592000007629	-0.000134672024
2.593600034714	-0.002010496100
2.595199823380	-0.000816224026
2.596799850464	0.000299984036
2.598399877548	-0.002625792287
2.599999904633	-0.000113312031
2.601599931717	-0.002508496167
2.603199958801	-0.002539424226
2.604799985886	-0.001472080126
2.606400012970	-0.001424576039
2.608000040054	-0.000320271996
2.609599828720	-0.000843008049
2.611199855804	0.000505536038
2.612799882889	-0.000700672041
2.614399909973	-0.001957952278
2.615999937057	-0.000983920065
2.617599964142	0.000336832018
2.619199991226	-0.001569936168
2.620800018311	-0.001276912051
2.622400045395	0.000263408059
2.623999834061	-0.001594192116
2.625599861145	-0.000544272130
2.627199888229	0.000420559983
2.628799915314	-0.002463264158
2.630399942398	0.000246048003
2.631999969482	-0.001391888130
2.633599996567	-0.002002384048
2.635200023651	0.000809392019
2.636800050735	-0.000588160125
2.638399839401	0.001155008096
2.639999866486	0.000502816052
2.641599893570	-0.000430080050
2.643199920654	-0.000363184023
2.644799947739	-0.002027008217
2.646399974823	-0.000410256005
2.648000001907	-0.002555888146
2.649600028992	-0.002886896254
2.651199817657	-0.000725312100
2.652799844742	-0.000142064033
2.654399871826	-0.001187712071
2.655999898911	0.001294784131
2.657599925995	-0.000417104020
2.659199953079	-0.000145792059
2.660799980164	-0.001716624247
2.662400007248	0.000125951978
2.664000034332	-0.000948720088
2.665599822998	-0.001639984082
2.667199850082	-0.000988896121
2.668799877167	-0.001993728103
2.670399904251	-0.001533088158
2.671999931335	-0.000249152014
2.673599958420	0.000619679980
2.675199985504	-0.003396848217
2.676800012589	-0.000993200112
2.678400039673	-0.001115248073
2.679999828339	-0.001816880191
2.681599855423	0.000037647951
2.683199882507	0.000625376066
2.684799909592	-0.001815744210
2.686399936676	-0.003635456320
2.687999963760	-0.001388320117
2.689599990845	0.000026591988
2.691200017929	0.000256096013
2.692800045013	-0.001521920087
2.694399833679	-0.001652672188
2.695999860764	-0.001645856188
2.697599887848	0.001569808112
2.699199914932	0.000042143976
2.700799942017	-0.001153328107
2.702399969101	-0.003143344307
2.703999996185	-0.001483296161
2.705600023270	-0.000841920089
2.707200050354	-0.000773472129
2.708799839020	0.000856800063
2.710399866104	-0.002885728143
2.711999893188	-0.001623904100
2.713599920273	0.001504208078
2.715199947357	-0.001582480152
2.716799974442	-0.000099263969
2.718400001526	-0.002694976283
2.720000028610	0.000229184050
2.721599817276	-0.002063376131
2.723199844360	0.001580464072
2.724799871445	-0.002892208286
2.726399898529	-0.002073888201
2.727999925613	0.000907728099
2.729599952698	-0.001248304150
2.731199979782	-0.001444608090
2.732800006866	-0.001337920083
2.734400033951	-0.001243280130
2.735999822617	-0.000531808066
2.737599849701	-0.001373184146
2.739199876785	-0.003178864252
2.740799903870	-0.000477536028
2.742399930954	-0.000698288088
2.743999958038	-0.000424208032
2.745599985123	-0.001127248164
2.747200012207	-0.000483296055
2.748800039291	-0.000358016026
2.750399827957	-0.002558192238
2.751999855042	-0.004692016169
2.753599882126	-0.002047360176
2.755199909210	-0.000184592020
2.756799936295	0.000449712039
2.758399963379	-0.003626960330
2.759999990463	-0.002753024222
2.761600017548	-0.002464464167
2.763200044632	0.000356256001
2.764799833298	-0.000426240033
2.766399860382	-0.000471360050
2.767999887466	-0.001967232209
2.769599914551	-0.003385392250
2.771199941635	-0.000677776057
2.772799968719	0.001179376151
2.774399995804	-0.001811376191
2.776000022888	-0.002147088293
2.777599811554	0.000050991985
2.779199838638	-0.002353760181
2.780799865723	-0.001495120116
2.782399892807	-0.001803920255
2.783999919891	-0.001758176135
2.785599946976	-0.000167648046
2.787199974060	0.001154640107
2.788800001144	-0.002005264163
2.790400028229	-0.000391296053
2.791999816895	-0.000014511996
2.793599843979	-0.001179744024
2.795199871063	-0.000234736028
2.796799898148	-0.000647824083
2.798399925232	-0.001309808111
2.799999952316	-0.003507952206
2.801599979401	-0.001442384091
2.803200006485	-0.000612896052
2.804800033569	-0.001938400208
2.806399822235	-0.000564544054
2.807999849319	-0.001483824104
2.809599876404	-0.002207424259
2.811199903488	-0.000121648001
2.812799930573	0.001147760078
2.814399957657	-0.003381712362
2.815999984741	-0.003635424422
2.817600011826	-0.000053167965
2.819200038910	-0.004360848572
2.820799827576	-0.000126464060
2.822399854660	-0.001650800114
2.823999881744	-0.003509456292
2.825599908829	-0.002282944275
2.827199935913	-0.000192896012
2.828799962997	0.000512560073
2.830399990082	-0.001994048245
2.832000017166	-0.002307456220
2.833600044250	-0.001557712094
2.835199832916	-0.001827424159
2.836799860001	0.000954576069
2.838399887085	-0.002256192267
2.839999914169	-0.000901824096
2.841599941254	-0.001689728117
2.843199968338	0.000451328000
2.844799995422	-0.001554944087
2.846400022507	-0.000238128006
2.847999811172	0.002340096049
2.849599838257	-0.001186928130
2.851199865341	-0.001979472116
2.852799892426	-0.000088688008
2.854399919510	-0.001260992140
2.855999946594	-0.001474944176
2.857599973679	-0.000949872076
2.859200000763	-0.002876096172
2.860800027847	-0.001481824089
2.862399816513	0.002497264184
2.863999843597	-0.000255696010
2.865599870682	-0.003038800322
2.867199897766	-0.000289135991
2.868799924850	-0.001874576090
2.870399951935	-0.000079584039
2.871999979019	-0.000273072044
2.873600006104	-0.000831216050
2.875200033188	-0.002532768063
2.876799821854	-0.000740848074
2.878399848938	-0.001359984162
2.879999876022	-0.001715104096
2.881599903107	0.000174607980
2.883199930191	-0.003171264194
2.884799957275	-0.002660976257
2.886399984360	-0.001841008198
2.888000011444	-0.000973936112
2.889600038528	-0.002603760222
2.891199827194	-0.001484256121
2.892799854279	-0.001134736114
2.894399881363	0.000575584068
2.895999908447	-0.002705632243
2.897599935532	-0.000227471988
2.899199962616	-0.002455680165
2.900799989700	-0.002293664031
2.902400016785	-0.002180576092
2.904000043869	-0.000889088085
2.905599832535	-0.001596672111
2.907199859619	-0.000503680028
2.908799886703	-0.000396032061
2.910399913788	-0.003658624366
2.911999940872	-0.002342512365
2.913599967957	-0.001218784135
2.915199995041	-0.001839984092
2.916800022125	-0.001944816089
2.918399810791	-0.001865024096
2.919999837875	-0.003929104190
2.921599864960	-0.002206208184
2.923199892044	0.000577712024
2.924799919128	-0.002162528224
2.926399946213	-0.002543712268
2.927999973297	-0.001083920128
2.929600000381	-0.002919264371
2.931200027466	-0.000875168073
2.932799816132	0.000187136000
2.934399843216	-0.001289664186
2.935999870300	-0.001979200169
2.937599897385	-0.003611840308
2.939199924469	-0.001123712049
2.940799951553	-0.001599696116
2.942399978638	-0.000725488004
2.944000005722	0.000676016090
2.945600032806	-0.002104128245
2.947199821472	-0.002090448281
2.948799848557	-0.002141328296
2.950399875641	-0.001311008120
2.951999902725	0.000211760038
2.953599929810	-0.000174975983
2.955199956894	-0.004263936542
2.956799983978	-0.001579008182
2.958400011063	-0.000641264080
2.960000038147	-0.002108048182
2.961599826813	-0.001582160126
2.963199853897	-0.000696416071
2.964799880981	-0.001397360116
2.966399908066	-0.002450912260
2.967999935150	-0.000247808028
2.969599962234	0.000624224020
2.971199989319	-0.003549056360
2.972800016403	-0.001350224018
2.974400043488	0.000203472009
2.975999832153	-0.001669920166
2.977599859238	0.001521600061
2.979199886322	-0.000586352078
2.980799913406	-0.003578736214
2.982399940491	-0.003443888389
2.983999967575	0.000304256042
2.985599994659	-0.003370080376
2.987200021744	0.000281904067
2.988799810410	-0.001609888161
2.990399837494	-0.002881504362
2.991999864578	-0.001667536213
2.993599891663	-0.002644144231
2.995199918747	0.000269071985
2.996799945831	-0.002238384215
2.998399972916	-0.000160320036
3.000000000000	0.000496192079
3.001600027084	-0.004688800313
3.003199815750	0.000295855978
3.004799842834	-0.002116000280
3.006399869919	-0.001369136153
3.007999897003	-0.001096016145
3.009599924088	-0.003557440359
3.011199951172	-0.002869824413
3.012799978256	-0.002174224239
3.014400005341	0.003367216326
3.016000032425	-0.001676128129
3.017599821091	-0.001850896049
3.019199848175	-0.002836112166
3.020799875259	-0.002878720174
3.022399902344	-0.000815536070
3.023999929428	-0.000530736055
3.025599956512	0.000253295962
3.027199983597	-0.000463216042
3.028800010681	-0.002218256239
3.030400037766	-0.002264560200
3.031999826431	-0.004218768328
3.033599853516	0.001462160144
3.035199880600	0.000390576053
3.036799907684	-0.002494176151
3.038399934769	-0.001035104040
3.039999961853	-0.001765616122
3.041599988937	-0.000781216077
3.043200016022	-0.000234079969
3.044799804687	-0.002063056221
3.046399831772	-0.001883472200
3.047999858856	-0.002659888240
3.049599885941	0.000932848081
3.051199913025	-0.000852848112
3.052799940109	-0.000434304035
3.054399967194	-0.000161904027
3.055999994278	-0.004153888207
3.057600021362	-0.000158064009
3.059199810028	-0.000961216108
3.060799837112	-0.003197840182
3.062399864197	-0.003302464262
3.063999891281	-0.003036960261
3.065599918365	-0.001526016160
3.067199945450	-0.002137408126
3.068799972534	-0.001820144127
3.070399999619	-0.000348783971
3.072000026703	-0.000457120070
3.073599815369	-0.002700480167
3.075199842453	-0.002084720181
3.076799869537	-0.000263200054
3.078399896622	0.001725440146
3.079999923706	-0.000272864068
3.081599950790	-0.002272688318
3.083199977875	-0.002498528222
3.084800004959	-0.001158304163
3.086400032043	-0.000520047965
3.087999820709	-0.001471760101
3.089599847794	-0.002470976207
3.091199874878	-0.001691216137
3.092799901962	-0.000015055933
3.094399929047	-0.000628048147
3.095999956131	-0.002821840346
3.097599983215	-0.000253200007
3.099200010300	-0.002928928239
3.100800037384	-0.000788320031
3.102399826050	-0.002292128280
3.103999853134	-0.000717360061
3.105599880219	-0.001895344234
3.107199907303	-0.001594016096
3.108799934387	-0.001273712143
3.110399961472	-0.002398768207
3.111999988556	-0.001191760181
3.113600015640	-0.002903184388
3.115199804306	0.000043088014
3.116799831390	-0.000560112006
3.118399858475	-0.002842704300
3.119999885559	-0.002065840177
3.121599912643	-0.000617136073
3.123199939728	0.000153519955
3.124799966812	-0.002470400184
3.126399993896	-0.003484464251
3.128000020981	-0.002712608315
3.129599809647	-0.002905184170
3.131199836731	0.000250064011
3.132799863815	-0.001930992119
3.134399890900	-0.001270240056
3.135999917984	0.000375168020
3.137599945068	-0.003196736332
3.139199972153	0.001995712053
3.140799999237	-0.001379056135
3.142400026321	-0.003192560282
3.143999814987	-0.003861216363
3.145599842072	-0.002158912132
3.147199869156	-0.000377856020
3.148799896240	-0.002688928274
3.150399923325	-0.000323711982
3.151999950409	-0.000467808044
3.153599977493	-0.002681280253
3.155200004578	-0.001785712200
3.156800031662	0.000907744106
3.158399820328	-0.000943664054
3.159999847412	-0.000596496044
3.161599874496	-0.002982800128
3.163199901581	-0.003493712284
3.164799928665	-0.003908176441
3.166399955750	-0.002255904255
3.167999982834	0.000740896096
3.169600009918	-0.002490208251
3.171200037003	-0.003373856191
3.172799825668	-0.005366560537
3.174399852753	-0.002935328288
3.175999879837	-0.000743392156
3.177599906921	0.001991600264
3.179199934006	-0.002082560211
3.180799961090	-0.003555920441
3.182399988174	-0.004857280292
3.184000015259	-0.002786192345
3.185599803925	-0.000809088000
3.187199831009	-0.000907296140
3.188799858093	-0.004220288247
3.190399885178	-0.003808560316
3.191999912262	-0.002520496259
3.193599939346	-0.002837360371
3.195199966431	-0.001052896143
3.196799993515	-0.002705488121
3.198400020599	-0.002928848146
3.199999809265	-0.001547264168
3.201599836349	-0.003084368305
3.203199863434	-0.000674784067
3.204799890518	-0.001434400212
3.206399917603	-0.002457648283
3.207999944687	-0.002651104238
3.209599971771	-0.003888688283
3.211199998856	-0.002113920171
3.212800025940	-0.002848128323
3.214399814606	0.000150911990
3.215999841690	-0.000404272083
3.217599868774	-0.004971200600
3.219199895859	-0.003913712222
3.220799922943	0.000330031937
3.222399950027	-0.000999504002
3.223999977112	-0.002485568170
3.225600004196	-0.002870480297
3.227200031281	-0.002380192280
3.228799819946	-0.001441552071
3.230399847031	-0.001789120142
3.231999874115	-0.001278320095
3.233599901199	-0.001662336173
3.235199928284	-0.003558800323
3.236799955368	-0.003595808288
3.238399982452	-0.000841920148
3.240000009537	-0.001813136158
3.241600036621	-0.004391488153
3.243199825287	-0.003174416255
3.244799852371	-0.001796944183
3.246399879456	-0.001680320245
3.247999906540	-0.002037248109
3.249599933624	-0.001221808139
3.251199960709	-0.003066144185
3.252799987793	-0.001983776223
3.254400014877	-0.003491776297
3.255999803543	-0.003254528390
3.257599830627	-0.001100224094
3.259199857712	-0.001851696172
3.260799884796	0.000330095994
3.262399911880	-0.002473216271
3.263999938965	-0.002655664226
3.265599966049	-0.000778720132
3.267199993134	0.000249295961
3.268800020218	-0.000571359997
3.270399808884	-0.001518432167
3.271999835968	-0.001104400028
3.273599863052	-0.003122128313
3.275199890137	-0.002995552262
3.276799917221	-0.003297808347
3.278399944305	-0.001004720107
3.279999971390	-0.004023584537
3.281599998474	-0.002395232208
3.283200025558	-0.002539520152
3.284799814224	-0.002866352210
3.286399841309	-0.001469776151
3.287999868393	0.001312096138
3.289599895477	-0.003508640220
3.291199922562	-0.001175248181
3.292799949646	-0.003349824343
3.294399976730	-0.002503568307
3.296000003815	-0.003897904418
3.297600030899	-0.000652576040
3.299199819565	-0.003047840204
3.300799846649	-0.001298223971
3.302399873734	-0.003462528344
3.303999900818	-0.001330528059
3.305599927902	-0.003894816386
3.307199954987	-0.001641504117
3.308799982071	-0.003719568253
3.310400009155	-0.003757408354
3.311999797821	-0.000063599975
3.313599824905	-0.003517696168
3.315199851990	-0.004545408301
3.316799879074	-0.003695424413
3.318399906158	-0.002839424182
3.319999933243	-0.004021904431
3.321599960327	-0.000775920111
3.323199987411	-0.002790736267
3.324800014496	-0.004855840467
3.326399803162	-0.001288640080
3.327999830246	-0.002257136162
3.329599857330	-0.001912208158
3.331199884415	-0.001652976149
3.332799911499	-0.002049744129
3.334399938583	-0.002403536113
3.335999965668	-0.002783984179
3.337599992752	-0.000986592146
3.339200019836	-0.002993200207
3.340799808502	-0.002246384276
3.342399835587	-0.002038704231
3.343999862671	-0.002681280253
3.345599889755	-0.004088064190
3.347199916840	-0.000900432060
3.348799943924	-0.002126032254
3.350399971008	-0.001734624151
3.351999998093	-0.003463392146
3.353600025177	-0.004137056414
3.355199813843	-0.001534464071
3.356799840927	-0.002476160182
3.358399868011	-0.003574496368
3.359999895096	-0.004391424358
3.361599922180	-0.002876480110
3.363199949265	-0.001493616146
3.364799976349	-0.002328288276
3.366400003433	-0.001910624211
3.368000030518	-0.001269440167
3.369599819183	-0.002228112193
3.371199846268	-0.002420064295
3.372799873352	-0.002829728182
3.374399900436	-0.002658224199
3.375999927521	-0.002022304107
3.377599954605	-0.002076336183
3.379199981689	-0.004342272412
3.380800008774	-0.003589216387
3.382399797440	-0.001381936134
3.383999824524	-0.000311104086
3.385599851608	-0.002000384266
3.387199878693	-0.004589776509
3.388799905777	-0.002350000199
3.390399932861	-0.002447024221
3.391999959946	0.000266047980
3.393599987030	-0.001094592153
3.395200014114	-0.005727472715
3.396799802780	-0.002176576061
3.398399829865	-0.002602768131
3.399999856949	-0.001566016115
3.401599884033	-0.001165232039
3.403199911118	-0.002975600306
3.404799938202	-0.002352640033
3.406399965286	-0.003580240300
3.407999992371	-0.000166608021
3.409600019455	-0.001017856062
3.411199808121	-0.001374304178
3.412799835205	-0.003175376216
3.414399862289	-0.004932016600
3.415999889374	0.000961600046
3.417599916458	-0.002562496345
3.419199943542	-0.002650928218
3.420799970627	-0.003316512331
3.422399997711	-0.003574048402
3.424000024796	-0.002385808155
3.425599813461	-0.003347104182
3.427199840546	-0.001592912129
3.428799867630	-0.002979600104
3.430399894714	-0.003287632251
3.431999921799	-0.002410160145
3.433599948883	-0.005348768551
3.435199975967	-0.003186272224
3.436800003052	-0.002281904221
3.438400030136	-0.002058960265
3.439999818802	-0.000829472090
3.441599845886	-0.002878528321
3.443199872971	-0.005882896483
3.444799900055	-0.003961616196
3.446399927139	-0.000745984085
3.447999954224	-0.001834352151
3.449599981308	-0.003708368400
3.451200008392	0.001784032211
