0.000000000000	0.007895344868
0.001599999960	0.008707456291
0.003199999919	0.008906528354
0.004799999762	0.007413728628
0.006399999838	0.008184689097
0.007999999449	0.006608096417
0.009599999525	0.007360784803
0.011199999601	0.008177424781
0.012799999677	0.008575888351
0.014399999753	0.007883712649
0.015999998897	0.008876048960
0.017599999905	0.008353408426
0.019199999049	0.007766656578
0.020800000057	0.006679152604
0.022399999201	0.007776320446
0.024000000209	0.006188272499
0.025599999353	0.007266592700
0.027199998498	0.008332224563
0.028799999505	0.006364912260
0.030399998650	0.006542160641
0.031999997795	0.007032432593
0.033599998802	0.007215200458
0.035199999809	0.006589424331
0.036800000817	0.006088960450
0.038399998099	0.006140192505
0.039999999106	0.005991328508
0.041600000113	0.006359296385
0.043199997395	0.007005824707
0.044799998403	0.006568864454
0.046399999410	0.007028304506
0.048000000417	0.007379344665
0.049599997699	0.006358256564
0.051199998707	0.006439744495
0.052799999714	0.005834320560
0.054399996996	0.006082496606
0.055999998003	0.006869712379
0.057599999011	0.005409536418
0.059200000018	0.006382880267
0.060799997300	0.007405872457
0.062399998307	0.004210496321
0.063999995589	0.006450432353
0.065600000322	0.006047008559
0.067199997604	0.006248512305
0.068799994886	0.005617632531
0.070399999619	0.004514720291
0.071999996901	0.005816592369
0.073600001633	0.006139552686
0.075199998915	0.005745024420
0.076799996197	0.006006352603
0.078400000930	0.006635536440
0.079999998212	0.006107696332
0.081599995494	0.005855072290
0.083200000226	0.004749744199
0.084799997509	0.005031760316
0.086399994791	0.006217504386
0.087999999523	0.004658784252
0.089599996805	0.005094176624
0.091199994087	0.006185024511
0.092799998820	0.004880496301
0.094399996102	0.005158208311
0.096000000834	0.003891840344
0.097599998116	0.004969616421
0.099199995399	0.006384592503
0.100800000131	0.003751744283
0.102399997413	0.005195216276
0.103999994695	0.003785776207
0.105599999428	0.005116688553
0.107199996710	0.004884768277
0.108799993992	0.003850368317
0.110399998724	0.004795312416
0.111999996006	0.005471456330
0.113600000739	0.004873424303
0.115199998021	0.003788400441
0.116799995303	0.003073008265
0.118400000036	0.006051360629
0.119999997318	0.006128448527
0.121599994600	0.003627056256
0.123199999332	0.005494736601
0.124799996614	0.005260000471
0.126399993896	0.004183552228
0.127999991179	0.004722160287
0.129600003362	0.005198384635
0.131200000644	0.006464896724
0.132799997926	0.005717648659
0.134399995208	0.004290496465
0.135999992490	0.005306384526
0.137599989772	0.005316304509
0.139200001955	0.004394416232
0.140799999237	0.004651232157
0.142399996519	0.003529680427
0.143999993801	0.004647072405
0.145599991083	0.003984368406
0.147200003266	0.003433888312
0.148800000548	0.004195712507
0.150399997830	0.006062224507
0.151999995112	0.004465280566
0.153599992394	0.004034832120
0.155199989676	0.003594768234
0.156800001860	0.005479200277
0.158399999142	0.003474048339
0.159999996424	0.004239184316
0.161599993706	0.004344496410
0.163199990988	0.003837600350
0.164800003171	0.005786192603
0.166400000453	0.004333008546
0.167999997735	0.004090352450
0.169599995017	0.004180096556
0.171199992299	0.005498608574
0.172799989581	0.004403184168
0.174400001764	0.002575696213
0.175999999046	0.003921424504
0.177599996328	0.005347024649
0.179199993610	0.003889968386
0.180799990892	0.002651152201
0.182399988174	0.004657472484
0.184000000358	0.004336512182
0.185599997640	0.001586320112
0.187199994922	0.004819664638
0.188799992204	0.005040560383
0.190399989486	0.004185152240
0.192000001669	0.004409184214
0.193599998951	0.003896752372
0.195199996233	0.006037728395
0.196799993515	0.004304400180
0.198399990797	0.002509600250
0.199999988079	0.004943888169
0.201600000262	0.003829776309
0.203199997544	0.004836464301
0.204799994826	0.003369152313
0.206399992108	0.004136992153
0.207999989390	0.004523632582
0.209600001574	0.005154640414
0.211199998856	0.004221072420
0.212799996138	0.003171600169
0.214399993420	0.002878880128
0.215999990702	0.004429264460
0.217599987984	0.003960384522
0.219200000167	0.004001232330
0.220799997449	0.004835664295
0.222399994731	0.004847872537
0.223999992013	0.002755136229
0.225599989295	0.003813968273
0.227200001478	0.004294384271
0.228799998760	0.004921392538
0.230399996042	0.003938304260
0.231999993324	0.003667760408
0.233599990606	0.004116960336
0.235199987888	0.003254896263
0.236800000072	0.004684304353
0.238399997354	0.003697104286
0.239999994636	0.002564016264
0.241599991918	0.004474128596
0.243199989200	0.003812624374
0.244799986482	0.002198096132
0.246399998665	0.004686336499
0.247999995947	0.003709456185
0.249599993229	0.004402000457
0.251199990511	0.003738496220
0.252799987793	0.003048320301
0.254399985075	0.003699328285
0.255999982357	0.003744960297
0.257599979639	0.002850800287
0.259200006723	0.005281632300
0.260800004005	0.003748720279
0.262400001287	0.002978960285
0.263999998569	0.004321408458
0.265599995852	0.003968576435
0.267199993134	0.005101408344
0.268799990416	0.003916112240
0.270399987698	0.003037472256
0.271999984980	0.004042080138
0.273599982262	0.003425376257
0.275199979544	0.003820704296
0.276800006628	0.004370336421
0.278400003910	0.004095024429
0.280000001192	0.003172096331
0.281599998474	0.003531312337
0.283199995756	0.002044096123
0.284799993038	0.004816864617
0.286399990320	0.002264816081
0.287999987602	0.003028336214
0.289599984884	0.004573552404
0.291199982166	0.004222064279
0.292799979448	0.004122224171
0.294400006533	0.003706848249
0.296000003815	0.003821248421
0.297600001097	0.004747936502
0.299199998379	0.003953296226
0.300799995661	0.004492144566
0.302399992943	0.003530656220
0.303999990225	0.001389936078
0.305599987507	0.004539952613
0.307199984789	0.004723728169
0.308799982071	0.002715312177
0.310399979353	0.001951376093
0.312000006437	0.003313072259
0.313600003719	0.004248624202
0.315200001001	0.003635696135
0.316799998283	0.002501392271
0.318399995565	0.003817600431
0.319999992847	0.003197888145
0.321599990129	0.002860640176
0.323199987411	0.003033968154
0.324799984694	0.004179088399
0.326399981976	0.003744640388
0.327999979258	0.003040208248
0.329600006342	0.003627040191
0.331200003624	0.003234736156
0.332800000906	0.004070496187
0.334399998188	0.003604480298
0.335999995470	0.004728192464
0.337599992752	0.002790048253
0.339199990034	0.003704528324
0.340799987316	0.002490112092
0.342399984598	0.001784096123
0.343999981880	0.002937168116
0.345599979162	0.003366320161
0.347199976444	0.003520096187
0.348800003529	0.003469168209
0.350400000811	0.002803744283
0.351999998093	0.003036592156
0.353599995375	0.003038688330
0.355199992657	0.002365600318
0.356799989939	0.002794624306
0.358399987221	0.004772432614
0.359999984503	0.003706080373
0.361599981785	0.002357584191
0.363199979067	0.003287968226
0.364799976349	0.002704688115
0.366400003433	0.004794608336
0.368000000715	0.001875328133
0.369599997997	0.003737184219
0.371199995279	0.002956224140
0.372799992561	0.002897856291
0.374399989843	0.002370656235
0.375999987125	0.001872496214
0.377599984407	0.004257232416
0.379199981689	0.004012128338
0.380799978971	0.002391392132
0.382399976254	0.002730848268
0.384000003338	0.003092352301
0.385600000620	0.003510992276
0.387199997902	0.002753760200
0.388799995184	0.003467456205
0.390399992466	0.004699504469
0.391999989748	0.003298704280
0.393599987030	0.002341952175
0.395199984312	0.003296480281
0.396799981594	0.003429744160
0.398399978876	0.004075152334
0.399999976158	0.002644960303
0.401600003242	0.003659152426
0.403200000525	0.005528784357
0.404799997807	0.003346544225
0.406399995089	0.002734208247
0.407999992371	0.004391152412
0.409599989653	0.002246048301
0.411199986935	0.004452032503
0.412799984217	0.004822160583
0.414399981499	0.003542736406
0.415999978781	0.004487056285
0.417599976063	0.003395344364
0.419200003147	0.002396528143
0.420800000429	0.002216064138
0.422399997711	0.004781792406
0.423999994993	0.003651968203
0.425599992275	0.002577168169
0.427199989557	0.002166384133
0.428799986839	0.003431392368
0.430399984121	0.002509984188
0.431999981403	0.004373168573
0.433599978685	0.003020720324
0.435199975967	0.002904544352
0.436800003052	0.004318976309
0.438400000334	0.003036080161
0.439999997616	0.004274176434
0.441599994898	0.003519120160
0.443199992180	0.002817040309
0.444799989462	0.004226816352
0.446399986744	0.002897248371
0.447999984026	0.003353504231
0.449599981308	0.003453920363
0.451199978590	0.003144672140
0.452799975872	0.003263840219
0.454400002956	0.002195648151
0.456000000238	0.004495008383
0.457599997520	0.002305072267
0.459199994802	0.002643920248
0.460799992085	0.002497760113
0.462399989367	0.003260720288
0.463999986649	0.004242960364
0.465599983931	0.003321504220
0.467199981213	0.003575616283
0.468799978495	0.003300288226
0.470399975777	0.002501456300
0.472000002861	0.003544944339
0.473600000143	0.003428032389
0.475199997425	0.003151168348
0.476799994707	0.002441216260
0.478399991989	0.002782304306
0.479999989271	0.002791168168
0.481599986553	0.003862064332
0.483199983835	0.003665120341
0.484799981117	0.001639248105
0.486399978399	0.003564256243
0.487999975681	0.004155504517
0.489599972963	0.002426688327
0.491200000048	0.002779536182
0.492799997330	0.002475968096
0.494399994612	0.002000144217
0.495999991894	0.003112624167
0.497599989176	0.003387728240
0.499199986458	0.004048080184
0.500800013542	0.005064816214
0.502399981022	0.002459088340
0.504000008106	0.004016448278
0.505599975586	0.002540208166
0.507200002670	0.003020784352
0.508799970150	0.004096864257
0.510399997234	0.002585248090
0.511999964714	0.002025968162
0.513599991798	0.004490032326
0.515199959278	0.002577328123
0.516799986362	0.003393776249
0.518400013447	0.003099280177
0.519999980927	0.002277520252
0.521600008011	0.003865408245
0.523199975491	0.002035120269
0.524800002575	0.003461488290
0.526399970055	0.002701568184
0.527999997139	0.002333280165
0.529599964619	0.002813280094
0.531199991703	0.003596656257
0.532799959183	0.002936848206
0.534399986267	0.003166592214
0.536000013351	0.003026784165
0.537599980831	0.003568992252
0.539200007915	0.003467936302
0.540799975395	0.002743088175
0.542400002480	0.004092608113
0.543999969959	0.002057552105
0.545599997044	0.003808976384
0.547199964523	0.004819552414
0.548799991608	0.002502144314
0.550399959087	0.001851840178
0.551999986172	0.004024400376
0.553600013256	0.003229936352
0.555199980736	0.002764240140
0.556800007820	0.002477248199
0.558399975300	0.002448816318
0.560000002384	0.003691616235
0.561599969864	0.003802256426
0.563199996948	0.003111568280
0.564799964428	0.003274688264
0.566399991512	0.001450560172
0.567999958992	0.004616640508
0.569599986076	0.002537312219
0.571200013161	0.003643312259
0.572799980640	0.003001248231
0.574400007725	0.002817760222
0.575999975204	0.003105632262
0.577600002289	0.003206000198
0.579199969769	0.002873616293
0.580799996853	0.003730400233
0.582399964333	0.002242944203
0.583999991417	0.002608048264
0.585599958897	0.003808864392
0.587199985981	0.002092944225
0.588800013065	0.002566400217
0.590399980545	0.003413968254
0.592000007629	0.001997072250
0.593599975109	0.002843360184
0.595200002193	0.002626784146
0.596799969673	0.002633696189
0.598399996758	0.003149968339
0.599999964237	0.003639952280
0.601599991322	0.002468768274
0.603199958801	0.002121984260
0.604799985886	0.002455136273
0.606400012970	0.003288768232
0.607999980450	0.002419760218
0.609600007534	0.001792064169
0.611199975014	0.003692928236
0.612800002098	0.002891824348
0.614399969578	0.003777776379
0.615999996662	0.003412016202
0.617599964142	0.002283568261
0.619199991226	0.003847296350
0.620799958706	0.001610096195
0.622399985790	0.002798400354
0.624000012875	0.002942432184
0.625599980354	0.000876976061
0.627200007439	0.003853104310
0.628799974918	0.003867792198
0.630400002003	0.003412640188
0.631999969482	0.002790368162
0.633599996567	0.002318208106
0.635199964046	0.002510672202
0.636799991131	0.002922160318
0.638399958611	0.003095312277
0.639999985695	0.001823792234
0.641600012779	0.002408240223
0.643199980259	0.002112048212
0.644800007343	0.003621232230
0.646399974823	0.001746656140
0.648000001907	0.002430176130
0.649599969387	0.004110592417
0.651199996471	0.002189008053
0.652799963951	0.002364896238
0.654399991035	0.002566928277
0.655999958515	0.001909376122
0.657599985600	0.002505408134
0.659200012684	0.003110144287
0.660799980164	0.001583616133
0.662400007248	0.003022656310
0.663999974728	0.002048496157
0.665600001812	0.002589920303
0.667199969292	0.002485120203
0.668799996376	0.002098464174
0.670399963856	0.003452400211
0.671999990940	0.003222352359
0.673599958420	0.003673312254
0.675199985504	0.002646288136
0.676800012589	0.002919808263
0.678399980068	0.002915408229
0.680000007153	0.002310560318
0.681599974632	0.003305168124
0.683200001717	0.003200688167
0.684799969196	0.001943040174
0.686399996281	0.002986336127
0.687999963760	0.003024352249
0.689599990845	0.003106208285
0.691199958324	0.001136560109
0.692799985409	0.002813424217
0.694399952888	0.003664256306
0.695999979973	0.002025824040
0.697600007057	0.002697040094
0.699199974537	0.002697424265
0.700800001621	0.001948128105
0.702399969101	0.002135856077
0.703999996185	0.003862256417
0.705599963665	0.002368592191
0.707199990749	0.001974768238
0.708799958229	0.002099904232
0.710399985313	0.002647168236
0.711999952793	0.003114400199
0.713599979877	0.002639312297
0.715200006962	0.002743200166
0.716799974442	0.002849072218
0.718400001526	0.001294400077
0.719999969006	0.002577440115
0.721599996090	0.001182960114
0.723199963570	0.002290224191
0.724799990654	0.001750272117
0.726399958134	0.002021696186
0.727999985218	0.002244592179
0.729599952698	0.003474960336
0.731199979782	0.002949728165
0.732800006866	0.002813312225
0.734399974346	0.003022624180
0.736000001431	0.001873440109
0.737599968910	0.002576480154
0.739199995995	0.003173568286
0.740799963474	0.000929024071
0.742399990559	0.002975120209
0.743999958038	0.002090224298
0.745599985123	0.001685584080
0.747199952602	0.003542656312
0.748799979687	0.003564320272
0.750400006771	0.001167920069
0.751999974251	0.001753568184
0.753600001335	0.002255904255
0.755199968815	0.003793936223
0.756799995899	0.000860960106
0.758399963379	0.002228912199
0.759999990463	0.002039728221
0.761599957943	0.002064736094
0.763199985027	0.002296000253
0.764799952507	0.002815072192
0.766399979591	0.002094752155
0.768000006676	0.001672032173
0.769599974155	0.002275424311
0.771200001240	0.002630880103
0.772799968719	0.001332160085
0.774399995804	0.001778592123
0.775999963284	0.003527472261
0.777599990368	0.002226208104
0.779199957848	0.001643936150
0.780799984932	0.003963632509
0.782399952412	0.002795824083
0.783999979496	0.001943056239
0.785600006580	0.002988384338
0.787199974060	0.001021296019
0.788800001144	0.002516976325
0.790399968624	0.001296192058
0.791999995708	0.001874528127
0.793599963188	0.002138720127
0.795199990273	0.002983600134
0.796799957752	0.002907424234
0.798399984837	0.002068384318
0.799999952316	0.002168544102
0.801599979401	0.003216336248
0.803200006485	0.002757536247
0.804799973965	0.002365392167
0.806400001049	0.001864992199
0.807999968529	0.002963136183
0.809599995613	0.003054288216
0.811199963093	0.001942048199
0.812799990177	0.002353104297
0.814399957657	0.002265648218
0.815999984741	0.001660144073
0.817599952221	0.002870048163
0.819199979305	0.002386160195
0.820800006390	0.002646752167
0.822399973869	0.002144320169
0.824000000954	0.001622496173
0.825599968433	0.003417552216
0.827199995518	0.001600304153
0.828799962997	0.001965744188
0.830399990082	0.004057456274
0.831999957561	0.002206976293
0.833599984646	0.001305648126
0.835199952126	0.003366272198
0.836799979210	0.002862928202
0.838400006294	0.000679568097
0.839999973774	0.003415072337
0.841600000858	0.002336320234
0.843199968338	0.002489520237
0.844799995422	0.003090960206
0.846399962902	0.002432176145
0.847999989986	0.002644528169
0.849599957466	0.001470304094
0.851199984550	0.002269216115
0.852799952030	0.001490960130
0.854399979115	0.002638800303
0.856000006199	0.002177216113
0.857599973679	0.002158896066
0.859200000763	0.002126720268
0.860799968243	0.002286240226
0.862399995327	0.000507824065
0.863999962807	0.002390608191
0.865599989891	0.002069920301
0.867199957371	0.001582896104
0.868799984455	0.001997616142
0.870399951935	0.002647600137
0.871999979019	0.001896784175
0.873600006104	0.000355392054
0.875199973583	0.001764160115
0.876800000668	0.002213968197
0.878399968147	0.001291568042
0.879999995232	0.002023776062
0.881599962711	0.002169568092
0.883199989796	0.001424544142
0.884799957275	0.001621936099
0.886399984360	0.000967328087
0.887999951839	0.001802992076
0.889599978924	0.003120704321
0.891200006008	0.003167632269
0.892799973488	0.001899424125
0.894400000572	0.003559808247
0.895999968052	0.002270592144
0.897599995136	0.002570160199
0.899199962616	0.001602416160
0.900799989700	0.000187616009
0.902399957180	0.002608848270
0.903999984264	0.002628624206
0.905599951744	0.001411648118
0.907199978828	0.002205664292
0.908800005913	0.002135904273
0.910399973392	0.002249984303
0.912000000477	0.002188384300
0.913599967957	0.002310464159
0.915199995041	0.000906832051
0.916799962521	0.001091808081
0.918399989605	0.002159296069
0.919999957085	0.002708800137
0.921599984169	0.002344768262
0.923199951649	0.002436224138
0.924799978733	0.002375696320
0.926400005817	0.000779744063
0.927999973297	0.001736384118
0.929600000381	0.001496896148
0.931199967861	0.001144144102
0.932799994946	0.002624864224
0.934399962425	0.002476976253
0.935999989510	0.001842720201
0.937599956989	0.003311248263
0.939199984074	0.002529040212
0.940799951553	0.002236624248
0.942399978638	0.002280576155
0.944000005722	0.002782448195
0.945599973202	0.001709520118
0.947200000286	0.001571392175
0.948799967766	0.003206896363
0.950399994850	0.002131840214
0.951999962330	0.000525231997
0.953599989414	0.002856624313
0.955199956894	0.001910800231
0.956799983978	0.001540960162
0.958399951458	0.002605952322
0.959999978542	0.002074496122
0.961599946022	0.002498432295
0.963199973106	0.002288288204
0.964800000191	0.001994464081
0.966399967670	0.002410032321
0.967999994755	0.000869808020
0.969599962234	0.001232896117
0.971199989319	0.002377120312
0.972799956799	0.002254768042
0.974399983883	0.001782832085
0.975999951363	0.003081584349
0.977599978447	0.002441584133
0.979199945927	0.001561264158
0.980799973011	0.001256208052
0.982400000095	0.001624864177
0.983999967575	0.001348368125
0.985599994659	0.000914896082
0.987199962139	0.003817776218
0.988799989223	0.001934496220
0.990399956703	0.001447168179
0.991999983788	0.001998576103
0.993599951267	0.000996992108
0.995199978352	0.002486512298
0.996799945831	0.001239424106
0.998399972916	0.001046080142
1.000000000000	0.002667456167
1.001600027084	0.001536048134
1.003199934959	0.002321872162
1.004799962044	0.002113856142
1.006399989128	0.001056816080
1.008000016212	0.001192208147
1.009599924088	0.002957520308
1.011199951172	0.000888576033
1.012799978256	0.002783888252
1.014400005341	0.001741216169
1.016000032425	0.001667664154
1.017599940300	0.002697232179
1.019199967384	0.001545456122
1.020799994469	0.002513088286
1.022400021553	0.001874528127
1.023999929428	0.000601312029
1.025599956512	0.001878768089
1.027199983597	0.000865568058
1.028800010681	0.001294992166
1.030399918556	0.002184736310
1.031999945641	0.001926736208
1.033599972725	0.001626624144
1.035199999809	0.000684416038
1.036800026894	0.002662560204
1.038399934769	0.002921488369
1.039999961853	0.002030848293
1.041599988937	0.002839472145
1.043200016022	0.002001872053
1.044799923897	0.002570000244
1.046399950981	0.001534400159
1.047999978065	0.002461952157
1.049600005150	0.002418480348
1.051200032234	0.001522224164
1.052799940109	0.001312016160
1.054399967194	0.001571616158
1.055999994278	0.002239568159
1.057600021362	0.001482208143
1.059199929237	0.002327792114
1.060799956322	0.002007968025
1.062399983406	0.002331408206
1.064000010490	0.000939152087
1.065599918365	0.001757472171
1.067199945450	0.001369008096
1.068799972534	0.001319328090
1.070399999619	0.003167184303
1.072000026703	0.001733872108
1.073599934578	0.001533152070
1.075199961662	0.001729792217
1.076799988747	0.002239248250
1.078400015831	0.002162816236
1.079999923706	0.002061536070
1.081599950790	0.002020688262
1.083199977875	0.001670608181
1.084800004959	0.002515904140
1.086400032043	0.001756240148
1.087999939919	0.000649312045
1.089599967003	0.002464080229
1.091199994087	0.001318304101
1.092800021172	0.000736576039
1.094399929047	0.001873952104
1.095999956131	0.000705024053
1.097599983215	0.002566784155
1.099200010300	0.001099472051
1.100799918175	0.000948800065
1.102399945259	-0.000269776006
1.103999972343	0.001399392146
1.105599999428	0.001803040155
1.107200026512	0.002817328321
1.108799934387	0.002859872300
1.110399961472	0.002047216054
1.111999988556	0.002448240295
1.113600015640	0.003545952262
1.115199923515	0.002024624264
1.116799950600	0.001367936144
1.118399977684	0.001896064146
1.120000004768	0.002758080140
1.121599912643	0.000748080085
1.123199939728	0.001700304216
1.124799966812	0.002465776168
1.126399993896	0.000341184001
1.128000020981	0.002323696157
1.129599928856	0.002517168177
1.131199955940	0.001623936114
1.132799983025	0.000423008023
1.134400010109	0.001296112081
1.135999917984	0.001846768195
1.137599945068	0.001279312070
1.139199972153	0.002179168165
1.140799999237	0.001132608159
1.142400026321	0.001712768106
1.143999934196	0.002570080105
1.145599961281	0.001281936071
1.147199988365	0.001932224142
1.148800015450	0.001709888107
1.150399923325	0.001570688095
1.151999950409	0.001236464130
1.153599977493	0.002441904275
1.155200004578	0.002139536198
1.156799912453	0.002140448196
1.158399939537	0.002311216202
1.159999966621	0.000853664067
1.161599993706	-0.000110384062
1.163200020790	0.001385872136
1.164799928665	0.001170720090
1.166399955750	0.001009200118
1.167999982834	0.002294560196
1.169600009918	0.004236032255
1.171199917793	0.000646176049
1.172799944878	0.002635056153
1.174399971962	0.001992512261
1.175999999046	0.000325840025
1.177600026131	0.001374176121
1.179199934006	0.001735920087
1.180799961090	0.002119056182
1.182399988174	0.001186496112
1.184000015259	-0.000307840062
1.185599923134	0.001801936072
1.187199950218	0.002276240150
1.188799977303	0.001931984210
1.190400004387	0.001923104166
1.191999912262	0.000448656006
1.193599939346	0.003151488258
1.195199966431	0.001859472133
1.196799993515	0.002039968269
1.198400020599	0.001790224109
1.199999928474	0.002010032069
1.201599955559	0.000477791997
1.203199982643	0.002946208231
1.204800009727	-0.000304015994
1.206399917603	0.001064032083
1.207999944687	0.001726272167
1.209599971771	0.000439136027
1.211199998856	0.002061888110
1.212800025940	0.003028304316
1.214399933815	0.002116016112
1.215999960899	0.002690720139
1.217599987984	0.000643680047
1.219200015068	0.002199504292
1.220799922943	0.001443216112
1.222399950027	-0.000050031962
1.223999977112	0.000737680064
1.225600004196	0.000776832050
1.227199912071	0.002464896301
1.228799939156	0.001079392037
1.230399966240	0.000221008027
1.231999993324	0.000998976058
1.233600020409	0.001733568148
1.235199928284	0.001642352086
1.236799955368	0.002144368133
1.238399982452	0.000910000061
1.240000009537	0.002126064152
1.241599917412	0.002207680140
1.243199944496	-0.000502512034
1.244799971581	0.001432496123
1.246399998665	0.001825808082
1.248000025749	0.001216560137
1.249599933624	0.000441103999
1.251199960709	0.001363296062
1.252799987793	0.002563696122
1.254400014877	0.000288016046
1.255999922752	0.000878832070
1.257599949837	0.001363712130
1.259199976921	0.000550064025
1.260800004005	0.000285343995
1.262399911880	0.002845216310
1.263999938965	0.001028592116
1.265599966049	0.001752720098
1.267199993134	0.002291152254
1.268800020218	0.001203088090
1.270399928093	0.002707808279
1.271999955177	0.000692032103
1.273599982262	0.001658832072
1.275200009346	0.000884560111
1.276799917221	0.001919920207
1.278399944305	0.001141072134
1.279999971390	0.000272272038
1.281599998474	0.001149904099
1.283200025558	0.000869840034
1.284799933434	0.001945024123
1.286399960518	0.002665200271
1.287999987602	0.001481344108
1.289600014687	0.001047328115
1.291199922562	0.001803920139
1.292799949646	0.000590304087
1.294399976730	0.001625648118
1.296000003815	0.001375728170
1.297599911690	0.001576688141
1.299199938774	0.000461376010
1.300799965858	0.001955376239
1.302399992943	0.001268272055
1.304000020027	0.000711344008
1.305599927902	0.002576192142
1.307199954987	0.001724688103
1.308799982071	0.001210608054
1.310400009155	0.001759008155
1.311999917030	0.002431136323
1.313599944115	0.001486880123
1.315199971199	0.001034016139
1.316799998283	0.001423184061
1.318400025368	0.000769008067
1.319999933243	0.000930976123
1.321599960327	0.002002736088
1.323199987411	0.001985152252
1.324800014496	0.001407328178
1.326399922371	0.001767472131
1.327999949455	0.001250064117
1.329599976540	0.001503648120
1.331200003624	0.002374144038
1.332799911499	0.000874592050
1.334399938583	0.004186560400
1.335999965668	0.001425104099
1.337599992752	-0.000166176003
1.339200019836	0.002751792315
1.340799927711	0.001848544111
1.342399954796	0.000154336012
1.343999981880	0.001632160158
1.345600008965	0.000998448115
1.347199916840	0.000215936001
1.348799943924	0.000866896065
1.350399971008	0.002459840151
1.351999998093	0.001961328089
1.353600025177	0.001105696079
1.355199933052	0.002170560183
1.356799960136	0.001570736174
1.358399987221	0.001477568178
1.360000014305	0.001865328173
1.361599922180	0.001203504158
1.363199949265	0.000385936059
1.364799976349	0.002106912201
1.366400003433	0.000671152084
1.367999911308	0.003595520277
1.369599938393	0.001025535981
1.371199965477	0.000177904032
1.372799992561	0.000958800083
1.374400019646	0.001535712043
1.375999927521	-0.000356064033
1.377599954605	0.000825792085
1.379199981689	0.000658896053
1.380800008774	0.000650576025
1.382399916649	0.000016880002
1.383999943733	0.000493312022
1.385599970818	0.001981936162
1.387199997902	0.000075104028
1.388799905777	-0.000964848034
1.390399932861	0.001588640152
1.391999959946	0.001553184120
1.393599987030	0.001573360176
1.395200014114	0.001670288155
1.396799921989	0.000373376039
1.398399949074	0.000595376070
1.399999976158	0.000564480026
1.401600003242	0.001354272128
1.403199911118	0.000608064001
1.404799938202	-0.000572704070
1.406399965286	0.000842976035
1.407999992371	0.002598880092
1.409600019455	0.000851104036
1.411199927330	0.000598784012
1.412799954414	-0.000207984020
1.414399981499	0.001783408225
1.416000008583	0.001712112105
1.417599916458	0.000685392006
1.419199943542	0.002050384181
1.420799970627	-0.000297664024
1.422399997711	0.000347232039
1.423999905586	0.001541184145
1.425599932671	0.001200912055
1.427199959755	0.000880368054
1.428799986839	0.001214208081
1.430400013924	0.001284672180
1.431999921799	0.000014847955
1.433599948883	-0.000437999988
1.435199975967	0.000838080072
1.436800003052	0.000862320070
1.438399910927	-0.000686176005
1.439999938011	0.000694368093
1.441599965096	0.002389536239
1.443199992180	0.001205536071
1.444800019264	0.000027104013
1.446399927139	0.000811312057
1.447999954224	0.001732688164
1.449599981308	0.000332575990
1.451200008392	0.001424224116
1.452799916267	0.001725472161
1.454399943352	0.000594560057
1.455999970436	0.000691088033
1.457599997520	0.001622896176
1.459199905396	0.000841504079
1.460799932480	0.002060480183
1.462399959564	-0.000037232006
1.463999986649	0.001076384098
1.465600013733	-0.000165824022
1.467199921608	0.000695120078
1.468799948692	0.000911312061
1.470399975777	0.001724048168
1.472000002861	0.000378160010
1.473599910736	0.002058896236
1.475199937820	0.002428848296
1.476799964905	0.000046239991
1.478399991989	0.001633056207
1.480000019073	0.001337232068
1.481599926949	0.000666688080
1.483199954033	-0.000754016044
1.484799981117	0.001773568103
1.486400008202	0.003143712180
1.487999916077	-0.000192176027
1.489599943161	-0.000123136007
1.491199970245	0.001263472135
1.492799997330	0.000680672063
1.494399905205	0.001265568077
1.495999932289	-0.000724816055
1.497599959373	0.000874207995
1.499199986458	0.000769376056
1.500800013542	-0.000100832032
1.502399921417	0.001722288085
1.503999948502	0.001644096104
1.505599975586	-0.000460240059
1.507200002670	0.001770096133
1.508799910545	0.001537856180
1.510399937630	0.000319760031
1.511999964714	0.001191504067
1.513599991798	0.000369232002
1.515200018883	0.001651296159
1.516799926758	0.001300352043
1.518399953842	-0.000010688015
1.519999980927	0.001713088132
1.521600008011	-0.000547520060
1.523199915886	0.002061152132
1.524799942970	0.000784928037
1.526399970055	0.000217312016
1.527999997139	0.000807408011
1.529599905014	0.000588976080
1.531199932098	0.000659552054
1.532799959183	-0.000177856040
1.534399986267	0.000276032049
1.536000013351	0.000942192099
1.537599921227	0.001286112121
1.539199948311	-0.000519520079
1.540799975395	0.000109488035
1.542400002480	-0.000530080055
1.543999910355	-0.000298192055
1.545599937439	0.001517664175
1.547199964523	-0.000015183982
1.548799991608	0.000619760074
1.550400018692	0.000297712017
1.551999926567	0.000341904029
1.553599953651	0.002495824127
1.555199980736	0.000827904092
1.556800007820	0.000602560060
1.558399915695	0.001056384062
1.559999942780	-0.000014720005
1.561599969864	0.001427760115
1.563199996948	-0.000008656001
1.564799904823	-0.000296608021
1.566399931908	0.001351120067
1.567999958992	0.000630320050
1.569599986076	0.000890464056
1.571200013161	0.001551808091
1.572799921036	0.000613648037
1.574399948120	-0.000427920022
1.575999975204	0.000668080058
1.577600002289	0.001280912082
1.579199910164	0.000395808020
1.580799937248	-0.001044144039
1.582399964333	0.000053632000
1.583999991417	0.001625088160
1.585600018501	0.000696544070
1.587199926376	0.000338560028
1.588799953461	0.000198559996
1.590399980545	0.001009008149
1.592000007629	0.000266832008
1.593599915504	0.000939232064
1.595199942589	0.001551136142
1.596799969673	0.000991280074
1.598399996758	0.000368336041
1.599999904633	0.001527728164
1.601599931717	0.001349744154
1.603199958801	0.001237728051
1.604799985886	0.001297296025
1.606400012970	0.000793744053
1.607999920845	-0.000244960072
1.609599947929	-0.000954192132
1.611199975014	0.000803184055
1.612800002098	0.000900880026
1.614399909973	-0.000145008002
1.615999937057	0.000343248015
1.617599964142	0.000777568086
1.619199991226	0.000838496024
1.620800018311	-0.000700016099
1.622399926186	0.000686352083
1.623999953270	-0.000503424031
1.625599980354	-0.001185568050
1.627200007439	0.001245216117
1.628799915314	0.001045456040
1.630399942398	0.001809488167
1.631999969482	-0.000451680069
1.633599996567	0.001718752203
1.635199904442	0.001638080110
1.636799931526	-0.000333136035
1.638399958611	0.000710048014
1.639999985695	0.000753536064
1.641600012779	-0.001363472082
1.643199920654	-0.000413648057
1.644799947739	0.001323696109
1.646399974823	0.001846944098
1.648000001907	-0.000120864010
1.649599909782	0.000732720073
1.651199936867	0.001623120159
1.652799963951	0.000694048067
1.654399991035	0.000128448039
1.655999898911	0.000677920063
1.657599925995	-0.000367248023
1.659199953079	-0.000239152025
1.660799980164	0.001574128051
1.662400007248	0.000682688085
1.663999915123	0.001799632097
1.665599942207	-0.000863712106
1.667199969292	0.000767776044
1.668799996376	0.001054192078
1.670399904251	0.000647328037
1.671999931335	-0.000229872006
1.673599958420	0.001998624066
1.675199985504	-0.000596864033
1.676800012589	0.000087424036
1.678399920464	0.000344880042
1.679999947548	0.001805440173
1.681599974632	0.001080960152
1.683200001717	0.000046928013
1.684799909592	-0.000384240033
1.686399936676	-0.000251152000
1.687999963760	-0.000326944049
1.689599990845	0.000186624005
1.691199898720	-0.000461360061
1.692799925804	-0.000058800018
1.694399952888	0.001888624160
1.695999979973	-0.000779584050
1.697600007057	0.001303648110
1.699199914932	0.000925872067
1.700799942017	-0.001011184067
1.702399969101	0.001537072123
1.703999996185	0.002558192238
1.705599904060	0.000283248024
1.707199931145	0.001687904121
1.708799958229	0.000442224002
1.710399985313	0.000961136073
1.712000012398	0.000879808038
1.713599920273	0.000691600086
1.715199947357	-0.000750592037
1.716799974442	-0.000413344038
1.718400001526	0.000513664039
1.719999909401	0.002370256232
1.721599936485	-0.000172896020
1.723199963570	0.000813952065
1.724799990654	-0.000688064029
1.726399898529	-0.000297168037
1.727999925613	0.001119152061
1.729599952698	0.000626448076
1.731199979782	0.000134048008
1.732800006866	0.000651968061
1.734399914742	-0.001582192141
1.735999941826	0.000238912049
1.737599968910	0.001252176124
1.739199995995	0.000670160051
1.740799903870	-0.000158768002
1.742399930954	0.000064799977
1.743999958038	-0.000149136045
1.745599985123	0.000472560030
1.747200012207	-0.000559760083
1.748799920082	-0.000675936055
1.750399947166	0.000790512015
1.751999974251	-0.000522080052
1.753600001335	0.000317168044
1.755199909210	-0.000472336076
1.756799936295	0.001965040108
1.758399963379	0.001701104105
1.759999990463	-0.000111968016
1.761599898338	0.001966096228
1.763199925423	-0.000430992048
1.764799952507	0.000004944031
1.766399979591	0.000198608002
1.768000006676	0.000065247972
1.769599914551	-0.000154768015
1.771199941635	-0.000576528022
1.772799968719	0.001353024156
1.774399995804	0.000713600079
1.775999903679	0.001207424095
1.777599930763	-0.000060031995
1.779199957848	-0.000847968098
1.780799984932	-0.000423120044
1.782400012016	0.001167104114
1.783999919891	-0.001108848024
1.785599946976	0.000365936023
1.787199974060	0.000661392114
1.788800001144	-0.002028912073
1.790399909019	0.001158080064
1.791999936104	0.001098528039
1.793599963188	0.001341264113
1.795199990273	0.001672064071
1.796799898148	-0.000272608013
1.798399925232	-0.000969280081
1.799999952316	0.000457584014
1.801599979401	0.000541552028
1.803200006485	0.001018384122
1.804799914360	-0.000074447998
1.806399941444	0.000037232003
1.807999968529	0.000174800007
1.809599995613	0.000479376002
1.811199903488	0.000585952075
1.812799930573	0.000928832043
1.814399957657	-0.000381120044
1.815999984741	0.000905856024
1.817600011826	0.000894032069
1.819199919701	0.000002031983
1.820799946785	0.001197808073
1.822399973869	0.000888880051
1.824000000954	-0.001304992125
1.825599908829	0.001151104108
1.827199935913	-0.000476704037
1.828799962997	0.000752048043
1.830399990082	0.000462384021
1.831999897957	0.000842592039
1.833599925041	0.000875984086
1.835199952126	-0.000720256125
1.836799979210	0.000138415999
1.838400006294	-0.000447856029
1.839999914169	0.000571168028
1.841599941254	0.001338272123
1.843199968338	-0.000167392005
1.844799995422	0.000618880033
1.846399903297	0.001027008053
1.847999930382	-0.000507392047
1.849599957466	-0.000984352082
1.851199984550	0.000138384028
1.852800011635	-0.000918816077
1.854399919510	0.000278640073
1.855999946594	-0.000505200063
1.857599973679	-0.000716800045
1.859200000763	0.001388000092
1.860799908638	0.000049264007
1.862399935722	0.001266560052
1.863999962807	0.001780160121
1.865599989891	0.001547312131
1.867199897766	-0.000102784041
1.868799924850	-0.000264208036
1.870399951935	-0.000360064034
1.871999979019	-0.000772752101
1.873600006104	-0.000617360056
1.875199913979	0.000401311991
1.876799941063	-0.000299744046
1.878399968147	-0.000954416057
1.879999995232	0.001628032071
1.881599903107	0.000994448084
1.883199930191	-0.001398128108
1.884799957275	-0.000171184030
1.886399984360	0.000536048028
1.888000011444	-0.000562320056
1.889599919319	0.000249759993
1.891199946404	-0.000174256013
1.892799973488	0.001207840047
1.894400000572	0.000251744001
1.895999908447	0.000742096046
1.897599935532	-0.000752288091
1.899199962616	-0.001143328147
1.900799989700	0.000043344007
1.902399897575	-0.000410160050
1.903999924660	0.000245504023
1.905599951744	0.000501360046
1.907199978828	0.000781088020
1.908800005913	-0.000427840045
1.910399913788	-0.000391456037
1.911999940872	0.000965120096
1.913599967957	0.000424016063
1.915199995041	0.001327296137
1.916799902916	-0.001853680122
1.918399930000	-0.001471152063
1.919999957085	0.000776720059
1.921599984169	-0.001385968179
1.923199892044	-0.000353583979
1.924799919128	0.000476079993
1.926399946213	-0.000456208043
1.927999973297	-0.001106992131
1.929600000381	0.000190687992
1.931199908257	0.000422144018
1.932799935341	-0.000377056014
1.934399962425	-0.000096111988
1.935999989510	0.000360480044
1.937599897385	0.000229807993
1.939199924469	-0.000777008070
1.940799951553	-0.000446384045
1.942399978638	-0.000924016116
1.944000005722	-0.000511920021
1.945599913597	-0.000279760076
1.947199940681	0.000640576065
1.948799967766	0.000342943997
1.950399994850	-0.002539360197
1.951999902725	0.001646768069
1.953599929810	-0.001175600104
1.955199956894	-0.001510240138
1.956799983978	-0.000042448017
1.958399891853	0.000669856032
1.959999918938	0.000262096000
1.961599946022	0.000165664038
1.963199973106	0.000264880015
1.964800000191	-0.000167423976
1.966399908066	-0.000150320004
1.967999935150	0.000353712036
1.969599962234	0.000001375995
1.971199989319	-0.000923104060
1.972799897194	0.000009887980
1.974399924278	-0.000285712071
1.975999951363	0.000578096020
1.977599978447	-0.000598320039
1.979200005531	-0.001781808096
1.980799913406	0.000226623990
1.982399940491	0.001137616113
1.983999967575	-0.000576368067
1.985599994659	0.001122624031
1.987199902534	-0.002176064067
1.988799929619	-0.001762768137
1.990399956703	-0.000254384038
1.991999983788	-0.000205552002
1.993599891663	-0.000904736051
1.995199918747	-0.000694895978
1.996799945831	0.000197967995
1.998399972916	-0.000624032051
2.000000000000	-0.000700384029
2.001600027084	-0.000981440069
2.003200054169	0.000478656031
2.004799842834	-0.001516880118
2.006399869919	0.000622960040
2.007999897003	0.000884512090
2.009599924088	-0.002099456266
2.011199951172	0.001076672110
2.012799978256	0.001031488064
2.014400005341	0.000230880061
2.016000032425	0.000745600031
2.017600059509	-0.000904240063
2.019199848175	-0.000042112028
2.020799875259	-0.001786160166
2.022399902344	0.000228656034
2.023999929428	-0.000577120110
2.025599956512	-0.000633600110
2.027199983597	-0.000542448077
2.028800010681	0.000085472006
2.030400037766	0.000360128033
2.032000064850	-0.000599408057
2.033599853516	-0.000481344061
2.035199880600	-0.000894624100
2.036799907684	-0.000322000007
2.038399934769	-0.001766496105
2.039999961853	0.000138480013
2.041599988937	0.000140287986
2.043200016022	-0.001529056113
2.044800043106	-0.000604816014
2.046399831772	-0.000861232053
2.047999858856	-0.000099712008
2.049599885941	-0.001148928073
2.051199913025	-0.001798672136
2.052799940109	-0.000486720033
2.054399967194	-0.000977584044
2.055999994278	0.000302784028
2.057600021362	-0.001854640199
2.059200048447	-0.000690416084
2.060799837112	-0.001262880163
2.062399864197	-0.002017792314
2.063999891281	-0.000695680035
2.065599918365	-0.000029872010
2.067199945450	0.000203583972
2.068799972534	-0.001253616065
2.070399999619	-0.000274176011
2.072000026703	-0.000613632088
2.073600053787	-0.001527216169
2.075199842453	0.000871584052
2.076799869537	-0.002153920243
2.078399896622	-0.001392912120
2.079999923706	0.000404976017
2.081599950790	0.000367888017
2.083199977875	-0.000400128018
2.084800004959	-0.001952208113
2.086400032043	0.000058447964
2.088000059128	-0.000507360033
2.089599847794	-0.000364976033
2.091199874878	0.000384928018
2.092799901962	-0.001258336124
2.094399929047	-0.000980192097
2.095999956131	-0.001486480120
2.097599983215	-0.000374256022
2.099200010300	-0.000172304033
2.100800037384	0.000317216036
2.102400064468	-0.000418495998
2.103999853134	-0.000359344063
2.105599880219	-0.000650496047
2.107199907303	-0.001060704119
2.108799934387	-0.000161952019
2.110399961472	-0.000382112048
2.111999988556	0.000164208017
2.113600015640	-0.000069375965
2.115200042725	-0.000936672091
2.116799831390	-0.000803136092
2.118399858475	-0.001164416084
2.119999885559	0.000743200071
2.121599912643	-0.001236256096
2.123199939728	-0.001708016149
2.124799966812	-0.000664240040
2.126399993896	0.001017136034
2.128000020981	-0.000848592084
2.129600048065	-0.000623056083
2.131199836731	-0.001476256060
2.132799863815	-0.001517984085
2.134399890900	-0.000464720040
2.135999917984	-0.000965584069
2.137599945068	-0.000291824021
2.139199972153	-0.001255968120
2.140799999237	0.000424304017
2.142400026321	-0.000634000055
2.144000053406	-0.001464496134
2.145599842072	-0.000644576037
2.147199869156	-0.000426800048
2.148799896240	-0.000469344057
2.150399923325	-0.001275168033
2.151999950409	0.000918640115
2.153599977493	-0.000503984047
2.155200004578	0.000430064043
2.156800031662	-0.002696000272
2.158400058746	-0.000231120037
2.159999847412	-0.001240992104
2.161599874496	-0.002069152193
2.163199901581	-0.001525152125
2.164799928665	0.000626288063
2.166399955750	-0.000654143980
2.167999982834	-0.000427392049
2.169600009918	-0.001565152197
2.171200037003	-0.000401344092
2.172800064087	-0.000695472059
2.174399852753	-0.001639008056
2.175999879837	-0.001809376176
2.177599906921	-0.000465024059
2.179199934006	-0.000532496022
2.180799961090	-0.000055440039
2.182399988174	-0.000167904029
2.184000015259	-0.000174480010
2.185600042343	-0.001420192188
2.187199831009	0.001329552033
2.188799858093	-0.001387936180
2.190399885178	-0.000753072032
2.191999912262	-0.000676608062
2.193599939346	-0.001180960098
2.195199966431	-0.000153536050
2.196799993515	-0.001476208097
2.198400020599	-0.000668016030
2.200000047684	-0.001614976092
2.201599836349	-0.000240848036
2.203199863434	-0.000625584042
2.204799890518	-0.000743696059
2.206399917603	-0.002079616301
2.207999944687	-0.001672176062
2.209599971771	-0.000236336025
2.211199998856	-0.001813552110
2.212800025940	0.000377696037
2.214400053024	0.000776560046
2.215999841690	-0.000475872075
2.217599868774	-0.001575392089
2.219199895859	0.000125967999
2.220799922943	0.000156544018
2.222399950027	-0.002775808098
2.223999977112	-0.000871840050
2.225600004196	-0.000542895985
2.227200031281	-0.000002991989
2.228800058365	-0.001912272186
2.230399847031	-0.001248144079
2.231999874115	-0.001263968064
2.233599901199	-0.003664064221
2.235199928284	0.001617008122
2.236799955368	0.000236432010
2.238399982452	-0.000654976058
2.240000009537	-0.000882608118
2.241600036621	0.000902352098
2.243199825287	0.000781536044
2.244799852371	-0.001556992065
2.246399879456	0.000913904049
2.247999906540	-0.000031344010
2.249599933624	-0.000343024061
2.251199960709	-0.000040912015
2.252799987793	0.001607568120
2.254400014877	-0.001287632156
2.256000041962	-0.000939264079
2.257599830627	0.000130815984
2.259199857712	0.000036479993
2.260799884796	0.000615440076
2.262399911880	-0.001182448119
2.263999938965	-0.002202544129
2.265599966049	0.001035824069
2.267199993134	-0.000336096040
2.268800020218	-0.001745504211
2.270400047302	-0.002716640243
2.271999835968	-0.000938704063
2.273599863052	-0.001333744149
2.275199890137	-0.001718624146
2.276799917221	-0.000178048009
2.278399944305	-0.000520240050
2.279999971390	-0.000645840075
2.281599998474	0.000448480045
2.283200025558	0.000013023977
2.284800052643	-0.000322848035
2.286399841309	0.000421312056
2.287999868393	-0.001075728098
2.289599895477	-0.000662384031
2.291199922562	0.000661168073
2.292799949646	-0.001179040060
2.294399976730	-0.000140144009
2.296000003815	-0.003523168154
2.297600030899	-0.001593424124
2.299200057983	0.000065887973
2.300799846649	0.000122863989
2.302399873734	-0.001073712134
2.303999900818	-0.000736560032
2.305599927902	-0.001653296174
2.307199954987	-0.000427744031
2.308799982071	-0.000646640081
2.310400009155	-0.001027712133
2.312000036240	-0.000028512015
2.313599824905	-0.001462944201
2.315199851990	0.000624272099
2.316799879074	-0.000876448059
2.318399906158	-0.000394000032
2.319999933243	-0.000027920027
2.321599960327	-0.002326880116
2.323199987411	-0.002045552246
2.324800014496	0.000772608037
2.326400041580	-0.002507168334
2.327999830246	-0.001131312107
2.329599857330	-0.000304784015
2.331199884415	-0.000505168049
2.332799911499	-0.003756912192
2.334399938583	-0.001703296206
2.335999965668	0.000497920031
2.337599992752	-0.000958048098
2.339200019836	-0.002236640081
2.340800046921	-0.000593312026
2.342399835587	-0.000578800100
2.343999862671	-0.003318672301
2.345599889755	-0.000508320052
2.347199916840	0.000404319988
2.348799943924	-0.001209792099
2.350399971008	-0.001065744087
2.351999998093	0.000434816058
2.353600025177	0.000585008063
2.355200052261	-0.000778208021
2.356799840927	-0.002536208136
2.358399868011	-0.000187056052
2.359999895096	-0.003703824244
2.361599922180	-0.000590576034
2.363199949265	0.000707424071
2.364799976349	-0.001784272143
2.366400003433	-0.000839728105
2.368000030518	-0.000749744067
2.369600057602	-0.000981856021
2.371199846268	-0.001852032146
2.372799873352	-0.003031008178
2.374399900436	-0.001557728159
2.375999927521	-0.001346384175
2.377599954605	0.000047599970
2.379199981689	-0.000813680061
2.380800008774	-0.001057552057
2.382400035858	-0.000158432027
2.383999824524	-0.001856512157
2.385599851608	-0.002313792240
2.387199878693	-0.000848752097
2.388799905777	-0.000325936038
2.390399932861	-0.001243392006
2.391999959946	-0.000044096003
2.393599987030	-0.001063552103
2.395200014114	-0.000382048020
2.396800041199	-0.002035280224
2.398399829865	-0.002620432293
2.399999856949	-0.001130576129
2.401599884033	-0.002009472111
2.403199911118	-0.000397152005
2.404799938202	-0.001184112043
2.406399965286	-0.000954784045
2.407999992371	-0.000154496040
2.409600019455	-0.001565184211
2.411200046539	-0.002402848098
2.412799835205	-0.000887056056
2.414399862289	0.000462320051
2.415999889374	0.000185360012
2.417599916458	-0.000285840040
2.419199943542	-0.002627840266
2.420799970627	-0.001341280178
2.422399997711	-0.001512528164
2.424000024796	0.000038384009
2.425600051880	-0.000355024036
2.427199840546	-0.001399072120
2.428799867630	0.000974384020
2.430399894714	0.000708976062
2.431999921799	-0.002062800108
2.433599948883	-0.001432912075
2.435199975967	0.000011360043
2.436800003052	-0.000128095999
2.438400030136	-0.000937760051
2.440000057220	0.000154432011
2.441599845886	-0.001501104212
2.443199872971	-0.001206464134
2.444799900055	-0.001025072066
2.446399927139	-0.000192719992
2.447999954224	-0.001468336093
2.449599981308	-0.001137744170
2.451200008392	-0.000540448120
2.452800035477	-0.001413312159
2.454399824142	-0.000415360089
2.455999851227	0.000058944021
2.457599878311	-0.002488608239
2.459199905396	-0.001175040030
2.460799932480	0.000978832017
2.462399959564	-0.001554080169
2.463999986649	-0.000402927981
2.465600013733	-0.000641184102
2.467200040817	-0.000142735997
2.468799829483	0.000622304040
2.470399856567	-0.002687424188
2.471999883652	-0.001174560050
2.473599910736	-0.000900112092
2.475199937820	-0.001219728147
2.476799964905	-0.000603888067
2.478399991989	-0.001751648029
2.480000019073	-0.000736688089
2.481600046158	-0.001679648180
2.483199834824	-0.001870064181
2.484799861908	-0.000376192009
2.486399888992	-0.002123568207
2.487999916077	-0.002151328139
2.489599943161	-0.001972720027
2.491199970245	-0.002015088219
2.492799997330	-0.001681984169
2.494400024414	-0.002491056221
2.496000051498	-0.000913424068
2.497599840164	-0.000957408105
2.499199867249	-0.001238496043
2.500799894333	-0.001382032176
2.502399921417	-0.000261360052
2.503999948502	-0.002914640354
2.505599975586	-0.001723008114
2.507200002670	0.000176079964
2.508800029755	-0.000954672054
2.510399818420	-0.001069536083
2.511999845505	-0.001616304158
2.513599872589	-0.000025600000
2.515199899673	-0.002466080245
2.516799926758	-0.002493968233
2.518399953842	-0.000720464042
2.519999980927	-0.001666336204
2.521600008011	-0.000605184119
2.523200035095	-0.000319776067
2.524799823761	-0.001532432158
2.526399850845	-0.002351312200
2.527999877930	-0.001126336167
2.529599905014	-0.001966656186
2.531199932098	-0.001986256102
2.532799959183	-0.000414399983
2.534399986267	-0.000312528049
2.536000013351	-0.003044800367
2.537600040436	-0.002085728338
2.539199829102	-0.000126911982
2.540799856186	-0.001550640096
2.542399883270	-0.001941312221
2.543999910355	-0.001826768159
2.545599937439	-0.001866320148
2.547199964523	-0.000834048085
2.548799991608	-0.001318576047
2.550400018692	-0.001771456096
2.552000045776	-0.001808464178
2.553599834442	-0.002361920197
2.555199861526	-0.001132416073
2.556799888611	-0.002233360196
2.558399915695	-0.001228368143
2.559999942780	-0.002956992248
2.561599969864	-0.001423216076
2.563199996948	-0.001206464134
2.564800024033	-0.002398272278
2.566400051117	-0.000539744040
2.567999839783	-0.002760704141
2.569599866867	-0.000016559987
2.571199893951	-0.000754208071
2.572799921036	-0.001440064167
2.574399948120	-0.000646496075
2.575999975204	-0.001118656131
2.577600002289	-0.002202560194
2.579200029373	-0.001373792067
2.580799818039	-0.000276047998
2.582399845123	-0.002493552165
2.583999872208	-0.001585536054
2.585599899292	-0.001758288126
2.587199926376	-0.002999232151
2.588799953461	-0.001723968191
2.590399980545	-0.000378832017
2.592000007629	-0.002882640343
2.593600034714	-0.003129744204
2.595199823380	0.000762224081
2.596799850464	-0.000158415976
2.598399877548	-0.002859184286
2.599999904633	-0.002331696218
2.601599931717	-0.001354608103
2.603199958801	-0.001796864090
2.604799985886	-0.001776256133
2.606400012970	-0.001310496125
2.608000040054	-0.002069296082
2.609599828720	-0.001427648123
2.611199855804	-0.000070256006
2.612799882889	-0.002378032310
2.614399909973	-0.001416160143
2.615999937057	-0.000717248069
2.617599964142	-0.000532784034
2.619199991226	-0.001777856145
2.620800018311	-0.000114656039
2.622400045395	-0.000892192067
2.623999834061	-0.002119872253
2.625599861145	-0.001998544205
2.627199888229	-0.001372192171
2.628799915314	-0.001963952091
2.630399942398	-0.002383616287
2.631999969482	-0.001018992043
2.633599996567	-0.000098031996
2.635200023651	-0.000494848064
2.636800050735	-0.001036240021
2.638399839401	-0.001348672085
2.639999866486	-0.001678912085
2.641599893570	-0.001148624113
2.643199920654	-0.001842768164
2.644799947739	-0.002623600187
2.646399974823	-0.001276176190
2.648000001907	-0.000709280081
2.649600028992	-0.000996576040
2.651199817657	-0.001392400125
2.652799844742	-0.001745472080
2.654399871826	-0.000744368124
2.655999898911	-0.001694016159
2.657599925995	-0.000968992070
2.659199953079	-0.001240368118
2.660799980164	-0.003414224368
2.662400007248	-0.000584032037
2.664000034332	-0.000374240073
2.665599822998	-0.002704512095
2.667199850082	-0.001473472104
2.668799877167	-0.000736432092
2.670399904251	-0.002075168071
2.671999931335	-0.001170304138
2.673599958420	-0.001550048124
2.675199985504	-0.001536432188
2.676800012589	-0.004703632556
2.678400039673	-0.000255152001
2.679999828339	-0.000473360036
2.681599855423	-0.002904672176
2.683199882507	-0.000669376052
2.684799909592	-0.001048336038
2.686399936676	-0.002873328282
2.687999963760	-0.002517984249
2.689599990845	-0.000723664067
2.691200017929	-0.002799984301
2.692800045013	-0.002513456158
2.694399833679	-0.001334640081
2.695999860764	-0.000529792043
2.697599887848	-0.003526048269
2.699199914932	-0.001739120111
2.700799942017	-0.001321248128
2.702399969101	-0.001575264148
2.703999996185	-0.000825200055
2.705600023270	-0.001634480199
2.707200050354	-0.000920944090
2.708799839020	-0.001041552052
2.710399866104	-0.001342048170
2.711999893188	-0.000657696044
2.713599920273	-0.001599152107
2.715199947357	0.000048784019
2.716799974442	-0.000865984068
2.718400001526	-0.002689936198
2.720000028610	-0.002512112260
2.721599817276	-0.001133152167
2.723199844360	-0.002937584184
2.724799871445	-0.001351872110
2.726399898529	-0.001120592118
2.727999925613	-0.003439792199
2.729599952698	-0.001328656101
2.731199979782	0.000455536036
2.732800006866	-0.000882656081
2.734400033951	-0.001979744062
2.735999822617	-0.003050960368
2.737599849701	-0.002008144278
2.739199876785	-0.000294832047
2.740799903870	-0.000343568012
2.742399930954	-0.001958864043
2.743999958038	-0.001865760190
2.745599985123	-0.001541504054
2.747200012207	-0.001125712064
2.748800039291	-0.001650944119
2.750399827957	-0.001047392143
2.751999855042	-0.003136448329
2.753599882126	-0.001805152162
2.755199909210	-0.002400224330
2.756799936295	-0.001182448119
2.758399963379	-0.001935392153
2.759999990463	-0.003030320164
2.761600017548	-0.001285264152
2.763200044632	-0.003128128359
2.764799833298	-0.002024704125
2.766399860382	-0.002395520220
2.767999887466	-0.002816096181
2.769599914551	-0.003726464231
2.771199941635	-0.002463056240
2.772799968719	-0.001209504087
2.774399995804	-0.002672704170
2.776000022888	-0.001702592126
2.777599811554	-0.001457216102
2.779199838638	-0.001142848050
2.780799865723	-0.002271536039
2.782399892807	-0.001447056071
2.783999919891	-0.002647536341
2.785599946976	-0.000454720051
2.787199974060	-0.000017439987
2.788800001144	-0.002628992079
2.790400028229	-0.001914528199
2.791999816895	-0.001182944048
2.793599843979	-0.001199872117
2.795199871063	-0.002054880140
2.796799898148	-0.001253984170
2.798399925232	-0.000123743986
2.799999952316	-0.001465408131
2.801599979401	-0.001117360080
2.803200006485	-0.001450896147
2.804800033569	-0.003663968295
2.806399822235	-0.002259088214
2.807999849319	-0.001602208125
2.809599876404	-0.002894496312
2.811199903488	-0.001972752158
2.812799930573	-0.002697504126
2.814399957657	-0.001096080057
2.815999984741	-0.001857120194
2.817600011826	-0.001797840232
2.819200038910	-0.001539424178
2.820799827576	-0.002157856012
2.822399854660	-0.003539840225
2.823999881744	-0.002544736257
2.825599908829	-0.003027648199
2.827199935913	-0.001796608092
2.828799962997	-0.000816176122
2.830399990082	-0.000524864066
2.832000017166	-0.001218528021
2.833600044250	-0.002404832281
2.835199832916	-0.002354592085
2.836799860001	-0.000474368018
2.838399887085	-0.002314144280
2.839999914169	-0.002431104193
2.841599941254	-0.002839936176
2.843199968338	-0.000223344003
2.844799995422	-0.001302480116
2.846400022507	-0.001434224076
2.847999811172	-0.002538608154
2.849599838257	-0.002186624100
2.851199865341	-0.002494544256
2.852799892426	-0.002127392218
2.854399919510	-0.002801168244
2.855999946594	-0.002398608252
2.857599973679	-0.001558528049
2.859200000763	-0.001884032157
2.860800027847	-0.002151760273
2.862399816513	-0.001314368099
2.863999843597	-0.001411120058
2.865599870682	-0.002072880277
2.867199897766	-0.002390240086
2.868799924850	-0.000153824018
2.870399951935	-0.001977120060
2.871999979019	-0.003224496264
2.873600006104	-0.002285504248
2.875200033188	-0.001234432100
2.876799821854	-0.002584432252
2.878399848938	-0.003010288114
2.879999876022	-0.001631312189
2.881599903107	-0.000872736040
2.883199930191	-0.002339008264
2.884799957275	0.000216944027
2.886399984360	-0.000342896034
2.888000011444	-0.003996704239
2.889600038528	-0.003009808250
2.891199827194	-0.001572160167
2.892799854279	-0.001760224113
2.894399881363	-0.000927152112
2.895999908447	-0.002345440211
2.897599935532	-0.001126896124
2.899199962616	-0.001329616061
2.900799989700	-0.001671792241
2.902400016785	-0.002391120186
2.904000043869	0.001050912077
2.905599832535	-0.001560704201
2.907199859619	-0.000416736031
2.908799886703	-0.002234912245
2.910399913788	-0.002890304197
2.911999940872	-0.001895792200
2.913599967957	-0.002224576194
2.915199995041	-0.002329008188
2.916800022125	-0.001242416096
2.918399810791	-0.002632864285
2.919999837875	-0.002886544215
2.921599864960	-0.001838880125
2.923199892044	-0.001285968116
2.924799919128	-0.001433504163
2.926399946213	-0.002298976295
2.927999973297	-0.001467536087
2.929600000381	-0.001123632072
2.931200027466	-0.003294016235
2.932799816132	-0.001843696111
2.934399843216	-0.001957984176
2.935999870300	-0.001575872186
2.937599897385	-0.000516992004
2.939199924469	-0.001578720170
2.940799951553	-0.002262656344
2.942399978638	-0.003060576273
2.944000005722	-0.003149648197
2.945600032806	-0.002139952267
2.947199821472	-0.001410368131
2.948799848557	-0.001627024147
2.950399875641	-0.001065904042
2.951999902725	-0.000867248105
2.953599929810	-0.001347488142
2.955199956894	-0.001898112125
2.956799983978	-0.002515472239
2.958400011063	-0.001302176155
2.960000038147	-0.001469904091
2.961599826813	-0.002613792196
2.963199853897	-0.001758400118
2.964799880981	-0.002222688170
2.966399908066	-0.002212224063
2.967999935150	-0.000758544076
2.969599962234	-0.004057200160
2.971199989319	-0.002674944233
2.972800016403	-0.001857072115
2.974400043488	-0.000444544072
2.975999832153	-0.002747280290
2.977599859238	-0.002358080354
2.979199886322	-0.002143696183
2.980799913406	-0.003747328185
2.982399940491	-0.002545008203
2.983999967575	-0.002391760238
2.985599994659	-0.002129504224
2.987200021744	-0.001367040095
2.988799810410	-0.001060688053
2.990399837494	-0.001557328156
2.991999864578	-0.001454752055
2.993599891663	-0.000949776033
2.995199918747	-0.000397680036
2.996799945831	-0.001347136102
2.998399972916	-0.002112944145
3.000000000000	-0.001388848061
3.001600027084	-0.002333856188
3.003199815750	-0.000354944001
3.004799842834	0.000096207958
3.006399869919	-0.000539232045
3.007999897003	-0.000857440056
3.009599924088	-0.001614272129
3.011199951172	-0.002896992257
3.012799978256	-0.002022800269
3.014400005341	-0.001288592000
3.016000032425	-0.003198240418
3.017599821091	-0.002855424304
3.019199848175	-0.001674496103
3.020799875259	-0.001964288298
3.022399902344	-0.001937600202
3.023999929428	-0.001623968128
3.025599956512	-0.002181504155
3.027199983597	-0.004367328249
3.028800010681	-0.002772528213
3.030400037766	-0.001947920071
3.031999826431	-0.001511168201
3.033599853516	-0.001773744123
3.035199880600	-0.001501776162
3.036799907684	-0.001416752115
3.038399934769	-0.001391168102
3.039999961853	-0.002198768314
3.041599988937	-0.002678544261
3.043200016022	-0.000687424035
3.044799804687	-0.000077696001
3.046399831772	-0.002098368248
3.047999858856	-0.002206032164
3.049599885941	-0.001511824201
3.051199913025	-0.001415440114
3.052799940109	-0.002346112160
3.054399967194	-0.003731824225
3.055999994278	-0.002249632264
3.057600021362	-0.002668608213
3.059199810028	0.000315072015
3.060799837112	-0.001622768119
3.062399864197	-0.002837024163
3.063999891281	-0.004038144369
3.065599918365	-0.000215776017
3.067199945450	-0.002735744230
3.068799972534	-0.002167216036
3.070399999619	-0.003320736345
3.072000026703	-0.003291984322
3.073599815369	0.000601792068
3.075199842453	-0.001586096128
3.076799869537	-0.001161456108
3.078399896622	-0.002708736109
3.079999923706	-0.002394208219
3.081599950790	-0.002472192282
3.083199977875	-0.002574112266
3.084800004959	-0.002458944218
3.086400032043	-0.000944240077
3.087999820709	-0.002723776270
3.089599847794	-0.001141184126
3.091199874878	-0.002030656207
3.092799901962	-0.002683024155
3.094399929047	-0.002511648228
3.095999956131	-0.001975920284
3.097599983215	-0.003216960235
3.099200010300	-0.000959792116
3.100800037384	-0.003726624418
3.102399826050	-0.001098736073
3.103999853134	-0.001908544218
3.105599880219	-0.002446768107
3.107199907303	-0.001131344121
3.108799934387	-0.002309136325
3.110399961472	-0.001945568132
3.111999988556	-0.000787056109
3.113600015640	-0.000964496110
3.115199804306	-0.002110592090
3.116799831390	-0.002542864298
3.118399858475	-0.002202656120
3.119999885559	-0.001044592122
3.121599912643	-0.002525856253
3.123199939728	-0.001209168113
3.124799966812	-0.000899824081
3.126399993896	-0.001541536185
3.128000020981	-0.002122608246
3.129599809647	-0.003034128342
3.131199836731	-0.001753936056
3.132799863815	-0.000411760033
3.134399890900	-0.002577024279
3.135999917984	-0.001280608121
3.137599945068	-0.001660672133
3.139199972153	-0.000394848030
3.140799999237	-0.002661648206
3.142400026321	-0.002598608145
3.143999814987	-0.002784752287
3.145599842072	-0.002181184245
3.147199869156	-0.004199920222
3.148799896240	-0.001746128080
3.150399923325	-0.000963328057
3.151999950409	-0.002485776320
3.153599977493	-0.002545136260
3.155200004578	-0.001809872105
3.156800031662	-0.002329744166
3.158399820328	0.000021664022
3.159999847412	-0.003263056278
3.161599874496	-0.003449824173
3.163199901581	-0.001827456173
3.164799928665	-0.003418240231
3.166399955750	-0.000927776156
3.167999982834	-0.001682880218
3.169600009918	-0.002424352337
3.171200037003	-0.001468000119
3.172799825668	-0.001808832167
3.174399852753	-0.002568672178
3.175999879837	-0.004181552213
3.177599906921	-0.002705552150
3.179199934006	-0.003647232195
3.180799961090	-0.001982080285
3.182399988174	-0.002653520321
3.184000015259	-0.001395680127
3.185599803925	-0.001871504122
3.187199831009	-0.002932448173
3.188799858093	-0.001277824165
3.190399885178	-0.003812976414
3.191999912262	-0.000889520103
3.193599939346	-0.001266544103
3.195199966431	-0.002168560168
3.196799993515	-0.002653568285
3.198400020599	-0.002458400093
3.199999809265	-0.002464784309
3.201599836349	-0.002088768175
3.203199863434	-0.001186560141
3.204799890518	-0.002448096173
3.206399917603	-0.002803312149
3.207999944687	-0.001794304117
3.209599971771	-0.000409503962
3.211199998856	-0.002262960188
3.212800025940	-0.002216608264
3.214399814606	-0.002120144200
3.215999841690	-0.001320336130
3.217599868774	-0.003443008289
3.219199895859	-0.003562016413
3.220799922943	-0.001889680163
3.222399950027	-0.003184272209
3.223999977112	-0.004416896496
3.225600004196	-0.002184336307
3.227200031281	-0.000303632056
3.228799819946	-0.001766560134
3.230399847031	-0.001962960232
3.231999874115	-0.000593072036
3.233599901199	-0.003134768223
3.235199928284	-0.002732864348
3.236799955368	-0.003083456308
3.238399982452	-0.001810624148
3.240000009537	-0.002992192283
3.241600036621	-0.000982896076
3.243199825287	-0.001124640112
3.244799852371	-0.003998384345
3.246399879456	-0.001471616095
3.247999906540	-0.002052752301
3.249599933624	-0.002520176349
3.251199960709	-0.003466384253
3.252799987793	-0.001892672153
3.254400014877	-0.003067376325
3.255999803543	-0.000856464088
3.257599830627	-0.003749568248
3.259199857712	-0.002915744204
3.260799884796	-0.001923728152
3.262399911880	-0.003456560196
3.263999938965	-0.003134336323
3.265599966049	-0.002485712292
3.267199993134	-0.002541344147
3.268800020218	-0.002445584163
3.270399808884	-0.001820560079
3.271999835968	-0.002026640112
3.273599863052	-0.003907488193
3.275199890137	-0.001337744063
3.276799917221	-0.001545120147
3.278399944305	-0.002364496235
3.279999971390	-0.002300688066
3.281599998474	-0.003703792347
3.283200025558	-0.002873984165
3.284799814224	-0.002788640326
3.286399841309	-0.005065264180
3.287999868393	-0.002155488124
3.289599895477	-0.001357536064
3.291199922562	-0.003656496294
3.292799949646	-0.002696768148
3.294399976730	-0.003983952105
3.296000003815	-0.004059456289
3.297600030899	-0.002192032058
3.299199819565	-0.002058112063
3.300799846649	0.000391488022
3.302399873734	-0.002417840296
3.303999900818	-0.003622032236
3.305599927902	-0.002602480119
3.307199954987	-0.002538160188
3.308799982071	-0.002380976221
3.310400009155	-0.003199328203
3.311999797821	-0.002159424126
3.313599824905	-0.002313440200
3.315199851990	-0.000244320021
3.316799879074	-0.003071920248
3.318399906158	-0.002166032093
3.319999933243	-0.003058752278
3.321599960327	-0.002382704290
3.323199987411	-0.003000544151
3.324800014496	-0.003759664251
3.326399803162	-0.001576960087
3.327999830246	-0.002801472321
3.329599857330	-0.002134592272
3.331199884415	-0.001245024148
3.332799911499	-0.002723088255
3.334399938583	-0.002695616335
3.335999965668	-0.003768160241
3.337599992752	-0.000089952053
3.339200019836	-0.003649264341
3.340799808502	-0.002270688070
3.342399835587	-0.001019936171
3.343999862671	-0.002649232280
3.345599889755	-0.002720320364
3.347199916840	-0.002102928236
3.348799943924	-0.002441504272
3.350399971008	-0.004771328531
3.351999998093	-0.000942496059
3.353600025177	-0.001768064103
3.355199813843	-0.002828896279
3.356799840927	-0.002988944296
3.358399868011	-0.003113232320
3.359999895096	-0.002642032225
3.361599922180	-0.001129440148
3.363199949265	-0.003213872202
3.364799976349	-0.003228848334
3.366400003433	-0.002207424259
3.368000030518	-0.000535696105
3.369599819183	-0.002525712131
3.371199846268	-0.004538208246
3.372799873352	-0.000337056030
3.374399900436	-0.002022544155
3.375999927521	-0.002479040297
3.377599954605	-0.001080144080
3.379199981689	-0.001217600075
3.380800008774	-0.002576208208
3.382399797440	-0.001454176148
3.383999824524	-0.003170336364
3.385599851608	-0.002635568148
3.387199878693	-0.001905024168
3.388799905777	-0.002141840057
3.390399932861	-0.001410768135
3.391999959946	-0.001293088077
3.393599987030	-0.002292704303
3.395200014114	-0.003533504438
3.396799802780	-0.002721744357
3.398399829865	-0.002921360312
3.399999856949	-0.002549232217
3.401599884033	-0.004228544421
3.403199911118	-0.002278784057
3.404799938202	-0.001895920141
3.406399965286	-0.003283344209
3.407999992371	-0.001878272160
3.409600019455	-0.002749744337
3.411199808121	-0.002679952187
3.412799835205	-0.001514624106
3.414399862289	-0.003136160318
3.415999889374	0.000063088009
3.417599916458	-0.003166944254
3.419199943542	-0.003938016482
3.420799970627	-0.002219344256
3.422399997711	-0.003275216324
3.424000024796	-0.002737936331
3.425599813461	-0.002456816146
3.427199840546	-0.000619088067
3.428799867630	-0.001885408186
3.430399894714	-0.001434544101
3.431999921799	-0.003423152259
3.433599948883	-0.002612096258
3.435199975967	-0.001994608203
3.436800003052	-0.001600336167
3.438400030136	-0.002658224199
3.439999818802	-0.003013008274
3.441599845886	-0.003124864306
3.443199872971	-0.002659952268
3.444799900055	-0.001584192156
3.446399927139	-0.002432912122
3.447999954224	-0.002499008086
3.449599981308	-0.001078336150
3.451200008392	0.001895184163
