0.000000000000	0.006578160450
0.001599999960	0.005428832490
0.003199999919	0.004982336424
0.004799999762	0.007904432714
0.006399999838	0.007437584456
0.007999999449	0.004756128415
0.009599999525	0.006911152508
0.011199999601	0.007142592687
0.012799999677	0.006173536647
0.014399999753	0.005530256312
0.015999998897	0.004617600236
0.017599999905	0.007024080493
0.019199999049	0.005462352652
0.020800000057	0.005122176372
0.022399999201	0.005726176314
0.024000000209	0.005076944362
0.025599999353	0.004207872320
0.027199998498	0.004083424341
0.028799999505	0.006274416577
0.030399998650	0.004880528431
0.031999997795	0.005863200407
0.033599998802	0.006761488505
0.035199999809	0.004923104309
0.036800000817	0.005153856240
0.038399998099	0.004683456384
0.039999999106	0.004233792424
0.041600000113	0.005448992364
0.043199997395	0.005424272269
0.044799998403	0.003106752178
0.046399999410	0.003941104282
0.048000000417	0.004850576166
0.049599997699	0.005087168422
0.051199998707	0.004361216445
0.052799999714	0.003885312239
0.054399996996	0.005011792295
0.055999998003	0.002626928268
0.057599999011	0.005567408632
0.059200000018	0.002880848246
0.060799997300	0.003177616280
0.062399998307	0.005106560420
0.063999995589	0.003630704246
0.065600000322	0.004427872133
0.067199997604	0.004629440606
0.068799994886	0.004300272558
0.070399999619	0.003592240391
0.071999996901	0.003143472364
0.073600001633	0.003821984399
0.075199998915	0.004383584484
0.076799996197	0.004805776291
0.078400000930	0.003163328394
0.079999998212	0.003922384232
0.081599995494	0.003277424257
0.083200000226	0.004080016166
0.084799997509	0.003247424262
0.086399994791	0.003707360243
0.087999999523	0.002664144151
0.089599996805	0.005372208543
0.091199994087	0.002403888153
0.092799998820	0.003864128375
0.094399996102	0.004332544282
0.096000000834	0.004626256414
0.097599998116	0.003515840275
0.099199995399	0.002852544188
0.100800000131	0.003332304303
0.102399997413	0.004151936155
0.103999994695	0.004173728172
0.105599999428	0.002789664315
0.107199996710	0.002981472295
0.108799993992	0.004735936411
0.110399998724	0.002741744276
0.111999996006	0.004922576249
0.113600000739	0.003329056315
0.115199998021	0.002854688326
0.116799995303	0.002476352267
0.118400000036	0.003348656232
0.119999997318	0.004032544326
0.121599994600	0.004918336403
0.123199999332	0.003728896379
0.124799996614	0.002980240155
0.126399993896	0.003305888269
0.127999991179	0.002861712361
0.129600003362	0.004008832388
0.131200000644	0.002209168160
0.132799997926	0.003328336403
0.134399995208	0.002411760157
0.135999992490	0.004809808452
0.137599989772	0.003154496197
0.139200001955	0.002599616302
0.140799999237	0.004645536188
0.142399996519	0.003403824288
0.143999993801	0.002855184255
0.145599991083	0.004599280190
0.147200003266	0.004177328199
0.148800000548	0.002165520098
0.150399997830	0.002201392315
0.151999995112	0.004106912296
0.153599992394	0.003602400189
0.155199989676	0.001628896105
0.156800001860	0.003053536173
0.158399999142	0.002672496252
0.159999996424	0.002200736199
0.161599993706	0.003589280415
0.163199990988	0.003736400278
0.164800003171	0.002030320233
0.166400000453	0.003108464181
0.167999997735	0.004207104445
0.169599995017	0.002040912164
0.171199992299	0.003513008356
0.172799989581	0.004328944255
0.174400001764	0.003496256191
0.175999999046	0.001948944177
0.177599996328	0.002905424219
0.179199993610	0.003226160305
0.180799990892	0.003894576337
0.182399988174	0.003744240385
0.184000000358	0.004213312175
0.185599997640	0.003048448125
0.187199994922	0.003898560302
0.188799992204	0.003524992382
0.190399989486	0.002504160162
0.192000001669	0.002256304258
0.193599998951	0.003616176313
0.195199996233	0.002691168105
0.196799993515	0.002457904164
0.198399990797	0.003500064369
0.199999988079	0.003342144424
0.201600000262	0.001882240060
0.203199997544	0.003457424231
0.204799994826	0.003671728307
0.206399992108	0.001207504072
0.207999989390	0.001075072098
0.209600001574	0.004571232479
0.211199998856	0.002010128228
0.212799996138	0.002498128219
0.214399993420	0.002984208288
0.215999990702	0.001838032156
0.217599987984	0.003115600208
0.219200000167	0.002538704313
0.220799997449	0.002084368141
0.222399994731	0.002003760077
0.223999992013	0.000648352085
0.225599989295	0.003340096213
0.227200001478	0.002157312119
0.228799998760	0.001963552088
0.230399996042	0.002777520334
0.231999993324	0.004136656411
0.233599990606	0.002348368289
0.235199987888	0.002487808233
0.236800000072	0.002336832229
0.238399997354	0.002808608348
0.239999994636	0.003303536214
0.241599991918	0.002628784161
0.243199989200	0.002149328124
0.244799986482	0.002008304233
0.246399998665	0.002899680287
0.247999995947	0.004129312467
0.249599993229	0.003067328362
0.251199990511	0.002888944233
0.252799987793	0.002765088342
0.254399985075	0.002953792224
0.255999982357	0.002640352119
0.257599979639	0.003335584188
0.259200006723	0.003540688194
0.260800004005	0.002891888143
0.262400001287	0.002596368082
0.263999998569	0.004464128520
0.265599995852	0.003852592316
0.267199993134	0.001740576117
0.268799990416	0.002266528085
0.270399987698	0.003000640310
0.271999984980	0.002408112166
0.273599982262	0.001781568164
0.275199979544	0.003125328338
0.276800006628	0.002838160144
0.278400003910	0.002994320355
0.280000001192	0.003542432329
0.281599998474	0.001976992236
0.283199995756	0.002089616144
0.284799993038	0.003001472214
0.286399990320	0.002756768372
0.287999987602	0.002893136349
0.289599984884	0.002720944351
0.291199982166	0.002509184182
0.292799979448	0.003568624146
0.294400006533	0.003281136276
0.296000003815	0.002889968222
0.297600001097	0.002236544155
0.299199998379	0.002436368261
0.300799995661	0.003343104385
0.302399992943	0.002331184223
0.303999990225	0.001990368124
0.305599987507	0.003155888291
0.307199984789	0.003390352242
0.308799982071	0.002890112344
0.310399979353	0.004856384359
0.312000006437	0.002693088260
0.313600003719	0.001975632040
0.315200001001	0.003240928287
0.316799998283	0.002083824249
0.318399995565	0.002657344332
0.319999992847	0.002979232231
0.321599990129	0.003101360286
0.323199987411	0.002081808168
0.324799984694	0.001193040167
0.326399981976	0.002571744146
0.327999979258	0.004352288321
0.329600006342	0.002068544040
0.331200003624	0.000874560094
0.332800000906	0.002555504208
0.334399998188	0.002552880207
0.335999995470	0.002991312183
0.337599992752	0.003267248161
0.339199990034	0.002663472202
0.340799987316	0.001926448080
0.342399984598	0.001685920055
0.343999981880	0.004324176349
0.345599979162	0.000591856020
0.347199976444	0.002969408175
0.348800003529	0.003422064241
0.350400000811	0.002085840097
0.351999998093	0.003248272231
0.353599995375	0.003554240335
0.355199992657	0.001987696160
0.356799989939	0.002341840183
0.358399987221	0.001975680236
0.359999984503	0.002584720263
0.361599981785	0.002590208314
0.363199979067	0.001842160127
0.364799976349	0.000949024048
0.366400003433	0.002516048262
0.368000000715	0.002084912267
0.369599997997	0.002439840231
0.371199995279	0.001295648166
0.372799992561	0.003042208264
0.374399989843	0.002877264284
0.375999987125	0.003244944150
0.377599984407	0.002123008249
0.379199981689	0.002102480270
0.380799978971	0.001930368133
0.382399976254	0.004274496343
0.384000003338	0.002387616085
0.385600000620	0.002296688268
0.387199997902	0.000876560051
0.388799995184	0.001529136091
0.390399992466	0.002895488171
0.391999989748	0.002545568161
0.393599987030	0.003700160189
0.395199984312	0.002860896289
0.396799981594	0.002081072191
0.398399978876	0.003666768316
0.399999976158	0.002362048253
0.401600003242	0.002026464092
0.403200000525	0.001739424071
0.404799997807	0.002575168153
0.406399995089	0.003035760252
0.407999992371	0.003996896558
0.409599989653	0.000631568080
0.411199986935	0.002508784179
0.412799984217	0.003638624214
0.414399981499	0.002755680354
0.415999978781	0.002449216088
0.417599976063	0.001993584214
0.419200003147	0.002162720077
0.420800000429	0.003096288303
0.422399997711	0.001529680099
0.423999994993	0.001410368131
0.425599992275	0.001109728124
0.427199989557	0.002681648126
0.428799986839	0.001784032211
0.430399984121	0.003044560319
0.431999981403	0.003031136235
0.433599978685	0.003382688155
0.435199975967	0.002311296295
0.436800003052	0.003558976343
0.438400000334	0.001564304112
0.439999997616	0.003430304350
0.441599994898	0.002764256205
0.443199992180	0.000574560021
0.444799989462	0.003481872380
0.446399986744	0.003393232357
0.447999984026	0.000682496058
0.449599981308	0.002300544176
0.451199978590	0.002800912131
0.452799975872	0.002247712109
0.454400002956	0.002194080269
0.456000000238	0.001027296064
0.457599997520	0.003516688244
0.459199994802	0.002945248270
0.460799992085	0.002350816270
0.462399989367	0.001702368143
0.463999986649	0.001834560186
0.465599983931	0.002400832251
0.467199981213	0.002413712209
0.468799978495	0.002888768213
0.470399975777	0.002919760300
0.472000002861	0.003361936193
0.473600000143	0.000003631975
0.475199997425	0.002392160241
0.476799994707	0.001851776149
0.478399991989	0.001811568276
0.479999989271	0.002922800137
0.481599986553	0.002834736137
0.483199983835	0.002708384302
0.484799981117	0.001426960109
0.486399978399	0.002358608181
0.487999975681	0.003148000222
0.489599972963	0.001330272062
0.491200000048	0.003072976368
0.492799997330	0.002452016110
0.494399994612	0.002402464161
0.495999991894	0.001200912055
0.497599989176	0.002245760290
0.499199986458	0.002875504084
0.500800013542	0.002130144276
0.502399981022	0.004089472350
0.504000008106	0.003011856228
0.505599975586	0.001011968008
0.507200002670	0.001736672129
0.508799970150	0.002679936122
0.510399997234	0.002610096242
0.511999964714	0.002486128127
0.513599991798	0.002071792027
0.515199959278	0.001176864025
0.516799986362	0.002806384349
0.518400013447	0.002697904129
0.519999980927	0.001721296110
0.521600008011	0.002816960216
0.523199975491	0.001579024130
0.524800002575	0.001476656180
0.526399970055	0.001735664089
0.527999997139	0.002981664147
0.529599964619	0.003266752232
0.531199991703	0.001992640086
0.532799959183	0.003089696169
0.534399986267	0.003513104282
0.536000013351	0.001534400159
0.537599980831	0.002063328167
0.539200007915	0.001688368153
0.540799975395	0.002058784245
0.542400002480	0.001488912152
0.543999969959	0.004401872400
0.545599997044	0.001618704060
0.547199964523	0.001291520079
0.548799991608	0.002647840185
0.550399959087	0.001487568137
0.551999986172	0.002900032327
0.553600013256	0.003084976226
0.555199980736	0.003057600232
0.556800007820	0.001237808145
0.558399975300	0.002144416329
0.560000002384	0.001651616185
0.561599969864	0.001168496092
0.563199996948	0.003005168168
0.564799964428	0.000268976029
0.566399991512	0.002021984197
0.567999958992	0.003509232309
0.569599986076	0.001891584136
0.571200013161	0.001575040165
0.572799980640	0.001904352102
0.574400007725	0.001305040088
0.575999975204	0.000807664066
0.577600002289	0.002179264091
0.579199969769	0.002847792348
0.580799996853	0.001818672172
0.582399964333	0.001145152142
0.583999991417	0.000784288102
0.585599958897	0.001351888059
0.587199985981	0.002340864157
0.588800013065	0.002554944251
0.590399980545	0.001975168241
0.592000007629	0.000570768025
0.593599975109	0.002792288316
0.595200002193	0.001994272228
0.596799969673	0.001505024149
0.598399996758	0.001284048078
0.599999964237	0.000984368147
0.601599991322	0.003428480355
0.603199958801	0.000723472098
0.604799985886	0.002251008293
0.606400012970	0.002460048301
0.607999980450	0.001129408134
0.609600007534	0.000679536024
0.611199975014	0.001864416176
0.612800002098	0.002590592252
0.614399969578	0.001129056094
0.615999996662	0.001600160147
0.617599964142	0.002428912092
0.619199991226	0.002285648137
0.620799958706	0.000939840102
0.622399985790	0.003523472231
0.624000012875	0.002539344132
0.625599980354	0.001626000158
0.627200007439	0.001595888170
0.628799974918	0.003070016159
0.630400002003	0.001755152130
0.631999969482	0.001274672104
0.633599996567	0.001618592069
0.635199964046	0.001846480183
0.636799991131	0.000974064053
0.638399958611	0.002086336259
0.639999985695	0.001819904195
0.641600012779	0.000869552081
0.643199980259	0.001596400165
0.644800007343	0.002354928292
0.646399974823	0.000885104062
0.648000001907	0.001998176100
0.649599969387	0.001428944059
0.651199996471	0.001539168181
0.652799963951	0.001120192115
0.654399991035	0.001878976123
0.655999958515	0.000396384014
0.657599985600	0.002556272084
0.659200012684	0.002511584200
0.660799980164	0.000327312038
0.662400007248	0.001607520157
0.663999974728	0.002037760103
0.665600001812	0.002461456228
0.667199969292	0.001037280075
0.668799996376	0.001609360101
0.670399963856	0.000335632009
0.671999990940	0.000346848014
0.673599958420	0.002956848359
0.675199985504	0.002367808251
0.676800012589	0.001349840080
0.678399980068	-0.000129520005
0.680000007153	0.002705408260
0.681599974632	0.001331584062
0.683200001717	0.002376688179
0.684799969196	0.002242320217
0.686399996281	0.000282240013
0.687999963760	0.000848032068
0.689599990845	0.002394672250
0.691199958324	0.001521664090
0.692799985409	0.001162048080
0.694399952888	0.001316320151
0.695999979973	0.002641280182
0.697600007057	0.001339424052
0.699199974537	0.002180560259
0.700800001621	0.001380144036
0.702399969101	0.001596752089
0.703999996185	0.001636672183
0.705599963665	0.001669568126
0.707199990749	0.002298160223
0.708799958229	0.003117936198
0.710399985313	0.001789728180
0.711999952793	0.000741232070
0.713599979877	0.001730624121
0.715200006962	0.001051792060
0.716799974442	0.002075120108
0.718400001526	0.001623392105
0.719999969006	0.002082960214
0.721599996090	0.001303680125
0.723199963570	0.001082000090
0.724799990654	0.002694448223
0.726399958134	0.001822624123
0.727999985218	-0.000326848036
0.729599952698	0.001248992048
0.731199979782	0.000896368001
0.732800006866	0.002769568237
0.734399974346	0.001842704136
0.736000001431	0.000146335995
0.737599968910	0.002066128189
0.739199995995	0.001411904115
0.740799963474	0.003844896331
0.742399990559	0.001794080134
0.743999958038	0.002812944353
0.745599985123	0.002496976173
0.747199952602	-0.000197968067
0.748799979687	0.002172960201
0.750400006771	0.003504384309
0.751999974251	0.003192128148
0.753600001335	0.000694096088
0.755199968815	0.000849456061
0.756799995899	0.001324272132
0.758399963379	0.003233024152
0.759999990463	0.002089040121
0.761599957943	0.001756672165
0.763199985027	0.001568672131
0.764799952507	0.000057120022
0.766399979591	0.002045760164
0.768000006676	0.002243312309
0.769599974155	0.001465536188
0.771200001240	0.001074592117
0.772799968719	0.001393120037
0.774399995804	0.001960784197
0.775999963284	0.002241952112
0.777599990368	0.001863104175
0.779199957848	0.001127184136
0.780799984932	0.002249168232
0.782399952412	0.002104144078
0.783999979496	0.001111040125
0.785600006580	0.002342000138
0.787199974060	0.002413024195
0.788800001144	0.002011424163
0.790399968624	0.000493648055
0.791999995708	0.002076864243
0.793599963188	0.000654720061
0.795199990273	0.001618576120
0.796799957752	0.002591360128
0.798399984837	0.001707040123
0.799999952316	0.000902832078
0.801599979401	0.002275136299
0.803200006485	0.002238544170
0.804799973965	0.002100080252
0.806400001049	0.000426800048
0.807999968529	0.002845184179
0.809599995613	0.003160000313
0.811199963093	0.001502000145
0.812799990177	0.001109888079
0.814399957657	0.001373824081
0.815999984741	0.000385520048
0.817599952221	0.000218767993
0.819199979305	0.002762416145
0.820800006390	0.000546959986
0.822399973869	0.001702432171
0.824000000954	0.001224528067
0.825599968433	0.001174304169
0.827199995518	0.001735408092
0.828799962997	0.000230528065
0.830399990082	0.002582832240
0.831999957561	0.001887392136
0.833599984646	0.000512160012
0.835199952126	0.002404688159
0.836799979210	0.001372944098
0.838400006294	0.000564032060
0.839999973774	0.003493776312
0.841600000858	0.001513872063
0.843199968338	0.002641104162
0.844799995422	0.000238496010
0.846399962902	0.002154928166
0.847999989986	0.002760272240
0.849599957466	0.001203120104
0.851199984550	0.000179664043
0.852799952030	0.001619632123
0.854399979115	0.002503664233
0.856000006199	0.000600832049
0.857599973679	0.002190960106
0.859200000763	0.002799520269
0.860799968243	0.000735664100
0.862399995327	0.001620608149
0.863999962807	0.001494944096
0.865599989891	0.001157552120
0.867199957371	0.001032592030
0.868799984455	0.001540752128
0.870399951935	0.001337136142
0.871999979019	0.001995408209
0.873600006104	0.001034128014
0.875199973583	0.000530912075
0.876800000668	0.001345952041
0.878399968147	0.000700032047
0.879999995232	0.000540640031
0.881599962711	0.000906256086
0.883199989796	0.001029536128
0.884799957275	0.001004064106
0.886399984360	0.000078560013
0.887999951839	0.001811120193
0.889599978924	0.000586240028
0.891200006008	0.001340256073
0.892799973488	0.000141024007
0.894400000572	0.000209424004
0.895999968052	0.002014688216
0.897599995136	0.001010640059
0.899199962616	0.001378112123
0.900799989700	0.002152944217
0.902399957180	0.000498352048
0.903999984264	0.002218400128
0.905599951744	0.003538064193
0.907199978828	0.002488000318
0.908800005913	0.000619008089
0.910399973392	0.001756672165
0.912000000477	0.000865056063
0.913599967957	-0.001086752047
0.915199995041	0.002386000240
0.916799962521	0.000563904061
0.918399989605	0.001592736109
0.919999957085	0.001295456081
0.921599984169	0.002744096331
0.923199951649	0.000119471988
0.924799978733	0.000575648039
0.926400005817	0.000894192141
0.927999973297	0.001142848050
0.929600000381	0.000326816022
0.931199967861	0.001532976166
0.932799994946	0.002986656269
0.934399962425	0.001601376105
0.935999989510	0.001150480122
0.937599956989	-0.000437184033
0.939199984074	0.000758992042
0.940799951553	0.001677504159
0.942399978638	-0.000211648032
0.944000005722	0.000972384121
0.945599973202	0.001720208093
0.947200000286	0.001088816090
0.948799967766	0.002036896069
0.950399994850	0.001635792200
0.951999962330	0.000750880106
0.953599989414	0.000045312005
0.955199956894	0.001399088069
0.956799983978	0.002488848288
0.958399951458	0.000465120072
0.959999978542	-0.000828560092
0.961599946022	0.002900240244
0.963199973106	0.002063600114
0.964800000191	0.000863904075
0.966399967670	0.001638960093
0.967999994755	0.003225552384
0.969599962234	0.001465232112
0.971199989319	0.000123487989
0.972799956799	0.001346160192
0.974399983883	0.000982944155
0.975999951363	0.000504624040
0.977599978447	0.002733952133
0.979199945927	0.000376720040
0.980799973011	0.000706624065
0.982400000095	0.003184224246
0.983999967575	0.001668592216
0.985599994659	0.000739520066
0.987199962139	-0.001086672186
0.988799989223	0.001282208133
0.990399956703	0.000451968051
0.991999983788	0.001121728099
0.993599951267	0.001676400192
0.995199978352	0.000495616056
0.996799945831	-0.000556832063
0.998399972916	0.001387536060
1.000000000000	0.002003792208
1.001600027084	-0.000321056054
1.003199934959	-0.000201008021
1.004799962044	0.002391360234
1.006399989128	0.001493472140
1.008000016212	0.000574288017
1.009599924088	-0.000801952032
1.011199951172	0.001735872123
1.012799978256	0.002532912185
1.014400005341	0.000806688040
1.016000032425	0.000921232044
1.017599940300	0.000668096065
1.019199967384	0.001317264047
1.020799994469	0.000438640011
1.022400021553	0.002567216288
1.023999929428	0.000822832109
1.025599956512	0.000297712046
1.027199983597	0.002588896314
1.028800010681	0.000969104120
1.030399918556	0.001220896142
1.031999945641	-0.001102720154
1.033599972725	0.001733872108
1.035199999809	0.001582848141
1.036800026894	0.002059776103
1.038399934769	0.000860848057
1.039999961853	0.000877760060
1.041599988937	0.001941392198
1.043200016022	0.001496336074
1.044799923897	0.000880128064
1.046399950981	0.000992816058
1.047999978065	0.000808896089
1.049600005150	0.001219440135
1.051200032234	0.002102848142
1.052799940109	0.002878832165
1.054399967194	0.000264656032
1.055999994278	-0.000088783985
1.057600021362	0.002364928136
1.059199929237	-0.000163216013
1.060799956322	0.001167776063
1.062399983406	0.000005471968
1.064000010490	0.000688736094
1.065599918365	0.001687872107
1.067199945450	0.002231152263
1.068799972534	0.000886672118
1.070399999619	-0.000103807979
1.072000026703	0.000811568054
1.073599934578	0.000916944060
1.075199961662	0.001913696178
1.076799988747	0.001214560121
1.078400015831	0.000657584111
1.079999923706	-0.000279136031
1.081599950790	0.001716000144
1.083199977875	0.001607856131
1.084800004959	0.001585728140
1.086400032043	0.000962000049
1.087999939919	0.000401024066
1.089599967003	0.000538176100
1.091199994087	-0.000050112001
1.092800021172	0.001452544122
1.094399929047	0.000613376033
1.095999956131	0.001213024138
1.097599983215	0.001803456107
1.099200010300	0.000897056074
1.100799918175	0.000596304075
1.102399945259	0.001718336134
1.103999972343	0.000943040068
1.105599999428	0.000443440047
1.107200026512	0.000216128014
1.108799934387	0.001025344129
1.110399961472	0.002134752227
1.111999988556	0.000752960041
1.113600015640	0.001853344147
1.115199923515	0.000910848088
1.116799950600	0.000909728056
1.118399977684	0.001038544113
1.120000004768	-0.000051744017
1.121599912643	0.001224768115
1.123199939728	0.001716496190
1.124799966812	0.001491056057
1.126399993896	0.001325712074
1.128000020981	0.000923104119
1.129599928856	0.000339216029
1.131199955940	0.001153504127
1.132799983025	-0.000764016120
1.134400010109	0.000017727985
1.135999917984	0.002437120304
1.137599945068	0.002508288249
1.139199972153	0.000323648041
1.140799999237	0.001790208160
1.142400026321	0.000408144027
1.143999934196	0.000625296088
1.145599961281	0.000392560003
1.147199988365	-0.000361168000
1.148800015450	0.001814208110
1.150399923325	0.000109215995
1.151999950409	0.003948864527
1.153599977493	0.000323888002
1.155200004578	-0.000276384089
1.156799912453	0.000611344061
1.158399939537	0.001677600085
1.159999966621	-0.000513792038
1.161599993706	0.001398720080
1.163200020790	0.000632416049
1.164799928665	0.000534111983
1.166399955750	0.000769952021
1.167999982834	-0.000248864031
1.169600009918	-0.000656704069
1.171199917793	0.001542432117
1.172799944878	0.001142608118
1.174399971962	0.000381136080
1.175999999046	-0.000394544011
1.177600026131	0.000071951989
1.179199934006	0.000174736037
1.180799961090	-0.000437952083
1.182399988174	0.001702048117
1.184000015259	0.001789392205
1.185599923134	0.001039392082
1.187199950218	0.001899808180
1.188799977303	0.000595952035
1.190400004387	0.001104752067
1.191999912262	0.001220912091
1.193599939346	0.000324832014
1.195199966431	-0.000250496058
1.196799993515	0.000814704050
1.198400020599	0.001530864160
1.199999928474	0.000168240003
1.201599955559	0.001680464135
1.203199982643	0.001099408139
1.204800009727	0.001166992122
1.206399917603	0.000350224029
1.207999944687	0.001604128163
1.209599971771	0.000084000014
1.211199998856	-0.000576496066
1.212800025940	0.000877744111
1.214399933815	0.001115536084
1.215999960899	0.001028144150
1.217599987984	-0.000052832027
1.219200015068	0.000292032055
1.220799922943	0.000144751975
1.222399950027	0.001675552223
1.223999977112	0.001855728216
1.225600004196	0.000178304021
1.227199912071	0.001779232174
1.228799939156	0.000345903973
1.230399966240	0.000202816038
1.231999993324	0.001648064121
1.233600020409	0.000651632028
1.235199928284	-0.000010208003
1.236799955368	0.001564960112
1.238399982452	0.002095920267
1.240000009537	0.000977792079
1.241599917412	0.002505440265
1.243199944496	-0.000014976029
1.244799971581	-0.000304336048
1.246399998665	0.001925504184
1.248000025749	0.001427312149
1.249599933624	0.002370592207
1.251199960709	0.000604352041
1.252799987793	0.002400800120
1.254400014877	0.002039552201
1.255999922752	-0.002296688268
1.257599949837	0.001873184112
1.259199976921	0.001148736104
1.260800004005	0.000977264135
1.262399911880	0.000197807982
1.263999938965	-0.001850288128
1.265599966049	-0.000115328017
1.267199993134	0.000388512010
1.268800020218	0.001462208107
1.270399928093	0.000670560054
1.271999955177	-0.000049823986
1.273599982262	0.000966080115
1.275200009346	0.000704688020
1.276799917221	0.001500400132
1.278399944305	-0.000393488066
1.279999971390	0.000518112036
1.281599998474	-0.000911072129
1.283200025558	0.000537024054
1.284799933434	0.000691424066
1.286399960518	0.001027584076
1.287999987602	0.001016784110
1.289600014687	0.000304096000
1.291199922562	0.001119968132
1.292799949646	0.000038815990
1.294399976730	-0.001395920175
1.296000003815	0.000684656028
1.297599911690	0.000285424059
1.299199938774	-0.000308752089
1.300799965858	0.000162400000
1.302399992943	0.000395008014
1.304000020027	0.001651008148
1.305599927902	0.000700528093
1.307199954987	0.001719648135
1.308799982071	0.000575184007
1.310400009155	-0.000391264039
1.311999917030	0.000546208059
1.313599944115	0.001350416103
1.315199971199	0.001647280180
1.316799998283	0.000380544050
1.318400025368	0.000209279999
1.319999933243	0.000396800053
1.321599960327	0.001409488032
1.323199987411	-0.000014703997
1.324800014496	0.000782864110
1.326399922371	0.000716560113
1.327999949455	0.000794128049
1.329599976540	-0.001403520117
1.331200003624	0.000029855993
1.332799911499	0.002651184332
1.334399938583	0.000543232134
1.335999965668	0.000923664076
1.337599992752	-0.000046640027
1.339200019836	0.000200751980
1.340799927711	-0.000913472089
1.342399954796	0.000166432030
1.343999981880	-0.000272784004
1.345600008965	0.000554048107
1.347199916840	0.000535312050
1.348799943924	0.000009968006
1.350399971008	-0.000260048051
1.351999998093	0.001733104116
1.353600025177	0.001646944089
1.355199933052	-0.000112495989
1.356799960136	0.001710880082
1.358399987221	0.001129536191
1.360000014305	0.001260416117
1.361599922180	0.000042160005
1.363199949265	0.000288464013
1.364799976349	0.000990832108
1.366400003433	-0.000389264053
1.367999911308	0.000582896057
1.369599938393	0.000721232034
1.371199965477	0.001043984084
1.372799992561	-0.000625168032
1.374400019646	0.000522864051
1.375999927521	0.002068544040
1.377599954605	0.001252192073
1.379199981689	-0.000820464047
1.380800008774	-0.000447408034
1.382399916649	0.000653712079
1.383999943733	0.000118255914
1.385599970818	0.000299264007
1.387199997902	0.000165504011
1.388799905777	0.000882272085
1.390399932861	-0.000121168050
1.391999959946	0.000657232071
1.393599987030	0.000864192029
1.395200014114	0.000563152076
1.396799921989	0.000348096015
1.398399949074	0.001862240140
1.399999976158	-0.000114095994
1.401600003242	0.001202096115
1.403199911118	-0.001030288055
1.404799938202	0.000297583989
1.406399965286	-0.000538192049
1.407999992371	0.001138192136
1.409600019455	0.000168080005
1.411199927330	0.000389536028
1.412799954414	0.001776848105
1.414399981499	-0.000474064058
1.416000008583	0.000300400017
1.417599916458	0.000916304125
1.419199943542	-0.000139152020
1.420799970627	0.000945888110
1.422399997711	0.000711600063
1.423999905586	-0.000195520013
1.425599932671	-0.000284896028
1.427199959755	0.000738624076
1.428799986839	-0.000176608068
1.430400013924	-0.000055807996
1.431999921799	0.000995808048
1.433599948883	-0.000857312058
1.435199975967	0.000118319971
1.436800003052	0.000610368035
1.438399910927	0.001024176017
1.439999938011	0.000310240051
1.441599965096	-0.000321984029
1.443199992180	0.001979664201
1.444800019264	-0.000680864032
1.446399927139	0.000163680001
1.447999954224	0.000414783979
1.449599981308	-0.000150752006
1.451200008392	-0.001314256107
1.452799916267	0.000050783990
1.454399943352	-0.000274559978
1.455999970436	-0.000415504008
1.457599997520	-0.001150816097
1.459199905396	0.001298464136
1.460799932480	-0.001531712129
1.462399959564	-0.001589840162
1.463999986649	0.000652656076
1.465600013733	0.000982448109
1.467199921608	0.001563392114
1.468799948692	0.000114448027
1.470399975777	0.000554640079
1.472000002861	-0.000312928081
1.473599910736	0.000818896049
1.475199937820	0.001074880129
1.476799964905	0.001870080130
1.478399991989	0.001459088060
1.480000019073	0.000470080035
1.481599926949	0.001402240130
1.483199954033	0.001665520133
1.484799981117	-0.001138144173
1.486400008202	-0.000548176002
1.487999916077	0.000012095984
1.489599943161	0.000455440080
1.491199970245	-0.000005856016
1.492799997330	0.000116848045
1.494399905205	-0.000093823990
1.495999932289	-0.000397792057
1.497599959373	0.000811840058
1.499199986458	0.002411920344
1.500800013542	0.001488384092
1.502399921417	-0.001158816158
1.503999948502	0.000216687957
1.505599975586	-0.000113248017
1.507200002670	0.001511136070
1.508799910545	-0.000335407996
1.510399937630	0.001916512148
1.511999964714	-0.000434848043
1.513599991798	0.000158351977
1.515200018883	0.000133391994
1.516799926758	-0.000673504081
1.518399953842	-0.000511120073
1.519999980927	0.000293616002
1.521600008011	0.000871856115
1.523199915886	0.000188415986
1.524799942970	-0.000762160053
1.526399970055	-0.001075008069
1.527999997139	0.000213631996
1.529599905014	-0.000407728046
1.531199932098	-0.000448640087
1.532799959183	0.001692144084
1.534399986267	0.000474464061
1.536000013351	0.001173472032
1.537599921227	-0.000676224066
1.539199948311	0.000160191994
1.540799975395	0.000955920084
1.542400002480	0.000200928029
1.543999910355	0.000933264091
1.545599937439	0.000394272036
1.547199964523	0.002248976147
1.548799991608	0.000666720094
1.550400018692	0.001379072084
1.551999926567	0.000292112032
1.553599953651	-0.000550896046
1.555199980736	-0.000676672033
1.556800007820	-0.002242192160
1.558399915695	0.000208416008
1.559999942780	-0.000274688005
1.561599969864	0.000478064059
1.563199996948	0.000094960029
1.564799904823	0.001491792151
1.566399931908	-0.000243968025
1.567999958992	-0.000731680077
1.569599986076	0.000816656102
1.571200013161	0.000916320074
1.572799921036	-0.000029808027
1.574399948120	-0.001419024193
1.575999975204	0.000127615975
1.577600002289	0.000453184039
1.579199910164	0.002424592152
1.580799937248	-0.001452256110
1.582399964333	-0.000972288079
1.583999991417	0.001170128118
1.585600018501	0.002750000218
1.587199926376	0.001764816232
1.588799953461	-0.001468352159
1.590399980545	0.001087408164
1.592000007629	-0.001236976124
1.593599915504	0.001192288124
1.595199942589	0.001321440097
1.596799969673	0.000343392021
1.598399996758	-0.001905552112
1.599999904633	0.002216928173
1.601599931717	0.000050095972
1.603199958801	-0.000013776041
1.604799985886	-0.000157999981
1.606400012970	-0.002118704142
1.607999920845	-0.000154080059
1.609599947929	0.000340800005
1.611199975014	0.003366768360
1.612800002098	-0.001074704109
1.614399909973	0.000531168014
1.615999937057	0.001699376153
1.617599964142	0.001038416056
1.619199991226	0.000478320027
1.620800018311	-0.000352928037
1.622399926186	0.001726064133
1.623999953270	-0.000851680001
1.625599980354	0.001624192111
1.627200007439	0.001819360186
1.628799915314	0.000016016007
1.630399942398	-0.000002944031
1.631999969482	0.000116096009
1.633599996567	0.000910912058
1.635199904442	0.000257280073
1.636799931526	-0.000718320080
1.638399958611	0.001506976201
1.639999985695	0.000278944004
1.641600012779	-0.000630304043
1.643199920654	0.002374992240
1.644799947739	0.000287200004
1.646399974823	0.001166624017
1.648000001907	-0.000690879999
1.649599909782	-0.000995248090
1.651199936867	0.000888176088
1.652799963951	-0.000778848073
1.654399991035	-0.000605872076
1.655999898911	0.000726432074
1.657599925995	0.001030272106
1.659199953079	-0.000500928028
1.660799980164	-0.000861616048
1.662400007248	-0.000558928063
1.663999915123	0.000305504014
1.665599942207	-0.001444608090
1.667199969292	-0.000790624064
1.668799996376	0.000034031993
1.670399904251	-0.001123280148
1.671999931335	-0.000977072166
1.673599958420	-0.000430640037
1.675199985504	-0.000276607956
1.676800012589	0.001359808026
1.678399920464	0.000026608050
1.679999947548	-0.001858784235
1.681599974632	0.001036752015
1.683200001717	-0.000018799994
1.684799909592	-0.000301072025
1.686399936676	0.000304400019
1.687999963760	0.000081823964
1.689599990845	0.000626528054
1.691199898720	0.000056399978
1.692799925804	-0.000119152013
1.694399952888	0.000385071995
1.695999979973	0.001376880100
1.697600007057	-0.001387312077
1.699199914932	0.001061696094
1.700799942017	0.000458064053
1.702399969101	-0.000632336014
1.703999996185	-0.002074304270
1.705599904060	-0.000604432018
1.707199931145	0.000164736033
1.708799958229	-0.000583168003
1.710399985313	0.000940864033
1.712000012398	-0.000062464002
1.713599920273	-0.001504064072
1.715199947357	-0.001061456045
1.716799974442	0.000739568088
1.718400001526	-0.001592208166
1.719999909401	0.000328672002
1.721599936485	-0.000045792021
1.723199963570	-0.000389120047
1.724799990654	-0.000079184036
1.726399898529	0.001772112213
1.727999925613	0.000378048018
1.729599952698	-0.001508832211
1.731199979782	-0.001272976166
1.732800006866	-0.000224175994
1.734399914742	0.001382064074
1.735999941826	0.000271392055
1.737599968910	-0.001188432099
1.739199995995	-0.000039952025
1.740799903870	-0.001268576132
1.742399930954	0.001151456032
1.743999958038	0.000224431977
1.745599985123	0.001004080055
1.747200012207	-0.000644928019
1.748799920082	0.000443664088
1.750399947166	0.000485904020
1.751999974251	0.000691040070
1.753600001335	-0.000945568027
1.755199909210	-0.000397983997
1.756799936295	-0.000095808064
1.758399963379	-0.000764400058
1.759999990463	0.001911904197
1.761599898338	-0.000263439986
1.763199925423	-0.001844944200
1.764799952507	-0.000784528151
1.766399979591	0.000750144070
1.768000006676	0.000454544002
1.769599914551	-0.000601184031
1.771199941635	-0.001090048114
1.772799968719	0.001141680055
1.774399995804	0.001902384101
1.775999903679	-0.001193792094
1.777599930763	-0.000723856094
1.779199957848	-0.000967088039
1.780799984932	-0.000148271982
1.782400012016	0.000663424085
1.783999919891	-0.000597968057
1.785599946976	0.001462208107
1.787199974060	0.000218656001
1.788800001144	0.001652128180
1.790399909019	0.000543792034
1.791999936104	-0.000268928008
1.793599963188	-0.000901904074
1.795199990273	-0.001658368157
1.796799898148	0.000513872015
1.798399925232	-0.000249168050
1.799999952316	-0.001106816111
1.801599979401	-0.001194768120
1.803200006485	0.000920608058
1.804799914360	-0.000674688083
1.806399941444	-0.000281264016
1.807999968529	0.001189040137
1.809599995613	-0.000028895998
1.811199903488	0.001123792143
1.812799930573	0.000310351985
1.814399957657	-0.000082592014
1.815999984741	-0.000238992041
1.817600011826	-0.000824880030
1.819199919701	-0.000031296047
1.820799946785	0.000125616061
1.822399973869	0.000963312050
1.824000000954	0.000048768004
1.825599908829	0.001939360169
1.827199935913	-0.000309055991
1.828799962997	-0.001156000071
1.830399990082	0.001126560033
1.831999897957	-0.001207216061
1.833599925041	-0.000146144026
1.835199952126	0.000217823967
1.836799979210	0.001179536106
1.838400006294	-0.001092880149
1.839999914169	0.000669776055
1.841599941254	0.000322767999
1.843199968338	-0.001535792137
1.844799995422	-0.000113311995
1.846399903297	-0.000705808052
1.847999930382	-0.002446368337
1.849599957466	0.000373648014
1.851199984550	0.002992528258
1.852800011635	0.001001120079
1.854399919510	-0.000288175972
1.855999946594	-0.000780656061
1.857599973679	0.000507503981
1.859200000763	-0.001117248088
1.860799908638	0.000899008068
1.862399935722	0.002357648220
1.863999962807	-0.001622816199
1.865599989891	0.001689984114
1.867199897766	0.000318112026
1.868799924850	-0.000565840048
1.870399951935	-0.001635120134
1.871999979019	0.002445968101
1.873600006104	-0.001559104072
1.875199913979	-0.000570224074
1.876799941063	-0.001582240104
1.878399968147	-0.001008800115
1.879999995232	0.000467376056
1.881599903107	0.001847872161
1.883199930191	-0.001738000079
1.884799957275	-0.002045120113
1.886399984360	0.000207728037
1.888000011444	0.001949904137
1.889599919319	-0.001108224038
1.891199946404	-0.001702768262
1.892799973488	-0.000501504051
1.894400000572	-0.000606752001
1.895999908447	-0.000403104059
1.897599935532	0.000229280049
1.899199962616	-0.001411264064
1.900799989700	-0.002118432196
1.902399897575	0.000145184022
1.903999924660	-0.001208672067
1.905599951744	-0.000051760017
1.907199978828	0.000009343991
1.908800005913	-0.001904384117
1.910399913788	-0.001292080153
1.911999940872	0.000549792021
1.913599967957	-0.001147312112
1.915199995041	-0.000613360084
1.916799902916	-0.000160976007
1.918399930000	-0.000181503972
1.919999957085	-0.002333584242
1.921599984169	-0.000027328015
1.923199892044	0.000549200049
1.924799919128	0.001384160132
1.926399946213	-0.000271311990
1.927999973297	0.000316752034
1.929600000381	0.000479200011
1.931199908257	-0.000252096012
1.932799935341	0.000670671987
1.934399962425	-0.000705456012
1.935999989510	-0.001731232158
1.937599897385	-0.000846672046
1.939199924469	0.000676096010
1.940799951553	-0.001067888108
1.942399978638	-0.000592928031
1.944000005722	-0.001888160128
1.945599913597	-0.001748624141
1.947199940681	-0.000150272041
1.948799967766	-0.000900816114
1.950399994850	-0.001229248126
1.951999902725	-0.001251360169
1.953599929810	-0.001060720067
1.955199956894	0.000886384048
1.956799983978	0.000519328052
1.958399891853	0.000707296073
1.959999918938	-0.000927904097
1.961599946022	-0.000517344044
1.963199973106	0.000381728023
1.964800000191	-0.000761296076
1.966399908066	-0.002027904149
1.967999935150	0.000370064052
1.969599962234	0.000491424056
1.971199989319	-0.000914496079
1.972799897194	0.000184271994
1.974399924278	-0.000897552061
1.975999951363	-0.000161728021
1.977599978447	0.001927120145
1.979200005531	0.000664736086
1.980799913406	-0.001862320234
1.982399940491	0.001690480160
1.983999967575	-0.000142655976
1.985599994659	-0.000678384036
1.987199902534	-0.000924368040
1.988799929619	-0.000577040075
1.990399956703	0.000097024000
1.991999983788	-0.000289360032
1.993599891663	0.000673968054
1.995199918747	-0.000212496088
1.996799945831	-0.000705951999
1.998399972916	0.000697056006
2.000000000000	-0.001378864166
2.001600027084	-0.000283456029
2.003200054169	-0.001491408097
2.004799842834	-0.001089104102
2.006399869919	-0.000100399979
2.007999897003	-0.000633264077
2.009599924088	-0.001578496071
2.011199951172	-0.000412336027
2.012799978256	-0.000071711998
2.014400005341	0.000085183980
2.016000032425	-0.003361856332
2.017600059509	-0.001045760117
2.019199848175	-0.000061087958
2.020799875259	-0.000638432044
2.022399902344	-0.002122768201
2.023999929428	-0.000209120029
2.025599956512	-0.000120016026
2.027199983597	-0.000346176035
2.028800010681	-0.001494992175
2.030400037766	-0.000987520092
2.032000064850	-0.000396928022
2.033599853516	-0.000351216033
2.035199880600	-0.000588223978
2.036799907684	-0.000837680127
2.038399934769	-0.000284416019
2.039999961853	-0.001008688123
2.041599988937	-0.001624896075
2.043200016022	-0.001097280066
2.044800043106	-0.000373104034
2.046399831772	-0.000313120050
2.047999858856	-0.001035536057
2.049599885941	-0.000644720043
2.051199913025	-0.000473407999
2.052799940109	-0.001002128120
2.054399967194	0.000926352048
2.055999994278	-0.000458960072
2.057600021362	-0.000885536021
2.059200048447	-0.000564528047
2.060799837112	0.001256000134
2.062399864197	-0.000701680023
2.063999891281	-0.001983744092
2.065599918365	-0.000865040114
2.067199945450	0.001202688087
2.068799972534	0.000131712033
2.070399999619	0.000870736083
2.072000026703	-0.000874720106
2.073600053787	-0.000962880033
2.075199842453	0.000606992049
2.076799869537	0.001516976161
2.078399896622	-0.001475056168
2.079999923706	-0.001854208182
2.081599950790	-0.001643520198
2.083199977875	0.001239280100
2.084800004959	0.001477248152
2.086400032043	-0.001725680195
2.088000059128	-0.000966944091
2.089599847794	-0.000380848040
2.091199874878	-0.000051376002
2.092799901962	-0.000235312022
2.094399929047	-0.001274912036
2.095999956131	-0.000284880021
2.097599983215	-0.001239152160
2.099200010300	0.000479424023
2.100800037384	-0.001243712148
2.102400064468	0.000580224034
2.103999853134	-0.002032320248
2.105599880219	-0.002326016081
2.107199907303	-0.000649568101
2.108799934387	0.001449216157
2.110399961472	-0.000428848056
2.111999988556	-0.000165744001
2.113600015640	0.000859200081
2.115200042725	-0.002741392236
2.116799831390	-0.001501536113
2.118399858475	0.000603904016
2.119999885559	0.000048576039
2.121599912643	-0.001704480150
2.123199939728	0.000609632058
2.124799966812	0.000020544003
2.126399993896	0.000559488079
2.128000020981	0.000731296022
2.129600048065	-0.000446176040
2.131199836731	-0.001290800166
2.132799863815	-0.000282080000
2.134399890900	0.001841888181
2.135999917984	-0.001262688078
2.137599945068	-0.000432192057
2.139199972153	0.000139056006
2.140799999237	0.001183488057
2.142400026321	-0.000814016093
2.144000053406	-0.000572544057
2.145599842072	-0.001852448215
2.147199869156	-0.001050112071
2.148799896240	0.000636416080
2.150399923325	0.000063760002
2.151999950409	-0.000796928070
2.153599977493	-0.000342415995
2.155200004578	0.000971232075
2.156800031662	-0.000282128021
2.158400058746	0.002019984182
2.159999847412	-0.001201584120
2.161599874496	-0.000711712055
2.163199901581	0.000813792110
2.164799928665	-0.000172336018
2.166399955750	-0.000549712102
2.167999982834	-0.000840624096
2.169600009918	-0.001720224158
2.171200037003	-0.001801552135
2.172800064087	0.000811104081
2.174399852753	-0.000261760026
2.175999879837	-0.001641648123
2.177599906921	-0.001437728177
2.179199934006	-0.000929776055
2.180799961090	-0.000148912048
2.182399988174	-0.001372928149
2.184000015259	0.000647632056
2.185600042343	-0.001977952197
2.187199831009	-0.001337072114
2.188799858093	-0.000217312059
2.190399885178	-0.001598112169
2.191999912262	-0.001024224097
2.193599939346	-0.000897344085
2.195199966431	-0.001771920128
2.196799993515	0.000309952040
2.198400020599	0.001703552087
2.200000047684	-0.001839168137
2.201599836349	-0.002144304104
2.203199863434	0.000287024042
2.204799890518	0.000544880051
2.206399917603	-0.001450992073
2.207999944687	-0.001756384154
2.209599971771	0.000744368008
2.211199998856	0.000203535994
2.212800025940	0.000225456039
2.214400053024	0.000826752104
2.215999841690	-0.000802224095
2.217599868774	0.001035280060
2.219199895859	-0.000785168028
2.220799922943	-0.001448448165
2.222399950027	-0.001033872133
2.223999977112	0.000373807998
2.225600004196	-0.000563840033
2.227200031281	-0.001305472106
2.228800058365	-0.001509344089
2.230399847031	-0.001468784059
2.231999874115	-0.000937248114
2.233599901199	-0.001199920080
2.235199928284	0.001459136140
2.236799955368	-0.000539840024
2.238399982452	-0.000794864085
2.240000009537	-0.002156288130
2.241600036621	0.000374463969
2.243199825287	-0.000995280105
2.244799852371	-0.001032240107
2.246399879456	-0.001402960159
2.247999906540	-0.001257824129
2.249599933624	0.000545904040
2.251199960709	-0.000764720084
2.252799987793	-0.001491056057
2.254400014877	-0.000650384056
2.256000041962	0.000549488002
2.257599830627	-0.001009488013
2.259199857712	-0.000810128113
2.260799884796	-0.000819456123
2.262399911880	-0.002236224245
2.263999938965	-0.000429504056
2.265599966049	0.000710320077
2.267199993134	0.000066415996
2.268800020218	-0.000398032047
2.270400047302	-0.000968448061
2.271999835968	0.000396528048
2.273599863052	-0.000948928122
2.275199890137	-0.001406720141
2.276799917221	-0.002842560178
2.278399944305	0.000035567977
2.279999971390	-0.001448480180
2.281599998474	-0.000547199976
2.283200025558	-0.000681472069
2.284800052643	-0.000530176039
2.286399841309	-0.003449488198
2.287999868393	-0.001671728096
2.289599895477	-0.001495120116
2.291199922562	-0.000553760037
2.292799949646	-0.000819760084
2.294399976730	-0.001340208109
2.296000003815	-0.001231984119
2.297600030899	-0.001093680155
2.299200057983	-0.000592320110
2.300799846649	-0.001898896182
2.302399873734	0.000080623999
2.303999900818	0.001630992163
2.305599927902	-0.000988736050
2.307199954987	-0.001565424143
2.308799982071	-0.001021696022
2.310400009155	-0.000174719986
2.312000036240	-0.000594336016
2.313599824905	0.001345616067
2.315199851990	-0.002338992199
2.316799879074	-0.000937856035
2.318399906158	0.000947232125
2.319999933243	-0.001052160049
2.321599960327	0.000393696071
2.323199987411	-0.000190800056
2.324800014496	0.000851392047
2.326400041580	-0.001145504066
2.327999830246	0.000798416091
2.329599857330	-0.000626208086
2.331199884415	-0.000158847979
2.332799911499	0.000359728030
2.334399938583	-0.000008080046
2.335999965668	-0.000165232050
2.337599992752	-0.000277248007
2.339200019836	-0.000926480105
2.340800046921	-0.000750448089
2.342399835587	0.000660496065
2.343999862671	0.000936688099
2.345599889755	-0.001329504070
2.347199916840	0.000759759976
2.348799943924	-0.000251760066
2.350399971008	-0.001101584057
2.351999998093	0.000257792039
2.353600025177	-0.001754032099
2.355200052261	-0.000039984014
2.356799840927	-0.002327968134
2.358399868011	0.000791504048
2.359999895096	-0.001150384196
2.361599922180	-0.001047696103
2.363199949265	-0.000613408047
2.364799976349	-0.002156848088
2.366400003433	-0.001111216145
2.368000030518	-0.001155696111
2.369600057602	-0.000586560054
2.371199846268	-0.000112815971
2.372799873352	-0.002292656107
2.374399900436	-0.001391872065
2.375999927521	0.001965552103
2.377599954605	0.001320624142
2.379199981689	-0.000054176009
2.380800008774	-0.000037119957
2.382400035858	-0.000897536054
2.383999824524	-0.000842224050
2.385599851608	0.000973888091
2.387199878693	-0.000563536072
2.388799905777	-0.001057440066
2.390399932861	-0.002220320283
2.391999959946	-0.001372224069
2.393599987030	-0.000564256101
2.395200014114	-0.000703040103
2.396800041199	-0.002834528219
2.398399829865	-0.001214256161
2.399999856949	0.000048896036
2.401599884033	-0.001538880169
2.403199911118	-0.002120304154
2.404799938202	-0.000821664056
2.406399965286	-0.001015424146
2.407999992371	-0.000749552099
2.409600019455	-0.001471968135
2.411200046539	0.000823568029
2.412799835205	-0.001273392118
2.414399862289	-0.002640480176
2.415999889374	-0.002511296188
2.417599916458	-0.000421008008
2.419199943542	0.000391775975
2.420799970627	-0.001526144100
2.422399997711	-0.002179952106
2.424000024796	-0.000249248027
2.425600051880	-0.002448464278
2.427199840546	0.000307968032
2.428799867630	-0.002480320167
2.430399894714	-0.000593344041
2.431999921799	-0.000188960010
2.433599948883	-0.000901248131
2.435199975967	0.000833808095
2.436800003052	-0.002889664378
2.438400030136	-0.000693152077
2.440000057220	0.000797104090
2.441599845886	0.000786704069
2.443199872971	-0.003044896293
2.444799900055	-0.001784576103
2.446399927139	-0.001040896052
2.447999954224	-0.000439712079
2.449599981308	0.000875904050
2.451200008392	-0.000909776078
2.452800035477	0.000113024020
2.454399824142	-0.001469360082
2.455999851227	-0.000831952144
2.457599878311	-0.000609888055
2.459199905396	-0.000956352102
2.460799932480	-0.001542672166
2.462399959564	0.000038927996
2.463999986649	-0.001400656067
2.465600013733	-0.000300800079
2.467200040817	-0.000789456069
2.468799829483	-0.001255984069
2.470399856567	-0.001469440176
2.471999883652	-0.000220255984
2.473599910736	-0.000078304009
2.475199937820	-0.000788768055
2.476799964905	-0.001447072136
2.478399991989	-0.001070016064
2.480000019073	-0.000897968072
2.481600046158	-0.001759504201
2.483199834824	0.000616080069
2.484799861908	0.000669200032
2.486399888992	0.000328112015
2.487999916077	-0.002525952179
2.489599943161	0.000223295967
2.491199970245	-0.001021920121
2.492799997330	-0.001647360157
2.494400024414	-0.003202688182
2.496000051498	-0.001102352166
2.497599840164	-0.000026224025
2.499199867249	-0.001071984065
2.500799894333	0.000756752037
2.502399921417	-0.000196688037
2.503999948502	0.000992800109
2.505599975586	-0.000209567981
2.507200002670	0.000558960077
2.508800029755	-0.001847504172
2.510399818420	0.001398912049
2.511999845505	0.000604896108
2.513599872589	-0.002755808178
2.515199899673	-0.001161792083
2.516799926758	-0.002014080063
2.518399953842	0.001114880084
2.519999980927	-0.001629200182
2.521600008011	-0.001829856192
2.523200035095	-0.001015504007
2.524799823761	0.000851824123
2.526399850845	-0.000836752064
2.527999877930	-0.000188112012
2.529599905014	-0.003064160235
2.531199932098	-0.001735552214
2.532799959183	-0.002499040216
2.534399986267	-0.000964208099
2.536000013351	0.000306288013
2.537600040436	-0.001785168191
2.539199829102	-0.000476496061
2.540799856186	-0.001381648122
2.542399883270	0.001488256152
2.543999910355	-0.000282784051
2.545599937439	0.000825504074
2.547199964523	-0.000648720074
2.548799991608	-0.000374448020
2.550400018692	0.000196815992
2.552000045776	-0.001208624104
2.553599834442	-0.000034543951
2.555199861526	-0.002195120091
2.556799888611	-0.000259280059
2.558399915695	-0.000229504018
2.559999942780	-0.000328256021
2.561599969864	-0.000777696085
2.563199996948	-0.000670016103
2.564800024033	0.000856848084
2.566400051117	0.001724160160
2.567999839783	-0.000079440011
2.569599866867	-0.002346352208
2.571199893951	-0.003088224214
2.572799921036	-0.000940832077
2.574399948120	0.000846448063
2.575999975204	-0.001481152140
2.577600002289	-0.003371056402
2.579200029373	-0.000287136063
2.580799818039	-0.001274112146
2.582399845123	-0.000903808046
2.583999872208	-0.002419920173
2.585599899292	-0.000921616040
2.587199926376	-0.000504464086
2.588799953461	0.001612880151
2.590399980545	-0.000420736033
2.592000007629	-0.001888432191
2.593600034714	-0.001177376020
2.595199823380	-0.002205392113
2.596799850464	-0.000153472050
2.598399877548	0.000046848043
2.599999904633	-0.002081280109
2.601599931717	-0.002680240199
2.603199958801	0.000739968091
2.604799985886	-0.001099808142
2.606400012970	-0.001526576118
2.608000040054	-0.002030608244
2.609599828720	-0.000400272082
2.611199855804	0.000492928026
2.612799882889	-0.000625424029
2.614399909973	-0.000945424137
2.615999937057	-0.000810464087
2.617599964142	0.000974720111
2.619199991226	-0.001853888156
2.620800018311	-0.000825136027
2.622400045395	-0.002212000079
2.623999834061	-0.000348432048
2.625599861145	0.000423984020
2.627199888229	-0.001479440136
2.628799915314	-0.001382912043
2.630399942398	-0.001246192143
2.631999969482	-0.000447472063
2.633599996567	-0.000788848032
2.635200023651	-0.003112368286
2.636800050735	-0.004052720498
2.638399839401	0.000039760034
2.639999866486	0.000071823997
2.641599893570	-0.001054672059
2.643199920654	-0.003458192339
2.644799947739	-0.001708720112
2.646399974823	-0.000526928052
2.648000001907	-0.002278656233
2.649600028992	-0.001166896080
2.651199817657	-0.002959424164
2.652799844742	-0.000902800064
2.654399871826	-0.001203056076
2.655999898911	-0.000911056006
2.657599925995	-0.003407760290
2.659199953079	-0.001424000133
2.660799980164	-0.001076992135
2.662400007248	0.000161216041
2.664000034332	-0.000026496024
2.665599822998	-0.001669344143
2.667199850082	0.000301360036
2.668799877167	-0.002093424089
2.670399904251	-0.001185312169
2.671999931335	-0.000445712096
2.673599958420	-0.001495616161
2.675199985504	-0.001227584085
2.676800012589	-0.000966832158
2.678400039673	-0.001252832124
2.679999828339	-0.001572944107
2.681599855423	-0.000428656058
2.683199882507	-0.001644976088
2.684799909592	-0.000180319999
2.686399936676	-0.001954528270
2.687999963760	0.000179888055
2.689599990845	-0.001203376101
2.691200017929	-0.000586256036
2.692800045013	-0.001490160124
2.694399833679	0.000396688032
2.695999860764	-0.000080175989
2.697599887848	-0.003697424429
2.699199914932	-0.000084927997
2.700799942017	-0.000479136041
2.702399969101	0.000167568025
2.703999996185	-0.003396320390
2.705600023270	-0.001277616131
2.707200050354	-0.002052160213
2.708799839020	0.001768032205
2.710399866104	-0.000778752030
2.711999893188	-0.000254368031
2.713599920273	-0.000114720009
2.715199947357	-0.000646720058
2.716799974442	-0.001686448115
2.718400001526	-0.000986080035
2.720000028610	-0.000922432053
2.721599817276	-0.000852080062
2.723199844360	-0.000808272045
2.724799871445	-0.002049072180
2.726399898529	-0.000275264028
2.727999925613	-0.000748096092
2.729599952698	0.000914176111
2.731199979782	-0.000096704069
2.732800006866	-0.000827792042
2.734400033951	0.000305920054
2.735999822617	0.000064159976
2.737599849701	-0.001001936034
2.739199876785	0.000743775978
2.740799903870	-0.000079184058
2.742399930954	-0.001189984148
2.743999958038	-0.001700304099
2.745599985123	-0.000933184056
2.747200012207	-0.000003088003
2.748800039291	-0.000422480050
2.750399827957	-0.001176928054
2.751999855042	-0.002187744249
2.753599882126	-0.001392880105
2.755199909210	0.000040079973
2.756799936295	-0.001845200197
2.758399963379	0.001875088201
2.759999990463	-0.003218736267
2.761600017548	-0.001021184027
2.763200044632	-0.001438048086
2.764799833298	-0.001589712105
2.766399860382	-0.000413664035
2.767999887466	-0.000499408052
2.769599914551	0.000012496006
2.771199941635	-0.000469168066
2.772799968719	-0.000523408060
2.774399995804	-0.000514032028
2.776000022888	-0.000832960068
2.777599811554	-0.000781632029
2.779199838638	-0.001220336067
2.780799865723	-0.000338352052
2.782399892807	0.000651840062
2.783999919891	-0.000998336007
2.785599946976	-0.001287536114
2.787199974060	-0.000671648071
2.788800001144	0.000399151992
2.790400028229	0.000187168014
2.791999816895	-0.000337024045
2.793599843979	0.000184720004
2.795199871063	0.000977904070
2.796799898148	-0.000915952085
2.798399925232	-0.000845664064
2.799999952316	-0.002377056284
2.801599979401	0.001510112081
2.803200006485	-0.001285824110
2.804800033569	-0.001013872097
2.806399822235	-0.001765888184
2.807999849319	0.000251584017
2.809599876404	-0.000291904027
2.811199903488	-0.000360816048
2.812799930573	-0.001827328233
2.814399957657	-0.002691312227
2.815999984741	-0.001079056063
2.817600011826	-0.000472639978
2.819200038910	0.000551744015
2.820799827576	-0.001447408111
2.822399854660	0.000951504102
2.823999881744	-0.000284032052
2.825599908829	-0.002602096181
2.827199935913	-0.001499776146
2.828799962997	0.000061392049
2.830399990082	-0.002659696154
2.832000017166	0.000392784015
2.833600044250	0.000222912015
2.835199832916	-0.001865728176
2.836799860001	0.000739440089
2.838399887085	-0.000406432053
2.839999914169	-0.001375504071
2.841599941254	-0.003524288302
2.843199968338	-0.000985904131
2.844799995422	0.000061775980
2.846400022507	-0.000298704021
2.847999811172	-0.001580464072
2.849599838257	-0.001667456119
2.851199865341	-0.001107408083
2.852799892426	-0.000201232062
2.854399919510	-0.001996560022
2.855999946594	-0.002915440360
2.857599973679	0.000777904061
2.859200000763	-0.001257632161
2.860800027847	-0.002945728134
2.862399816513	-0.000508160039
2.863999843597	-0.000401456055
2.865599870682	-0.000463951990
2.867199897766	-0.000441807992
2.868799924850	-0.000809872057
2.870399951935	-0.002820432186
2.871999979019	0.000427744089
2.873600006104	0.000089760040
2.875200033188	-0.001204720116
2.876799821854	-0.002207552083
2.878399848938	-0.000646480068
2.879999876022	-0.000297024031
2.881599903107	0.000619168044
2.883199930191	0.001035776106
2.884799957275	-0.001480208128
2.886399984360	-0.001817280077
2.888000011444	-0.001342304167
2.889600038528	-0.001221440034
2.891199827194	-0.000039295996
2.892799854279	-0.001800816157
2.894399881363	-0.002724080347
2.895999908447	-0.000460048090
2.897599935532	-0.001911408151
2.899199962616	-0.000152720022
2.900799989700	-0.000161232019
2.902400016785	-0.002735968214
2.904000043869	-0.001994848251
2.905599832535	-0.000680016063
2.907199859619	-0.000021440028
2.908799886703	-0.001589936204
2.910399913788	-0.000734272064
2.911999940872	-0.002824048279
2.913599967957	-0.000682448095
2.915199995041	-0.001106832176
2.916800022125	-0.001874224166
2.918399810791	-0.001978416229
2.919999837875	0.000310720003
2.921599864960	0.000897936116
2.923199892044	-0.001120720059
2.924799919128	-0.000608576054
2.926399946213	-0.001982608112
2.927999973297	-0.001325008110
2.929600000381	0.001352048130
2.931200027466	-0.002884000307
2.932799816132	-0.000786832068
2.934399843216	-0.001538752113
2.935999870300	-0.000967680069
2.937599897385	-0.003208368318
2.939199924469	-0.002836752217
2.940799951553	-0.001098592067
2.942399978638	0.000303712004
2.944000005722	-0.002370656235
2.945600032806	-0.002732640132
2.947199821472	-0.001740976120
2.948799848557	0.000867376104
2.950399875641	-0.000846384093
2.951999902725	0.000969568093
2.953599929810	-0.000508656085
2.955199956894	-0.000393776078
2.956799983978	-0.001910192193
2.958400011063	0.000224351970
2.960000038147	-0.000993616064
2.961599826813	-0.002230112208
2.963199853897	0.000286335999
2.964799880981	-0.002207248239
2.966399908066	-0.002034448087
2.967999935150	-0.003839840414
2.969599962234	-0.000619856000
2.971199989319	-0.000351216033
2.972800016403	0.000267232012
2.974400043488	-0.001098976121
2.975999832153	-0.002034736099
2.977599859238	-0.001253936091
2.979199886322	-0.000365040032
2.980799913406	-0.000993024092
2.982399940491	-0.001732848119
2.983999967575	-0.002331680153
2.985599994659	-0.000053152045
2.987200021744	-0.000335248071
2.988799810410	0.001166464062
2.990399837494	-0.002902864246
2.991999864578	-0.001947408193
2.993599891663	-0.000357616082
2.995199918747	-0.000071296032
2.996799945831	-0.001245888066
2.998399972916	-0.002531536156
3.000000000000	0.001684368122
3.001600027084	-0.001740912092
3.003199815750	-0.000746016100
3.004799842834	-0.000268144009
3.006399869919	-0.000523728086
3.007999897003	-0.001777232159
3.009599924088	-0.000964016072
3.011199951172	-0.000627184054
3.012799978256	-0.002734112320
3.014400005341	-0.001745424117
3.016000032425	-0.002045616275
3.017599821091	-0.001785536064
3.019199848175	-0.002338768216
3.020799875259	-0.001553680166
3.022399902344	-0.000129840017
3.023999929428	-0.000943968073
3.025599956512	0.001437104191
3.027199983597	-0.002446816303
3.028800010681	-0.001130208140
3.030400037766	0.000854976068
3.031999826431	-0.002471552230
3.033599853516	-0.001682976144
3.035199880600	0.000475392066
3.036799907684	0.000478383998
3.038399934769	-0.000913392112
3.039999961853	0.000517856097
3.041599988937	-0.000369232032
3.043200016022	-0.002139728284
3.044799804687	-0.000880800013
3.046399831772	-0.000797984074
3.047999858856	-0.000872304139
3.049599885941	-0.002147104125
3.051199913025	-0.002392816124
3.052799940109	-0.001628048136
3.054399967194	0.000040176066
3.055999994278	0.000225472031
3.057600021362	-0.002919856226
3.059199810028	-0.002250448102
3.060799837112	0.000959840079
3.062399864197	-0.000548512035
3.063999891281	-0.002342544263
3.065599918365	-0.002572496189
3.067199945450	0.000194895983
3.068799972534	0.001644512173
3.070399999619	-0.000776832050
3.072000026703	-0.002801136114
3.073599815369	-0.001013664063
3.075199842453	-0.001973840175
3.076799869537	-0.000143232028
3.078399896622	-0.001049616025
3.079999923706	-0.000009807980
3.081599950790	-0.001682512113
3.083199977875	-0.001760480227
3.084800004959	-0.001193024102
3.086400032043	0.000101376034
3.087999820709	-0.001370304148
3.089599847794	-0.000643552048
3.091199874878	0.000128543994
3.092799901962	-0.002284320304
3.094399929047	-0.001664400217
3.095999956131	0.000091520007
3.097599983215	-0.001451184042
3.099200010300	-0.002668720204
3.100800037384	-0.000833872065
3.102399826050	-0.000255216059
3.103999853134	-0.001660944195
3.105599880219	0.000137392009
3.107199907303	-0.003098896239
3.108799934387	-0.002182640135
3.110399961472	-0.003631616244
3.111999988556	-0.000198592010
3.113600015640	-0.002813088242
3.115199804306	-0.001146400115
3.116799831390	-0.003915280104
3.118399858475	0.001067424077
3.119999885559	0.000400000048
3.121599912643	-0.000885312096
3.123199939728	-0.002612016164
3.124799966812	-0.002591136144
3.126399993896	0.000534320017
3.128000020981	-0.000483552052
3.129599809647	-0.000771184103
3.131199836731	-0.002322064247
3.132799863815	-0.001256464049
3.134399890900	-0.001127424068
3.135999917984	-0.000913280062
3.137599945068	-0.000137807976
3.139199972153	-0.000056912009
3.140799999237	-0.000815312087
3.142400026321	-0.002071248135
3.143999814987	0.000548656040
3.145599842072	-0.001129152020
3.147199869156	-0.001786720124
3.148799896240	-0.000761280069
3.150399923325	-0.001770128147
3.151999950409	-0.000437872048
3.153599977493	0.001170160132
3.155200004578	-0.000023536011
3.156800031662	-0.002618320286
3.158399820328	-0.001895024208
3.159999847412	-0.002804944292
3.161599874496	-0.000022192007
3.163199901581	-0.001796160126
3.164799928665	0.001882352168
3.166399955750	-0.001475904137
3.167999982834	-0.002902480308
3.169600009918	-0.000886000053
3.171200037003	-0.000888512062
3.172799825668	-0.001813168172
3.174399852753	-0.003903632285
3.175999879837	-0.002307776129
3.177599906921	-0.002402704209
3.179199934006	0.000291424047
3.180799961090	-0.001169616007
3.182399988174	-0.000720688025
3.184000015259	-0.001238528057
3.185599803925	-0.001242848113
3.187199831009	-0.001361664152
3.188799858093	-0.001610608073
3.190399885178	-0.000463920034
3.191999912262	-0.001237664139
3.193599939346	-0.002524896292
3.195199966431	-0.003240352264
3.196799993515	-0.000580192020
3.198400020599	-0.000817472115
3.199999809265	-0.000708032050
3.201599836349	-0.002565136179
3.203199863434	-0.000932464085
3.204799890518	0.000481888070
3.206399917603	-0.001490736147
3.207999944687	-0.001602096134
3.209599971771	-0.001317328075
3.211199998856	-0.000689904031
3.212800025940	-0.000095199997
3.214399814606	-0.002127072075
3.215999841690	0.000000207980
3.217599868774	-0.001101728063
3.219199895859	-0.002927824389
3.220799922943	-0.001551888068
3.222399950027	-0.001436720137
3.223999977112	-0.000822480011
3.225600004196	-0.000893856108
3.227200031281	0.000045679983
3.228799819946	0.000213071995
3.230399847031	-0.001623872085
3.231999874115	0.000225647993
3.233599901199	-0.001132720034
3.235199928284	-0.000258079992
3.236799955368	-0.002940368140
3.238399982452	-0.001373376115
3.240000009537	-0.002168464242
3.241600036621	-0.001032480039
3.243199825287	-0.002476592083
3.244799852371	0.000080367994
3.246399879456	0.001239056117
3.247999906540	-0.001913760207
3.249599933624	-0.000526288059
3.251199960709	-0.001939360169
3.252799987793	-0.002380016260
3.254400014877	-0.002092928160
3.255999803543	-0.001645440119
3.257599830627	-0.001643280149
3.259199857712	-0.002046896145
3.260799884796	-0.001631312189
3.262399911880	-0.001151040080
3.263999938965	-0.000928880065
3.265599966049	-0.001822896185
3.267199993134	-0.001285648090
3.268800020218	-0.000114864044
3.270399808884	-0.002626736183
3.271999835968	0.000540800043
3.273599863052	-0.002193088178
3.275199890137	-0.001286320155
3.276799917221	-0.002650944283
3.278399944305	-0.000522544025
3.279999971390	-0.000028752018
3.281599998474	-0.001987664029
3.283200025558	0.000649152033
3.284799814224	-0.003923808224
3.286399841309	-0.000662704057
3.287999868393	0.000085968015
3.289599895477	0.001809504116
3.291199922562	-0.001542144106
3.292799949646	-0.002815680113
3.294399976730	-0.001902512158
3.296000003815	-0.000494096021
3.297600030899	-0.000339312042
3.299199819565	-0.001745712128
3.300799846649	-0.002419888275
3.302399873734	-0.001863264246
3.303999900818	0.000310064002
3.305599927902	-0.000969680084
3.307199954987	-0.002745568287
3.308799982071	-0.000712400069
3.310400009155	-0.003389904276
3.311999797821	-0.000636752055
3.313599824905	-0.001760880114
3.315199851990	-0.002503792290
3.316799879074	-0.001684928080
3.318399906158	-0.002040960127
3.319999933243	0.000543568050
3.321599960327	-0.002093008254
3.323199987411	-0.000251296064
3.324800014496	-0.000542336027
3.326399803162	-0.001885280129
3.327999830246	0.000163247998
3.329599857330	-0.001915440196
3.331199884415	0.000737712020
3.332799911499	0.000912432093
3.334399938583	-0.000491456012
3.335999965668	-0.002737328177
3.337599992752	-0.001605120138
3.339200019836	0.000415616058
3.340799808502	-0.002161552198
3.342399835587	0.000004928007
3.343999862671	-0.002779248171
3.345599889755	-0.001636304078
3.347199916840	0.002133696107
3.348799943924	0.000402000063
3.350399971008	-0.002107408131
3.351999998093	-0.001830304274
3.353600025177	-0.000380288024
3.355199813843	0.001003776095
3.356799840927	-0.001440736116
3.358399868011	-0.000066864050
3.359999895096	-0.001468528179
3.361599922180	-0.002659312217
3.363199949265	-0.002008544281
3.364799976349	-0.000229456055
3.366400003433	-0.000588832074
3.368000030518	-0.001043904107
3.369599819183	-0.000641728053
3.371199846268	-0.000545120041
3.372799873352	-0.000999232056
3.374399900436	0.000420511991
3.375999927521	-0.001834448194
3.377599954605	-0.001388064120
3.379199981689	-0.001373840030
3.380800008774	-0.002130000154
3.382399797440	-0.001900256146
3.383999824524	-0.002225472126
3.385599851608	-0.004206944257
3.387199878693	-0.003151056124
3.388799905777	0.001048880047
3.390399932861	-0.000507488090
3.391999959946	-0.000445472077
3.393599987030	-0.002721696161
3.395200014114	-0.000528912002
3.396799802780	-0.001983648166
3.398399829865	0.001541520120
3.399999856949	-0.000338592072
3.401599884033	-0.001655328204
3.403199911118	-0.003156208200
3.404799938202	-0.001055536093
3.406399965286	0.000613872020
3.407999992371	-0.000146112041
3.409600019455	-0.002052656142
3.411199808121	-0.002599392319
3.412799835205	-0.002709888155
3.414399862289	-0.000809728052
3.415999889374	-0.000338928017
3.417599916458	-0.000499744026
3.419199943542	-0.002521520015
3.420799970627	-0.002265632153
3.422399997711	-0.001606816193
3.424000024796	-0.002656864235
3.425599813461	-0.001459200052
3.427199840546	-0.002735296264
3.428799867630	-0.000015791997
3.430399894714	-0.002107248176
3.431999921799	-0.001332928077
3.433599948883	0.000178943985
3.435199975967	0.000040479983
3.436800003052	-0.001477296115
3.438400030136	-0.003019984346
3.439999818802	-0.000521680049
3.441599845886	-0.001764000161
3.443199872971	0.000016448006
3.444799900055	-0.002512832172
3.446399927139	-0.002074960154
3.447999954224	-0.001542784157
3.449599981308	-0.000439760042
3.451200008392	0.002435696311
