0.000000000000	0.008625824936
0.001599999960	0.008648624644
0.003199999919	0.010332336649
0.004799999762	0.008741216734
0.006399999838	0.009575936943
0.007999999449	0.009071168490
0.009599999525	0.009716352448
0.011199999601	0.008307312615
0.012799999677	0.009564016946
0.014399999753	0.008017281070
0.015999998897	0.008231136948
0.017599999905	0.008521904238
0.019199999049	0.008201552555
0.020800000057	0.008059920743
0.022399999201	0.007764480542
0.024000000209	0.008919968270
0.025599999353	0.007047872525
0.027199998498	0.007930576801
0.028799999505	0.007807696704
0.030399998650	0.010312625207
0.031999997795	0.007499312516
0.033599998802	0.006365360692
0.035199999809	0.008970464580
0.036800000817	0.008334688842
0.038399998099	0.007955840789
0.039999999106	0.008184689097
0.041600000113	0.006330464501
0.043199997395	0.008806641214
0.044799998403	0.008478928357
0.046399999410	0.007911168970
0.048000000417	0.007214832585
0.049599997699	0.007685728837
0.051199998707	0.006970496383
0.052799999714	0.006929264404
0.054399996996	0.006999136414
0.055999998003	0.008436544798
0.057599999011	0.006069728639
0.059200000018	0.006525968667
0.060799997300	0.007712864783
0.062399998307	0.008239424787
0.063999995589	0.006424624473
0.065600000322	0.006588240620
0.067199997604	0.008191472851
0.068799994886	0.007604192477
0.070399999619	0.006575280335
0.071999996901	0.005973296240
0.073600001633	0.008097632788
0.075199998915	0.007695328444
0.076799996197	0.006890720688
0.078400000930	0.007475968450
0.079999998212	0.007912784815
0.081599995494	0.007595456671
0.083200000226	0.007639968768
0.084799997509	0.006287296303
0.086399994791	0.005844112486
0.087999999523	0.006748000626
0.089599996805	0.007395648398
0.091199994087	0.006066160277
0.092799998820	0.005441424437
0.094399996102	0.007388944738
0.096000000834	0.005656832363
0.097599998116	0.006005584262
0.099199995399	0.007186208386
0.100800000131	0.006458288524
0.102399997413	0.006315568462
0.103999994695	0.004442592151
0.105599999428	0.006887072697
0.107199996710	0.006451632362
0.108799993992	0.006772128399
0.110399998724	0.005274928641
0.111999996006	0.006375568453
0.113600000739	0.007010368630
0.115199998021	0.005438192282
0.116799995303	0.006662176456
0.118400000036	0.005313392263
0.119999997318	0.007737680804
0.121599994600	0.006246752571
0.123199999332	0.006230768748
0.124799996614	0.006078704726
0.126399993896	0.006330656353
0.127999991179	0.006616608705
0.129600003362	0.006148576736
0.131200000644	0.005033984315
0.132799997926	0.006404560525
0.134399995208	0.006731472444
0.135999992490	0.004637072328
0.137599989772	0.004929264542
0.139200001955	0.006428784691
0.140799999237	0.006449280307
0.142399996519	0.005591824651
0.143999993801	0.007206688635
0.145599991083	0.006064176559
0.147200003266	0.006229776423
0.148800000548	0.005290928297
0.150399997830	0.005258576479
0.151999995112	0.005997200496
0.153599992394	0.005849408451
0.155199989676	0.006115568336
0.156800001860	0.006170592736
0.158399999142	0.006392512470
0.159999996424	0.004579808563
0.161599993706	0.007140448783
0.163199990988	0.005654688459
0.164800003171	0.005567152519
0.166400000453	0.006523120683
0.167999997735	0.005380640272
0.169599995017	0.004937120248
0.171199992299	0.006282496732
0.172799989581	0.007462544367
0.174400001764	0.005717440508
0.175999999046	0.006355760619
0.177599996328	0.006613360718
0.179199993610	0.007114592474
0.180799990892	0.006292368751
0.182399988174	0.003658992238
0.184000000358	0.006507120561
0.185599997640	0.006405648775
0.187199994922	0.006400368642
0.188799992204	0.005301344674
0.190399989486	0.005882704630
0.192000001669	0.006574928761
0.193599998951	0.005688672420
0.195199996233	0.005398720503
0.196799993515	0.005017232616
0.198399990797	0.006374864373
0.199999988079	0.004741936456
0.201600000262	0.007138448767
0.203199997544	0.005200288258
0.204799994826	0.004938016646
0.206399992108	0.006561824586
0.207999989390	0.007563168649
0.209600001574	0.004138768185
0.211199998856	0.006724944338
0.212799996138	0.005935936701
0.214399993420	0.006223584525
0.215999990702	0.004705952480
0.217599987984	0.006752496585
0.219200000167	0.005282368511
0.220799997449	0.004644560162
0.222399994731	0.005948688369
0.223999992013	0.006897552405
0.225599989295	0.005748976488
0.227200001478	0.005760800559
0.228799998760	0.004606672563
0.230399996042	0.007046912797
0.231999993324	0.004385328386
0.233599990606	0.004300208297
0.235199987888	0.005696880631
0.236800000072	0.006143120583
0.238399997354	0.007037312724
0.239999994636	0.007645792793
0.241599991918	0.004577280488
0.243199989200	0.004472752567
0.244799986482	0.006009008735
0.246399998665	0.005642192438
0.247999995947	0.005053136498
0.249599993229	0.005472176708
0.251199990511	0.005349408370
0.252799987793	0.006303744391
0.254399985075	0.006431888323
0.255999982357	0.004913296551
0.257599979639	0.005799120292
0.259200006723	0.005191408563
0.260800004005	0.003270992311
0.262400001287	0.006665280554
0.263999998569	0.005496896338
0.265599995852	0.004431920592
0.267199993134	0.004673680291
0.268799990416	0.005232368596
0.270399987698	0.005485056434
0.271999984980	0.004644240253
0.273599982262	0.006371520460
0.275199979544	0.005232624244
0.276800006628	0.005785872694
0.278400003910	0.006287088618
0.280000001192	0.004747392610
0.281599998474	0.006785248406
0.283199995756	0.006343088578
0.284799993038	0.006700752769
0.286399990320	0.005414384417
0.287999987602	0.005243280437
0.289599984884	0.006709488574
0.291199982166	0.005736000370
0.292799979448	0.005753952544
0.294400006533	0.005497504491
0.296000003815	0.005851888563
0.297600001097	0.005243136548
0.299199998379	0.004476528149
0.300799995661	0.003808320267
0.302399992943	0.004523776472
0.303999990225	0.004301296547
0.305599987507	0.005205216352
0.307199984789	0.004890912212
0.308799982071	0.005802032538
0.310399979353	0.005493952427
0.312000006437	0.004435568582
0.313600003719	0.006344160531
0.315200001001	0.006312560290
0.316799998283	0.005513424519
0.318399995565	0.005101216491
0.319999992847	0.004569376353
0.321599990129	0.006658528466
0.323199987411	0.005490048323
0.324799984694	0.006163440645
0.326399981976	0.004591152538
0.327999979258	0.005729488563
0.329600006342	0.006485888734
0.331200003624	0.005910432432
0.332800000906	0.004616720602
0.334399998188	0.005734336562
0.335999995470	0.005333872512
0.337599992752	0.004910592455
0.339199990034	0.005306864623
0.340799987316	0.005965072662
0.342399984598	0.006668896414
0.343999981880	0.005293104332
0.345599979162	0.005910512526
0.347199976444	0.006674608681
0.348800003529	0.006059696432
0.350400000811	0.004784560297
0.351999998093	0.005506432615
0.353599995375	0.005821376573
0.355199992657	0.005780640524
0.356799989939	0.005486032460
0.358399987221	0.005048528314
0.359999984503	0.007449008524
0.361599981785	0.005310992245
0.363199979067	0.006097040605
0.364799976349	0.005193200428
0.366400003433	0.004902656190
0.368000000715	0.005003600381
0.369599997997	0.005252272356
0.371199995279	0.003588608233
0.372799992561	0.005748656578
0.374399989843	0.007133760490
0.375999987125	0.004617296159
0.377599984407	0.005409744568
0.379199981689	0.005940000527
0.380799978971	0.007450544741
0.382399976254	0.003651648294
0.384000003338	0.004960512277
0.385600000620	0.005915648304
0.387199997902	0.006427968387
0.388799995184	0.005750368349
0.390399992466	0.005113408435
0.391999989748	0.006102736574
0.393599987030	0.003970608581
0.395199984312	0.005673664622
0.396799981594	0.006268096622
0.398399978876	0.005012816284
0.399999976158	0.004597488325
0.401600003242	0.006187792402
0.403200000525	0.005565328524
0.404799997807	0.003305792343
0.406399995089	0.006572576705
0.407999992371	0.003284912324
0.409599989653	0.005159136374
0.411199986935	0.005926288664
0.412799984217	0.005490800366
0.414399981499	0.005476048682
0.415999978781	0.004910768475
0.417599976063	0.004769712221
0.419200003147	0.004836176522
0.420800000429	0.004140016157
0.422399997711	0.004017920233
0.423999994993	0.005154896528
0.425599992275	0.005942832679
0.427199989557	0.005230880342
0.428799986839	0.004632320255
0.430399984121	0.005847760476
0.431999981403	0.004750496242
0.433599978685	0.005101440474
0.435199975967	0.005105648655
0.436800003052	0.004406752530
0.438400000334	0.006206640508
0.439999997616	0.005755344406
0.441599994898	0.004921632353
0.443199992180	0.004211392254
0.444799989462	0.005091264378
0.446399986744	0.005257792305
0.447999984026	0.006013856735
0.449599981308	0.004170480184
0.451199978590	0.003753408324
0.452799975872	0.005670816638
0.454400002956	0.004552800208
0.456000000238	0.006055104546
0.457599997520	0.005798688624
0.459199994802	0.005293248221
0.460799992085	0.004706224427
0.462399989367	0.004361824598
0.463999986649	0.004584000446
0.465599983931	0.003519056365
0.467199981213	0.005876000505
0.468799978495	0.005113664549
0.470399975777	0.004958656617
0.472000002861	0.005386512261
0.473600000143	0.005630800501
0.475199997425	0.004847712349
0.476799994707	0.006118048448
0.478399991989	0.004003328271
0.479999989271	0.006590832490
0.481599986553	0.004603728186
0.483199983835	0.003850624431
0.484799981117	0.005227504298
0.486399978399	0.005508160219
0.487999975681	0.004624112509
0.489599972963	0.004878128413
0.491200000048	0.004183808342
0.492799997330	0.006446320564
0.494399994612	0.004514192231
0.495999991894	0.005117648281
0.497599989176	0.004914592486
0.499199986458	0.005695248488
0.500800013542	0.005448592361
0.502399981022	0.005198640283
0.504000008106	0.004275968298
0.505599975586	0.004045616370
0.507200002670	0.003786016256
0.508799970150	0.005026800558
0.510399997234	0.005783232395
0.511999964714	0.004323088564
0.513599991798	0.005720448680
0.515199959278	0.004995776340
0.516799986362	0.005731232464
0.518400013447	0.005026848521
0.519999980927	0.004356720485
0.521600008011	0.003885264276
0.523199975491	0.005774832331
0.524800002575	0.004218352493
0.526399970055	0.004607328214
0.527999997139	0.004957136232
0.529599964619	0.005812704563
0.531199991703	0.005096656270
0.532799959183	0.005211728625
0.534399986267	0.003047696315
0.536000013351	0.006100800354
0.537599980831	0.003882272402
0.539200007915	0.004761840217
0.540799975395	0.003595360322
0.542400002480	0.006184656639
0.543999969959	0.003374304390
0.545599997044	0.004827488214
0.547199964523	0.005248656496
0.548799991608	0.003492000280
0.550399959087	0.005157408305
0.551999986172	0.004536208231
0.553600013256	0.005271584261
0.555199980736	0.003948896192
0.556800007820	0.004241728224
0.558399975300	0.004168048501
0.560000002384	0.005459440406
0.561599969864	0.004984464496
0.563199996948	0.005577776581
0.564799964428	0.005508848466
0.566399991512	0.002874784172
0.567999958992	0.006066496484
0.569599986076	0.005086000543
0.571200013161	0.004989488516
0.572799980640	0.004420688376
0.574400007725	0.005063584540
0.575999975204	0.004276592284
0.577600002289	0.004488240462
0.579199969769	0.004966032226
0.580799996853	0.002863504225
0.582399964333	0.006273952313
0.583999991417	0.003413056256
0.585599958897	0.004836496431
0.587199985981	0.006080400664
0.588800013065	0.005201744381
0.590399980545	0.003675824264
0.592000007629	0.005069456529
0.593599975109	0.003591776360
0.595200002193	0.004784704652
0.596799969673	0.005894544534
0.598399996758	0.004165744409
0.599999964237	0.004798848182
0.601599991322	0.004725456238
0.603199958801	0.004640512168
0.604799985886	0.004415664356
0.606400012970	0.004684928339
0.607999980450	0.004989712499
0.609600007534	0.004631472286
0.611199975014	0.003388640238
0.612800002098	0.004458560143
0.614399969578	0.006383392494
0.615999996662	0.003480416257
0.617599964142	0.004501440562
0.619199991226	0.004124176223
0.620799958706	0.005439184606
0.622399985790	0.004603456240
0.624000012875	0.004154048394
0.625599980354	0.004022544250
0.627200007439	0.004343632143
0.628799974918	0.004749088548
0.630400002003	0.004042592365
0.631999969482	0.005067824386
0.633599996567	0.004715216346
0.635199964046	0.006436128635
0.636799991131	0.004424176179
0.638399958611	0.004790976178
0.639999985695	0.003844064428
0.641600012779	0.004983456340
0.643199980259	0.004281632137
0.644800007343	0.005397456232
0.646399974823	0.005810576491
0.648000001907	0.002119376091
0.649599969387	0.004272096325
0.651199996471	0.004665584303
0.652799963951	0.006041152403
0.654399991035	0.004522896372
0.655999958515	0.005295808427
0.657599985600	0.005084192380
0.659200012684	0.004963392392
0.660799980164	0.005620432552
0.662400007248	0.004588976502
0.663999974728	0.004124832340
0.665600001812	0.004616304301
0.667199969292	0.005025392398
0.668799996376	0.003753968282
0.670399963856	0.003205328248
0.671999990940	0.003833200317
0.673599958420	0.004754208494
0.675199985504	0.004741504323
0.676800012589	0.003752064193
0.678399980068	0.005397712346
0.680000007153	0.004120144527
0.681599974632	0.003708400298
0.683200001717	0.004251440521
0.684799969196	0.005163872615
0.686399996281	0.004534320440
0.687999963760	0.005525424611
0.689599990845	0.003817760386
0.691199958324	0.004415824544
0.692799985409	0.003853328293
0.694399952888	0.004985456355
0.695999979973	0.004804224242
0.697600007057	0.003950656392
0.699199974537	0.005694736261
0.700800001621	0.004132272210
0.702399969101	0.005380096380
0.703999996185	0.004623040557
0.705599963665	0.004644528497
0.707199990749	0.003896976355
0.708799958229	0.004058560356
0.710399985313	0.004796240479
0.711999952793	0.005090304185
0.713599979877	0.003985792398
0.715200006962	0.002686528256
0.716799974442	0.003896976355
0.718400001526	0.005600784440
0.719999969006	0.004069168586
0.721599996090	0.004327968229
0.723199963570	0.004834112246
0.724799990654	0.003875552211
0.726399958134	0.004605456255
0.727999985218	0.004027136136
0.729599952698	0.003848752240
0.731199979782	0.004521056544
0.732800006866	0.004350064322
0.734399974346	0.004508816171
0.736000001431	0.003802448278
0.737599968910	0.004994624294
0.739199995995	0.003202336375
0.740799963474	0.004545056261
0.742399990559	0.004185680300
0.743999958038	0.004299168475
0.745599985123	0.003743968206
0.747199952602	0.004460240249
0.748799979687	0.004056096543
0.750400006771	0.004583584145
0.751999974251	0.003542592283
0.753600001335	0.002987376181
0.755199968815	0.003640080336
0.756799995899	0.002799072303
0.758399963379	0.004451648332
0.759999990463	0.002951584291
0.761599957943	0.003913456108
0.763199985027	0.004526384175
0.764799952507	0.002982112346
0.766399979591	0.003394848201
0.768000006676	0.004468832165
0.769599974155	0.005323328543
0.771200001240	0.003495088313
0.772799968719	0.004404128529
0.774399995804	0.004510528408
0.775999963284	0.004647088237
0.777599990368	0.003413152182
0.779199957848	0.004445824306
0.780799984932	0.002310448093
0.782399952412	0.005256400444
0.783999979496	0.004266336095
0.785600006580	0.004351536278
0.787199974060	0.003390688216
0.788800001144	0.003857728327
0.790399968624	0.003830208443
0.791999995708	0.003900128417
0.793599963188	0.003679872258
0.795199990273	0.004626336507
0.796799957752	0.004371648189
0.798399984837	0.005192464683
0.799999952316	0.003606096376
0.801599979401	0.004083088599
0.803200006485	0.004391872324
0.804799973965	0.005623040721
0.806400001049	0.004678560421
0.807999968529	0.004920640495
0.809599995613	0.003705680370
0.811199963093	0.003867616411
0.812799990177	0.004021408502
0.814399957657	0.004190960433
0.815999984741	0.003440160304
0.817599952221	0.003954880405
0.819199979305	0.003501872299
0.820800006390	0.003322928213
0.822399973869	0.004283120390
0.824000000954	0.003294224152
0.825599968433	0.003995120525
0.827199995518	0.003229760332
0.828799962997	0.003998160362
0.830399990082	0.004816240165
0.831999957561	0.004000272136
0.833599984646	0.003468800336
0.835199952126	0.004300560337
0.836799979210	0.005159696564
0.838400006294	0.003430160228
0.839999973774	0.005363168661
0.841600000858	0.003628032282
0.843199968338	0.002678912133
0.844799995422	0.005241136532
0.846399962902	0.004140048288
0.847999989986	0.004378576297
0.849599957466	0.002906896174
0.851199984550	0.003488176269
0.852799952030	0.004317344166
0.854399979115	0.004183296580
0.856000006199	0.004184192512
0.857599973679	0.003252560273
0.859200000763	0.003685824340
0.860799968243	0.003569936380
0.862399995327	0.005279456265
0.863999962807	0.004221776500
0.865599989891	0.004035216291
0.867199957371	0.003588928375
0.868799984455	0.003198272316
0.870399951935	0.003087072168
0.871999979019	0.003691056278
0.873600006104	0.004366208334
0.875199973583	0.004469872452
0.876800000668	0.004328224342
0.878399968147	0.003914928529
0.879999995232	0.004740832373
0.881599962711	0.003773712320
0.883199989796	0.001344272168
0.884799957275	0.003756608348
0.886399984360	0.006338928360
0.887999951839	0.003129488323
0.889599978924	0.002565616276
0.891200006008	0.005107920617
0.892799973488	0.003381200368
0.894400000572	0.002269312274
0.895999968052	0.004387824330
0.897599995136	0.003698400455
0.899199962616	0.002743936144
0.900799989700	0.003608048195
0.902399957180	0.002763920231
0.903999984264	0.005818416364
0.905599951744	0.004500240553
0.907199978828	0.004222704563
0.908800005913	0.004008624237
0.910399973392	0.002751632128
0.912000000477	0.003995248582
0.913599967957	0.003363808151
0.915199995041	0.002702064114
0.916799962521	0.003049824387
0.918399989605	0.004915184341
0.919999957085	0.004990560468
0.921599984169	0.002662752289
0.923199951649	0.002624384128
0.924799978733	0.004585376475
0.926400005817	0.003080208320
0.927999973297	0.004144464154
0.929600000381	0.004680800252
0.931199967861	0.004864016548
0.932799994946	0.002144816099
0.934399962425	0.003104832256
0.935999989510	0.004397504497
0.937599956989	0.004247776233
0.939199984074	0.003430928336
0.940799951553	0.002986544278
0.942399978638	0.002407120308
0.944000005722	0.003239664249
0.945599973202	0.004710048437
0.947200000286	0.003194688354
0.948799967766	0.002953760326
0.950399994850	0.003146112198
0.951999962330	0.005294320639
0.953599989414	0.002877952298
0.955199956894	0.001757360063
0.956799983978	0.003309104359
0.958399951458	0.004377808422
0.959999978542	0.002385120140
0.961599946022	0.003430992365
0.963199973106	0.005075312220
0.964800000191	0.002821872244
0.966399967670	0.002703936072
0.967999994755	0.003877344308
0.969599962234	0.003935040440
0.971199989319	0.003016704228
0.972799956799	0.003450992284
0.974399983883	0.003879952244
0.975999951363	0.002403664170
0.977599978447	0.003192176344
0.979199945927	0.003159776330
0.980799973011	0.003130336292
0.982400000095	0.001624608180
0.983999967575	0.003817200195
0.985599994659	0.004572544247
0.987199962139	0.002783200238
0.988799989223	0.002183616161
0.990399956703	0.003116368316
0.991999983788	0.004010656383
0.993599951267	0.003322992241
0.995199978352	0.004768336657
0.996799945831	0.003150816308
0.998399972916	0.002378752222
1.000000000000	0.002773920307
1.001600027084	0.004762400407
1.003199934959	0.004469776526
1.004799962044	0.001882128185
1.006399989128	0.002924336353
1.008000016212	0.003764688270
1.009599924088	0.003846304258
1.011199951172	0.001430240110
1.012799978256	0.004971984308
1.014400005341	0.002772176173
1.016000032425	0.003162448294
1.017599940300	0.003851376241
1.019199967384	0.003862688318
1.020799994469	0.002170896158
1.022400021553	0.002486176090
1.023999929428	0.003942048177
1.025599956512	0.002706672298
1.027199983597	0.002459680196
1.028800010681	0.003401712282
1.030399918556	0.004559760448
1.031999945641	0.002434640191
1.033599972725	0.003073088359
1.035199999809	0.002882448258
1.036800026894	0.003552336246
1.038399934769	0.002490688115
1.039999961853	0.002338576131
1.041599988937	0.003443952184
1.043200016022	0.001907984144
1.044799923897	0.003870448330
1.046399950981	0.002695632167
1.047999978065	0.003149824217
1.049600005150	0.003205824178
1.051200032234	0.002617456252
1.052799940109	0.002191824140
1.054399967194	0.004153712187
1.055999994278	0.002328288276
1.057600021362	0.003656176385
1.059199929237	0.002471200190
1.060799956322	0.003211856354
1.062399983406	0.003575584386
1.064000010490	0.003088704310
1.065599918365	0.003897472285
1.067199945450	0.002134848153
1.068799972534	0.003402928356
1.070399999619	0.003602944314
1.072000026703	0.001621888136
1.073599934578	0.004098496400
1.075199961662	0.003530064365
1.076799988747	0.003295488190
1.078400015831	0.003353008302
1.079999923706	0.004520704504
1.081599950790	0.003420880297
1.083199977875	0.002686176216
1.084800004959	0.003875536378
1.086400032043	0.004095152486
1.087999939919	0.001682896167
1.089599967003	0.003753696335
1.091199994087	0.004319808446
1.092800021172	0.002960672136
1.094399929047	0.002299296204
1.095999956131	0.003325216239
1.097599983215	0.001922208117
1.099200010300	0.003165952163
1.100799918175	0.001940032118
1.102399945259	0.004517792258
1.103999972343	0.002849696204
1.105599999428	0.003631984349
1.107200026512	0.003300064243
1.108799934387	0.001858576084
1.110399961472	0.001163840061
1.111999988556	0.003240352264
1.113600015640	0.004130400252
1.115199923515	0.003034000285
1.116799950600	0.003727344330
1.118399977684	0.002429040149
1.120000004768	0.002900128253
1.121599912643	0.003053728258
1.123199939728	0.002581440145
1.124799966812	0.001546752057
1.126399993896	0.001469968120
1.128000020981	0.003887952305
1.129599928856	0.003592000343
1.131199955940	0.003882048186
1.132799983025	0.003570960369
1.134400010109	0.002495648107
1.135999917984	0.003435296239
1.137599945068	0.002619216219
1.139199972153	0.004128304310
1.140799999237	0.004447408486
1.142400026321	0.001576160197
1.143999934196	0.003240656340
1.145599961281	0.003697552253
1.147199988365	0.004495280329
1.148800015450	0.001922336174
1.150399923325	0.001522944076
1.151999950409	0.003653328400
1.153599977493	0.003061056137
1.155200004578	0.002642768202
1.156799912453	0.003341136267
1.158399939537	0.002541760216
1.159999966621	0.003299616277
1.161599993706	0.003389488207
1.163200020790	0.004179424141
1.164799928665	0.002776560141
1.166399955750	0.002106896136
1.167999982834	0.003310816363
1.169600009918	0.002737600124
1.171199917793	0.002114320174
1.172799944878	0.002606192138
1.174399971962	0.003131984267
1.175999999046	0.001640848117
1.177600026131	0.002792480169
1.179199934006	0.003032576293
1.180799961090	0.003640400246
1.182399988174	0.000893280085
1.184000015259	0.002876144135
1.185599923134	0.003408352379
1.187199950218	0.002828960307
1.188799977303	0.002802016214
1.190400004387	0.003479072358
1.191999912262	0.002740128199
1.193599939346	0.002264448209
1.195199966431	0.002575360239
1.196799993515	0.002413936192
1.198400020599	0.003376880195
1.199999928474	0.002689376241
1.201599955559	0.002319856081
1.203199982643	0.002845456358
1.204800009727	0.002010720083
1.206399917603	0.003227328183
1.207999944687	0.002335472265
1.209599971771	0.001852864167
1.211199998856	0.002010928234
1.212800025940	0.003641584190
1.214399933815	0.003386880271
1.215999960899	0.002242272254
1.217599987984	0.003124752315
1.219200015068	0.001758432132
1.220799922943	0.002584432252
1.222399950027	0.002451472217
1.223999977112	0.003050976200
1.225600004196	0.004209536128
1.227199912071	0.002109984169
1.228799939156	0.001828352106
1.230399966240	0.003015248338
1.231999993324	0.002376592252
1.233600020409	0.003038320225
1.235199928284	0.002694016322
1.236799955368	0.001583808102
1.238399982452	0.002805904252
1.240000009537	0.002711216221
1.241599917412	0.002692112233
1.243199944496	0.002553856233
1.244799971581	0.002366304165
1.246399998665	0.002355968114
1.248000025749	0.001995520201
1.249599933624	0.003517488251
1.251199960709	0.002541936236
1.252799987793	0.001654464169
1.254400014877	0.003076816211
1.255999922752	0.003341280390
1.257599949837	0.001954752253
1.259199976921	0.002690528287
1.260800004005	0.001084320131
1.262399911880	0.002467632294
1.263999938965	0.002864896087
1.265599966049	0.002184688114
1.267199993134	0.002283824142
1.268800020218	0.001769776107
1.270399928093	0.002258528257
1.271999955177	0.001561392099
1.273599982262	0.002452896209
1.275200009346	0.002141296165
1.276799917221	0.003284976352
1.278399944305	0.001694112085
1.279999971390	0.002120640129
1.281599998474	0.003006048268
1.283200025558	0.003267440246
1.284799933434	0.002225648146
1.286399960518	0.002056176076
1.287999987602	0.002061696025
1.289600014687	0.002782080323
1.291199922562	0.003983968403
1.292799949646	0.003135040170
1.294399976730	0.000742560078
1.296000003815	0.003492192365
1.297599911690	0.003169776173
1.299199938774	0.001934416126
1.300799965858	0.002052528085
1.302399992943	0.003776480211
1.304000020027	0.001372640138
1.305599927902	0.002112320159
1.307199954987	0.003437328152
1.308799982071	0.001678416156
1.310400009155	0.001526624081
1.311999917030	0.001841248129
1.313599944115	0.003556896234
1.315199971199	0.002800496295
1.316799998283	0.002032928169
1.318400025368	0.000968096079
1.319999933243	0.001886544167
1.321599960327	0.003373952350
1.323199987411	0.003302048193
1.324800014496	0.003131216392
1.326399922371	0.001174112083
1.327999949455	0.003515296150
1.329599976540	0.001343648066
1.331200003624	0.001603600103
1.332799911499	0.001316144131
1.334399938583	0.003442544257
1.335999965668	0.002304800088
1.337599992752	0.001767792157
1.339200019836	0.002705520252
1.340799927711	0.002498928225
1.342399954796	0.001754528144
1.343999981880	0.001938624191
1.345600008965	0.003485568333
1.347199916840	0.002819040092
1.348799943924	0.001869856147
1.350399971008	0.001534304116
1.351999998093	0.002267488278
1.353600025177	0.002924304223
1.355199933052	0.001631920110
1.356799960136	0.002003424102
1.358399987221	0.002637184225
1.360000014305	0.002343088156
1.361599922180	0.002239488298
1.363199949265	0.001721024164
1.364799976349	0.002575872233
1.366400003433	0.002589824144
1.367999911308	0.002085680142
1.369599938393	0.000937056029
1.371199965477	0.002024912275
1.372799992561	0.002417600248
1.374400019646	0.002743152203
1.375999927521	0.001836896176
1.377599954605	0.003388944315
1.379199981689	0.003476352198
1.380800008774	0.001897760201
1.382399916649	0.001064928016
1.383999943733	0.002815360203
1.385599970818	0.002816512249
1.387199997902	0.002692672191
1.388799905777	0.002256864216
1.390399932861	0.002046016278
1.391999959946	0.002122528153
1.393599987030	0.002597888233
1.395200014114	0.000572816061
1.396799921989	0.001303760102
1.398399949074	0.002150112065
1.399999976158	0.002493488137
1.401600003242	0.000215504013
1.403199911118	0.000264623988
1.404799938202	0.003984640352
1.406399965286	0.002172080101
1.407999992371	0.001918480149
1.409600019455	0.002457152121
1.411199927330	0.001862160163
1.412799954414	0.001502656145
1.414399981499	0.002496704226
1.416000008583	0.001400928129
1.417599916458	0.001572240144
1.419199943542	0.001488880138
1.420799970627	0.002674992196
1.422399997711	0.002273728140
1.423999905586	0.001884496189
1.425599932671	0.002261520131
1.427199959755	0.001563200145
1.428799986839	0.001597312163
1.430400013924	0.001872480148
1.431999921799	0.001910608145
1.433599948883	0.001566288178
1.435199975967	0.000949184119
1.436800003052	0.001435328042
1.438399910927	0.001541360165
1.439999938011	0.001893056207
1.441599965096	0.001663488103
1.443199992180	0.001988848206
1.444800019264	0.002686864231
1.446399927139	0.002844736213
1.447999954224	0.001929008053
1.449599981308	0.001125552109
1.451200008392	0.002555888146
1.452799916267	0.001253104070
1.454399943352	0.002722688252
1.455999970436	0.001735296100
1.457599997520	0.002349072136
1.459199905396	0.001833984163
1.460799932480	0.001748592127
1.462399959564	0.002622016240
1.463999986649	0.000723792065
1.465600013733	0.001172176097
1.467199921608	0.000574368052
1.468799948692	0.002917456208
1.470399975777	0.001832688111
1.472000002861	0.002270848257
1.473599910736	0.002331984229
1.475199937820	0.002402896062
1.476799964905	0.004046176095
1.478399991989	0.001555888099
1.480000019073	0.000697984069
1.481599926949	0.000329423987
1.483199954033	0.002195552224
1.484799981117	0.001225952059
1.486400008202	0.000820896064
1.487999916077	0.003135712352
1.489599943161	0.001073264051
1.491199970245	0.001412592130
1.492799997330	0.002327344147
1.494399905205	0.002723424230
1.495999932289	0.001964016119
1.497599959373	0.001941120136
1.499199986458	0.000179855982
1.500800013542	0.002680368256
1.502399921417	0.000537104090
1.503999948502	0.001458272105
1.505599975586	0.000689552049
1.507200002670	0.002383184154
1.508799910545	0.001458736137
1.510399937630	0.002091872273
1.511999964714	0.002160240198
1.513599991798	0.002707952168
1.515200018883	0.001679792185
1.516799926758	0.002633584198
1.518399953842	0.001519712154
1.519999980927	0.002458992181
1.521600008011	0.002260336187
1.523199915886	0.000811872014
1.524799942970	0.003090944141
1.526399970055	0.001389792073
1.527999997139	0.002058192156
1.529599905014	0.002038848121
1.531199932098	0.000787328056
1.532799959183	0.001327456092
1.534399986267	-0.000224831994
1.536000013351	0.001623744145
1.537599921227	0.002489136066
1.539199948311	0.002239008201
1.540799975395	0.001371168066
1.542400002480	0.001728320145
1.543999910355	0.001253936091
1.545599937439	0.002207312267
1.547199964523	0.003289728193
1.548799991608	0.001859440119
1.550400018692	0.001977312146
1.551999926567	0.001270704088
1.553599953651	0.003317024326
1.555199980736	0.001824432169
1.556800007820	0.001694032107
1.558399915695	0.001343392069
1.559999942780	0.000435840018
1.561599969864	0.001641888171
1.563199996948	0.002409808338
1.564799904823	0.001517088152
1.566399931908	0.001033408102
1.567999958992	0.001832480077
1.569599986076	0.002423648257
1.571200013161	0.001595168142
1.572799921036	0.002296368126
1.574399948120	0.001623920165
1.575999975204	0.000477424008
1.577600002289	0.002445632126
1.579199910164	0.001695104176
1.580799937248	0.002090672264
1.582399964333	0.001326624071
1.583999991417	0.000783808064
1.585600018501	0.002042864216
1.587199926376	0.001759568113
1.588799953461	0.002769328188
1.590399980545	0.001585824182
1.592000007629	0.002683264203
1.593599915504	0.002552640159
1.595199942589	0.001965568168
1.596799969673	0.001119872089
1.598399996758	0.000383936072
1.599999904633	0.001604800113
1.601599931717	0.001603376120
1.603199958801	0.000544592040
1.604799985886	0.001827168162
1.606400012970	0.002980624093
1.607999920845	-0.000159536037
1.609599947929	0.001739680185
1.611199975014	0.000842288078
1.612800002098	0.002193712164
1.614399909973	0.001234976109
1.615999937057	0.001970304176
1.617599964142	0.000751312065
1.619199991226	0.000606624060
1.620800018311	0.001397664077
1.622399926186	0.000620032079
1.623999953270	0.001768272137
1.625599980354	0.000736672082
1.627200007439	0.002335552126
1.628799915314	0.001488752081
1.630399942398	0.000268176023
1.631999969482	0.001603200100
1.633599996567	0.001737008104
1.635199904442	0.001768208225
1.636799931526	0.002581456210
1.638399958611	0.000946784101
1.639999985695	0.001332512125
1.641600012779	0.000756016059
1.643199920654	0.000632768031
1.644799947739	0.002031168202
1.646399974823	0.002523392206
1.648000001907	0.001961040078
1.649599909782	0.001722944085
1.651199936867	0.002029200085
1.652799963951	0.000458448048
1.654399991035	0.000795648084
1.655999898911	0.001962240087
1.657599925995	0.000867663999
1.659199953079	0.001889600186
1.660799980164	0.001710560173
1.662400007248	0.001492656069
1.663999915123	0.001379728084
1.665599942207	0.001915776171
1.667199969292	0.000217168024
1.668799996376	0.000345744018
1.670399904251	0.001713136095
1.671999931335	0.001654144144
1.673599958420	0.001571504166
1.675199985504	0.001513872063
1.676800012589	0.001705056173
1.678399920464	0.002528064186
1.679999947548	0.000208240046
1.681599974632	0.002072960138
1.683200001717	0.002342368243
1.684799909592	0.001607504091
1.686399936676	0.000597376027
1.687999963760	0.002004400128
1.689599990845	0.000473503984
1.691199898720	0.000042480016
1.692799925804	0.001842944184
1.694399952888	0.001222960069
1.695999979973	-0.000108384011
1.697600007057	-0.000012512026
1.699199914932	0.003994624130
1.700799942017	0.002019376261
1.702399969101	0.000363088038
1.703999996185	0.001272720052
1.705599904060	0.001580816112
1.707199931145	0.001656176173
1.708799958229	0.001966608223
1.710399985313	0.003063488286
1.712000012398	0.001601024065
1.713599920273	0.000059872007
1.715199947357	0.000955696043
1.716799974442	0.001205200097
1.718400001526	-0.000407568034
1.719999909401	0.000796416076
1.721599936485	0.002210880164
1.723199963570	0.000329312024
1.724799990654	0.000920096063
1.726399898529	0.002213712083
1.727999925613	0.001226224122
1.729599952698	0.000907872047
1.731199979782	0.002928480273
1.732800006866	0.000964784063
1.734399914742	0.000394943985
1.735999941826	0.001831952133
1.737599968910	0.003544160398
1.739199995995	0.001394992112
1.740799903870	0.001435904065
1.742399930954	0.001802944229
1.743999958038	0.001364256139
1.745599985123	0.003579792334
1.747200012207	0.001493024174
1.748799920082	-0.000317760045
1.750399947166	0.000598832034
1.751999974251	0.001917152200
1.753600001335	0.002098416211
1.755199909210	0.001716768136
1.756799936295	-0.000316832011
1.758399963379	0.001066816039
1.759999990463	0.000591792050
1.761599898338	0.002673968207
1.763199925423	0.001885744161
1.764799952507	0.000798480061
1.766399979591	0.001617888105
1.768000006676	0.001253632130
1.769599914551	0.001348368125
1.771199941635	0.001540000085
1.772799968719	0.001372416154
1.774399995804	0.000467328005
1.775999903679	-0.000228047982
1.777599930763	0.001651504077
1.779199957848	0.000645968015
1.780799984932	0.000203087999
1.782400012016	0.003028368345
1.783999919891	0.000290272059
1.785599946976	0.000304047979
1.787199974060	0.000133055990
1.788800001144	0.002023200272
1.790399909019	0.000712128065
1.791999936104	0.001579824137
1.793599963188	0.000929712027
1.795199990273	0.000334320008
1.796799898148	0.001845344086
1.798399925232	0.002011696110
1.799999952316	0.000996736111
1.801599979401	0.001274992130
1.803200006485	0.000836784020
1.804799914360	0.001198800048
1.806399941444	0.001042016083
1.807999968529	0.002575680148
1.809599995613	0.001378784073
1.811199903488	0.000966528081
1.812799930573	0.001856048126
1.814399957657	0.002312640194
1.815999984741	0.000213007996
1.817600011826	0.002209472237
1.819199919701	0.001249392168
1.820799946785	0.000872608100
1.822399973869	0.001907024183
1.824000000954	0.002100032056
1.825599908829	0.001398272114
1.827199935913	0.001171984128
1.828799962997	0.001354976092
1.830399990082	0.001381216105
1.831999897957	0.001436288119
1.833599925041	0.001553648151
1.835199952126	0.001186320093
1.836799979210	-0.000056432000
1.838400006294	0.002027360257
1.839999914169	0.000344672007
1.841599941254	-0.000211984036
1.843199968338	-0.000009616040
1.844799995422	0.002286544302
1.846399903297	0.001829040120
1.847999930382	0.000569200027
1.849599957466	0.000759728020
1.851199984550	0.000736800081
1.852800011635	0.000782688090
1.854399919510	0.003146288218
1.855999946594	0.001369472127
1.857599973679	0.000756240042
1.859200000763	0.000803168106
1.860799908638	0.000273008016
1.862399935722	0.001299200114
1.863999962807	0.001031888067
1.865599989891	-0.000209519974
1.867199897766	0.000771808031
1.868799924850	0.001389792073
1.870399951935	0.001694288105
1.871999979019	-0.000585104048
1.873600006104	0.002885712078
1.875199913979	0.001988336211
1.876799941063	-0.000017328046
1.878399968147	0.000822976115
1.879999995232	0.000718528056
1.881599903107	0.000070448063
1.883199930191	0.000777104055
1.884799957275	0.001667056116
1.886399984360	-0.000849904027
1.888000011444	-0.000181952040
1.889599919319	0.001829216140
1.891199946404	0.000414592010
1.892799973488	-0.000338704034
1.894400000572	0.000742464035
1.895999908447	0.000420384051
1.897599935532	-0.000424832047
1.899199962616	0.000785168086
1.900799989700	-0.000081984013
1.902399897575	-0.000471200037
1.903999924660	0.000701984100
1.905599951744	0.002009328222
1.907199978828	0.000563872047
1.908800005913	0.000231424012
1.910399913788	0.000537328015
1.911999940872	0.000978368102
1.913599967957	0.000820816029
1.915199995041	0.000663248007
1.916799902916	0.001162640052
1.918399930000	0.000366592052
1.919999957085	0.000467568025
1.921599984169	0.000324976048
1.923199892044	0.001883616205
1.924799919128	-0.000242992071
1.926399946213	0.000553760037
1.927999973297	0.001130224089
1.929600000381	0.000099935998
1.931199908257	0.000549936027
1.932799935341	0.000262320013
1.934399962425	-0.000246928015
1.935999989510	0.000248368015
1.937599897385	0.000664064020
1.939199924469	-0.000153103974
1.940799951553	-0.000291504053
1.942399978638	0.000680528057
1.944000005722	-0.000029519993
1.945599913597	0.000096735996
1.947199940681	0.000163552002
1.948799967766	-0.000111120040
1.950399994850	-0.000023600016
1.951999902725	0.000547616044
1.953599929810	0.001424784074
1.955199956894	-0.000413856033
1.956799983978	-0.000205264034
1.958399891853	0.000823024078
1.959999918938	0.001991200261
1.961599946022	-0.000891856092
1.963199973106	0.000417840027
1.964800000191	-0.000083488005
1.966399908066	0.000524096016
1.967999935150	0.000794960069
1.969599962234	0.001387600088
1.971199989319	0.000819232024
1.972799897194	0.001650800114
1.974399924278	0.000626560010
1.975999951363	-0.001762512140
1.977599978447	0.001041120035
1.979200005531	0.000942432089
1.980799913406	0.000389120018
1.982399940491	-0.000109040011
1.983999967575	0.001199248130
1.985599994659	0.000521264097
1.987199902534	0.000995696057
1.988799929619	0.001149040065
1.990399956703	-0.000487312063
1.991999983788	0.000397440075
1.993599891663	0.000025375992
1.995199918747	-0.000088751985
1.996799945831	0.000365711981
1.998399972916	0.001223504078
2.000000000000	0.000346320012
2.001600027084	-0.000081151993
2.003200054169	0.000861296023
2.004799842834	0.001022928045
2.006399869919	0.001847376116
2.007999897003	-0.000836816092
2.009599924088	0.001090320060
2.011199951172	0.000973632152
2.012799978256	0.000136352013
2.014400005341	0.000850736105
2.016000032425	0.000764704077
2.017600059509	0.002135280054
2.019199848175	-0.000689264038
2.020799875259	0.000451824017
2.022399902344	0.000989808002
2.023999929428	0.000934368116
2.025599956512	0.001568736159
2.027199983597	0.000035312023
2.028800010681	0.001519504120
2.030400037766	0.001238928060
2.032000064850	-0.000174304034
2.033599853516	0.001513952157
2.035199880600	-0.000247936026
2.036799907684	0.001360640046
2.038399934769	0.000128576008
2.039999961853	-0.001692112186
2.041599988937	0.000085424050
2.043200016022	0.001122256042
2.044800043106	0.001381536131
2.046399831772	0.000282496010
2.047999858856	-0.000908784103
2.049599885941	0.001101664151
2.051199913025	0.001105056028
2.052799940109	0.000746944046
2.054399967194	-0.000397024007
2.055999994278	0.001221744111
2.057600021362	-0.000468960061
2.059200048447	0.000219248002
2.060799837112	0.002827376360
2.062399864197	0.001194688142
2.063999891281	0.000047408001
2.065599918365	-0.000531392056
2.067199945450	0.000419824035
2.068799972534	-0.000104272003
2.070399999619	-0.000528544013
2.072000026703	0.001508592162
2.073600053787	-0.000278160005
2.075199842453	0.000778944057
2.076799869537	0.001438464154
2.078399896622	0.000887328119
2.079999923706	-0.000082143983
2.081599950790	-0.000129952037
2.083199977875	0.000953024079
2.084800004959	-0.001061136136
2.086400032043	0.000633840042
2.088000059128	0.001954640029
2.089599847794	-0.000952976057
2.091199874878	-0.000790560094
2.092799901962	0.001800544094
2.094399929047	-0.000846784096
2.095999956131	-0.000326496025
2.097599983215	0.002811040264
2.099200010300	0.000075648008
2.100800037384	-0.000532832055
2.102400064468	0.000603488064
2.103999853134	0.000616848003
2.105599880219	0.000476512039
2.107199907303	-0.000039535993
2.108799934387	0.000186592020
2.110399961472	-0.000641200051
2.111999988556	0.000712912064
2.113600015640	0.000415936054
2.115200042725	0.000338384009
2.116799831390	0.000941712118
2.118399858475	-0.000188064019
2.119999885559	-0.001705040107
2.121599912643	-0.000492832041
2.123199939728	0.000549424032
2.124799966812	-0.001798080164
2.126399993896	0.000301232008
2.128000020981	0.001974256244
2.129600048065	-0.001125728129
2.131199836731	0.000603504013
2.132799863815	0.001214784104
2.134399890900	-0.001867344137
2.135999917984	-0.000575312064
2.137599945068	0.001769600203
2.139199972153	0.000503616058
2.140799999237	-0.001772352145
2.142400026321	-0.000177376045
2.144000053406	-0.000320720021
2.145599842072	-0.000100607962
2.147199869156	0.000035951995
2.148799896240	0.000392304035
2.150399923325	-0.001173520111
2.151999950409	-0.000501696079
2.153599977493	-0.000312607997
2.155200004578	0.000397936063
2.156800031662	0.000728464045
2.158400058746	0.001455312129
2.159999847412	-0.001826016116
2.161599874496	-0.000812144077
2.163199901581	0.000527807977
2.164799928665	0.001187280170
2.166399955750	-0.000885296089
2.167999982834	0.000549632066
2.169600009918	0.000589376024
2.171200037003	0.001514576143
2.172800064087	-0.000447664061
2.174399852753	-0.000048240010
2.175999879837	-0.001601344091
2.177599906921	0.001077968162
2.179199934006	-0.000488704012
2.180799961090	-0.001617984148
2.182399988174	0.001847376116
2.184000015259	-0.000110336026
2.185600042343	0.001150544034
2.187199831009	0.000686624087
2.188799858093	0.000625584042
2.190399885178	-0.000827952113
2.191999912262	-0.000159120013
2.193599939346	-0.000922864012
2.195199966431	0.001664992189
2.196799993515	0.001242336119
2.198400020599	-0.000140416043
2.200000047684	-0.000699840137
2.201599836349	-0.000151072018
2.203199863434	-0.000173872017
2.204799890518	-0.000158640047
2.206399917603	0.000041392013
2.207999944687	0.001164352056
2.209599971771	-0.000617184094
2.211199998856	0.000184048011
2.212800025940	0.000811312057
2.214400053024	0.000368032022
2.215999841690	0.001298608142
2.217599868774	-0.000048160004
2.219199895859	0.000194831999
2.220799922943	-0.000138160001
2.222399950027	0.000053103988
2.223999977112	0.000836832041
2.225600004196	-0.000815216103
2.227200031281	0.000662224076
2.228800058365	0.001273776055
2.230399847031	-0.000505856005
2.231999874115	0.000058895988
2.233599901199	0.000805616030
2.235199928284	0.000429888023
2.236799955368	-0.000154688081
2.238399982452	0.000539456028
2.240000009537	-0.002181632211
2.241600036621	0.000324352033
2.243199825287	-0.001249808120
2.244799852371	0.000430416054
2.246399879456	0.001511936076
2.247999906540	0.001167136128
2.249599933624	-0.000769024075
2.251199960709	-0.000480048038
2.252799987793	0.000530480058
2.254400014877	0.000476976042
2.256000041962	-0.000382496102
2.257599830627	-0.001468096161
2.259199857712	0.000018399969
2.260799884796	0.000519455993
2.262399911880	-0.000412816094
2.263999938965	0.000414784008
2.265599966049	-0.000247263961
2.267199993134	0.001216368051
2.268800020218	0.000185872035
2.270400047302	0.000653744035
2.271999835968	-0.000527296099
2.273599863052	0.001217296114
2.275199890137	0.000007295987
2.276799917221	0.001155488077
2.278399944305	-0.000368464040
2.279999971390	-0.000764448021
2.281599998474	-0.002075200202
2.283200025558	0.000235488042
2.284800052643	0.001118016080
2.286399841309	0.000328032038
2.287999868393	0.001021296135
2.289599895477	0.000051311996
2.291199922562	0.000422032026
2.292799949646	-0.000544064096
2.294399976730	-0.000932288065
2.296000003815	0.002131152200
2.297600030899	-0.000134624031
2.299200057983	0.001503008069
2.300799846649	-0.000408560038
2.302399873734	0.000780512113
2.303999900818	0.000685472100
2.305599927902	0.000158623981
2.307199954987	-0.000366224034
2.308799982071	-0.001727872179
2.310400009155	-0.001305968151
2.312000036240	-0.000544128066
2.313599824905	-0.000111280067
2.315199851990	0.000751344080
2.316799879074	-0.000896640064
2.318399906158	0.000131199995
2.319999933243	-0.000692928035
2.321599960327	0.000919152051
2.323199987411	-0.001670048106
2.324800014496	0.000952288101
2.326400041580	0.000777344103
2.327999830246	-0.000770512095
2.329599857330	0.001272992115
2.331199884415	-0.000142304023
2.332799911499	-0.001390480204
2.334399938583	-0.000735840062
2.335999965668	0.001713040168
2.337599992752	-0.000405216066
2.339200019836	0.000210559971
2.340800046921	-0.000824368035
2.342399835587	0.000674720039
2.343999862671	-0.000911888084
2.345599889755	-0.000333008007
2.347199916840	-0.000390224042
2.348799943924	-0.000989952125
2.350399971008	-0.000482304022
2.351999998093	-0.001156288083
2.353600025177	0.000513088016
2.355200052261	-0.000044959987
2.356799840927	0.000425952079
2.358399868011	-0.001314848079
2.359999895096	0.000739232055
2.361599922180	-0.000264623988
2.363199949265	0.000569472031
2.364799976349	0.000525504060
2.366400003433	-0.001594992122
2.368000030518	0.000640592072
2.369600057602	-0.000327584043
2.371199846268	-0.000588816067
2.372799873352	-0.001229664078
2.374399900436	0.000003840059
2.375999927521	0.000281440036
2.377599954605	-0.000096816031
2.379199981689	0.001362112118
2.380800008774	0.000196335968
2.382400035858	-0.000295536040
2.383999824524	0.002475152258
2.385599851608	0.000608880015
2.387199878693	-0.000727264036
2.388799905777	0.001089168014
2.390399932861	-0.001810736139
2.391999959946	0.000829120050
2.393599987030	-0.000262976013
2.395200014114	-0.000059568036
2.396800041199	0.000527600059
2.398399829865	-0.001984288217
2.399999856949	0.000168016006
2.401599884033	-0.001600272139
2.403199911118	0.001054336084
2.404799938202	-0.001338928123
2.406399965286	0.000340560044
2.407999992371	-0.000969520013
2.409600019455	-0.001384096104
2.411200046539	0.000155312024
2.412799835205	0.000316896039
2.414399862289	0.000559728069
2.415999889374	-0.001242176048
2.417599916458	0.000089759989
2.419199943542	-0.000666768057
2.420799970627	-0.001687376178
2.422399997711	0.000974688097
2.424000024796	0.000628400012
2.425600051880	0.000782992109
2.427199840546	0.000373408024
2.428799867630	-0.001393056125
2.430399894714	-0.000091488015
2.431999921799	-0.000869344105
2.433599948883	-0.000484016055
2.435199975967	0.000048607944
2.436800003052	-0.000096511983
2.438400030136	0.000142384015
2.440000057220	-0.000972208101
2.441599845886	-0.000699712022
2.443199872971	-0.001763808192
2.444799900055	0.000716880022
2.446399927139	-0.000475408102
2.447999954224	-0.000003439993
2.449599981308	-0.000746448059
2.451200008392	-0.000257840031
2.452800035477	0.001719648135
2.454399824142	0.000247232034
2.455999851227	-0.000674800074
2.457599878311	-0.001536240103
2.459199905396	-0.000591088028
2.460799932480	-0.000103071987
2.462399959564	0.000081727972
2.463999986649	-0.000072512048
2.465600013733	-0.001458736137
2.467200040817	-0.001052352018
2.468799829483	-0.000422480021
2.470399856567	0.001771968091
2.471999883652	0.001004031976
2.473599910736	0.000884544046
2.475199937820	-0.001481264131
2.476799964905	0.000983472099
2.478399991989	-0.000094608025
2.480000019073	-0.000350432034
2.481600046158	-0.001326944097
2.483199834824	0.001360784052
2.484799861908	-0.000413616042
2.486399888992	-0.001252464135
2.487999916077	-0.000850160141
2.489599943161	-0.000070336064
2.491199970245	-0.000883920060
2.492799997330	-0.000627120084
2.494400024414	0.000342048064
2.496000051498	0.000827664044
2.497599840164	-0.000222448056
2.499199867249	0.002162144287
2.500799894333	-0.000655664015
2.502399921417	-0.000870496035
2.503999948502	-0.000937552075
2.505599975586	0.000798880064
2.507200002670	-0.000210464030
2.508800029755	-0.000446048041
2.510399818420	-0.000775248045
2.511999845505	0.000099328019
2.513599872589	0.000070447983
2.515199899673	0.000599184074
2.516799926758	-0.001114528044
2.518399953842	-0.001538272132
2.519999980927	0.000779168098
2.521600008011	-0.001497168094
2.523200035095	-0.000167919949
2.524799823761	-0.000889424060
2.526399850845	-0.000874688092
2.527999877930	0.000312224001
2.529599905014	0.002036496066
2.531199932098	-0.000955504074
2.532799959183	-0.001762992120
2.534399986267	0.000626528054
2.536000013351	0.000753520057
2.537600040436	0.000781632087
2.539199829102	-0.001654688152
2.540799856186	-0.000632256037
2.542399883270	-0.001210544142
2.543999910355	0.000402544014
2.545599937439	-0.000801328104
2.547199964523	-0.002052032156
2.548799991608	0.000961680082
2.550400018692	-0.000811600068
2.552000045776	-0.000459632050
2.553599834442	0.000810928119
2.555199861526	0.001318512135
2.556799888611	-0.002509872196
2.558399915695	-0.000014943958
2.559999942780	0.000900032057
2.561599969864	-0.000623632048
2.563199996948	0.000943680119
2.564800024033	-0.000930720067
2.566400051117	-0.000568800024
2.567999839783	-0.001062352094
2.569599866867	-0.000978576136
2.571199893951	-0.000556544052
2.572799921036	0.000445728016
2.574399948120	0.000426416053
2.575999975204	-0.001445216127
2.577600002289	-0.000879024097
2.579200029373	0.001177648082
2.580799818039	-0.001673072227
2.582399845123	-0.000396672025
2.583999872208	-0.001718272106
2.585599899292	-0.001342192059
2.587199926376	-0.000205439996
2.588799953461	-0.000077168050
2.590399980545	0.000103408034
2.592000007629	-0.001694128150
2.593600034714	-0.000658784062
2.595199823380	0.000016736016
2.596799850464	0.001897792099
2.598399877548	0.000498560083
2.599999904633	-0.001611408195
2.601599931717	-0.001660400187
2.603199958801	-0.001528304187
2.604799985886	0.000731216045
2.606400012970	0.000867184077
2.608000040054	-0.001460912172
2.609599828720	-0.001631792169
2.611199855804	-0.001595696085
2.612799882889	0.001486096065
2.614399909973	0.000040320007
2.615999937057	-0.000816560118
2.617599964142	-0.002233600244
2.619199991226	-0.001992256148
2.620800018311	-0.001056992100
2.622400045395	0.000861104054
2.623999834061	0.001842944184
2.625599861145	-0.000803792034
2.627199888229	-0.001891776104
2.628799915314	0.000480656076
2.630399942398	-0.001579408068
2.631999969482	-0.001801600098
2.633599996567	-0.001017088071
2.635200023651	-0.002040256280
2.636800050735	0.000109712040
2.638399839401	-0.001215120079
2.639999866486	0.001369280042
2.641599893570	0.000066352026
2.643199920654	-0.001449504169
2.644799947739	0.000216288041
2.646399974823	-0.000001952030
2.648000001907	-0.000576560036
2.649600028992	0.000208912039
2.651199817657	-0.001975216204
2.652799844742	-0.000860304106
2.654399871826	0.000165648060
2.655999898911	-0.001330064144
2.657599925995	-0.001147776144
2.659199953079	0.001098768087
2.660799980164	0.000661664060
2.662400007248	0.000329984032
2.664000034332	0.000068224042
2.665599822998	-0.002266656142
2.667199850082	-0.001736624166
2.668799877167	-0.000341920037
2.670399904251	0.001927568112
2.671999931335	-0.000462880009
2.673599958420	-0.001941280090
2.675199985504	0.000892464072
2.676800012589	-0.001001424040
2.678400039673	-0.000673456118
2.679999828339	-0.000995168113
2.681599855423	-0.000099616009
2.683199882507	0.000234288003
2.684799909592	0.000167375983
2.686399936676	0.000377392076
2.687999963760	-0.000164704004
2.689599990845	0.001508880174
2.691200017929	0.000187791986
2.692800045013	-0.001674128114
2.694399833679	-0.001321264077
2.695999860764	0.000071631992
2.697599887848	-0.000850032084
2.699199914932	-0.000569840078
2.700799942017	0.001169296098
2.702399969101	-0.000812816026
2.703999996185	-0.001507200184
2.705600023270	0.000129840031
2.707200050354	-0.000249664008
2.708799839020	-0.000111520021
2.710399866104	-0.000948672066
2.711999893188	-0.000982304104
2.713599920273	-0.002800464164
2.715199947357	-0.000675663992
2.716799974442	-0.000554384023
2.718400001526	0.000263616006
2.720000028610	-0.001343808137
2.721599817276	0.000169999985
2.723199844360	-0.000988688087
2.724799871445	-0.000517312088
2.726399898529	-0.002005536109
2.727999925613	-0.001715200138
2.729599952698	-0.000929520116
2.731199979782	0.001173136057
2.732800006866	0.000912144023
2.734400033951	-0.000605232082
2.735999822617	-0.001063936041
2.737599849701	-0.001278832206
2.739199876785	0.000591984019
2.740799903870	-0.000693408074
2.742399930954	-0.001662992174
2.743999958038	-0.001451264136
2.745599985123	0.000360304024
2.747200012207	-0.002279088134
2.748800039291	-0.000542576017
2.750399827957	0.000450063992
2.751999855042	-0.000765152101
2.753599882126	0.000441824028
2.755199909210	-0.000816624088
2.756799936295	-0.001674448140
2.758399963379	-0.000694640097
2.759999990463	0.000552768062
2.761600017548	-0.000580272055
2.763200044632	0.000280160020
2.764799833298	-0.001442640088
2.766399860382	-0.001037872047
2.767999887466	0.000343680003
2.769599914551	-0.000838480075
2.771199941635	-0.001023264136
2.772799968719	-0.000777408073
2.774399995804	0.000879392086
2.776000022888	-0.000150080014
2.777599811554	-0.000934096111
2.779199838638	0.000821760041
2.780799865723	-0.001567952102
2.782399892807	-0.000007663978
2.783999919891	-0.002327984199
2.785599946976	-0.001412144164
2.787199974060	-0.000373520073
2.788800001144	-0.000625248009
2.790400028229	-0.000991808134
2.791999816895	-0.000467360020
2.793599843979	0.000256512052
2.795199871063	-0.000801856047
2.796799898148	-0.000528032018
2.798399925232	0.000343920052
2.799999952316	-0.002457408234
2.801599979401	-0.003023488214
2.803200006485	-0.001320384094
2.804800033569	0.001109024044
2.806399822235	0.000697936048
2.807999849319	-0.001308240113
2.809599876404	-0.000326768059
2.811199903488	-0.000680240046
2.812799930573	-0.000735072070
2.814399957657	-0.001094304025
2.815999984741	-0.000365279993
2.817600011826	-0.000301264023
2.819200038910	-0.002365472261
2.820799827576	0.000264447997
2.822399854660	-0.000721632096
2.823999881744	0.000068416004
2.825599908829	-0.003182544140
2.827199935913	0.000071439950
2.828799962997	-0.000038992028
2.830399990082	-0.000260272005
2.832000017166	-0.001439648098
2.833600044250	-0.000366080028
2.835199832916	-0.001423280104
2.836799860001	-0.000244576047
2.838399887085	0.001431296114
2.839999914169	-0.003296128241
2.841599941254	-0.001548400149
2.843199968338	-0.002364800312
2.844799995422	-0.001087008044
2.846400022507	-0.000307120034
2.847999811172	-0.000946192071
2.849599838257	-0.001240144018
2.851199865341	-0.001143104164
2.852799892426	-0.000153232031
2.854399919510	-0.002504816279
2.855999946594	-0.000222144008
2.857599973679	-0.001598208095
2.859200000763	-0.001889376086
2.860800027847	-0.001777968253
2.862399816513	-0.000655424024
2.863999843597	-0.000775088032
2.865599870682	-0.002296352293
2.867199897766	-0.001813936164
2.868799924850	-0.000224352028
2.870399951935	-0.001573968213
2.871999979019	-0.001614464098
2.873600006104	0.000435968017
2.875200033188	-0.000932064082
2.876799821854	0.000077295983
2.878399848938	-0.001262288075
2.879999876022	0.000482944015
2.881599903107	-0.001821504091
2.883199930191	-0.000960112084
2.884799957275	0.000649360067
2.886399984360	0.000682416081
2.888000011444	0.000170975996
2.889600038528	-0.001629104139
2.891199827194	-0.000995856128
2.892799854279	-0.000492272025
2.894399881363	0.000387456064
2.895999908447	-0.001591904089
2.897599935532	-0.001305056154
2.899199962616	-0.001138208085
2.900799989700	-0.000010271965
2.902400016785	-0.002280464163
2.904000043869	-0.000751392101
2.905599832535	-0.000161488046
2.907199859619	-0.000747728103
2.908799886703	-0.001142064109
2.910399913788	-0.002201904310
2.911999940872	-0.000922800042
2.913599967957	-0.001400320092
2.915199995041	-0.001204640139
2.916800022125	-0.002348624170
2.918399810791	-0.000851984136
2.919999837875	-0.001115952036
2.921599864960	0.000638880068
2.923199892044	-0.000181312076
2.924799919128	0.000563968031
2.926399946213	-0.002535040257
2.927999973297	-0.000755536079
2.929600000381	-0.001070320024
2.931200027466	-0.001348912134
2.932799816132	-0.002375424141
2.934399843216	-0.002753984183
2.935999870300	0.002014896134
2.937599897385	0.001658800058
2.939199924469	0.000046688037
2.940799951553	-0.002060896019
2.942399978638	-0.000400143996
2.944000005722	-0.001192704076
2.945600032806	-0.002314656274
2.947199821472	-0.000514736050
2.948799848557	-0.001323536155
2.950399875641	0.000220336035
2.951999902725	-0.001745200134
2.953599929810	-0.000599568069
2.955199956894	-0.002988864202
2.956799983978	-0.001200512168
2.958400011063	-0.000594000041
2.960000038147	-0.000607952010
2.961599826813	-0.002746640239
2.963199853897	0.000508560042
2.964799880981	-0.000232944032
2.966399908066	-0.000161648059
2.967999935150	-0.001294128131
2.969599962234	-0.001213520067
2.971199989319	-0.000356656034
2.972800016403	-0.001210176153
2.974400043488	-0.000424896076
2.975999832153	-0.001382752089
2.977599859238	-0.000805840013
2.979199886322	-0.000753456086
2.980799913406	-0.002600512234
2.982399940491	-0.000679536024
2.983999967575	-0.001587920124
2.985599994659	-0.000137919982
2.987200021744	-0.000975312083
2.988799810410	-0.001269056113
2.990399837494	-0.000115247996
2.991999864578	0.000280271983
2.993599891663	-0.002131008310
2.995199918747	-0.001166400034
2.996799945831	-0.000916800054
2.998399972916	-0.001980832079
3.000000000000	0.001701552072
3.001600027084	-0.001422176138
3.003199815750	-0.000633712043
3.004799842834	-0.001534208073
3.006399869919	-0.001563680125
3.007999897003	-0.000681648031
3.009599924088	-0.000001232006
3.011199951172	-0.000291488075
3.012799978256	-0.002103984123
3.014400005341	0.000137520023
3.016000032425	-0.002465328202
3.017599821091	-0.001554864109
3.019199848175	0.000288320036
3.020799875259	0.001214656164
3.022399902344	-0.002246272052
3.023999929428	-0.000862352084
3.025599956512	-0.001437392086
3.027199983597	-0.001816800097
3.028800010681	-0.000870064134
3.030400037766	-0.001962272217
3.031999826431	-0.000885504123
3.033599853516	-0.002507056342
3.035199880600	0.000146719991
3.036799907684	0.000906864065
3.038399934769	-0.000074640011
3.039999961853	-0.001441904111
3.041599988937	-0.001689216122
3.043200016022	-0.001577536226
3.044799804687	-0.000442464021
3.046399831772	-0.000321776024
3.047999858856	-0.001569168177
3.049599885941	-0.000623536005
3.051199913025	-0.001014544046
3.052799940109	-0.000495568034
3.054399967194	-0.000872096047
3.055999994278	-0.000330560026
3.057600021362	-0.002559504239
3.059199810028	-0.002485600300
3.060799837112	-0.003072592197
3.062399864197	-0.000845600036
3.063999891281	-0.001127616153
3.065599918365	-0.000897488091
3.067199945450	-0.002095968230
3.068799972534	0.000221072012
3.070399999619	0.000039984039
3.072000026703	-0.001381664188
3.073599815369	0.001291488064
3.075199842453	-0.001514272182
3.076799869537	-0.000862944114
3.078399896622	-0.001111152116
3.079999923706	0.000237040003
3.081599950790	-0.001482832129
3.083199977875	-0.000173856039
3.084800004959	-0.000332224037
3.086400032043	-0.000291696022
3.087999820709	-0.000821312075
3.089599847794	-0.001553376089
3.091199874878	-0.000376208016
3.092799901962	-0.002477952046
3.094399929047	-0.000943504099
3.095999956131	-0.001039360068
3.097599983215	0.000630576047
3.099200010300	-0.001435168087
3.100800037384	-0.001642736141
3.102399826050	-0.002553040162
3.103999853134	0.000424975995
3.105599880219	-0.001218096120
3.107199907303	0.000164288009
3.108799934387	-0.000787600002
3.110399961472	-0.001150160097
3.111999988556	-0.001517040073
3.113600015640	-0.000576304039
3.115199804306	-0.000709328044
3.116799831390	-0.002677872311
3.118399858475	-0.001194848097
3.119999885559	0.000296896033
3.121599912643	-0.003162736306
3.123199939728	-0.001488976064
3.124799966812	0.001609328086
3.126399993896	0.001307104132
3.128000020981	-0.001836048206
3.129599809647	-0.000666256063
3.131199836731	-0.000772688014
3.132799863815	-0.001609312138
3.134399890900	-0.002114368137
3.135999917984	0.000217856010
3.137599945068	-0.001434240141
3.139199972153	-0.001661712187
3.140799999237	-0.000536000065
3.142400026321	-0.001523472136
3.143999814987	-0.002304560039
3.145599842072	-0.001772768097
3.147199869156	-0.001148272073
3.148799896240	-0.001571968081
3.150399923325	-0.001858608215
3.151999950409	-0.001157888095
3.153599977493	-0.001311856089
3.155200004578	-0.001774640172
3.156800031662	-0.002560656285
3.158399820328	-0.003096768167
3.159999847412	-0.001071104081
3.161599874496	-0.001620144118
3.163199901581	0.000966912077
3.164799928665	-0.002574544167
3.166399955750	-0.001438128180
3.167999982834	-0.001824304229
3.169600009918	-0.000045664026
3.171200037003	-0.001004512073
3.172799825668	-0.002027136274
3.174399852753	-0.002083552070
3.175999879837	-0.000120559991
3.177599906921	-0.002808544319
3.179199934006	-0.002107872162
3.180799961090	-0.000573744066
3.182399988174	-0.000262896036
3.184000015259	-0.000774336106
3.185599803925	-0.002225120086
3.187199831009	0.000039935941
3.188799858093	-0.000398000033
3.190399885178	0.000747312035
3.191999912262	-0.002137952251
3.193599939346	-0.002496704226
3.195199966431	-0.002380112186
3.196799993515	0.001190176117
3.198400020599	-0.000855824095
3.199999809265	-0.001825920190
3.201599836349	-0.001224800129
3.203199863434	-0.002077600220
3.204799890518	-0.000454656052
3.206399917603	-0.001477776095
3.207999944687	-0.002168704057
3.209599971771	-0.000157920062
3.211199998856	-0.001434672158
3.212800025940	-0.001440672204
3.214399814606	-0.000181951997
3.215999841690	-0.002570176264
3.217599868774	0.000763376069
3.219199895859	-0.002991168294
3.220799922943	-0.001536912168
3.222399950027	-0.001797264209
3.223999977112	-0.001179568120
3.225600004196	0.000476864021
3.227200031281	-0.001147792093
3.228799819946	-0.003059664275
3.230399847031	-0.002144640079
3.231999874115	-0.001503968146
3.233599901199	-0.001851920155
3.235199928284	-0.000533328042
3.236799955368	-0.000045040018
3.238399982452	-0.000888176088
3.240000009537	-0.003236480290
3.241600036621	-0.002302240115
3.243199825287	-0.003332800232
3.244799852371	-0.001698896172
3.246399879456	-0.001041648095
3.247999906540	-0.000591776043
3.249599933624	-0.002204432152
3.251199960709	-0.000309776020
3.252799987793	-0.000478592119
3.254400014877	-0.001593392109
3.255999803543	0.000402752048
3.257599830627	-0.001582400058
3.259199857712	-0.000950048096
3.260799884796	-0.002717760159
3.262399911880	0.001656160108
3.263999938965	-0.000318272068
3.265599966049	-0.003229056252
3.267199993134	-0.001832608134
3.268800020218	-0.001050400198
3.270399808884	-0.002349760151
3.271999835968	-0.000160063981
3.273599863052	-0.000993808149
3.275199890137	-0.001459728112
3.276799917221	0.000078719975
3.278399944305	-0.001119760098
3.279999971390	-0.000187088037
3.281599998474	-0.004211232532
3.283200025558	-0.003564928425
3.284799814224	-0.001824032166
3.286399841309	0.001692896127
3.287999868393	-0.000863616064
3.289599895477	-0.002036160324
3.291199922562	-0.001594480127
3.292799949646	-0.001147520146
3.294399976730	-0.001392960083
3.296000003815	-0.002714368282
3.297600030899	-0.000113488015
3.299199819565	-0.002072352218
3.300799846649	-0.001583120087
3.302399873734	-0.001403296134
3.303999900818	-0.001276832190
3.305599927902	-0.000848000054
3.307199954987	-0.000496016059
3.308799982071	-0.001246864093
3.310400009155	-0.003941408359
3.311999797821	-0.002076160163
3.313599824905	0.001606656122
3.315199851990	-0.000902224099
3.316799879074	-0.002604256151
3.318399906158	-0.002115984214
3.319999933243	-0.002538256114
3.321599960327	-0.000244496012
3.323199987411	-0.001567232073
3.324800014496	-0.002184624318
3.326399803162	-0.001938640140
3.327999830246	0.000257984007
3.329599857330	-0.000264864037
3.331199884415	-0.000744368066
3.332799911499	-0.002142912243
3.334399938583	-0.001653568121
3.335999965668	0.000558464031
3.337599992752	-0.000640368031
3.339200019836	-0.000018031998
3.340799808502	-0.002528288169
3.342399835587	-0.001995184226
3.343999862671	-0.000836448045
3.345599889755	-0.000235472049
3.347199916840	-0.001109104021
3.348799943924	-0.000699024065
3.350399971008	-0.000080079961
3.351999998093	-0.001560368109
3.353600025177	-0.002235040069
3.355199813843	-0.000585152069
3.356799840927	-0.001436704071
3.358399868011	-0.001179792103
3.359999895096	-0.000761760049
3.361599922180	-0.000476880057
3.363199949265	-0.000558272062
3.364799976349	0.000455792033
3.366400003433	-0.002593456302
3.368000030518	-0.003948240541
3.369599819183	0.000250320038
3.371199846268	-0.000378912053
3.372799873352	-0.001347968122
3.374399900436	-0.001742656110
3.375999927521	-0.000168560015
3.377599954605	0.001302656136
3.379199981689	-0.001967776101
3.380800008774	-0.001371840131
3.382399797440	0.000175616005
3.383999824524	-0.001063504140
3.385599851608	-0.002704912331
3.387199878693	-0.001785600209
3.388799905777	0.001184160123
3.390399932861	0.000008175971
3.391999959946	-0.004769456573
3.393599987030	-0.001787520130
3.395200014114	-0.000193712011
3.396799802780	-0.001718512154
3.398399829865	-0.000398608070
3.399999856949	-0.001265184139
3.401599884033	-0.002039168030
3.403199911118	-0.003976080101
3.404799938202	-0.002082768129
3.406399965286	0.000621328014
3.407999992371	-0.004621296190
3.409600019455	-0.001144544105
3.411199808121	-0.000343728054
3.412799835205	-0.000539968023
3.414399862289	-0.002146048239
3.415999889374	0.000352224044
3.417599916458	-0.001790432143
3.419199943542	-0.003310160246
3.420799970627	-0.000660816091
3.422399997711	-0.002211056184
3.424000024796	-0.000026928012
3.425599813461	-0.003776208265
3.427199840546	-0.001989856130
3.428799867630	-0.003160160268
3.430399894714	-0.000278752006
3.431999921799	-0.002965888241
3.433599948883	-0.001625984092
3.435199975967	-0.002462160308
3.436800003052	-0.000259872002
3.438400030136	0.001254960080
3.439999818802	-0.001454688143
3.441599845886	-0.001495856093
3.443199872971	-0.003023888217
3.444799900055	-0.002544832183
3.446399927139	-0.002776496345
3.447999954224	-0.001154096099
3.449599981308	-0.004648864269
3.451200008392	0.001940080198
