0.000000000000	0.012160592712
0.001599999960	0.014879249036
0.003199999919	0.012014176697
0.004799999762	0.014591665007
0.006399999838	0.011844880879
0.007999999449	0.014013729058
0.009599999525	0.012965585105
0.011199999601	0.013054769486
0.012799999677	0.013547313400
0.014399999753	0.012955840677
0.015999998897	0.014441185631
0.017599999905	0.013482209295
0.019199999049	0.013258880936
0.020800000057	0.010392304510
0.022399999201	0.013097777031
0.024000000209	0.012790720910
0.025599999353	0.013232065365
0.027199998498	0.011781360954
0.028799999505	0.011623488739
0.030399998650	0.013651057146
0.031999997795	0.011923088692
0.033599998802	0.013820305467
0.035199999809	0.010670880787
0.036800000817	0.011480593123
0.038399998099	0.013106993400
0.039999999106	0.011543888599
0.041600000113	0.013923857361
0.043199997395	0.011372112669
0.044799998403	0.013063265011
0.046399999410	0.011739552952
0.048000000417	0.011347888969
0.049599997699	0.011325873435
0.051199998707	0.012667184696
0.052799999714	0.009237729013
0.054399996996	0.010350480676
0.055999998003	0.012766753323
0.057599999011	0.010283232667
0.059200000018	0.008772432804
0.060799997300	0.010072545148
0.062399998307	0.012438241392
0.063999995589	0.012399761006
0.065600000322	0.010140464641
0.067199997604	0.011224640533
0.068799994886	0.010917936452
0.070399999619	0.009826992638
0.071999996901	0.011330865324
0.073600001633	0.012291505001
0.075199998915	0.010934432968
0.076799996197	0.010886113159
0.078400000930	0.011318417266
0.079999998212	0.009133120999
0.081599995494	0.010103585199
0.083200000226	0.010339824483
0.084799997509	0.009594304487
0.086399994791	0.009426192380
0.087999999523	0.012252881192
0.089599996805	0.008368368261
0.091199994087	0.009315985255
0.092799998820	0.009299968369
0.094399996102	0.011439505033
0.096000000834	0.010554657318
0.097599998116	0.008625056595
0.099199995399	0.010246960446
0.100800000131	0.008240800351
0.102399997413	0.013262704946
0.103999994695	0.009691504762
0.105599999428	0.010824688710
0.107199996710	0.008899152279
0.108799993992	0.010582257062
0.110399998724	0.010228336789
0.111999996006	0.008883536793
0.113600000739	0.010524624959
0.115199998021	0.008440032601
0.116799995303	0.009181536734
0.118400000036	0.007353888359
0.119999997318	0.009302800521
0.121599994600	0.009813761339
0.123199999332	0.008995857090
0.124799996614	0.007002432831
0.126399993896	0.008120592684
0.127999991179	0.009923281148
0.129600003362	0.009378832765
0.131200000644	0.009610433131
0.132799997926	0.007547440473
0.134399995208	0.008083984256
0.135999992490	0.009913808666
0.137599989772	0.009250672534
0.139200001955	0.008310289122
0.140799999237	0.008010576479
0.142399996519	0.010660640895
0.143999993801	0.008851648308
0.145599991083	0.008935952559
0.147200003266	0.009238112718
0.148800000548	0.008807136677
0.150399997830	0.006936976686
0.151999995112	0.011277040467
0.153599992394	0.007074032445
0.155199989676	0.008470224217
0.156800001860	0.006402704399
0.158399999142	0.007991056889
0.159999996424	0.011373569258
0.161599993706	0.008745168336
0.163199990988	0.007882240228
0.164800003171	0.006988960784
0.166400000453	0.007441264577
0.167999997735	0.007871360518
0.169599995017	0.007493184414
0.171199992299	0.007693040650
0.172799989581	0.008644992486
0.174400001764	0.011277233250
0.175999999046	0.007942848839
0.177599996328	0.008185808547
0.179199993610	0.008407296613
0.180799990892	0.007922160439
0.182399988174	0.008620528504
0.184000000358	0.009143777192
0.185599997640	0.008279680274
0.187199994922	0.008286993019
0.188799992204	0.006345024332
0.190399989486	0.007709360681
0.192000001669	0.008039888926
0.193599998951	0.009276032448
0.195199996233	0.007588768844
0.196799993515	0.007829424925
0.198399990797	0.008336224593
0.199999988079	0.006401136518
0.201600000262	0.008053424768
0.203199997544	0.006509056315
0.204799994826	0.007537200581
0.206399992108	0.008339552209
0.207999989390	0.006840624381
0.209600001574	0.006216576323
0.211199998856	0.005727616604
0.212799996138	0.008216400631
0.214399993420	0.006091008428
0.215999990702	0.007712208666
0.217599987984	0.007115824614
0.219200000167	0.008392912336
0.220799997449	0.008117648773
0.222399994731	0.005705280695
0.223999992013	0.008014768362
0.225599989295	0.006995952688
0.227200001478	0.007860096171
0.228799998760	0.008326528594
0.230399996042	0.006546736695
0.231999993324	0.006628144532
0.233599990606	0.008290993050
0.235199987888	0.006515024696
0.236800000072	0.005883904640
0.238399997354	0.008875024505
0.239999994636	0.006087648217
0.241599991918	0.008294304833
0.243199989200	0.008411296643
0.244799986482	0.008284976706
0.246399998665	0.006362272426
0.247999995947	0.006164672319
0.249599993229	0.009065312333
0.251199990511	0.007327504456
0.252799987793	0.006873136386
0.254399985075	0.005090544466
0.255999982357	0.005990960635
0.257599979639	0.007423712406
0.259200006723	0.007350992411
0.260800004005	0.005464784335
0.262400001287	0.006543408614
0.263999998569	0.006932112388
0.265599995852	0.006331664510
0.267199993134	0.005662256386
0.268799990416	0.005107648205
0.270399987698	0.005157136358
0.271999984980	0.005969648715
0.273599982262	0.006810624618
0.275199979544	0.005531552713
0.276800006628	0.004541904200
0.278400003910	0.006285520736
0.280000001192	0.005083376542
0.281599998474	0.008456368931
0.283199995756	0.004674688447
0.284799993038	0.006270960439
0.286399990320	0.004902736284
0.287999987602	0.006261056289
0.289599984884	0.006425888743
0.291199982166	0.005684736650
0.292799979448	0.005225024652
0.294400006533	0.005773392506
0.296000003815	0.008226497099
0.297600001097	0.005856896285
0.299199998379	0.006122400519
0.300799995661	0.004033984151
0.302399992943	0.006362176500
0.303999990225	0.007433360443
0.305599987507	0.006667744368
0.307199984789	0.004955056589
0.308799982071	0.005899328738
0.310399979353	0.005013248418
0.312000006437	0.004991376307
0.313600003719	0.006183088291
0.315200001001	0.005968112499
0.316799998283	0.005448816344
0.318399995565	0.005380800460
0.319999992847	0.006432752591
0.321599990129	0.006550288759
0.323199987411	0.004363872111
0.324799984694	0.007480624598
0.326399981976	0.006596544757
0.327999979258	0.006713664625
0.329600006342	0.005520848557
0.331200003624	0.004107424524
0.332800000906	0.003768736264
0.334399998188	0.005831760354
0.335999995470	0.004539216403
0.337599992752	0.003934000153
0.339199990034	0.004506832454
0.340799987316	0.005512448493
0.342399984598	0.004944256507
0.343999981880	0.004938016646
0.345599979162	0.004869296215
0.347199976444	0.005254048388
0.348800003529	0.006638784427
0.350400000811	0.006637808401
0.351999998093	0.004455632530
0.353599995375	0.007631760556
0.355199992657	0.004736128263
0.356799989939	0.006135680247
0.358399987221	0.003253456205
0.359999984503	0.005832864437
0.361599981785	0.003259312129
0.363199979067	0.004023488145
0.364799976349	0.006058832631
0.366400003433	0.004723984282
0.368000000715	0.005703520495
0.369599997997	0.003262144281
0.371199995279	0.005940336734
0.372799992561	0.005735520273
0.374399989843	0.003261632286
0.375999987125	0.004560336471
0.377599984407	0.005127152428
0.379199981689	0.005675168242
0.380799978971	0.006367408670
0.382399976254	0.005854800344
0.384000003338	0.003737104358
0.385600000620	0.005268192384
0.387199997902	0.006279872730
0.388799995184	0.006271072663
0.390399992466	0.004096096382
0.391999989748	0.004042272456
0.393599987030	0.005076944362
0.395199984312	0.005377008580
0.396799981594	0.004729856271
0.398399978876	0.005343520548
0.399999976158	0.004032416269
0.401600003242	0.002924160333
0.403200000525	0.005718560424
0.404799997807	0.007900544442
0.406399995089	0.004407056142
0.407999992371	0.002632704331
0.409599989653	0.004898720421
0.411199986935	0.003711744212
0.412799984217	0.006398976315
0.414399981499	0.005070992280
0.415999978781	0.002990400186
0.417599976063	0.005066352431
0.419200003147	0.005679584574
0.420800000429	0.004183152225
0.422399997711	0.003679728368
0.423999994993	0.005173648242
0.425599992275	0.005473168567
0.427199989557	0.004781200550
0.428799986839	0.005126288626
0.430399984121	0.002958192257
0.431999981403	0.005590880290
0.433599978685	0.002625856316
0.435199975967	0.005367232487
0.436800003052	0.005854096729
0.438400000334	0.003084704280
0.439999997616	0.004813728388
0.441599994898	0.003011536319
0.443199992180	0.003670736216
0.444799989462	0.005714096595
0.446399986744	0.005002448335
0.447999984026	0.003832272254
0.449599981308	0.003345824312
0.451199978590	0.003848000430
0.452799975872	0.004428800195
0.454400002956	0.005380240269
0.456000000238	0.003005136270
0.457599997520	0.002726560226
0.459199994802	0.004466416314
0.460799992085	0.004065264482
0.462399989367	0.002239824040
0.463999986649	0.005182592664
0.465599983931	0.003937696572
0.467199981213	0.003770304378
0.468799978495	0.005031328183
0.470399975777	0.003568640212
0.472000002861	0.004357360303
0.473600000143	0.003496560268
0.475199997425	0.004086368252
0.476799994707	0.004370064475
0.478399991989	0.006083296612
0.479999989271	0.004591344390
0.481599986553	0.003877568292
0.483199983835	0.002491728170
0.484799981117	0.002231040271
0.486399978399	0.004653808195
0.487999975681	0.003962368239
0.489599972963	0.003513024189
0.491200000048	0.004194112495
0.492799997330	0.005100144539
0.494399994612	0.003308688290
0.495999991894	0.005418288521
0.497599989176	0.002818512265
0.499199986458	0.002488208236
0.500800013542	0.004821680486
0.502399981022	0.004540784284
0.504000008106	0.004470560234
0.505599975586	0.003460912267
0.507200002670	0.002051152056
0.508799970150	0.003362576244
0.510399997234	0.003401856404
0.511999964714	0.003706400283
0.513599991798	0.002860320266
0.515199959278	0.005376688670
0.516799986362	0.002377056284
0.518400013447	0.003345184261
0.519999980927	0.003406832227
0.521600008011	0.003553728340
0.523199975491	0.002658608137
0.524800002575	0.004437616561
0.526399970055	0.003023584140
0.527999997139	0.003024160163
0.529599964619	0.002851600293
0.531199991703	0.003027120139
0.532799959183	0.004793600179
0.534399986267	0.003429856384
0.536000013351	0.004461344332
0.537599980831	0.003016064176
0.539200007915	0.003615744412
0.540799975395	0.001210704097
0.542400002480	0.005863216706
0.543999969959	0.002390048234
0.545599997044	0.003742080415
0.547199964523	0.004431840498
0.548799991608	0.001283072052
0.550399959087	0.003826304339
0.551999986172	0.001666944125
0.553600013256	0.002728624269
0.555199980736	0.002622096101
0.556800007820	0.003336752299
0.558399975300	0.003529936308
0.560000002384	0.003789136419
0.561599969864	0.002978224074
0.563199996948	0.001097152126
0.564799964428	0.005913536530
0.566399991512	0.002818064298
0.567999958992	0.003742816392
0.569599986076	0.002708912129
0.571200013161	0.002515968168
0.572799980640	0.001175632118
0.574400007725	0.002903568093
0.575999975204	0.003171376185
0.577600002289	0.001629920211
0.579199969769	0.004618720617
0.580799996853	0.001353888074
0.582399964333	0.003452816280
0.583999991417	0.004634768236
0.585599958897	0.003342864336
0.587199985981	0.001589200110
0.588800013065	0.005249552429
0.590399980545	0.003073952161
0.592000007629	0.001884016208
0.593599975109	0.003310640110
0.595200002193	0.002886976348
0.596799969673	0.003302944358
0.598399996758	0.002539856127
0.599999964237	0.003525424283
0.601599991322	0.000908096088
0.603199958801	0.003848640248
0.604799985886	0.001890000189
0.606400012970	0.002032432240
0.607999980450	0.004620640539
0.609600007534	0.000689600070
0.611199975014	0.004411408212
0.612800002098	0.001307392027
0.614399969578	0.003032048233
0.615999996662	0.000701664074
0.617599964142	0.000935456075
0.619199991226	0.003045280231
0.620799958706	0.001798032084
0.622399985790	0.003952896222
0.624000012875	0.002963008359
0.625599980354	0.003542208346
0.627200007439	0.000958240067
0.628799974918	0.004050736316
0.630400002003	0.002997664269
0.631999969482	0.000825136027
0.633599996567	0.001745456248
0.635199964046	0.004082608502
0.636799991131	0.001454192097
0.638399958611	0.002036544262
0.639999985695	0.003932064399
0.641600012779	0.001177472062
0.643199980259	0.002469024155
0.644800007343	0.003372720210
0.646399974823	0.001805328182
0.648000001907	0.001075808075
0.649599969387	0.002830848098
0.651199996471	0.000564192072
0.652799963951	0.002842240268
0.654399991035	0.003590512322
0.655999958515	0.000706320046
0.657599985600	0.004127600230
0.659200012684	0.001721584122
0.660799980164	0.002348320093
0.662400007248	0.000732880086
0.663999974728	0.002979984274
0.665600001812	0.001717344159
0.667199969292	0.002211104147
0.668799996376	0.000690896064
0.670399963856	0.001448944211
0.671999990940	0.003978176508
0.673599958420	-0.001193488133
0.675199985504	0.002742752200
0.676800012589	0.002503520111
0.678399980068	0.003367744386
0.680000007153	0.000263248017
0.681599974632	0.002665584208
0.683200001717	0.001628448139
0.684799969196	0.002960608341
0.686399996281	0.001796288183
0.687999963760	0.000281888060
0.689599990845	0.003733936232
0.691199958324	0.002489136066
0.692799985409	0.001151552075
0.694399952888	0.000939696096
0.695999979973	0.000746560050
0.697600007057	0.001741888118
0.699199974537	0.002616256243
0.700800001621	0.001911536208
0.702399969101	0.001379488152
0.703999996185	0.003614736255
0.705599963665	0.000119439974
0.707199990749	0.002053296193
0.708799958229	0.003104288131
0.710399985313	0.003510880284
0.711999952793	0.001220320119
0.713599979877	0.002780480310
0.715200006962	0.000483647978
0.716799974442	-0.001143616159
0.718400001526	0.002533952240
0.719999969006	0.000385040039
0.721599996090	0.003850384383
0.723199963570	0.000713136105
0.724799990654	-0.000319968007
0.726399958134	0.001974544255
0.727999985218	0.004090704489
0.729599952698	0.002023504116
0.731199979782	0.000617504003
0.732800006866	0.002659968333
0.734399974346	0.001302480116
0.736000001431	0.002107280074
0.737599968910	0.000486240053
0.739199995995	0.002303216141
0.740799963474	0.003702416318
0.742399990559	0.000987856067
0.743999958038	0.002794848289
0.745599985123	0.001976816216
0.747199952602	0.000643840060
0.748799979687	0.000283200003
0.750400006771	0.003004480386
0.751999974251	0.001050752122
0.753600001335	0.001781408093
0.755199968815	0.001014560112
0.756799995899	0.000404336024
0.758399963379	0.000416272058
0.759999990463	0.002132128226
0.761599957943	0.000320111983
0.763199985027	0.001664016163
0.764799952507	0.002304752124
0.766399979591	0.001731664059
0.768000006676	0.001657808083
0.769599974155	0.000486799981
0.771200001240	0.001038591960
0.772799968719	0.002872384153
0.774399995804	0.003630912397
0.775999963284	0.001904192148
0.777599990368	0.000088495974
0.779199957848	0.001723344089
0.780799984932	0.001743680215
0.782399952412	0.002240816131
0.783999979496	0.000653744093
0.785600006580	0.001346896170
0.787199974060	0.002224048134
0.788800001144	0.001403408125
0.790399968624	0.002420896199
0.791999995708	-0.000032719981
0.793599963188	-0.000921232102
0.795199990273	0.002566336188
0.796799957752	0.004577776417
0.798399984837	-0.000001295932
0.799999952316	0.000789248035
0.801599979401	0.001690448029
0.803200006485	0.002065728186
0.804799973965	0.002015680075
0.806400001049	0.002293072175
0.807999968529	0.000795392087
0.809599995613	0.003380544251
0.811199963093	0.001790816081
0.812799990177	-0.000079360041
0.814399957657	-0.000938576064
0.815999984741	0.001591936103
0.817599952221	0.001539200079
0.819199979305	0.001220896025
0.820800006390	0.000998144038
0.822399973869	0.001067120116
0.824000000954	0.000751808053
0.825599968433	0.001262000063
0.827199995518	0.002512896201
0.828799962997	0.000746512087
0.830399990082	0.001477376092
0.831999957561	0.002070752205
0.833599984646	0.002390448237
0.835199952126	-0.000407408050
0.836799979210	0.000693856040
0.838400006294	0.004253248218
0.839999973774	0.001607200131
0.841600000858	0.000737152004
0.843199968338	0.001460384112
0.844799995422	-0.000998560106
0.846399962902	0.002276736079
0.847999989986	0.001543024206
0.849599957466	0.000079519996
0.851199984550	0.001966512064
0.852799952030	0.000260640052
0.854399979115	0.001875856193
0.856000006199	0.003158768406
0.857599973679	-0.001727184164
0.859200000763	0.000710511988
0.860799968243	-0.000464784069
0.862399995327	0.002182768192
0.863999962807	0.000793104060
0.865599989891	0.002502224175
0.867199957371	0.000008351992
0.868799984455	-0.001573072164
0.870399951935	0.002044752007
0.871999979019	-0.000122287995
0.873600006104	0.001865536091
0.875199973583	0.001494880067
0.876800000668	0.001621456118
0.878399968147	-0.000772336090
0.879999995232	0.001381248119
0.881599962711	0.001319296076
0.883199989796	0.000600975996
0.884799957275	0.000079103986
0.886399984360	0.000318496051
0.887999951839	0.003276880132
0.889599978924	0.000703568046
0.891200006008	0.001216544071
0.892799973488	0.001160544110
0.894400000572	0.001355872140
0.895999968052	-0.000381824037
0.897599995136	0.001527984161
0.899199962616	0.000233056038
0.900799989700	0.000034975990
0.902399957180	0.001488256152
0.903999984264	0.002124592196
0.905599951744	0.000971744070
0.907199978828	0.000038239959
0.908800005913	0.001145008020
0.910399973392	-0.001573152142
0.912000000477	0.003504688153
0.913599967957	0.000438944000
0.915199995041	0.001850944129
0.916799962521	0.000756448077
0.918399989605	0.001000880031
0.919999957085	0.002405024134
0.921599984169	-0.001455888036
0.923199951649	-0.000379536068
0.924799978733	0.000465072080
0.926400005817	0.001273536123
0.927999973297	-0.000206016062
0.929600000381	0.002565440256
0.931199967861	0.000074127936
0.932799994946	-0.002350016264
0.934399962425	-0.000175376001
0.935999989510	0.001422288129
0.937599956989	0.002158432268
0.939199984074	0.001026720041
0.940799951553	0.002452320186
0.942399978638	-0.001319648116
0.944000005722	0.000209136022
0.945599973202	-0.000627808098
0.947200000286	0.002242336283
0.948799967766	0.001036816160
0.950399994850	-0.000359104015
0.951999962330	0.001041392097
0.953599989414	0.001859264099
0.955199956894	-0.000601632055
0.956799983978	-0.001417920110
0.958399951458	0.000869200099
0.959999978542	-0.001805904205
0.961599946022	0.003716768231
0.963199973106	0.000782768067
0.964800000191	-0.001285840175
0.966399967670	-0.000582112058
0.967999994755	-0.000810896046
0.969599962234	0.001192112104
0.971199989319	-0.000591056014
0.972799956799	0.002486608224
0.974399983883	0.000336864003
0.975999951363	0.002362976084
0.977599978447	-0.001084592077
0.979199945927	-0.000686368032
0.980799973011	-0.000020496009
0.982400000095	-0.000721088087
0.983999967575	0.000401344063
0.985599994659	-0.000048496044
0.987199962139	0.001608272083
0.988799989223	-0.001010656124
0.990399956703	-0.000381360092
0.991999983788	0.000542208028
0.993599951267	0.000830559991
0.995199978352	0.000619888073
0.996799945831	0.000126367988
0.998399972916	0.001191344112
1.000000000000	-0.000385584048
1.001600027084	-0.000333344040
1.003199934959	-0.000031887997
1.004799962044	0.001011120039
1.006399989128	-0.000086399996
1.008000016212	0.001038272050
1.009599924088	-0.002049344126
1.011199951172	-0.000445536018
1.012799978256	0.001983392052
1.014400005341	0.000053200030
1.016000032425	-0.001315936097
1.017599940300	0.000118767981
1.019199967384	0.001104784082
1.020799994469	-0.001639744150
1.022400021553	-0.001507136156
1.023999929428	-0.000414960028
1.025599956512	0.000345856068
1.027199983597	0.003366720164
1.028800010681	-0.000240800015
1.030399918556	-0.001077504014
1.031999945641	-0.001283632126
1.033599972725	0.000010047977
1.035199999809	-0.000418048032
1.036800026894	0.001303264056
1.038399934769	0.001046272111
1.039999961853	-0.001464000088
1.041599988937	-0.001085984055
1.043200016022	0.000603920082
1.044799923897	0.000388127984
1.046399950981	-0.001377424109
1.047999978065	-0.000051663992
1.049600005150	0.001178848092
1.051200032234	-0.001672576182
1.052799940109	-0.000643296109
1.054399967194	-0.000963168102
1.055999994278	-0.000250864017
1.057600021362	-0.000384176034
1.059199929237	-0.000685616047
1.060799956322	-0.001288480125
1.062399983406	0.000729344087
1.064000010490	0.002577600302
1.065599918365	-0.000791856088
1.067199945450	-0.000573039986
1.068799972534	0.000236080028
1.070399999619	-0.000082639999
1.072000026703	-0.001984912204
1.073599934578	0.000872832083
1.075199961662	-0.002394560259
1.076799988747	-0.000439120049
1.078400015831	0.001369168167
1.079999923706	-0.000204624041
1.081599950790	-0.000708736072
1.083199977875	-0.000518736080
1.084800004959	-0.001149360090
1.086400032043	0.000452016044
1.087999939919	-0.001126928139
1.089599967003	-0.001352928113
1.091199994087	0.000634816068
1.092800021172	0.001112560043
1.094399929047	0.000797360088
1.095999956131	-0.000693760056
1.097599983215	-0.001360080088
1.099200010300	0.000374399999
1.100799918175	-0.001607152168
1.102399945259	0.002111056121
1.103999972343	-0.001826464199
1.105599999428	0.000943600084
1.107200026512	-0.000971200119
1.108799934387	-0.001184768043
1.110399961472	0.000267360068
1.111999988556	-0.001500512124
1.113600015640	0.000635744072
1.115199923515	-0.000806032098
1.116799950600	-0.000411968038
1.118399977684	-0.001871488057
1.120000004768	-0.000996320043
1.121599912643	-0.000083488034
1.123199939728	0.001181280124
1.124799966812	-0.001092512044
1.126399993896	-0.001308672014
1.128000020981	0.001250576111
1.129599928856	-0.003364304313
1.131199955940	0.000476432062
1.132799983025	-0.003142336383
1.134400010109	-0.000408064050
1.135999917984	-0.000515136053
1.137599945068	0.002522336319
1.139199972153	-0.001956496155
1.140799999237	-0.002899360145
1.142400026321	0.000392591988
1.143999934196	-0.001253376133
1.145599961281	0.000402639969
1.147199988365	-0.000040544001
1.148800015450	-0.001213968149
1.150399923325	-0.003136272309
1.151999950409	0.000440080068
1.153599977493	-0.000795423985
1.155200004578	0.000160384036
1.156799912453	-0.001564880135
1.158399939537	-0.000475823996
1.159999966621	0.001671408070
1.161599993706	-0.002387456130
1.163200020790	0.000963456114
1.164799928665	-0.002055312274
1.166399955750	0.000895664038
1.167999982834	-0.001748304116
1.169600009918	0.001060128096
1.171199917793	0.000098751996
1.172799944878	-0.001994912047
1.174399971962	0.001096832100
1.175999999046	-0.002104256069
1.177600026131	-0.000388480024
1.179199934006	-0.001527792192
1.180799961090	0.000686992076
1.182399988174	-0.000220048038
1.184000015259	0.000783504045
1.185599923134	-0.003540608333
1.187199950218	-0.000207423989
1.188799977303	0.000772816071
1.190400004387	-0.000644704036
1.191999912262	0.000312864024
1.193599939346	-0.002204784192
1.195199966431	0.000921760045
1.196799993515	-0.001239216072
1.198400020599	-0.000050112016
1.199999928474	-0.002624784131
1.201599955559	-0.000066144021
1.203199982643	0.001005872036
1.204800009727	-0.001400432084
1.206399917603	-0.002334352117
1.207999944687	-0.002205264289
1.209599971771	-0.000659568002
1.211199998856	0.000756112044
1.212800025940	0.001672704122
1.214399933815	-0.001908240141
1.215999960899	0.000951008114
1.217599987984	-0.001757792197
1.219200015068	0.000325424044
1.220799922943	-0.000903456123
1.222399950027	-0.002764464356
1.223999977112	-0.000054224020
1.225600004196	-0.000497408095
1.227199912071	0.000206048018
1.228799939156	-0.002235936234
1.230399966240	-0.000691200083
1.231999993324	-0.001495296136
1.233600020409	-0.000197264017
1.235199928284	0.000790320046
1.236799955368	-0.002060144208
1.238399982452	0.000271327997
1.240000009537	-0.001655408181
1.241599917412	-0.001040608156
1.243199944496	-0.001729360200
1.244799971581	0.001020608121
1.246399998665	-0.002282096306
1.248000025749	0.001372480066
1.249599933624	-0.001665936084
1.251199960709	-0.000472992077
1.252799987793	0.001368384110
1.254400014877	-0.000097151969
1.255999922752	0.000285728020
1.257599949837	-0.000073040064
1.259199976921	0.000246336014
1.260800004005	-0.001375408028
1.262399911880	-0.001215920085
1.263999938965	-0.000649808091
1.265599966049	0.000308927993
1.267199993134	0.000812688028
1.268800020218	-0.000891840027
1.270399928093	0.000099679994
1.271999955177	-0.001391455997
1.273599982262	0.000102159989
1.275200009346	-0.002766672289
1.276799917221	-0.000391392066
1.278399944305	-0.000680848083
1.279999971390	-0.000011808046
1.281599998474	0.000579343992
1.283200025558	-0.001015615999
1.284799933434	-0.000171536012
1.286399960518	-0.003079504240
1.287999987602	0.001348144142
1.289600014687	0.000948128058
1.291199922562	0.000450000050
1.292799949646	-0.001770016155
1.294399976730	-0.001294384128
1.296000003815	-0.000394688017
1.297599911690	-0.000502256036
1.299199938774	-0.000544512062
1.300799965858	-0.001480464125
1.302399992943	0.000996336108
1.304000020027	0.001388112083
1.305599927902	-0.000317408034
1.307199954987	-0.002932192292
1.308799982071	0.001216896111
1.310400009155	-0.001464928151
1.311999917030	-0.000881408050
1.313599944115	0.000097247997
1.315199971199	-0.002155920258
1.316799998283	-0.001340928138
1.318400025368	-0.000898736063
1.319999933243	-0.000489152037
1.321599960327	-0.000187536003
1.323199987411	-0.002029664116
1.324800014496	-0.000948256114
1.326399922371	-0.000484895980
1.327999949455	-0.000598320039
1.329599976540	-0.003042848315
1.331200003624	-0.000887151982
1.332799911499	-0.001935072127
1.334399938583	-0.000756656169
1.335999965668	0.000555936072
1.337599992752	-0.002033344004
1.339200019836	-0.003224016167
1.340799927711	-0.000510976068
1.342399954796	-0.001216704142
1.343999981880	-0.001257136115
1.345600008965	0.000289520016
1.347199916840	-0.000405472063
1.348799943924	-0.001811488182
1.350399971008	-0.002245696262
1.351999998093	-0.001747824135
1.353600025177	-0.001196112134
1.355199933052	0.001822176157
1.356799960136	-0.001241872087
1.358399987221	-0.002636160236
1.360000014305	-0.000245919975
1.361599922180	-0.003165680217
1.363199949265	0.001030736137
1.364799976349	0.000584880006
1.366400003433	-0.001917056157
1.367999911308	-0.001180480118
1.369599938393	0.000854687998
1.371199965477	-0.000662800041
1.372799992561	-0.001681952155
1.374400019646	-0.001571776113
1.375999927521	-0.003127344185
1.377599954605	0.001261744066
1.379199981689	-0.000227568016
1.380800008774	0.000601360050
1.382399916649	-0.003594368231
1.383999943733	-0.002471024171
1.385599970818	0.000364224019
1.387199997902	-0.001532624126
1.388799905777	-0.001844416140
1.390399932861	-0.002601344138
1.391999959946	-0.001074240077
1.393599987030	-0.002691184171
1.395200014114	0.000290031952
1.396799921989	-0.000248176046
1.398399949074	-0.002639824292
1.399999976158	-0.001705472125
1.401600003242	-0.000775920053
1.403199911118	-0.001794608077
1.404799938202	-0.002739632269
1.406399965286	-0.000990800094
1.407999992371	-0.003380704438
1.409600019455	0.000702736084
1.411199927330	-0.000185855970
1.412799954414	-0.001615760149
1.414399981499	-0.000492336054
1.416000008583	-0.001868352178
1.417599916458	-0.000649600057
1.419199943542	-0.002055344172
1.420799970627	0.000551680045
1.422399997711	-0.000757424044
1.423999905586	0.000892560056
1.425599932671	-0.002117728116
1.427199959755	-0.002333664335
1.428799986839	-0.000248351949
1.430400013924	-0.001802224200
1.431999921799	0.000711008091
1.433599948883	-0.001482032123
1.435199975967	-0.001055808039
1.436800003052	-0.003458752297
1.438399910927	0.001372144092
1.439999938011	-0.003008736297
1.441599965096	-0.001033024048
1.443199992180	-0.000679360062
1.444800019264	-0.003141280264
1.446399927139	0.000782480056
1.447999954224	-0.002471264219
1.449599981308	-0.002383312210
1.451200008392	-0.002297072206
1.452799916267	0.000045903977
1.454399943352	-0.000875280064
1.455999970436	-0.000727472070
1.457599997520	-0.000408528023
1.459199905396	-0.002548000310
1.460799932480	-0.001342144096
1.462399959564	-0.001296240138
1.463999986649	-0.001020208118
1.465600013733	-0.000569536060
1.467199921608	-0.001188400085
1.468799948692	-0.001400672132
1.470399975777	-0.000460864016
1.472000002861	-0.001598928124
1.473599910736	-0.001095888088
1.475199937820	-0.000359952042
1.476799964905	-0.001032896107
1.478399991989	-0.002956288168
1.480000019073	-0.002460000105
1.481599926949	-0.002039968269
1.483199954033	-0.000296656013
1.484799981117	0.000974160095
1.486400008202	-0.002200992312
1.487999916077	-0.000269103999
1.489599943161	-0.001740656095
1.491199970245	-0.001374736079
1.492799997330	-0.000420272117
1.494399905205	-0.002799456241
1.495999932289	-0.000804048090
1.497599959373	-0.001020976109
1.499199986458	0.000714784081
1.500800013542	-0.002501984127
1.502399921417	-0.002635312267
1.503999948502	-0.002456320217
1.505599975586	-0.001907280181
1.507200002670	0.000846160052
1.508799910545	-0.001054416061
1.510399937630	-0.002167040249
1.511999964714	-0.003493088298
1.513599991798	-0.001485424116
1.515200018883	-0.001995936269
1.516799926758	-0.002000864130
1.518399953842	-0.000558144005
1.519999980927	-0.001716288156
1.521600008011	0.000205952063
1.523199915886	-0.000669760047
1.524799942970	-0.001072416082
1.526399970055	-0.003520848230
1.527999997139	-0.001083488110
1.529599905014	-0.001203792170
1.531199932098	0.000229328070
1.532799959183	-0.002936912235
1.534399986267	-0.001903792145
1.536000013351	-0.002089968184
1.537599921227	-0.001811472117
1.539199948311	-0.001463680062
1.540799975395	0.000008368015
1.542400002480	-0.000757760077
1.543999910355	-0.001107872115
1.545599937439	-0.000495168031
1.547199964523	-0.002417824231
1.548799991608	-0.002419808181
1.550400018692	-0.000858864107
1.551999926567	-0.002485168166
1.553599953651	-0.000391584035
1.555199980736	-0.001703152200
1.556800007820	-0.001676640124
1.558399915695	-0.003406192176
1.559999942780	-0.000276959996
1.561599969864	-0.001243616105
1.563199996948	-0.000250128040
1.564799904823	-0.001166752074
1.566399931908	-0.000996656134
1.567999958992	-0.000633760064
1.569599986076	-0.003606432350
1.571200013161	-0.000297936000
1.572799921036	-0.001494304161
1.574399948120	-0.001488752197
1.575999975204	-0.001984304283
1.577600002289	-0.001790112117
1.579199910164	-0.000992432120
1.580799937248	-0.002876512241
1.582399964333	-0.001742448192
1.583999991417	-0.002841744339
1.585600018501	-0.001658720081
1.587199926376	-0.001947824145
1.588799953461	-0.002691712230
1.590399980545	-0.001593552064
1.592000007629	-0.002796800109
1.593599915504	-0.002030064119
1.595199942589	-0.001659456175
1.596799969673	-0.002175904112
1.598399996758	-0.001530336100
1.599999904633	-0.000625328044
1.601599931717	-0.001262880163
1.603199958801	0.000188944061
1.604799985886	-0.000725744059
1.606400012970	-0.001381696085
1.607999920845	-0.001125136157
1.609599947929	-0.001463184133
1.611199975014	-0.001763552194
1.612800002098	-0.001065184129
1.614399909973	-0.003178336192
1.615999937057	-0.001768640126
1.617599964142	0.000126112092
1.619199991226	-0.001491936157
1.620800018311	-0.002631328302
1.622399926186	-0.002221520292
1.623999953270	-0.001862992183
1.625599980354	-0.001636224100
1.627200007439	-0.000279216038
1.628799915314	-0.001298160059
1.630399942398	-0.002222256269
1.631999969482	0.001216032077
1.633599996567	-0.002576112282
1.635199904442	-0.003809008282
1.636799931526	-0.001094096107
1.638399958611	-0.001299536088
1.639999985695	-0.002398208249
1.641600012779	-0.002091888105
1.643199920654	-0.000231824015
1.644799947739	-0.002417632146
1.646399974823	-0.002932640258
1.648000001907	-0.002604064299
1.649599909782	-0.001494368189
1.651199936867	-0.003050000174
1.652799963951	-0.002376432298
1.654399991035	-0.000161424003
1.655999898911	-0.002773296321
1.657599925995	-0.001553792157
1.659199953079	-0.001378336106
1.660799980164	-0.002865104238
1.662400007248	-0.002337488113
1.663999915123	-0.001480208244
1.665599942207	-0.001270752051
1.667199969292	-0.002717120340
1.668799996376	-0.001594176050
1.670399904251	-0.001695264131
1.671999931335	-0.000810928061
1.673599958420	-0.002216272056
1.675199985504	-0.002041888190
1.676800012589	-0.001673616236
1.678399920464	-0.002374960110
1.679999947548	-0.002224416239
1.681599974632	-0.002337040147
1.683200001717	-0.002080480102
1.684799909592	-0.001152688055
1.686399936676	0.000682032027
1.687999963760	-0.001204400207
1.689599990845	-0.002877792111
1.691199898720	-0.001608912135
1.692799925804	-0.000917040044
1.694399952888	-0.001662864117
1.695999979973	-0.000931152084
1.697600007057	-0.000526416057
1.699199914932	-0.001294912072
1.700799942017	-0.002488864120
1.702399969101	-0.002148688072
1.703999996185	-0.000896896061
1.705599904060	0.000122160011
1.707199931145	-0.003292720299
1.708799958229	-0.000923792075
1.710399985313	-0.002577776322
1.712000012398	-0.002633184195
1.713599920273	-0.002776256297
1.715199947357	0.000906928093
1.716799974442	-0.003872176399
1.718400001526	-0.001594544156
1.719999909401	-0.001847792184
1.721599936485	-0.002065504203
1.723199963570	-0.001888464205
1.724799990654	-0.001963248244
1.726399898529	-0.002012928249
1.727999925613	-0.002863648115
1.729599952698	-0.001921696123
1.731199979782	-0.002881360240
1.732800006866	-0.002604256151
1.734399914742	-0.002777312184
1.735999941826	-0.002260720124
1.737599968910	-0.002386016306
1.739199995995	-0.001996256178
1.740799903870	-0.000044271994
1.742399930954	-0.003028016305
1.743999958038	-0.001979808323
1.745599985123	-0.001692480175
1.747200012207	-0.001101760077
1.748799920082	-0.001729760203
1.750399947166	-0.001220560051
1.751999974251	-0.001989792101
1.753600001335	-0.001779120183
1.755199909210	-0.001596864080
1.756799936295	-0.002905296395
1.758399963379	-0.001412384212
1.759999990463	-0.001577056129
1.761599898338	-0.001129616052
1.763199925423	-0.003180624219
1.764799952507	-0.002317904262
1.766399979591	-0.001456800150
1.768000006676	-0.003735664301
1.769599914551	-0.000182000047
1.771199941635	-0.001403520117
1.772799968719	-0.003262944287
1.774399995804	-0.001124608098
1.775999903679	-0.001347936108
1.777599930763	-0.002436816227
1.779199957848	-0.002822608221
1.780799984932	-0.002119072247
1.782400012016	-0.002831344260
1.783999919891	-0.002297072206
1.785599946976	-0.001535680029
1.787199974060	-0.002903136192
1.788800001144	-0.003394704312
1.790399909019	-0.002537712222
1.791999936104	-0.002085152082
1.793599963188	-0.001418784144
1.795199990273	-0.003566064406
1.796799898148	-0.001647440135
1.798399925232	-0.001714544138
1.799999952316	-0.003557840362
1.801599979401	-0.002656320110
1.803200006485	-0.001271904097
1.804799914360	-0.001102352166
1.806399941444	-0.002736224327
1.807999968529	-0.001696672174
1.809599995613	-0.003880544333
1.811199903488	-0.001516400138
1.812799930573	-0.001562816207
1.814399957657	-0.002325184178
1.815999984741	-0.001217760146
1.817600011826	-0.000444208039
1.819199919701	-0.001623120042
1.820799946785	-0.002084288280
1.822399973869	-0.002394176321
1.824000000954	-0.004398192279
1.825599908829	-0.001633872162
1.827199935913	-0.000450480002
1.828799962997	-0.003531712340
1.830399990082	-0.002502096351
1.831999897957	-0.004448752385
1.833599925041	-0.003159584245
1.835199952126	-0.002048576251
1.836799979210	-0.000659360085
1.838400006294	-0.001978352200
1.839999914169	-0.002247664146
1.841599941254	-0.001623728080
1.843199968338	-0.002533728257
1.844799995422	-0.000598400075
1.846399903297	-0.003877600422
1.847999930382	-0.002782256110
1.849599957466	-0.001767344191
1.851199984550	-0.001479472150
1.852800011635	-0.003759696381
1.854399919510	-0.004022208508
1.855999946594	-0.002437120304
1.857599973679	-0.000690176035
1.859200000763	-0.001345872064
1.860799908638	-0.004150320310
1.862399935722	-0.003198112361
1.863999962807	-0.003822080325
1.865599989891	-0.001899408177
1.867199897766	-0.004611168522
1.868799924850	-0.002193104243
1.870399951935	-0.001661552233
1.871999979019	-0.000252976024
1.873600006104	-0.002745008329
1.875199913979	-0.003939056303
1.876799941063	-0.000857344072
1.878399968147	-0.002690208144
1.879999995232	-0.001947184210
1.881599903107	-0.002275664127
1.883199930191	-0.003222848289
1.884799957275	-0.003667328274
1.886399984360	-0.001515184063
1.888000011444	-0.001015584101
1.889599919319	-0.003135104198
1.891199946404	-0.001878944109
1.892799973488	-0.002314272104
1.894400000572	0.000041823994
1.895999908447	-0.002637344180
1.897599935532	-0.004061568528
1.899199962616	-0.002431680216
1.900799989700	-0.002834016224
1.902399897575	-0.001535472111
1.903999924660	-0.001185232075
1.905599951744	-0.003501840169
1.907199978828	-0.001689536148
1.908800005913	-0.002492528176
1.910399913788	-0.003303968348
1.911999940872	-0.001771152136
1.913599967957	-0.003017856274
1.915199995041	-0.002929328242
1.916799902916	-0.001978960121
1.918399930000	-0.001937040128
1.919999957085	-0.003915680572
1.921599984169	-0.003549200250
1.923199892044	-0.002302992158
1.924799919128	-0.002096544253
1.926399946213	-0.001055424102
1.927999973297	-0.004439760465
1.929600000381	-0.002488336293
1.931199908257	-0.002612512326
1.932799935341	-0.003112448147
1.934399962425	-0.002591744298
1.935999989510	-0.002055216115
1.937599897385	-0.000856416067
1.939199924469	-0.001783888089
1.940799951553	-0.000200815979
1.942399978638	-0.001804288127
1.944000005722	-0.002756336238
1.945599913597	-0.002239056164
1.947199940681	-0.002844000235
1.948799967766	-0.000733904133
1.950399994850	-0.003571984358
1.951999902725	-0.004097632132
1.953599929810	-0.002565904288
1.955199956894	-0.001039632130
1.956799983978	-0.000834576087
1.958399891853	-0.001101568108
1.959999918938	-0.003192160279
1.961599946022	-0.002964208368
1.963199973106	0.000647424022
1.964800000191	-0.004051648546
1.966399908066	-0.003594944254
1.967999935150	-0.001578976167
1.969599962234	-0.001545856125
1.971199989319	-0.002361600287
1.972799897194	-0.002678208286
1.974399924278	-0.002013296122
1.975999951363	-0.002084032167
1.977599978447	-0.002255440224
1.979200005531	-0.000493391941
1.980799913406	-0.002212912077
1.982399940491	-0.002986592241
1.983999967575	-0.002950720256
1.985599994659	-0.003467888338
1.987199902534	-0.002475712216
1.988799929619	-0.004317392595
1.990399956703	-0.000854992075
1.991999983788	-0.002480336232
1.993599891663	-0.002639744198
1.995199918747	-0.002583360299
1.996799945831	-0.002612128155
1.998399972916	-0.002260560170
2.000000000000	-0.001828368171
2.001600027084	-0.002003072295
2.003200054169	-0.003696320346
2.004799842834	-0.001622848096
2.006399869919	-0.003978896420
2.007999897003	-0.003035984235
2.009599924088	-0.000782784075
2.011199951172	-0.003022288205
2.012799978256	-0.002294240287
2.014400005341	-0.001488416106
2.016000032425	-0.001730736112
2.017600059509	-0.002041792264
2.019199848175	-0.002935552271
2.020799875259	-0.002216960071
2.022399902344	-0.000967360043
2.023999929428	-0.002071392257
2.025599956512	-0.001176816062
2.027199983597	-0.003941680305
2.028800010681	-0.002568416297
2.030400037766	-0.001519632176
2.032000064850	-0.001672048122
2.033599853516	-0.003052912187
2.035199880600	-0.000863056048
2.036799907684	-0.001681904076
2.038399934769	-0.003667136421
2.039999961853	-0.002649008296
2.041599988937	-0.001275296090
2.043200016022	-0.001611104119
2.044800043106	-0.002567264251
2.046399831772	-0.000438048039
2.047999858856	-0.000822384085
2.049599885941	-0.002605344169
2.051199913025	-0.002539392328
2.052799940109	-0.001340016024
2.054399967194	-0.000420256023
2.055999994278	0.000098111996
2.057600021362	-0.003878688207
2.059200048447	-0.002402048325
2.060799837112	-0.003232480260
2.062399864197	-0.003727216274
2.063999891281	-0.003833648283
2.065599918365	-0.003352272324
2.067199945450	-0.002350848168
2.068799972534	-0.001250080066
2.070399999619	-0.001682400121
2.072000026703	-0.004429520573
2.073600053787	-0.003929872531
2.075199842453	-0.003288784297
2.076799869537	-0.002034416189
2.078399896622	-0.001874320209
2.079999923706	-0.001894048182
2.081599950790	-0.002681552200
2.083199977875	-0.003514496377
2.084800004959	-0.001110320096
2.086400032043	-0.003014416201
2.088000059128	-0.002461984288
2.089599847794	-0.001735168160
2.091199874878	-0.001965312054
2.092799901962	-0.000269791984
2.094399929047	-0.003403584240
2.095999956131	-0.002552080201
2.097599983215	-0.003134656232
2.099200010300	-0.001493808115
2.100800037384	-0.002355936216
2.102400064468	-0.002332832199
2.103999853134	-0.001179680112
2.105599880219	-0.003540544305
2.107199907303	-0.002436960116
2.108799934387	-0.003056224203
2.110399961472	-0.002076160163
2.111999988556	-0.001862944220
2.113600015640	-0.003379472299
2.115200042725	-0.003952448256
2.116799831390	-0.002147392137
2.118399858475	-0.003702128306
2.119999885559	-0.002132512163
2.121599912643	-0.000332464027
2.123199939728	-0.002493248321
2.124799966812	-0.002518608235
2.126399993896	-0.001228032168
2.128000020981	-0.000196480018
2.129600048065	-0.002936928300
2.131199836731	-0.003068896243
2.132799863815	-0.003479440231
2.134399890900	-0.002350640250
2.135999917984	-0.003596656257
2.137599945068	-0.003305440303
2.139199972153	-0.004260848276
2.140799999237	-0.004146352410
2.142400026321	-0.001769504161
2.144000053406	-0.002224352211
2.145599842072	-0.001748288167
2.147199869156	-0.003210208146
2.148799896240	-0.003399808425
2.150399923325	-0.003198272316
2.151999950409	-0.001970288111
2.153599977493	-0.002683120314
2.155200004578	-0.003284048289
2.156800031662	-0.000747456099
2.158400058746	-0.002087680157
2.159999847412	-0.002308032243
2.161599874496	-0.003020800184
2.163199901581	-0.002743360121
2.164799928665	-0.001802256214
2.166399955750	-0.001976303989
2.167999982834	-0.003085296135
2.169600009918	-0.002217952162
2.171200037003	-0.002529504243
2.172800064087	-0.003439696273
2.174399852753	-0.002939616097
2.175999879837	-0.002378608100
2.177599906921	-0.002645520261
2.179199934006	-0.002505472163
2.180799961090	-0.001781568164
2.182399988174	-0.003127536271
2.184000015259	-0.002753840294
2.185600042343	-0.001552352216
2.187199831009	-0.003448000411
2.188799858093	-0.001933872118
2.190399885178	-0.001173104160
2.191999912262	-0.002668576315
2.193599939346	-0.003052640241
2.195199966431	-0.002468416234
2.196799993515	-0.002585488139
2.198400020599	-0.003050128231
2.200000047684	-0.002284928225
2.201599836349	-0.003075312125
2.203199863434	-0.003909424413
2.204799890518	-0.004176896531
2.206399917603	-0.002648032270
2.207999944687	-0.002534352243
2.209599971771	-0.003633600427
2.211199998856	-0.003452672390
2.212800025940	-0.001987584168
2.214400053024	-0.003700080328
2.215999841690	-0.003261360340
2.217599868774	-0.001982000191
2.219199895859	-0.002368320245
2.220799922943	-0.003287776373
2.222399950027	-0.002206432167
2.223999977112	-0.002757968148
2.225600004196	-0.002597024199
2.227200031281	-0.003526144428
2.228800058365	-0.002140352270
2.230399847031	-0.002430128166
2.231999874115	-0.001992864301
2.233599901199	-0.002406096086
2.235199928284	-0.002881040331
2.236799955368	-0.002277040156
2.238399982452	-0.004292960279
2.240000009537	-0.003247760236
2.241600036621	-0.001816960168
2.243199825287	-0.004066784400
2.244799852371	-0.002664128318
2.246399879456	-0.001408240176
2.247999906540	-0.003899152391
2.249599933624	-0.001681824098
2.251199960709	-0.004227136262
2.252799987793	-0.003272368340
2.254400014877	-0.003022656310
2.256000041962	-0.002192288171
2.257599830627	-0.000905792054
2.259199857712	-0.004337168299
2.260799884796	-0.002079920145
2.262399911880	-0.002732224297
2.263999938965	-0.002929744311
2.265599966049	-0.003599760355
2.267199993134	-0.003421184374
2.268800020218	-0.003028832376
2.270400047302	-0.001359024202
2.271999835968	-0.003722736379
2.273599863052	-0.002404912142
2.275199890137	-0.001379072084
2.276799917221	-0.002074624179
2.278399944305	-0.003768576309
2.279999971390	-0.003152560210
2.281599998474	-0.001764176181
2.283200025558	-0.004525824450
2.284800052643	-0.003537792247
2.286399841309	-0.000677904056
2.287999868393	-0.002316400176
2.289599895477	-0.003155984217
2.291199922562	-0.004481408279
2.292799949646	-0.003704320407
2.294399976730	-0.003175632330
2.296000003815	-0.000829792116
2.297600030899	-0.002652176190
2.299200057983	-0.002557552187
2.300799846649	-0.002642720239
2.302399873734	-0.002015248174
2.303999900818	-0.003501184285
2.305599927902	-0.003136160318
2.307199954987	-0.001715952181
2.308799982071	-0.003534080228
2.310400009155	-0.002991696121
2.312000036240	-0.003107920289
2.313599824905	-0.002114992123
2.315199851990	-0.003235360142
2.316799879074	-0.003830768401
2.318399906158	-0.002966368338
2.319999933243	-0.002680544276
2.321599960327	-0.002393216128
2.323199987411	-0.004998368677
2.324800014496	-0.001735040103
2.326400041580	-0.002758336253
2.327999830246	-0.002135216258
2.329599857330	-0.003459456377
2.331199884415	-0.003036480164
2.332799911499	-0.003933504224
2.334399938583	-0.003773344215
2.335999965668	-0.002915584249
2.337599992752	-0.003962848336
2.339200019836	-0.002926368266
2.340800046921	-0.003557728371
2.342399835587	-0.003330160165
2.343999862671	-0.004301888403
2.345599889755	-0.003418640234
2.347199916840	-0.003056144342
2.348799943924	-0.004573888611
2.350399971008	-0.003460976295
2.351999998093	-0.002293728292
2.353600025177	-0.002673184266
2.355200052261	-0.003054816276
2.356799840927	-0.002156208036
2.358399868011	-0.002708208282
2.359999895096	-0.003174416255
2.361599922180	-0.004867392592
2.363199949265	-0.003122000257
2.364799976349	-0.003634080291
2.366400003433	-0.001606576145
2.368000030518	-0.004081456456
2.369600057602	-0.004178480245
2.371199846268	-0.001049184124
2.372799873352	-0.003322608303
2.374399900436	-0.003669760423
2.375999927521	-0.003571680281
2.377599954605	-0.003643872216
2.379199981689	-0.002062576124
2.380800008774	-0.003462480381
2.382400035858	-0.002117920201
2.383999824524	-0.002614256227
2.385599851608	-0.001377008040
2.387199878693	-0.003874464426
2.388799905777	-0.004720288329
2.390399932861	-0.002517792163
2.391999959946	-0.003477376420
2.393599987030	-0.002738080220
2.395200014114	-0.001257808064
2.396800041199	-0.003297856310
2.398399829865	-0.003524032189
2.399999856949	-0.004089024384
2.401599884033	-0.003156208200
2.403199911118	-0.001715648104
2.404799938202	-0.002608048264
2.406399965286	-0.001518512145
2.407999992371	-0.003609872423
2.409600019455	-0.003258192213
2.411200046539	-0.001379392110
2.412799835205	-0.003504240420
2.414399862289	-0.003785472363
2.415999889374	-0.002406288171
2.417599916458	-0.001865104074
2.419199943542	-0.003213088261
2.420799970627	-0.002986432286
2.422399997711	-0.003760976251
2.424000024796	-0.001960848225
2.425600051880	-0.004158832133
2.427199840546	-0.002410176210
2.428799867630	-0.002382336184
2.430399894714	-0.003186448244
2.431999921799	-0.004501776304
2.433599948883	-0.005521088373
2.435199975967	-0.001792336116
2.436800003052	-0.004171104170
2.438400030136	-0.001853344147
2.440000057220	-0.002965600230
2.441599845886	-0.003648096230
2.443199872971	-0.003957056440
2.444799900055	-0.003980848473
2.446399927139	-0.003099312307
2.447999954224	-0.003143488429
2.449599981308	-0.002829952165
2.451200008392	-0.001853504218
2.452800035477	-0.004204416182
2.454399824142	-0.001229776070
2.455999851227	-0.003933648113
2.457599878311	-0.003797632409
2.459199905396	-0.001072224113
2.460799932480	-0.002265504329
2.462399959564	-0.001738784136
2.463999986649	-0.003270896384
2.465600013733	-0.002978416393
2.467200040817	-0.001819600118
2.468799829483	-0.003982592374
2.470399856567	-0.002413072158
2.471999883652	-0.002801216207
2.473599910736	-0.004463520367
2.475199937820	-0.002204672201
2.476799964905	-0.002640992170
2.478399991989	-0.002567424206
2.480000019073	-0.003100016387
2.481600046158	-0.001828048145
2.483199834824	-0.003045920283
2.484799861908	-0.002822496230
2.486399888992	-0.004671808332
2.487999916077	-0.002647984074
2.489599943161	-0.002775680274
2.491199970245	-0.003031248227
2.492799997330	-0.002949168207
2.494400024414	-0.003469568212
2.496000051498	-0.001813712181
2.497599840164	-0.004006160423
2.499199867249	-0.004895504564
2.500799894333	-0.001797312172
2.502399921417	-0.003685568227
2.503999948502	-0.002149568172
2.505599975586	-0.003094544169
2.507200002670	-0.001929232269
2.508800029755	-0.001453792211
2.510399818420	-0.005028944463
2.511999845505	-0.004488368519
2.513599872589	-0.003177824197
2.515199899673	-0.002082896186
2.516799926758	-0.002849440323
2.518399953842	-0.001597200171
2.519999980927	-0.004514368251
2.521600008011	-0.003478144296
2.523200035095	-0.002178800059
2.524799823761	-0.001272432040
2.526399850845	-0.003880400211
2.527999877930	-0.001939296140
2.529599905014	-0.000846064009
2.531199932098	-0.004176688381
2.532799959183	-0.001232976094
2.534399986267	-0.003183232388
2.536000013351	-0.002721504308
2.537600040436	-0.001748672104
2.539199829102	-0.003787120339
2.540799856186	-0.001923296135
2.542399883270	-0.003395552281
2.543999910355	-0.003952960484
2.545599937439	-0.002632016316
2.547199964523	-0.001608592109
2.548799991608	-0.004788512364
2.550400018692	-0.003997216467
2.552000045776	-0.002933856333
2.553599834442	-0.003060960211
2.555199861526	-0.003228896298
2.556799888611	-0.002208128106
2.558399915695	-0.002651648130
2.559999942780	0.000785488053
2.561599969864	-0.003304704325
2.563199996948	-0.004277552478
2.564800024033	-0.004039760213
2.566400051117	-0.001803600229
2.567999839783	-0.001869200147
2.569599866867	-0.002377200173
2.571199893951	-0.002307840157
2.572799921036	-0.002386176260
2.574399948120	-0.002135568298
2.575999975204	-0.003699680325
2.577600002289	-0.004027024377
2.579200029373	-0.002858960303
2.580799818039	-0.004934032448
2.582399845123	-0.003101408249
2.583999872208	-0.002746608108
2.585599899292	-0.003754944308
2.587199926376	-0.003361680312
2.588799953461	-0.002482480137
2.590399980545	-0.003948096186
2.592000007629	-0.001577088144
2.593600034714	-0.002485024277
2.595199823380	-0.003829968395
2.596799850464	-0.001987920143
2.598399877548	-0.002953488147
2.599999904633	-0.003827264300
2.601599931717	-0.003332048189
2.603199958801	-0.004094864242
2.604799985886	-0.001464096131
2.606400012970	-0.002305440139
2.608000040054	-0.003461792367
2.609599828720	-0.002170160180
2.611199855804	-0.001684080227
2.612799882889	-0.004112976138
2.614399909973	-0.003611728316
2.615999937057	-0.002226944081
2.617599964142	-0.004511504434
2.619199991226	-0.003839696292
2.620800018311	-0.002150000306
2.622400045395	-0.003880080301
2.623999834061	-0.002800960327
2.625599861145	-0.001125008101
2.627199888229	-0.004914496560
2.628799915314	-0.002566048177
2.630399942398	-0.003561360296
2.631999969482	-0.004176096525
2.633599996567	-0.003322128206
2.635200023651	-0.004569328390
2.636800050735	-0.002258096123
2.638399839401	-0.002057920210
2.639999866486	-0.003227456240
2.641599893570	-0.004698784556
2.643199920654	-0.002498496091
2.644799947739	-0.001022176002
2.646399974823	-0.003266800195
2.648000001907	-0.000950320042
2.649600028992	-0.003298128257
2.651199817657	-0.002864352195
2.652799844742	-0.003060096176
2.654399871826	-0.005656736437
2.655999898911	-0.003672768362
2.657599925995	-0.002475200221
2.659199953079	-0.002494816203
2.660799980164	-0.003726688214
2.662400007248	-0.003215504345
2.664000034332	-0.003319328185
2.665599822998	-0.001927616075
2.667199850082	-0.004341296386
2.668799877167	-0.003412384307
2.670399904251	-0.004420192447
2.671999931335	-0.002776768291
2.673599958420	-0.004934448283
2.675199985504	-0.003514224198
2.676800012589	-0.003420592286
2.678400039673	-0.003426896175
2.679999828339	-0.002962912200
2.681599855423	-0.001874864101
2.683199882507	-0.005523616448
2.684799909592	-0.003338256385
2.686399936676	-0.003676560242
2.687999963760	-0.005701120477
2.689599990845	-0.001507552108
2.691200017929	-0.004191664513
2.692800045013	-0.003483312204
2.694399833679	-0.003335664282
2.695999860764	-0.004795360379
2.697599887848	-0.002858192194
2.699199914932	-0.002660832135
2.700799942017	-0.003400560236
2.702399969101	-0.003540224396
2.703999996185	-0.002387952292
2.705600023270	-0.003537344281
2.707200050354	-0.003595520277
2.708799839020	-0.000845520059
2.710399866104	-0.003903312376
2.711999893188	-0.002958048135
2.713599920273	-0.002390672220
2.715199947357	-0.004054624122
2.716799974442	-0.001485520042
2.718400001526	-0.002742864192
2.720000028610	-0.003973792307
2.721599817276	-0.003863520222
2.723199844360	-0.002678336110
2.724799871445	-0.002753360197
2.726399898529	-0.003860624274
2.727999925613	-0.004973856267
2.729599952698	-0.004540656228
2.731199979782	-0.001105520059
2.732800006866	-0.005143440329
2.734400033951	-0.002955648350
2.735999822617	-0.001513552153
2.737599849701	-0.004160512239
2.739199876785	-0.003447168274
2.740799903870	-0.000342320040
2.742399930954	-0.004017840140
2.743999958038	-0.003950752318
2.745599985123	-0.002591760131
2.747200012207	-0.002759152325
2.748800039291	-0.003346784273
2.750399827957	-0.002668992151
2.751999855042	-0.005248448346
2.753599882126	-0.005040400662
2.755199909210	-0.001999440137
2.756799936295	-0.004070256371
2.758399963379	-0.003742272267
2.759999990463	-0.004109440371
2.761600017548	-0.002929600189
2.763200044632	-0.002874016296
2.764799833298	-0.004816880450
2.766399860382	-0.003629344283
2.767999887466	-0.001437488128
2.769599914551	-0.001820528181
2.771199941635	-0.003910320345
2.772799968719	-0.001681808149
2.774399995804	-0.003111328231
2.776000022888	-0.002369584283
2.777599811554	-0.001300016185
2.779199838638	-0.004198368173
2.780799865723	-0.001523600193
2.782399892807	-0.003586640349
2.783999919891	-0.004212032538
2.785599946976	-0.002310512122
2.787199974060	-0.002619088162
2.788800001144	-0.004581616260
2.790400028229	-0.002571600256
2.791999816895	-0.003207248170
2.793599843979	-0.003050960135
2.795199871063	-0.003064512275
2.796799898148	-0.003736864310
2.798399925232	-0.004610048141
2.799999952316	-0.004236000124
2.801599979401	-0.000880048086
2.803200006485	-0.004288480151
2.804800033569	-0.004283344373
2.806399822235	-0.002609312302
2.807999849319	-0.003620480420
2.809599876404	-0.002169936197
2.811199903488	-0.003103280207
2.812799930573	-0.003041856224
2.814399957657	-0.003196032252
2.815999984741	-0.004117184319
2.817600011826	-0.003156592138
2.819200038910	-0.003088656347
2.820799827576	-0.005082240328
2.822399854660	-0.002823104151
2.823999881744	-0.002187824342
2.825599908829	-0.003265600186
2.827199935913	-0.002570400247
2.828799962997	-0.004391088616
2.830399990082	-0.003818912432
2.832000017166	-0.001895648194
2.833600044250	-0.002475168090
2.835199832916	-0.003115344327
2.836799860001	-0.001873472240
2.838399887085	-0.002499280265
2.839999914169	-0.002923744265
2.841599941254	-0.004323856439
2.843199968338	-0.004023936577
2.844799995422	-0.003561488353
2.846400022507	-0.001814800082
2.847999811172	-0.005248432513
2.849599838257	-0.005032032263
2.851199865341	-0.002226768294
2.852799892426	-0.004768592305
2.854399919510	-0.004339856561
2.855999946594	-0.002425952116
2.857599973679	-0.004668176174
2.859200000763	-0.002652256284
2.860800027847	-0.003734032391
2.862399816513	-0.004679760430
2.863999843597	-0.003167056246
2.865599870682	-0.002905648202
2.867199897766	-0.003092384199
2.868799924850	-0.001150272088
2.870399951935	-0.003877856303
2.871999979019	-0.003700928297
2.873600006104	-0.003807456233
2.875200033188	-0.003646384226
2.876799821854	-0.003392240265
2.878399848938	-0.002008112147
2.879999876022	-0.004169584252
2.881599903107	-0.006491136737
2.883199930191	-0.001523376093
2.884799957275	-0.005935696419
2.886399984360	-0.003619616386
2.888000011444	-0.003231360344
2.889600038528	-0.003706928343
2.891199827194	-0.002654224169
2.892799854279	-0.004037216306
2.894399881363	-0.003851296380
2.895999908447	-0.003560384270
2.897599935532	-0.002374096075
2.899199962616	-0.004799920134
2.900799989700	-0.003955120221
2.902400016785	-0.003860240337
2.904000043869	-0.005404512398
2.905599832535	-0.003179440275
2.907199859619	-0.001818720135
2.908799886703	-0.002606448252
2.910399913788	-0.004066720139
2.911999940872	-0.004433744587
2.913599967957	-0.003837168450
2.915199995041	-0.003724336391
2.916800022125	-0.004034448415
2.918399810791	-0.003444208298
2.919999837875	-0.002991344314
2.921599864960	-0.004722944461
2.923199892044	-0.002267024247
2.924799919128	-0.001683904207
2.926399946213	-0.003703008406
2.927999973297	-0.004181104247
2.929600000381	-0.004662304185
2.931200027466	-0.003007264342
2.932799816132	-0.004273728468
2.934399843216	-0.003695200430
2.935999870300	-0.003972160164
2.937599897385	-0.004333040211
2.939199924469	-0.003467600327
2.940799951553	-0.003620256204
2.942399978638	-0.003002864309
2.944000005722	-0.004530224483
2.945600032806	-0.004422064405
2.947199821472	-0.003525520442
2.948799848557	-0.004314800259
2.950399875641	-0.003745296272
2.951999902725	-0.003280352335
2.953599929810	-0.005207328591
2.955199956894	-0.002711104229
2.956799983978	-0.002504752250
2.958400011063	-0.002863584319
2.960000038147	-0.005381040275
2.961599826813	-0.005359232426
2.963199853897	-0.002717440249
2.964799880981	-0.003430080367
2.966399908066	-0.002958656289
2.967999935150	-0.004413744435
2.969599962234	-0.003833888331
2.971199989319	-0.004895136226
2.972800016403	-0.005276528653
2.974400043488	-0.003255744232
2.975999832153	-0.002545328345
2.977599859238	-0.001630160143
2.979199886322	-0.002201696159
2.980799913406	-0.003696896369
2.982399940491	-0.003173296340
2.983999967575	-0.003632880282
2.985599994659	-0.003386304248
2.987200021744	-0.003573264228
2.988799810410	-0.002920624334
2.990399837494	-0.003934304230
2.991999864578	-0.003982512280
2.993599891663	-0.002851872239
2.995199918747	-0.003487808397
2.996799945831	-0.003439264372
2.998399972916	-0.005288880318
3.000000000000	-0.003532048315
3.001600027084	-0.004461760167
3.003199815750	-0.004766800441
3.004799842834	-0.004767808598
3.006399869919	-0.003020736156
3.007999897003	-0.004552464467
3.009599924088	-0.004192560446
3.011199951172	-0.003856704338
3.012799978256	-0.002723856131
3.014400005341	-0.004752768669
3.016000032425	-0.002389760222
3.017599821091	-0.004011984449
3.019199848175	-0.004294624552
3.020799875259	-0.002819024259
3.022399902344	-0.003140752204
3.023999929428	-0.003330352250
3.025599956512	-0.004524656571
3.027199983597	-0.002768752165
3.028800010681	-0.003881952260
3.030400037766	-0.002571952296
3.031999826431	-0.004254160449
3.033599853516	-0.003338816343
3.035199880600	-0.004317904357
3.036799907684	-0.004037936218
3.038399934769	-0.005030736327
3.039999961853	-0.004571136553
3.041599988937	-0.003003440332
3.043200016022	-0.003371520201
3.044799804687	-0.004836864304
3.046399831772	-0.003360176226
3.047999858856	-0.002958688186
3.049599885941	-0.003053888213
3.051199913025	-0.004670128226
3.052799940109	-0.002471600194
3.054399967194	-0.003616736270
3.055999994278	-0.003464304376
3.057600021362	-0.003702672431
3.059199810028	-0.003949776292
3.060799837112	-0.004303584341
3.062399864197	-0.004829040263
3.063999891281	-0.003336496186
3.065599918365	-0.004156448413
3.067199945450	-0.004676432349
3.068799972534	-0.003899696283
3.070399999619	-0.002652064199
3.072000026703	-0.003339376301
3.073599815369	-0.003215376288
3.075199842453	-0.004005888477
3.076799869537	-0.004847280215
3.078399896622	-0.004654928576
3.079999923706	-0.004791232292
3.081599950790	-0.003882720368
3.083199977875	-0.004841792397
3.084800004959	-0.003572144313
3.086400032043	-0.002479792340
3.087999820709	-0.002450000262
3.089599847794	-0.003938912414
3.091199874878	-0.003369472455
3.092799901962	-0.004379424267
3.094399929047	-0.004432144575
3.095999956131	-0.003800432431
3.097599983215	-0.002749424195
3.099200010300	-0.002519504167
3.100800037384	-0.003828064306
3.102399826050	-0.003025616286
3.103999853134	-0.004773040302
3.105599880219	-0.005042640492
3.107199907303	-0.003776272293
3.108799934387	-0.002946304157
3.110399961472	-0.002463712124
3.111999988556	-0.004371840507
3.113600015640	-0.003796032397
3.115199804306	-0.003781248350
3.116799831390	-0.003530688351
3.118399858475	-0.003464112291
3.119999885559	-0.003479808336
3.121599912643	-0.004454928450
3.123199939728	-0.004041104577
3.124799966812	-0.003287808271
3.126399993896	-0.004157824442
3.128000020981	-0.004317968152
3.129599809647	-0.004921712447
3.131199836731	-0.003663952230
3.132799863815	-0.005645680241
3.134399890900	-0.003362832358
3.135999917984	-0.003725872375
3.137599945068	-0.004899664316
3.139199972153	-0.006120944396
3.140799999237	-0.002269568155
3.142400026321	-0.004744064528
3.143999814987	-0.004643968306
3.145599842072	-0.002381792292
3.147199869156	-0.002862656256
3.148799896240	-0.005386960227
3.150399923325	-0.005129440222
3.151999950409	-0.002624496119
3.153599977493	-0.003697344335
3.155200004578	-0.003541712184
3.156800031662	-0.003075968241
3.158399820328	-0.003296400188
3.159999847412	-0.003001552308
3.161599874496	-0.003500896273
3.163199901581	-0.004075312521
3.164799928665	-0.003148544114
3.166399955750	-0.003294112161
3.167999982834	-0.003425088245
3.169600009918	-0.003907376435
3.171200037003	-0.004273856524
3.172799825668	-0.003926176112
3.174399852753	-0.003557552351
3.175999879837	-0.004262800328
3.177599906921	-0.004053280223
3.179199934006	-0.003543072380
3.180799961090	-0.003740032436
3.182399988174	-0.004455008544
3.184000015259	-0.004410608206
3.185599803925	-0.005350576248
3.187199831009	-0.003661168274
3.188799858093	-0.003421568312
3.190399885178	-0.003365344368
3.191999912262	-0.003589248285
3.193599939346	-0.004492224194
3.195199966431	-0.003792640287
3.196799993515	-0.002400656231
3.198400020599	-0.003838448320
3.199999809265	-0.003766752314
3.201599836349	-0.005515440367
3.203199863434	-0.003300880315
3.204799890518	-0.004898448475
3.206399917603	-0.005169168580
3.207999944687	-0.004221600480
3.209599971771	-0.004586752504
3.211199998856	-0.002730784239
3.212800025940	-0.004641376436
3.214399814606	-0.001582672121
3.215999841690	-0.004097488243
3.217599868774	-0.004148880485
3.219199895859	-0.005610944238
3.220799922943	-0.003114096355
3.222399950027	-0.005112048239
3.223999977112	-0.005107472185
3.225600004196	-0.002573328093
3.227200031281	-0.003523264313
3.228799819946	-0.004483456258
3.230399847031	-0.002815360203
3.231999874115	-0.002406896325
3.233599901199	-0.004429360386
3.235199928284	-0.004483200144
3.236799955368	-0.003520160215
3.238399982452	-0.003404400311
3.240000009537	-0.004995632451
3.241600036621	-0.004607680254
3.243199825287	-0.002673568204
3.244799852371	-0.003066736273
3.246399879456	-0.003482768312
3.247999906540	-0.004314288497
3.249599933624	-0.003401744179
3.251199960709	-0.003814800410
3.252799987793	-0.003655968234
3.254400014877	-0.003691104241
3.255999803543	-0.003245296190
3.257599830627	-0.003252368188
3.259199857712	-0.003648048267
3.260799884796	-0.006447520573
3.262399911880	-0.003091440303
3.263999938965	-0.002942016348
3.265599966049	-0.004249488469
3.267199993134	-0.001903664204
3.268800020218	-0.004577120300
3.270399808884	-0.004659488332
3.271999835968	-0.003953648265
3.273599863052	-0.004869504366
3.275199890137	-0.001574256108
3.276799917221	-0.003819472389
3.278399944305	-0.003488576273
3.279999971390	-0.004659632221
3.281599998474	-0.004277056549
3.283200025558	-0.004451680463
3.284799814224	-0.003553728340
3.286399841309	-0.003798320191
3.287999868393	-0.003713984275
3.289599895477	-0.003089488251
3.291199922562	-0.003699344350
3.292799949646	-0.005677072331
3.294399976730	-0.003622384276
3.296000003815	-0.002833216218
3.297600030899	-0.003223856213
3.299199819565	-0.002300992142
3.300799846649	-0.004005968571
3.302399873734	-0.004390672315
3.303999900818	-0.003834960284
3.305599927902	-0.005047504324
3.307199954987	-0.002989888191
3.308799982071	-0.003833888331
3.310400009155	-0.004231776576
3.311999797821	-0.003931424115
3.313599824905	-0.004240688402
3.315199851990	-0.004840112291
3.316799879074	-0.002879536245
3.318399906158	-0.004057984333
3.319999933243	-0.004051072057
3.321599960327	-0.002796240151
3.323199987411	-0.003980720416
3.324800014496	-0.003339264309
3.326399803162	-0.004122944549
3.327999830246	-0.004198592156
3.329599857330	-0.004414784256
3.331199884415	-0.004443664104
3.332799911499	-0.003945072182
3.334399938583	-0.004190560430
3.335999965668	-0.004980688449
3.337599992752	-0.005641792435
3.339200019836	-0.003189152339
3.340799808502	-0.003884048434
3.342399835587	-0.004151840229
3.343999862671	-0.004595648497
3.345599889755	-0.004013904370
3.347199916840	-0.003037824295
3.348799943924	-0.006099680439
3.350399971008	-0.003806464374
3.351999998093	-0.005387088284
3.353600025177	-0.005107856356
3.355199813843	-0.003628832288
3.356799840927	-0.004332672339
3.358399868011	-0.004466448445
3.359999895096	-0.003244736232
3.361599922180	-0.004412592389
3.363199949265	-0.004391616210
3.364799976349	-0.004488352221
3.366400003433	-0.003328448394
3.368000030518	-0.003422176233
3.369599819183	-0.004412112292
3.371199846268	-0.004916976206
3.372799873352	-0.004830736201
3.374399900436	-0.002009120071
3.375999927521	-0.005012816284
3.377599954605	-0.005218832288
3.379199981689	-0.002974672243
3.380800008774	-0.004294096492
3.382399797440	-0.004535504617
3.383999824524	-0.003689680248
3.385599851608	-0.004328496289
3.387199878693	-0.004976592492
3.388799905777	-0.003557392163
3.390399932861	-0.005984480493
3.391999959946	-0.002899024170
3.393599987030	-0.004206688609
3.395200014114	-0.004280528519
3.396799802780	-0.002545888303
3.398399829865	-0.005627616309
3.399999856949	-0.004071472213
3.401599884033	-0.003972672392
3.403199911118	-0.003574096365
3.404799938202	-0.004878336564
3.406399965286	-0.004229584243
3.407999992371	-0.005220416468
3.409600019455	-0.004290672485
3.411199808121	-0.003810992464
3.412799835205	-0.003792944364
3.414399862289	-0.003892080393
3.415999889374	-0.003756464226
3.417599916458	-0.003108416218
3.419199943542	-0.002979120240
3.420799970627	-0.004442800302
3.422399997711	-0.005827776622
3.424000024796	-0.004045632202
3.425599813461	-0.003721440444
3.427199840546	-0.003872192232
3.428799867630	-0.004081696272
3.430399894714	-0.003658816451
3.431999921799	-0.003603296354
3.433599948883	-0.004455408547
3.435199975967	-0.004082896281
3.436800003052	-0.004069536459
3.438400030136	-0.001761216205
3.439999818802	-0.005490336567
3.441599845886	-0.005288752262
3.443199872971	-0.002956896322
3.444799900055	-0.004554528277
3.446399927139	-0.004603216425
3.447999954224	-0.001397280139
3.449599981308	-0.002140048193
3.451200008392	0.006797024515
