0.000000000000	0.013555841520
0.001599999960	0.014290560968
0.003199999919	0.012832544744
0.004799999762	0.012454513460
0.006399999838	0.012570320629
0.007999999449	0.012123089284
0.009599999525	0.013337009586
0.011199999601	0.011932737194
0.012799999677	0.012574161403
0.014399999753	0.012619136833
0.015999998897	0.010993680917
0.017599999905	0.010428464971
0.019199999049	0.009948656894
0.020800000057	0.013183280826
0.022399999201	0.012833313085
0.024000000209	0.011642144993
0.025599999353	0.011200528592
0.027199998498	0.012604544871
0.028799999505	0.010739120655
0.030399998650	0.009376352653
0.031999997795	0.011702433228
0.033599998802	0.011864560656
0.035199999809	0.011249489151
0.036800000817	0.010544449091
0.038399998099	0.010306432843
0.039999999106	0.013030272909
0.041600000113	0.011915328912
0.043199997395	0.011036865413
0.044799998403	0.010773057118
0.046399999410	0.011010256596
0.048000000417	0.012093921192
0.049599997699	0.009951264597
0.051199998707	0.009248401038
0.052799999714	0.009568032809
0.054399996996	0.011215360835
0.055999998003	0.010979057290
0.057599999011	0.007830129005
0.059200000018	0.009720496833
0.060799997300	0.010663537309
0.062399998307	0.008865441196
0.063999995589	0.009037504904
0.065600000322	0.011807681061
0.067199997604	0.010690624826
0.068799994886	0.010126240551
0.070399999619	0.009115840308
0.071999996901	0.010855057277
0.073600001633	0.009524560533
0.075199998915	0.008702336811
0.076799996197	0.009101600386
0.078400000930	0.010659985244
0.079999998212	0.010295232758
0.081599995494	0.008621648885
0.083200000226	0.008592144586
0.084799997509	0.007729392499
0.086399994791	0.010099953040
0.087999999523	0.009334800765
0.089599996805	0.007704656571
0.091199994087	0.009812721051
0.092799998820	0.008882433176
0.094399996102	0.008819664828
0.096000000834	0.007986528799
0.097599998116	0.009382545017
0.099199995399	0.009319936857
0.100800000131	0.010729473084
0.102399997413	0.007109008729
0.103999994695	0.009072480723
0.105599999428	0.009416593239
0.107199996710	0.009866240434
0.108799993992	0.008087025024
0.110399998724	0.008595888503
0.111999996006	0.008354865015
0.113600000739	0.009189953096
0.115199998021	0.008088736795
0.116799995303	0.007595808711
0.118400000036	0.009366016835
0.119999997318	0.007612096611
0.121599994600	0.008473296650
0.123199999332	0.008566048928
0.124799996614	0.009109680541
0.126399993896	0.006128832698
0.127999991179	0.006941984408
0.129600003362	0.008810688742
0.131200000644	0.007825681008
0.132799997926	0.008143824525
0.134399995208	0.006699152756
0.135999992490	0.008417024277
0.137599989772	0.008480944671
0.139200001955	0.008766768500
0.140799999237	0.007733568549
0.142399996519	0.008658336475
0.143999993801	0.008556928486
0.145599991083	0.007507136557
0.147200003266	0.006772576366
0.148800000548	0.005418720655
0.150399997830	0.008623024449
0.151999995112	0.008263936266
0.153599992394	0.005937152542
0.155199989676	0.007460912690
0.156800001860	0.007457872387
0.158399999142	0.005494016688
0.159999996424	0.006425776519
0.161599993706	0.006445696577
0.163199990988	0.007395728491
0.164800003171	0.006879296619
0.166400000453	0.006372496486
0.167999997735	0.007089744322
0.169599995017	0.005705856252
0.171199992299	0.006670176517
0.172799989581	0.007011408452
0.174400001764	0.007810976822
0.175999999046	0.008253936656
0.177599996328	0.007031168789
0.179199993610	0.006691952702
0.180799990892	0.007098800503
0.182399988174	0.007459200453
0.184000000358	0.006160640623
0.185599997640	0.006413152441
0.187199994922	0.005996928550
0.188799992204	0.007741408423
0.190399989486	0.006370592397
0.192000001669	0.005938704591
0.193599998951	0.005503616296
0.195199996233	0.005550048314
0.196799993515	0.007719744463
0.198399990797	0.006985456683
0.199999988079	0.005316160619
0.201600000262	0.006282288581
0.203199997544	0.006974576507
0.204799994826	0.006278560497
0.206399992108	0.006023760419
0.207999989390	0.006309120450
0.209600001574	0.006515888497
0.211199998856	0.006531520747
0.212799996138	0.004328336567
0.214399993420	0.005920688622
0.215999990702	0.006867184769
0.217599987984	0.005717376247
0.219200000167	0.003836912336
0.220799997449	0.006722080521
0.222399994731	0.005807312671
0.223999992013	0.004804384429
0.225599989295	0.004206576385
0.227200001478	0.005700720474
0.228799998760	0.004859712441
0.230399996042	0.006035200320
0.231999993324	0.005030192435
0.233599990606	0.006145648658
0.235199987888	0.006772544701
0.236800000072	0.005407424644
0.238399997354	0.006332512479
0.239999994636	0.004756656475
0.241599991918	0.004401008599
0.243199989200	0.006940912455
0.244799986482	0.004667232279
0.246399998665	0.004901488312
0.247999995947	0.006418928504
0.249599993229	0.006413536612
0.251199990511	0.003592800349
0.252799987793	0.004344544373
0.254399985075	0.007417792454
0.255999982357	0.004434560426
0.257599979639	0.003660832299
0.259200006723	0.004856064450
0.260800004005	0.005215424579
0.262400001287	0.005901648663
0.263999998569	0.004575424362
0.265599995852	0.003579056356
0.267199993134	0.005587168504
0.268799990416	0.005247104447
0.270399987698	0.004915312398
0.271999984980	0.004331104457
0.273599982262	0.005676784553
0.275199979544	0.005340144504
0.276800006628	0.005014736205
0.278400003910	0.002925360342
0.280000001192	0.004083520267
0.281599998474	0.005078656599
0.283199995756	0.004111952148
0.284799993038	0.005662400275
0.286399990320	0.004961712286
0.287999987602	0.006828800775
0.289599984884	0.003565520281
0.291199982166	0.003403520212
0.292799979448	0.004547312390
0.294400006533	0.006010752637
0.296000003815	0.004101632163
0.297600001097	0.004317632411
0.299199998379	0.005804272369
0.300799995661	0.004443392158
0.302399992943	0.004242320545
0.303999990225	0.004926624242
0.305599987507	0.005120368209
0.307199984789	0.005927280523
0.308799982071	0.004733392503
0.310399979353	0.003875392256
0.312000006437	0.004584432580
0.313600003719	0.004738352261
0.315200001001	0.004524688236
0.316799998283	0.003060704330
0.318399995565	0.004017104395
0.319999992847	0.004643088207
0.321599990129	0.004206928425
0.323199987411	0.002250080230
0.324799984694	0.004153536167
0.326399981976	0.005511504598
0.327999979258	0.003635568311
0.329600006342	0.003098288318
0.331200003624	0.004122768529
0.332800000906	0.006111072376
0.334399998188	0.003262672340
0.335999995470	0.004827440251
0.337599992752	0.004756592214
0.339199990034	0.004521280527
0.340799987316	0.003922928125
0.342399984598	0.002967776265
0.343999981880	0.005216896534
0.345599979162	0.004043648485
0.347199976444	0.004258864559
0.348800003529	0.005706160329
0.350400000811	0.004601968452
0.351999998093	0.004459568299
0.353599995375	0.002333232202
0.355199992657	0.004308624193
0.356799989939	0.002939856378
0.358399987221	0.004046576563
0.359999984503	0.003937728237
0.361599981785	0.004476976581
0.363199979067	0.003089280333
0.364799976349	0.004348624498
0.366400003433	0.003325440222
0.368000000715	0.003419120330
0.369599997997	0.005421424285
0.371199995279	0.004670464434
0.372799992561	0.004961216357
0.374399989843	0.003088544356
0.375999987125	0.004443568178
0.377599984407	0.005053904373
0.379199981689	0.004331104457
0.380799978971	0.003047664184
0.382399976254	0.005357568618
0.384000003338	0.003849968314
0.385600000620	0.004240128212
0.387199997902	0.004211712163
0.388799995184	0.002856336301
0.390399992466	0.004622368608
0.391999989748	0.004264528397
0.393599987030	0.002549792174
0.395199984312	0.003723632311
0.396799981594	0.004108128138
0.398399978876	0.003697424196
0.399999976158	0.003180432366
0.401600003242	0.004862880334
0.403200000525	0.003772912314
0.404799997807	0.004613792524
0.406399995089	0.003155680140
0.407999992371	0.003711728379
0.409599989653	0.004288384225
0.411199986935	0.004279760178
0.412799984217	0.003366864286
0.414399981499	0.003016192233
0.415999978781	0.004567376338
0.417599976063	0.003766816342
0.419200003147	0.002006656257
0.420800000429	0.003086080309
0.422399997711	0.005212336313
0.423999994993	0.004018048290
0.425599992275	0.001698288135
0.427199989557	0.002719792305
0.428799986839	0.004371088464
0.430399984121	0.003467904404
0.431999981403	0.004252272192
0.433599978685	0.001955264015
0.435199975967	0.002464608289
0.436800003052	0.003540256293
0.438400000334	0.002834256273
0.439999997616	0.004262160510
0.441599994898	0.004490912426
0.443199992180	0.003728800220
0.444799989462	0.002698944183
0.446399986744	0.004592128564
0.447999984026	0.002974592382
0.449599981308	0.004657776561
0.451199978590	0.003257184289
0.452799975872	0.000977568096
0.454400002956	0.003458864288
0.456000000238	0.003296816256
0.457599997520	0.003479856299
0.459199994802	0.002518592170
0.460799992085	0.003808272304
0.462399989367	0.003947360441
0.463999986649	0.001437296160
0.465599983931	0.002676064149
0.467199981213	0.003058432369
0.468799978495	0.004257088527
0.470399975777	0.002687472152
0.472000002861	0.002400192199
0.473600000143	0.003759104293
0.475199997425	0.003407456446
0.476799994707	0.003079664195
0.478399991989	0.003027184168
0.479999989271	0.004613696598
0.481599986553	0.003196336329
0.483199983835	0.002933680313
0.484799981117	0.002584448317
0.486399978399	0.002544960240
0.487999975681	0.003636736190
0.489599972963	0.003935920075
0.491200000048	0.002963936189
0.492799997330	0.004486288410
0.494399994612	0.002116928110
0.495999991894	0.003860960249
0.497599989176	0.003383008298
0.499199986458	0.001689024153
0.500800013542	0.003779936349
0.502399981022	0.002665296197
0.504000008106	0.002253280254
0.505599975586	0.001975136111
0.507200002670	0.003022416262
0.508799970150	0.002679520287
0.510399997234	0.002596960170
0.511999964714	0.002464560093
0.513599991798	0.005046480335
0.515199959278	0.003454480320
0.516799986362	0.002420176286
0.518400013447	0.002252544276
0.519999980927	0.004402432591
0.521600008011	0.003049328225
0.523199975491	0.003398912260
0.524800002575	0.003184832167
0.526399970055	0.003105856245
0.527999997139	0.002425168175
0.529599964619	0.001255840063
0.531199991703	0.001939152135
0.532799959183	0.003702832386
0.534399986267	0.002646064153
0.536000013351	0.002655968303
0.537599980831	0.001757456106
0.539200007915	0.003817808349
0.540799975395	0.002240624279
0.542400002480	0.003204016248
0.543999969959	0.001649488113
0.545599997044	0.004858032335
0.547199964523	0.001633376116
0.548799991608	0.002729968168
0.550399959087	0.002389936242
0.551999986172	0.004411328584
0.553600013256	0.002325712238
0.555199980736	0.002170816064
0.556800007820	0.003172608325
0.558399975300	0.003365696175
0.560000002384	0.003309888300
0.561599969864	0.000788544072
0.563199996948	0.002260368085
0.564799964428	0.003744688351
0.566399991512	0.001763536129
0.567999958992	0.002308416180
0.569599986076	0.001483680098
0.571200013161	0.003904000390
0.572799980640	0.004209296312
0.574400007725	0.002145520179
0.575999975204	0.003288160311
0.577600002289	0.003467952367
0.579199969769	0.001312784036
0.580799996853	0.002315456280
0.582399964333	0.002868960146
0.583999991417	0.003394272411
0.585599958897	0.001179696061
0.587199985981	0.002462848090
0.588800013065	0.002839616267
0.590399980545	0.002281456254
0.592000007629	0.003531728173
0.593599975109	0.001522672130
0.595200002193	0.001554240123
0.596799969673	0.001103152172
0.598399996758	0.005350864492
0.599999964237	0.001708272146
0.601599991322	0.003089808160
0.603199958801	0.001796256169
0.604799985886	0.002436800161
0.606400012970	0.001575216185
0.607999980450	0.001413024147
0.609600007534	0.003067040350
0.611199975014	0.002682000166
0.612800002098	0.002743536141
0.614399969578	0.002056064084
0.615999996662	0.002061968204
0.617599964142	0.001825072104
0.619199991226	0.000887248083
0.620799958706	0.002788496204
0.622399985790	0.002927488182
0.624000012875	0.002121296246
0.625599980354	0.001451728167
0.627200007439	0.002658592304
0.628799974918	0.001719856169
0.630400002003	0.003311008215
0.631999969482	0.001796608092
0.633599996567	0.001597440103
0.635199964046	0.001850128174
0.636799991131	0.003246992361
0.638399958611	0.001865440165
0.639999985695	0.002190464176
0.641600012779	0.002992624184
0.643199980259	0.002220960101
0.644800007343	0.002387328306
0.646399974823	0.001138096093
0.648000001907	0.002364928136
0.649599969387	0.002139424207
0.651199996471	0.001164640067
0.652799963951	0.001536864089
0.654399991035	0.001392384060
0.655999958515	0.002750448184
0.657599985600	0.000620048027
0.659200012684	0.001913968124
0.660799980164	0.001493744086
0.662400007248	0.002277360065
0.663999974728	0.001950608101
0.665600001812	0.000852512079
0.667199969292	0.001006944105
0.668799996376	0.000090112022
0.670399963856	0.001925344113
0.671999990940	0.000728064042
0.673599958420	0.002613680204
0.675199985504	0.001215680153
0.676800012589	0.002072880277
0.678399980068	0.002182064112
0.680000007153	0.001014720066
0.681599974632	0.002371856244
0.683200001717	0.002853296231
0.684799969196	0.002199712209
0.686399996281	0.002094288124
0.687999963760	0.003280112287
0.689599990845	0.002346960129
0.691199958324	0.001979776192
0.692799985409	0.000925232074
0.694399952888	0.001851200126
0.695999979973	0.003081904259
0.697600007057	0.001041792100
0.699199974537	0.000717088056
0.700800001621	0.001585360151
0.702399969101	0.002189328196
0.703999996185	0.000122992016
0.705599963665	0.002654528245
0.707199990749	0.001837424119
0.708799958229	0.002205360215
0.710399985313	0.002526960103
0.711999952793	0.002322064247
0.713599979877	0.002632336225
0.715200006962	0.001155408099
0.716799974442	0.000845136063
0.718400001526	0.000346272020
0.719999969006	0.001905872137
0.721599996090	0.003193552373
0.723199963570	0.002917264355
0.724799990654	-0.000074368021
0.726399958134	0.002362976084
0.727999985218	0.000998352072
0.729599952698	0.003039888339
0.731199979782	0.001114672050
0.732800006866	0.000767264050
0.734399974346	0.002019408159
0.736000001431	0.001663776115
0.737599968910	0.002314304234
0.739199995995	0.001481568092
0.740799963474	0.001837600139
0.742399990559	0.002078864258
0.743999958038	0.001847264124
0.745599985123	0.001407488133
0.747199952602	0.003512240248
0.748799979687	0.001891936176
0.750400006771	0.001636000117
0.751999974251	0.000758960086
0.753600001335	0.001394288149
0.755199968815	0.002106192289
0.756799995899	0.000901280087
0.758399963379	0.000735408044
0.759999990463	0.000788192090
0.761599957943	0.001270928071
0.763199985027	0.001839648117
0.764799952507	0.002322576242
0.766399979591	0.001822832157
0.768000006676	0.002279472072
0.769599974155	0.001451744116
0.771200001240	0.000709232059
0.772799968719	0.000521216018
0.774399995804	0.001895360183
0.775999963284	0.001447008108
0.777599990368	0.000876448059
0.779199957848	0.001537984121
0.780799984932	0.002395232208
0.782399952412	0.001787344110
0.783999979496	0.001536672120
0.785600006580	0.002290160162
0.787199974060	0.001542352140
0.788800001144	0.001443728106
0.790399968624	0.001534144161
0.791999995708	0.000386496074
0.793599963188	0.001755168079
0.795199990273	0.002307152143
0.796799957752	0.002702496247
0.798399984837	0.001295440132
0.799999952316	0.002736224327
0.801599979401	0.002091152128
0.803200006485	0.001689888188
0.804799973965	0.000597936043
0.806400001049	0.002100096084
0.807999968529	0.001026400132
0.809599995613	0.000024688052
0.811199963093	0.002130112145
0.812799990177	0.001223344123
0.814399957657	0.000966528081
0.815999984741	-0.000371136033
0.817599952221	0.001621680101
0.819199979305	0.001752624172
0.820800006390	0.000518671994
0.822399973869	0.001073904103
0.824000000954	0.000722048047
0.825599968433	0.000466512021
0.827199995518	0.001756288111
0.828799962997	0.000322368054
0.830399990082	0.001393168117
0.831999957561	0.001804624102
0.833599984646	0.001230832073
0.835199952126	0.001059904112
0.836799979210	0.000304975983
0.838400006294	0.001015040092
0.839999973774	0.002886624308
0.841600000858	0.000860560045
0.843199968338	0.000644448039
0.844799995422	0.001756768092
0.846399962902	0.002921792213
0.847999989986	0.001553408103
0.849599957466	0.001383520197
0.851199984550	0.000888912065
0.852799952030	0.000166080063
0.854399979115	0.000327168033
0.856000006199	0.001945056138
0.857599973679	0.001912336214
0.859200000763	0.001032192027
0.860799968243	0.000503008079
0.862399995327	0.000840384047
0.863999962807	0.001997824060
0.865599989891	0.000595920021
0.867199957371	0.000673984119
0.868799984455	-0.000224928037
0.870399951935	0.002311552176
0.871999979019	0.001479040133
0.873600006104	0.000224048024
0.875199973583	0.000357328012
0.876800000668	0.000891392061
0.878399968147	0.002529056277
0.879999995232	0.002504384145
0.881599962711	0.000558224041
0.883199989796	0.001419616048
0.884799957275	0.003163264366
0.886399984360	0.000864176080
0.887999951839	-0.000971328118
0.889599978924	0.001789344125
0.891200006008	0.002133120084
0.892799973488	0.001150240074
0.894400000572	0.001109936042
0.895999968052	0.002438128227
0.897599995136	0.000272352045
0.899199962616	0.000655216107
0.900799989700	0.001555632101
0.902399957180	0.001121583977
0.903999984264	0.000595520018
0.905599951744	0.000828736054
0.907199978828	0.002697888296
0.908800005913	0.000995904091
0.910399973392	0.001481888117
0.912000000477	0.000555712031
0.913599967957	0.000425344042
0.915199995041	0.000313328026
0.916799962521	0.002766288118
0.918399989605	0.000398576027
0.919999957085	0.000275888015
0.921599984169	0.000209824022
0.923199951649	0.000343648018
0.924799978733	-0.000032576012
0.926400005817	-0.000525360054
0.927999973297	0.000523344090
0.929600000381	0.000800576061
0.931199967861	0.000942464045
0.932799994946	0.001193856122
0.934399962425	0.001217072131
0.935999989510	0.001520704129
0.937599956989	0.000882800028
0.939199984074	0.001086896053
0.940799951553	0.001008336083
0.942399978638	0.000160416021
0.944000005722	0.001837072195
0.945599973202	0.001675168169
0.947200000286	0.001022016048
0.948799967766	0.001318528084
0.950399994850	0.001174448058
0.951999962330	-0.000207248042
0.953599989414	0.000084160005
0.955199956894	0.001149328076
0.956799983978	0.001708336174
0.958399951458	0.001409952180
0.959999978542	0.000618848018
0.961599946022	0.000686144049
0.963199973106	0.002596720122
0.964800000191	-0.000910560077
0.966399967670	0.001123296097
0.967999994755	0.001362304087
0.969599962234	0.001112752128
0.971199989319	0.001522880164
0.972799956799	0.000460080017
0.974399983883	0.001513152150
0.975999951363	0.001655552071
0.977599978447	0.000380655983
0.979199945927	-0.000580000051
0.980799973011	0.000442448043
0.982400000095	0.001873184228
0.983999967575	0.001147616073
0.985599994659	0.000329616014
0.987199962139	0.000626288063
0.988799989223	0.001147200121
0.990399956703	0.002266768133
0.991999983788	-0.000063984036
0.993599951267	0.000734896050
0.995199978352	0.001095024054
0.996799945831	0.001729616080
0.998399972916	0.000812016078
1.000000000000	0.001238896046
1.001600027084	0.000645904103
1.003199934959	0.000773951993
1.004799962044	0.000170016006
1.006399989128	0.000368320063
1.008000016212	0.000539296016
1.009599924088	0.000938960060
1.011199951172	0.000077663972
1.012799978256	0.002130432054
1.014400005341	0.001095424057
1.016000032425	0.000614640012
1.017599940300	0.001453712117
1.019199967384	-0.000316320016
1.020799994469	0.000271184050
1.022400021553	0.001966128126
1.023999929428	-0.000472976069
1.025599956512	0.000043183980
1.027199983597	0.001816768199
1.028800010681	0.001423664158
1.030399918556	-0.000691648049
1.031999945641	0.000835824059
1.033599972725	0.001056144130
1.035199999809	0.000983792008
1.036800026894	-0.001300384058
1.038399934769	0.000323632034
1.039999961853	0.001108352095
1.041599988937	0.000631376053
1.043200016022	0.000425664010
1.044799923897	0.000155792019
1.046399950981	0.000542352034
1.047999978065	0.000609792070
1.049600005150	0.001695264131
1.051200032234	0.000392000016
1.052799940109	0.000540160050
1.054399967194	0.000077055985
1.055999994278	0.000106848020
1.057600021362	-0.000510784041
1.059199929237	-0.000708432111
1.060799956322	0.000784000091
1.062399983406	0.000438976014
1.064000010490	0.000355536031
1.065599918365	0.001390272169
1.067199945450	-0.000761200034
1.068799972534	-0.000019696014
1.070399999619	0.000834640115
1.072000026703	0.001451232121
1.073599934578	0.002025200054
1.075199961662	0.001233568066
1.076799988747	0.000200896000
1.078400015831	0.001237216056
1.079999923706	0.000302319997
1.081599950790	0.001240688143
1.083199977875	0.001064688084
1.084800004959	0.000681152043
1.086400032043	0.001491840114
1.087999939919	0.001314608147
1.089599967003	0.001088768127
1.091199994087	0.000280528038
1.092800021172	0.000155776012
1.094399929047	0.001254512114
1.095999956131	0.000859904045
1.097599983215	0.000527472061
1.099200010300	0.000859856082
1.100799918175	-0.000410096021
1.102399945259	-0.000266544026
1.103999972343	0.000862960063
1.105599999428	0.001034400077
1.107200026512	-0.000379200006
1.108799934387	-0.000159520045
1.110399961472	0.000722432043
1.111999988556	0.001211936120
1.113600015640	-0.001243104110
1.115199923515	0.000987536041
1.116799950600	0.000464480050
1.118399977684	0.000196176028
1.120000004768	0.001039376133
1.121599912643	0.000742496049
1.123199939728	0.000452032051
1.124799966812	0.000697424053
1.126399993896	0.001826224150
1.128000020981	-0.000051792013
1.129599928856	-0.000584816036
1.131199955940	0.001023040037
1.132799983025	-0.000107952030
1.134400010109	0.000021439982
1.135999917984	0.000392896036
1.137599945068	-0.000251456018
1.139199972153	0.000898352067
1.140799999237	0.000892800104
1.142400026321	0.000599680061
1.143999934196	0.001063248026
1.145599961281	-0.000430704036
1.147199988365	-0.001006256090
1.148800015450	0.000734992092
1.150399923325	0.000909040100
1.151999950409	0.000587856048
1.153599977493	0.001044016099
1.155200004578	-0.000357616023
1.156799912453	0.001170368050
1.158399939537	0.000736240065
1.159999966621	-0.000444480043
1.161599993706	-0.000474784028
1.163200020790	0.000692768022
1.164799928665	-0.000097280004
1.166399955750	-0.000156816008
1.167999982834	0.001226832159
1.169600009918	-0.000428352068
1.171199917793	0.000237040018
1.172799944878	0.001290016109
1.174399971962	-0.001075968146
1.175999999046	-0.000249472039
1.177600026131	0.001046640100
1.179199934006	-0.000044704037
1.180799961090	0.000519936031
1.182399988174	0.000916640041
1.184000015259	0.000360992010
1.185599923134	0.000368160021
1.187199950218	-0.001192256110
1.188799977303	-0.000116815994
1.190400004387	-0.000548992015
1.191999912262	0.000703200058
1.193599939346	-0.000013487977
1.195199966431	0.001893216162
1.196799993515	-0.001643040101
1.198400020599	0.000588160008
1.199999928474	0.000093136005
1.201599955559	-0.000134896021
1.203199982643	0.001257200027
1.204800009727	-0.000662032049
1.206399917603	-0.000220208021
1.207999944687	0.001183584100
1.209599971771	0.001251760172
1.211199998856	0.001618864131
1.212800025940	0.001646496123
1.214399933815	0.000779632071
1.215999960899	0.000489760016
1.217599987984	-0.000403056067
1.219200015068	-0.000290032040
1.220799922943	0.002130560111
1.222399950027	-0.000353552052
1.223999977112	-0.000309152005
1.225600004196	-0.000280560023
1.227199912071	0.000355775992
1.228799939156	0.000812176091
1.230399966240	0.000484671997
1.231999993324	0.000255088031
1.233600020409	-0.000193168002
1.235199928284	0.000805216026
1.236799955368	0.000044704018
1.238399982452	0.000156320006
1.240000009537	0.000008335976
1.241599917412	-0.000428304047
1.243199944496	0.000277359999
1.244799971581	0.001688080141
1.246399998665	-0.002008720301
1.248000025749	0.000299871986
1.249599933624	-0.000467168022
1.251199960709	0.001326080062
1.252799987793	0.001318848110
1.254400014877	0.000588608033
1.255999922752	-0.000218224013
1.257599949837	-0.001791072194
1.259199976921	0.000642688072
1.260800004005	-0.000069535985
1.262399911880	-0.000500048045
1.263999938965	-0.000504272059
1.265599966049	-0.000613872078
1.267199993134	-0.000287232047
1.268800020218	-0.000498928013
1.270399928093	-0.000271344004
1.271999955177	-0.000010879998
1.273599982262	-0.000057328023
1.275200009346	0.001775440061
1.276799917221	0.000290480006
1.278399944305	0.000808160054
1.279999971390	0.000058000005
1.281599998474	0.000290719996
1.283200025558	0.000788432022
1.284799933434	0.000182912001
1.286399960518	-0.000185040044
1.287999987602	0.000540352019
1.289600014687	0.000218784029
1.291199922562	0.000557776017
1.292799949646	0.000819392037
1.294399976730	0.000200015988
1.296000003815	-0.000055648008
1.297599911690	0.001402512076
1.299199938774	-0.000613760029
1.300799965858	0.000354960037
1.302399992943	-0.000572208082
1.304000020027	0.001160272048
1.305599927902	-0.000410624023
1.307199954987	0.000037535985
1.308799982071	0.000364992040
1.310400009155	0.000251696038
1.311999917030	-0.001516912133
1.313599944115	0.000369424029
1.315199971199	-0.001122224145
1.316799998283	-0.001900752191
1.318400025368	-0.000166496015
1.319999933243	-0.000235344050
1.321599960327	0.000056080011
1.323199987411	-0.000643120031
1.324800014496	0.000685248058
1.326399922371	0.000965808053
1.327999949455	0.001122592133
1.329599976540	0.000746400037
1.331200003624	0.000622880063
1.332799911499	-0.000350320042
1.334399938583	0.000073856005
1.335999965668	-0.000181231982
1.337599992752	0.000226847988
1.339200019836	0.000056591991
1.340799927711	0.000518720073
1.342399954796	-0.000030432007
1.343999981880	0.001469344134
1.345600008965	0.000059696009
1.347199916840	0.000009263951
1.348799943924	-0.000615184021
1.350399971008	0.000198416019
1.351999998093	0.000724448066
1.353600025177	-0.000027616006
1.355199933052	-0.000384800049
1.356799960136	0.000695216062
1.358399987221	-0.000664960069
1.360000014305	-0.000769520062
1.361599922180	0.000213168008
1.363199949265	-0.000189248021
1.364799976349	-0.001449376112
1.366400003433	0.001141200075
1.367999911308	-0.000704560021
1.369599938393	-0.000635072065
1.371199965477	0.000080031983
1.372799992561	0.001005024067
1.374400019646	-0.000165520047
1.375999927521	-0.000712224049
1.377599954605	-0.001428208197
1.379199981689	-0.001138576074
1.380800008774	-0.000786560064
1.382399916649	-0.000485168013
1.383999943733	-0.000798672088
1.385599970818	0.000406288076
1.387199997902	-0.000900384097
1.388799905777	-0.001566272113
1.390399932861	-0.000223840034
1.391999959946	0.000494288048
1.393599987030	-0.000566608098
1.395200014114	-0.000247872027
1.396799921989	0.000758720096
1.398399949074	-0.000466832018
1.399999976158	-0.000756816007
1.401600003242	-0.000108432025
1.403199911118	-0.000500384078
1.404799938202	-0.000237920030
1.406399965286	-0.001150240074
1.407999992371	0.000167584032
1.409600019455	-0.001238224097
1.411199927330	-0.000370544061
1.412799954414	0.000827376090
1.414399981499	-0.001966048032
1.416000008583	-0.000566432078
1.417599916458	-0.001117824111
1.419199943542	-0.000157967996
1.420799970627	0.000794768042
1.422399997711	-0.000652512070
1.423999905586	-0.001040352159
1.425599932671	0.002218656242
1.427199959755	0.000611040043
1.428799986839	-0.001218448160
1.430400013924	0.000015408008
1.431999921799	-0.000539360044
1.433599948883	0.000260143977
1.435199975967	-0.000290431984
1.436800003052	-0.000208303973
1.438399910927	-0.001263840124
1.439999938011	-0.000306080037
1.441599965096	0.001201712061
1.443199992180	0.000296496000
1.444800019264	-0.002078112215
1.446399927139	-0.000160464027
1.447999954224	-0.000333360047
1.449599981308	-0.000525456038
1.451200008392	-0.000823504059
1.452799916267	0.000262784015
1.454399943352	-0.000382704049
1.455999970436	-0.000825200113
1.457599997520	0.000302480039
1.459199905396	-0.001121168141
1.460799932480	-0.000116640047
1.462399959564	0.000144160003
1.463999986649	-0.000058240010
1.465600013733	-0.000585184083
1.467199921608	-0.000768672035
1.468799948692	-0.000732624088
1.470399975777	-0.000902448082
1.472000002861	-0.000189728002
1.473599910736	-0.000883376109
1.475199937820	-0.000883952074
1.476799964905	0.000116416006
1.478399991989	-0.001107296092
1.480000019073	-0.001258208067
1.481599926949	-0.000954784104
1.483199954033	0.000216831977
1.484799981117	-0.000500720053
1.486400008202	-0.000920688093
1.487999916077	-0.001333760098
1.489599943161	-0.001170112053
1.491199970245	-0.000829504046
1.492799997330	0.000176847985
1.494399905205	-0.000711024099
1.495999932289	-0.002157616196
1.497599959373	-0.002373488154
1.499199986458	-0.000621631974
1.500800013542	-0.000186608013
1.502399921417	0.000082383973
1.503999948502	-0.000629328075
1.505599975586	-0.001035168068
1.507200002670	-0.000848576077
1.508799910545	-0.000765008095
1.510399937630	-0.000961840095
1.511999964714	-0.001184192137
1.513599991798	-0.000272640027
1.515200018883	-0.002018464264
1.516799926758	-0.000853232050
1.518399953842	-0.001435120124
1.519999980927	-0.000698928081
1.521600008011	-0.000998016098
1.523199915886	-0.000703328056
1.524799942970	-0.001621232135
1.526399970055	-0.000341312028
1.527999997139	-0.002116848249
1.529599905014	-0.000277504005
1.531199932098	-0.002308416180
1.532799959183	-0.000151072018
1.534399986267	0.000530336052
1.536000013351	-0.001640096074
1.537599921227	-0.001491712173
1.539199948311	-0.001667776145
1.540799975395	-0.000796320091
1.542400002480	0.000073952004
1.543999910355	0.000155952017
1.545599937439	-0.000929552072
1.547199964523	-0.001559216180
1.548799991608	0.000032752014
1.550400018692	-0.002066912130
1.551999926567	-0.001572240144
1.553599953651	-0.001537824166
1.555199980736	-0.000759296061
1.556800007820	-0.002324960195
1.558399915695	-0.001508848160
1.559999942780	-0.001595536130
1.561599969864	-0.001465760171
1.563199996948	-0.000542000111
1.564799904823	-0.001336048124
1.566399931908	-0.001007568091
1.567999958992	-0.002555408282
1.569599986076	-0.002462496283
1.571200013161	-0.000073551986
1.572799921036	0.000480224029
1.574399948120	-0.001000736142
1.575999975204	-0.001645296114
1.577600002289	-0.002834128216
1.579199910164	-0.000447712024
1.580799937248	-0.001182608074
1.582399964333	-0.000713696063
1.583999991417	-0.001667440170
1.585600018501	-0.001392976148
1.587199926376	-0.001311248168
1.588799953461	-0.000834064092
1.590399980545	-0.001890048152
1.592000007629	-0.000968688051
1.593599915504	-0.000442576042
1.595199942589	-0.001591008157
1.596799969673	-0.000851392047
1.598399996758	-0.001307680155
1.599999904633	0.000086384011
1.601599931717	-0.001456432161
1.603199958801	-0.002876272192
1.604799985886	-0.001838144148
1.606400012970	-0.001615760149
1.607999920845	-0.001667312230
1.609599947929	-0.001022272045
1.611199975014	-0.002435872098
1.612800002098	-0.000217824010
1.614399909973	-0.001057264046
1.615999937057	-0.000460656098
1.617599964142	-0.001342896139
1.619199991226	-0.001396272099
1.620800018311	-0.000678752025
1.622399926186	-0.000374896073
1.623999953270	-0.001122992137
1.625599980354	-0.002204336226
1.627200007439	-0.001712160185
1.628799915314	-0.001456656144
1.630399942398	-0.000643600069
1.631999969482	-0.001454464043
1.633599996567	-0.001676976215
1.635199904442	-0.000659200072
1.636799931526	0.000057184006
1.638399958611	-0.001070080092
1.639999985695	-0.002123696264
1.641600012779	-0.001334576169
1.643199920654	-0.001696992200
1.644799947739	-0.000179264011
1.646399974823	-0.000962400110
1.648000001907	-0.000600336120
1.649599909782	-0.002012592275
1.651199936867	-0.000565344060
1.652799963951	-0.002466384321
1.654399991035	-0.000982544036
1.655999898911	-0.000135280003
1.657599925995	-0.000255696039
1.659199953079	-0.001293584122
1.660799980164	-0.000861648063
1.662400007248	0.000132816014
1.663999915123	-0.001760464162
1.665599942207	-0.000385232008
1.667199969292	-0.001813568175
1.668799996376	-0.001743552159
1.670399904251	-0.000770080078
1.671999931335	-0.002088832203
1.673599958420	-0.002097648103
1.675199985504	-0.001327200094
1.676800012589	-0.000460928044
1.678399920464	-0.002156720264
1.679999947548	-0.001831312082
1.681599974632	-0.000631648116
1.683200001717	-0.001567248139
1.684799909592	-0.000787808094
1.686399936676	-0.002456512302
1.687999963760	-0.002262912225
1.689599990845	-0.000798112073
1.691199898720	-0.000454912049
1.692799925804	0.000350592018
1.694399952888	-0.001247824170
1.695999979973	-0.001330896164
1.697600007057	-0.001286336104
1.699199914932	-0.001411856152
1.700799942017	-0.000759376097
1.702399969101	-0.001718256157
1.703999996185	-0.001192128169
1.705599904060	-0.002299200278
1.707199931145	-0.001107568038
1.708799958229	-0.000881360087
1.710399985313	-0.000735680049
1.712000012398	-0.002119120210
1.713599920273	-0.001641264069
1.715199947357	-0.001356144203
1.716799974442	-0.001086624106
1.718400001526	-0.001193440170
1.719999909401	-0.000369360030
1.721599936485	-0.001467632130
1.723199963570	-0.002048832132
1.724799990654	-0.002249040175
1.726399898529	-0.001719520194
1.727999925613	-0.001999376109
1.729599952698	-0.001824320178
1.731199979782	-0.000290800002
1.732800006866	-0.000573984114
1.734399914742	-0.001026256126
1.735999941826	0.000933952047
1.737599968910	-0.002057216130
1.739199995995	-0.000386320025
1.740799903870	0.000295248057
1.742399930954	-0.001497392077
1.743999958038	-0.001840032171
1.745599985123	-0.001004720107
1.747200012207	-0.001420672052
1.748799920082	-0.000572256104
1.750399947166	-0.001368112164
1.751999974251	-0.001431344077
1.753600001335	-0.000138192001
1.755199909210	-0.003024800215
1.756799936295	-0.001906560152
1.758399963379	-0.001153296093
1.759999990463	-0.000903616077
1.761599898338	-0.000628768059
1.763199925423	-0.001358224079
1.764799952507	-0.000423024059
1.766399979591	-0.001818896155
1.768000006676	-0.001680688118
1.769599914551	-0.000939440099
1.771199941635	-0.000972528127
1.772799968719	-0.000710128108
1.774399995804	-0.001986608142
1.775999903679	-0.001459024148
1.777599930763	-0.002083392115
1.779199957848	-0.001440864056
1.780799984932	-0.001409888151
1.782400012016	-0.001708992175
1.783999919891	-0.001849136082
1.785599946976	-0.001149168122
1.787199974060	-0.001201888081
1.788800001144	-0.000348752044
1.790399909019	-0.001106848125
1.791999936104	-0.001532256138
1.793599963188	-0.001941808150
1.795199990273	-0.001256752061
1.796799898148	-0.001218656078
1.798399925232	-0.000851680059
1.799999952316	-0.002741936129
1.801599979401	-0.000807104108
1.803200006485	-0.000215440043
1.804799914360	-0.000912640069
1.806399941444	-0.001494048163
1.807999968529	-0.001222576131
1.809599995613	-0.001877584145
1.811199903488	-0.001157552004
1.812799930573	-0.001775424113
1.814399957657	-0.001031328109
1.815999984741	-0.001622384181
1.817600011826	-0.000605520094
1.819199919701	-0.002285920084
1.820799946785	-0.002321840264
1.822399973869	-0.001594784088
1.824000000954	-0.001188160153
1.825599908829	-0.002545440104
1.827199935913	-0.002179600298
1.828799962997	0.000150256019
1.830399990082	-0.000383136066
1.831999897957	-0.003427344374
1.833599925041	-0.001040320145
1.835199952126	-0.001970608253
1.836799979210	-0.001083744108
1.838400006294	-0.002008432290
1.839999914169	-0.000968240085
1.841599941254	-0.002510640072
1.843199968338	-0.002287200186
1.844799995422	0.000575968006
1.846399903297	-0.001571984147
1.847999930382	-0.001084848074
1.849599957466	-0.000450848049
1.851199984550	-0.001718304120
1.852800011635	-0.001334256143
1.854399919510	-0.001770160161
1.855999946594	-0.000647280074
1.857599973679	-0.002226816257
1.859200000763	-0.001655872213
1.860799908638	-0.000733824098
1.862399935722	-0.001455104095
1.863999962807	-0.002258688211
1.865599989891	-0.002397040138
1.867199897766	-0.000462352007
1.868799924850	-0.002258864231
1.870399951935	-0.000581424101
1.871999979019	-0.001020608121
1.873600006104	-0.001984720118
1.875199913979	-0.001426992123
1.876799941063	-0.002554000122
1.878399968147	-0.001900064177
1.879999995232	0.000491728017
1.881599903107	0.001456256141
1.883199930191	-0.002065024106
1.884799957275	-0.001523888088
1.886399984360	-0.000581984059
1.888000011444	-0.000780400063
1.889599919319	-0.001008144114
1.891199946404	-0.001090608072
1.892799973488	-0.003181120381
1.894400000572	-0.002490816172
1.895999908447	-0.001764048124
1.897599935532	-0.002108464250
1.899199962616	-0.001556672156
1.900799989700	-0.001561360084
1.902399897575	-0.001984016271
1.903999924660	-0.001126112067
1.905599951744	-0.001004640129
1.907199978828	-0.001580464188
1.908800005913	-0.000910560077
1.910399913788	-0.001988560194
1.911999940872	-0.002639072249
1.913599967957	-0.002129664179
1.915199995041	-0.001567120082
1.916799902916	-0.002735040151
1.918399930000	-0.003295728238
1.919999957085	0.000294624013
1.921599984169	-0.002334640129
1.923199892044	-0.001384560135
1.924799919128	-0.001059200033
1.926399946213	-0.000100288031
1.927999973297	-0.002724432154
1.929600000381	-0.000984768034
1.931199908257	-0.002788848244
1.932799935341	-0.000844064110
1.934399962425	-0.002419088269
1.935999989510	-0.001811168157
1.937599897385	-0.002748608356
1.939199924469	-0.001656608074
1.940799951553	-0.000375263975
1.942399978638	-0.001888608211
1.944000005722	-0.001355040120
1.945599913597	-0.003288544249
1.947199940681	0.000096176009
1.948799967766	-0.001631296123
1.950399994850	-0.000960288045
1.951999902725	-0.001127232099
1.953599929810	-0.001058832044
1.955199956894	-0.000663840037
1.956799983978	-0.002469744300
1.958399891853	-0.000911504088
1.959999918938	-0.002423568163
1.961599946022	-0.002610192169
1.963199973106	-0.002500896109
1.964800000191	-0.000955136085
1.966399908066	-0.000357312063
1.967999935150	-0.001818848192
1.969599962234	-0.001280096127
1.971199989319	-0.002714448143
1.972799897194	-0.002391088288
1.974399924278	-0.001298944117
1.975999951363	-0.001620432129
1.977599978447	-0.001701296074
1.979200005531	-0.002566336188
1.980799913406	-0.001655664179
1.982399940491	-0.002162256278
1.983999967575	-0.002039232291
1.985599994659	-0.002215696266
1.987199902534	-0.001516144141
1.988799929619	-0.000344224012
1.990399956703	-0.002830624348
1.991999983788	-0.002581728157
1.993599891663	-0.000720640062
1.995199918747	-0.002714752220
1.996799945831	-0.003119472181
1.998399972916	-0.001974784303
2.000000000000	-0.002343040192
2.001600027084	-0.002347424161
2.003200054169	-0.001414768165
2.004799842834	-0.002315248130
2.006399869919	-0.003084112192
2.007999897003	-0.002315680264
2.009599924088	0.000195568035
2.011199951172	-0.000545248040
2.012799978256	-0.002962432336
2.014400005341	-0.002485856181
2.016000032425	-0.000852048048
2.017600059509	-0.002943952335
2.019199848175	-0.001937344205
2.020799875259	-0.001210160088
2.022399902344	-0.001797040110
2.023999929428	-0.003519120393
2.025599956512	-0.001405952149
2.027199983597	-0.003152848221
2.028800010681	-0.003359872382
2.030400037766	-0.000513232022
2.032000064850	-0.001004320104
2.033599853516	-0.001613648143
2.035199880600	-0.001634992193
2.036799907684	-0.002032736083
2.038399934769	-0.000975632051
2.039999961853	-0.001712176134
2.041599988937	-0.000810000056
2.043200016022	-0.001924432232
2.044800043106	-0.002601488261
2.046399831772	-0.002137920121
2.047999858856	-0.001565952087
2.049599885941	-0.001551888068
2.051199913025	-0.000200512004
2.052799940109	-0.000973328075
2.054399967194	-0.002701920224
2.055999994278	-0.001160960062
2.057600021362	-0.001998016145
2.059200048447	-0.002678368241
2.060799837112	-0.000557920081
2.062399864197	-0.000836800085
2.063999891281	-0.003487008158
2.065599918365	-0.002778176218
2.067199945450	-0.000632432057
2.068799972534	-0.002906128298
2.070399999619	-0.002619072329
2.072000026703	-0.001053920132
2.073600053787	-0.001382960123
2.075199842453	-0.001603952143
2.076799869537	-0.000898384023
2.078399896622	-0.002248608274
2.079999923706	-0.001976640197
2.081599950790	-0.002596080303
2.083199977875	-0.000783408061
2.084800004959	-0.003718928201
2.086400032043	-0.003118640278
2.088000059128	-0.001063328120
2.089599847794	-0.000101951977
2.091199874878	-0.002770160325
2.092799901962	-0.002851584228
2.094399929047	-0.001717104111
2.095999956131	-0.000628880050
2.097599983215	-0.001659824164
2.099200010300	-0.002506080316
2.100800037384	-0.003183520399
2.102400064468	-0.001047584112
2.103999853134	-0.001424368122
2.105599880219	-0.002608032199
2.107199907303	-0.002077024197
2.108799934387	-0.001946880249
2.110399961472	-0.002259536181
2.111999988556	-0.002805840224
2.113600015640	-0.001825712156
2.115200042725	-0.001800448168
2.116799831390	-0.002100432292
2.118399858475	-0.001936912187
2.119999885559	-0.003188544186
2.121599912643	-0.000693920068
2.123199939728	-0.002457936294
2.124799966812	-0.001543136081
2.126399993896	-0.002418464283
2.128000020981	-0.002645280212
2.129600048065	-0.002377664205
2.131199836731	-0.001227808069
2.132799863815	-0.000789504091
2.134399890900	-0.001930976170
2.135999917984	-0.002134624170
2.137599945068	-0.003320720280
2.139199972153	-0.001478992053
2.140799999237	-0.000252240017
2.142400026321	-0.001600256190
2.144000053406	-0.001677120104
2.145599842072	-0.002189840190
2.147199869156	-0.003143536160
2.148799896240	-0.001728832140
2.150399923325	-0.003329280298
2.151999950409	-0.000259776047
2.153599977493	-0.000688976026
2.155200004578	-0.002491424326
2.156800031662	-0.001459664200
2.158400058746	-0.000730624131
2.159999847412	-0.000536192034
2.161599874496	-0.004255856387
2.163199901581	-0.000803632021
2.164799928665	-0.001500912127
2.166399955750	-0.002641008236
2.167999982834	-0.001157216029
2.169600009918	-0.002690448193
2.171200037003	-0.003019360360
2.172800064087	-0.003034672234
2.174399852753	-0.000304992020
2.175999879837	-0.001821152167
2.177599906921	-0.003103440162
2.179199934006	-0.001974352170
2.180799961090	-0.000725296093
2.182399988174	-0.001783840125
2.184000015259	-0.002326992340
2.185600042343	-0.000560144079
2.187199831009	-0.003054912202
2.188799858093	-0.002230880084
2.190399885178	-0.002448960207
2.191999912262	-0.000949216017
2.193599939346	-0.001883008168
2.195199966431	-0.003526736284
2.196799993515	-0.002219632268
2.198400020599	-0.001181696076
2.200000047684	-0.001795504126
2.201599836349	-0.002033280209
2.203199863434	-0.001065328135
2.204799890518	-0.001434624079
2.206399917603	-0.003114832332
2.207999944687	-0.002636512276
2.209599971771	-0.002387008164
2.211199998856	-0.002474480309
2.212800025940	-0.003475072328
2.214400053024	-0.001245296095
2.215999841690	-0.001140080043
2.217599868774	-0.003272096394
2.219199895859	-0.002962960163
2.220799922943	-0.001955968095
2.222399950027	-0.003212272190
2.223999977112	-0.001579680131
2.225600004196	-0.000844544091
2.227200031281	-0.002784832148
2.228800058365	-0.002090800088
2.230399847031	-0.001991440076
2.231999874115	-0.002058608225
2.233599901199	-0.003833552357
2.235199928284	-0.001597824157
2.236799955368	-0.001550704124
2.238399982452	-0.003044288373
2.240000009537	-0.002557632281
2.241600036621	-0.003477104241
2.243199825287	-0.003099376336
2.244799852371	-0.002567200223
2.246399879456	-0.002832192229
2.247999906540	-0.001821536222
2.249599933624	-0.001786384149
2.251199960709	-0.002569232369
2.252799987793	-0.002146816114
2.254400014877	-0.001343696145
2.256000041962	-0.003686048323
2.257599830627	-0.002989968285
2.259199857712	-0.001064000069
2.260799884796	-0.002506864257
2.262399911880	-0.005103392527
2.263999938965	-0.000867232098
2.265599966049	-0.002880320186
2.267199993134	-0.001229760121
2.268800020218	-0.003476752201
2.270400047302	-0.002753264271
2.271999835968	-0.002958720317
2.273599863052	-0.002364928136
2.275199890137	-0.002748208120
2.276799917221	-0.001177424099
2.278399944305	-0.002927296329
2.279999971390	-0.002963536186
2.281599998474	-0.003330656327
2.283200025558	-0.003644768381
2.284800052643	-0.002850784222
2.286399841309	-0.002795696259
2.287999868393	-0.002491520252
2.289599895477	-0.002057520207
2.291199922562	-0.002940096194
2.292799949646	-0.001314016175
2.294399976730	-0.001879984164
2.296000003815	-0.003080864204
2.297600030899	-0.002850928111
2.299200057983	-0.003072352149
2.300799846649	-0.002604816109
2.302399873734	-0.004230576567
2.303999900818	-0.002036656253
2.305599927902	-0.002371584065
2.307199954987	-0.003856352298
2.308799982071	-0.003035680158
2.310400009155	-0.002507856349
2.312000036240	-0.001680784160
2.313599824905	-0.004742800258
2.315199851990	-0.000918848091
2.316799879074	-0.000868288043
2.318399906158	-0.002834656276
2.319999933243	-0.001503392123
2.321599960327	-0.000481408031
2.323199987411	-0.001087952172
2.324800014496	-0.003488224233
2.326400041580	-0.002539344132
2.327999830246	-0.001944096177
2.329599857330	-0.002646800131
2.331199884415	-0.001302176039
2.332799911499	-0.003154704347
2.334399938583	-0.001785568194
2.335999965668	-0.003837712342
2.337599992752	-0.003539552214
2.339200019836	-0.001625488163
2.340800046921	-0.003314080415
2.342399835587	-0.001517712139
2.343999862671	-0.003181424225
2.345599889755	-0.003297920339
2.347199916840	-0.003786544316
2.348799943924	-0.002763296245
2.350399971008	-0.002585504204
2.351999998093	-0.001963824034
2.353600025177	-0.003377408255
2.355200052261	-0.001327232108
2.356799840927	-0.001433328143
2.358399868011	-0.001605936210
2.359999895096	-0.004489568528
2.361599922180	-0.001772384159
2.363199949265	-0.002189120278
2.364799976349	-0.002491648309
2.366400003433	-0.001908624195
2.368000030518	0.000095647985
2.369600057602	-0.004189952277
2.371199846268	-0.003326400416
2.372799873352	-0.000948016066
2.374399900436	-0.003665904282
2.375999927521	-0.002609296236
2.377599954605	-0.004162448458
2.379199981689	-0.003433648264
2.380800008774	-0.003186112270
2.382400035858	-0.002962576225
2.383999824524	-0.000960544101
2.385599851608	-0.005382064264
2.387199878693	-0.001765024150
2.388799905777	-0.002089776099
2.390399932861	-0.004353824537
2.391999959946	-0.001520000165
2.393599987030	-0.003387312172
2.395200014114	-0.003236720338
2.396800041199	-0.002576736268
2.398399829865	-0.002905360190
2.399999856949	-0.001841280144
2.401599884033	-0.002647216199
2.403199911118	-0.004217968322
2.404799938202	-0.003228592454
2.406399965286	-0.001908304170
2.407999992371	-0.002282912144
2.409600019455	-0.003087728284
2.411200046539	-0.004012752324
2.412799835205	-0.003105312120
2.414399862289	-0.001969728153
2.415999889374	-0.002992928261
2.417599916458	-0.001733504119
2.419199943542	-0.002918256214
2.420799970627	-0.004234160297
2.422399997711	-0.001999760279
2.424000024796	-0.002261568094
2.425600051880	-0.004142160527
2.427199840546	-0.003875136375
2.428799867630	-0.001871744171
2.430399894714	-0.001623840188
2.431999921799	-0.001459840103
2.433599948883	-0.001907328144
2.435199975967	-0.003641936230
2.436800003052	-0.003639248200
2.438400030136	-0.002665744163
2.440000057220	-0.001932704239
2.441599845886	-0.002849024255
2.443199872971	-0.003661568277
2.444799900055	-0.001874384121
2.446399927139	-0.004072464537
2.447999954224	-0.003738992382
2.449599981308	-0.002380080288
2.451200008392	-0.002312640194
2.452800035477	-0.003789056325
2.454399824142	-0.004098240286
2.455999851227	-0.003510656301
2.457599878311	-0.000910960080
2.459199905396	-0.002243232215
2.460799932480	-0.001821520156
2.462399959564	-0.002394096227
2.463999986649	-0.002550240140
2.465600013733	-0.002502896357
2.467200040817	-0.002167984145
2.468799829483	-0.002140896162
2.470399856567	-0.003056576243
2.471999883652	-0.002742288169
2.473599910736	-0.001435888116
2.475199937820	-0.003370672232
2.476799964905	-0.002459088108
2.478399991989	-0.001497776131
2.480000019073	-0.001643120078
2.481600046158	-0.005534768570
2.483199834824	-0.002159264171
2.484799861908	-0.002247152152
2.486399888992	-0.002961424179
2.487999916077	-0.002993520349
2.489599943161	-0.001374848071
2.491199970245	-0.001158096129
2.492799997330	-0.003704512259
2.494400024414	-0.002301984234
2.496000051498	-0.002168464242
2.497599840164	-0.002382896142
2.499199867249	-0.003884560429
2.500799894333	-0.003824560437
2.502399921417	-0.003233344294
2.503999948502	-0.002243312309
2.505599975586	-0.002657296369
2.507200002670	-0.002133536153
2.508800029755	-0.001453392091
2.510399818420	-0.003103328403
2.511999845505	-0.003715392202
2.513599872589	-0.002244080184
2.515199899673	-0.003919568378
2.516799926758	-0.001633440144
2.518399953842	-0.001809792127
2.519999980927	-0.003236512421
2.521600008011	-0.002891552169
2.523200035095	-0.003139312146
2.524799823761	-0.002524864161
2.526399850845	-0.003783024382
2.527999877930	-0.004582608584
2.529599905014	-0.002010784112
2.531199932098	-0.003090432147
2.532799959183	-0.002506704303
2.534399986267	-0.003155360231
2.536000013351	-0.003128048265
2.537600040436	-0.005414384417
2.539199829102	-0.002958304249
2.540799856186	-0.001294976100
2.542399883270	-0.002497280249
2.543999910355	-0.003992608283
2.545599937439	-0.003109936370
2.547199964523	-0.002850160236
2.548799991608	-0.002530768281
2.550400018692	-0.003246912267
2.552000045776	-0.004814448301
2.553599834442	-0.004877072293
2.555199861526	-0.002735520247
2.556799888611	-0.003251040354
2.558399915695	-0.002001488116
2.559999942780	-0.004922256339
2.561599969864	-0.004086768255
2.563199996948	-0.002610144205
2.564800024033	-0.003903248347
2.566400051117	-0.004050448537
2.567999839783	-0.001413712162
2.569599866867	-0.001696432126
2.571199893951	-0.003829808207
2.572799921036	-0.003239728278
2.574399948120	-0.002331520198
2.575999975204	-0.002669056179
2.577600002289	-0.003631936386
2.579200029373	-0.000758112059
2.580799818039	-0.002086848253
2.582399845123	-0.002886768198
2.583999872208	-0.002527840203
2.585599899292	-0.002515472239
2.587199926376	-0.002516752109
2.588799953461	-0.003479728242
2.590399980545	-0.001835792209
2.592000007629	-0.002988896333
2.593600034714	-0.003410816193
2.595199823380	-0.003631968284
2.596799850464	-0.003491744399
2.598399877548	-0.002467056271
2.599999904633	-0.002172688255
2.601599931717	-0.002024864079
2.603199958801	-0.004222560208
2.604799985886	-0.001771808136
2.606400012970	-0.002233328065
2.608000040054	-0.004621712491
2.609599828720	-0.003314352361
2.611199855804	-0.002905872185
2.612799882889	-0.002428880194
2.614399909973	-0.003114816267
2.615999937057	-0.001008032123
2.617599964142	-0.003515824210
2.619199991226	-0.002402240178
2.620800018311	-0.002836448373
2.622400045395	-0.001097200089
2.623999834061	-0.003738496220
2.625599861145	-0.004338976461
2.627199888229	-0.002127776155
2.628799915314	-0.002645408269
2.630399942398	-0.003322528210
2.631999969482	-0.001655936125
2.633599996567	-0.003183920169
2.635200023651	-0.002685168292
2.636800050735	-0.002928768285
2.638399839401	-0.003704912262
2.639999866486	-0.002853728132
2.641599893570	-0.003965600394
2.643199920654	-0.002741952194
2.644799947739	-0.004617456347
2.646399974823	-0.002494448097
2.648000001907	-0.002517744200
2.649600028992	-0.001223504078
2.651199817657	-0.001487952191
2.652799844742	-0.003324176185
2.654399871826	-0.003139104228
2.655999898911	-0.001546272077
2.657599925995	-0.002848864300
2.659199953079	-0.002602400258
2.660799980164	-0.001454848098
2.662400007248	-0.002361152321
2.664000034332	-0.004130928311
2.665599822998	-0.002618128201
2.667199850082	-0.002652832307
2.668799877167	-0.002882656176
2.670399904251	-0.003179024206
2.671999931335	-0.003835952375
2.673599958420	-0.002195616253
2.675199985504	-0.002911920194
2.676800012589	-0.003633360378
2.678400039673	-0.002210384235
2.679999828339	-0.003188928356
2.681599855423	-0.004496592563
2.683199882507	-0.001895824214
2.684799909592	-0.002626416273
2.686399936676	-0.002603760222
2.687999963760	-0.004988544155
2.689599990845	-0.001078512170
2.691200017929	-0.002243936295
2.692800045013	-0.001811744180
2.694399833679	-0.004700848367
2.695999860764	-0.002061232226
2.697599887848	-0.002680016216
2.699199914932	-0.001747600036
2.700799942017	-0.002029680181
2.702399969101	-0.004824208561
2.703999996185	-0.002460048301
2.705600023270	-0.003245680360
2.707200050354	-0.001224416075
2.708799839020	-0.002966128290
2.710399866104	-0.003638064256
2.711999893188	-0.002411808120
2.713599920273	-0.002628432121
2.715199947357	-0.002869184129
2.716799974442	-0.003922512289
2.718400001526	-0.003367632395
2.720000028610	-0.002329744166
2.721599817276	-0.003500048304
2.723199844360	-0.003398752306
2.724799871445	-0.003929312341
2.726399898529	-0.002255680040
2.727999925613	-0.003552112263
2.729599952698	-0.003551648231
2.731199979782	-0.003839120269
2.732800006866	-0.002850304125
2.734400033951	-0.003143696347
2.735999822617	-0.003644528333
2.737599849701	-0.002030752134
2.739199876785	-0.003076704219
2.740799903870	-0.002829248318
2.742399930954	-0.003298848169
2.743999958038	-0.003153456142
2.745599985123	-0.003050784348
2.747200012207	-0.003450960387
2.748800039291	-0.003693600418
2.750399827957	-0.005596832372
2.751999855042	-0.003216576297
2.753599882126	-0.003378688358
2.755199909210	-0.003569808323
2.756799936295	-0.003274464281
2.758399963379	-0.001498240163
2.759999990463	-0.001939072157
2.761600017548	-0.004364704248
2.763200044632	-0.003026144346
2.764799833298	-0.002529280260
2.766399860382	-0.002941232175
2.767999887466	-0.002889744239
2.769599914551	-0.004256624263
2.771199941635	-0.003258416196
2.772799968719	-0.003332016291
2.774399995804	-0.002083600266
2.776000022888	-0.004825696349
2.777599811554	-0.003033072222
2.779199838638	-0.002845376264
2.780799865723	-0.004018048290
2.782399892807	-0.004054176155
2.783999919891	-0.002050416078
2.785599946976	-0.003176272148
2.787199974060	-0.004436832387
2.788800001144	-0.002483760240
2.790400028229	-0.003584432416
2.791999816895	-0.003490736242
2.793599843979	-0.004224576522
2.795199871063	-0.002544400282
2.796799898148	-0.001465760171
2.798399925232	-0.003490944393
2.799999952316	-0.002671728143
2.801599979401	-0.002465504222
2.803200006485	-0.003328496357
2.804800033569	-0.001901648124
2.806399822235	-0.004049056210
2.807999849319	-0.003578528296
2.809599876404	-0.001926128170
2.811199903488	-0.002949456219
2.812799930573	-0.003784720320
2.814399957657	-0.003523040330
2.815999984741	-0.001584400190
2.817600011826	-0.002105776221
2.819200038910	-0.003304128302
2.820799827576	-0.004139280412
2.822399854660	-0.002913232194
2.823999881744	-0.002515248256
2.825599908829	-0.003252800321
2.827199935913	-0.003785328241
2.828799962997	-0.002429184271
2.830399990082	-0.003903952427
2.832000017166	-0.004165152553
2.833600044250	-0.003399984213
2.835199832916	-0.001472048112
2.836799860001	-0.003796416335
2.838399887085	-0.004429264460
2.839999914169	-0.002757088281
2.841599941254	-0.003008912317
2.843199968338	-0.002177792136
2.844799995422	-0.002776016248
2.846400022507	-0.003504464403
2.847999811172	-0.003576896386
2.849599838257	-0.003984320443
2.851199865341	-0.003183264285
2.852799892426	-0.003282624297
2.854399919510	-0.002315520076
2.855999946594	-0.003672704333
2.857599973679	-0.003756720340
2.859200000763	-0.002129440196
2.860800027847	-0.004920288455
2.862399816513	-0.003873456270
2.863999843597	-0.003197920276
2.865599870682	-0.002614144236
2.867199897766	-0.003090416314
2.868799924850	-0.002636144171
2.870399951935	-0.001756544109
2.871999979019	-0.002853504149
2.873600006104	-0.004255280364
2.875200033188	-0.002856304171
2.876799821854	-0.005262016319
2.878399848938	-0.003609600244
2.879999876022	-0.002161392244
2.881599903107	-0.004478560295
2.883199930191	-0.004589856602
2.884799957275	-0.000533040089
2.886399984360	-0.004076560494
2.888000011444	-0.002200480085
2.889600038528	-0.004705216270
2.891199827194	-0.002421760233
2.892799854279	-0.003926336300
2.894399881363	-0.003889184212
2.895999908447	-0.003119168337
2.897599935532	-0.004419520497
2.899199962616	-0.003115696134
2.900799989700	-0.001771232113
2.902400016785	-0.002471232321
2.904000043869	-0.001227424131
2.905599832535	-0.003299616277
2.907199859619	-0.003399456386
2.908799886703	-0.002836880274
2.910399913788	-0.003739904379
2.911999940872	-0.003164144233
2.913599967957	-0.004287008196
2.915199995041	-0.003993600141
2.916800022125	-0.004672912415
2.918399810791	-0.004902016371
2.919999837875	-0.002354352269
2.921599864960	-0.004533376545
2.923199892044	-0.003256448312
2.924799919128	-0.003415664192
2.926399946213	-0.004671888426
2.927999973297	-0.003410944249
2.929600000381	-0.001822128193
2.931200027466	-0.004186880309
2.932799816132	-0.002830976155
2.934399843216	-0.004627152346
2.935999870300	-0.002752656350
2.937599897385	-0.002141808160
2.939199924469	-0.003912784159
2.940799951553	-0.002195968060
2.942399978638	-0.002573744161
2.944000005722	-0.002119456185
2.945600032806	-0.004096752498
2.947199821472	-0.003359104274
2.948799848557	-0.004362976179
2.950399875641	-0.004184192512
2.951999902725	-0.003451488214
2.953599929810	-0.004398352467
2.955199956894	-0.003877968295
2.956799983978	-0.002474016277
2.958400011063	-0.004407168366
2.960000038147	-0.002570032142
2.961599826813	-0.003946480341
2.963199853897	-0.004562640563
2.964799880981	-0.003625280224
2.966399908066	-0.004388576373
2.967999935150	-0.002689648187
2.969599962234	-0.004262304399
2.971199989319	-0.003340720199
2.972800016403	-0.003794224234
2.974400043488	-0.005148160271
2.975999832153	-0.002159664175
2.977599859238	-0.004653536249
2.979199886322	-0.004339120351
2.980799913406	-0.002880352316
2.982399940491	-0.003537376178
2.983999967575	-0.004512528423
2.985599994659	-0.002511136234
2.987200021744	-0.003109840211
2.988799810410	-0.004266912118
2.990399837494	-0.004119040444
2.991999864578	-0.003252480179
2.993599891663	-0.004744848236
2.995199918747	-0.004049840383
2.996799945831	-0.004876144230
2.998399972916	-0.003923200071
3.000000000000	-0.002612160286
3.001600027084	-0.001713328180
3.003199815750	-0.005337040406
3.004799842834	-0.004581152461
3.006399869919	-0.002857392188
3.007999897003	-0.002941568382
3.009599924088	-0.006377328653
3.011199951172	-0.003846592270
3.012799978256	-0.003069936298
3.014400005341	-0.005421152338
3.016000032425	-0.003366672201
3.017599821091	-0.003682512324
3.019199848175	-0.002326352289
3.020799875259	-0.004502704367
3.022399902344	-0.003195824334
3.023999929428	-0.003865760285
3.025599956512	-0.002185408259
3.027199983597	-0.004917440470
3.028800010681	-0.003331520362
3.030400037766	-0.003349760314
3.031999826431	-0.003777904203
3.033599853516	-0.003864256199
3.035199880600	-0.003852768335
3.036799907684	-0.003061040305
3.038399934769	-0.003853856353
3.039999961853	-0.004154784605
3.041599988937	-0.002638320206
3.043200016022	-0.003649728373
3.044799804687	-0.004471152555
3.046399831772	-0.004833456594
3.047999858856	-0.004485760350
3.049599885941	-0.003495168174
3.051199913025	-0.003737008199
3.052799940109	-0.003123104339
3.054399967194	-0.003176704282
3.055999994278	-0.003372800304
3.057600021362	-0.002996944124
3.059199810028	-0.002834560350
3.060799837112	-0.005070048384
3.062399864197	-0.004195488524
3.063999891281	-0.004357616417
3.065599918365	-0.004826080520
3.067199945450	-0.004542352166
3.068799972534	-0.001908400096
3.070399999619	-0.001342768082
3.072000026703	-0.005449904595
3.073599815369	-0.004237680230
3.075199842453	-0.002625584137
3.076799869537	-0.001973600127
3.078399896622	-0.003166528186
3.079999923706	-0.005043088458
3.081599950790	-0.004437664524
3.083199977875	-0.002579072258
3.084800004959	-0.002746320097
3.086400032043	-0.004347808193
3.087999820709	-0.004475424532
3.089599847794	-0.003485728288
3.091199874878	-0.002316352213
3.092799901962	-0.003170544282
3.094399929047	-0.004861152265
3.095999956131	-0.003650944214
3.097599983215	-0.004301360343
3.099200010300	-0.003691184334
3.100800037384	-0.003779232269
3.102399826050	-0.006076912396
3.103999853134	-0.003755680285
3.105599880219	-0.003963680472
3.107199907303	-0.003591680201
3.108799934387	-0.002650432289
3.110399961472	-0.003895392409
3.111999988556	-0.003996960353
3.113600015640	-0.003862240352
3.115199804306	-0.002954000374
3.116799831390	-0.003368800273
3.118399858475	-0.003067136277
3.119999885559	-0.004631200340
3.121599912643	-0.005201888271
3.123199939728	-0.004728800151
3.124799966812	-0.004396816250
3.126399993896	-0.002931312192
3.128000020981	-0.003980272450
3.129599809647	-0.005065840669
3.131199836731	-0.003333888249
3.132799863815	-0.002700704150
3.134399890900	-0.004185136408
3.135999917984	-0.004943088628
3.137599945068	-0.004229920451
3.139199972153	-0.004276000429
3.140799999237	-0.003280880162
3.142400026321	-0.004702368286
3.143999814987	-0.003819456324
3.145599842072	-0.003075840184
3.147199869156	-0.004971232265
3.148799896240	-0.004480192438
3.150399923325	-0.003192848293
3.151999950409	-0.002518816153
3.153599977493	-0.004412112292
3.155200004578	-0.003347360296
3.156800031662	-0.003101184266
3.158399820328	-0.003715584287
3.159999847412	-0.002678112127
3.161599874496	-0.004292592406
3.163199901581	-0.004545376170
3.164799928665	-0.004632960539
3.166399955750	-0.003213568358
3.167999982834	-0.004286560230
3.169600009918	-0.004171472508
3.171200037003	-0.003496096237
3.172799825668	-0.004073792137
3.174399852753	-0.002478672192
3.175999879837	-0.003503520275
3.177599906921	-0.003866176354
3.179199934006	-0.005496192258
3.180799961090	-0.005271520466
3.182399988174	-0.003262176178
3.184000015259	-0.004102944396
3.185599803925	-0.003121152287
3.187199831009	-0.002726384206
3.188799858093	-0.004677504301
3.190399885178	-0.004086176399
3.191999912262	-0.002341424115
3.193599939346	-0.003928384278
3.195199966431	-0.003910368308
3.196799993515	-0.002607392380
3.198400020599	-0.004846800584
3.199999809265	-0.005108416546
3.201599836349	-0.003118752269
3.203199863434	-0.004984192550
3.204799890518	-0.005781408399
3.206399917603	-0.003084160388
3.207999944687	-0.002906720387
3.209599971771	-0.004809920210
3.211199998856	-0.003555072239
3.212800025940	-0.002782112220
3.214399814606	-0.005334112328
3.215999841690	-0.004495712463
3.217599868774	-0.004884720314
3.219199895859	-0.003903728444
3.220799922943	-0.004601216409
3.222399950027	-0.003673856379
3.223999977112	-0.004636624362
3.225600004196	-0.003446288407
3.227200031281	-0.006412304472
3.228799819946	-0.004184384365
3.230399847031	-0.003531648312
3.231999874115	-0.005163280293
3.233599901199	-0.003774448298
3.235199928284	-0.002718240255
3.236799955368	-0.004906688351
3.238399982452	-0.005025840364
3.240000009537	-0.003069072263
3.241600036621	-0.004211920314
3.243199825287	-0.002087200293
3.244799852371	-0.005277776625
3.246399879456	-0.004016480409
3.247999906540	-0.002056432189
3.249599933624	-0.003262384329
3.251199960709	-0.002889232244
3.252799987793	-0.004823120311
3.254400014877	-0.002419200260
3.255999803543	-0.005308752414
3.257599830627	-0.003016656265
3.259199857712	-0.004592448473
3.260799884796	-0.002768240171
3.262399911880	-0.004643888213
3.263999938965	-0.003106688382
3.265599966049	-0.003445296315
3.267199993134	-0.004364608321
3.268800020218	-0.003411856247
3.270399808884	-0.004023056477
3.271999835968	-0.004376272205
3.273599863052	-0.003825312247
3.275199890137	-0.004872640595
3.276799917221	-0.003144240240
3.278399944305	-0.004015984479
3.279999971390	-0.002822752111
3.281599998474	-0.002169008134
3.283200025558	-0.003450896358
3.284799814224	-0.005094784312
3.286399841309	-0.002519136295
3.287999868393	-0.003845488420
3.289599895477	-0.003783856286
3.291199922562	-0.003153072204
3.292799949646	-0.001910288120
3.294399976730	-0.004512400366
3.296000003815	-0.004825152457
3.297600030899	-0.003068896243
3.299199819565	-0.004534128588
3.300799846649	-0.004865200259
3.302399873734	-0.002160608303
3.303999900818	-0.005412512459
3.305599927902	-0.003736256156
3.307199954987	-0.002030752134
3.308799982071	-0.004643904511
3.310400009155	-0.004389888607
3.311999797821	-0.003797984216
3.313599824905	-0.004186624195
3.315199851990	-0.004938368220
3.316799879074	-0.003832848277
3.318399906158	-0.002426384250
3.319999933243	-0.005497856531
3.321599960327	-0.004102432169
3.323199987411	-0.003736448241
3.324800014496	-0.004585776478
3.326399803162	-0.003745376365
3.327999830246	-0.003971936181
3.329599857330	-0.005016112234
3.331199884415	-0.005050096195
3.332799911499	-0.002667584224
3.334399938583	-0.002950448310
3.335999965668	-0.005069008563
3.337599992752	-0.004551872145
3.339200019836	-0.002979408251
3.340799808502	-0.003979904111
3.342399835587	-0.004108688328
3.343999862671	-0.004460560158
3.345599889755	-0.005025120452
3.347199916840	-0.004835312255
3.348799943924	-0.002974320203
3.350399971008	-0.004632592667
3.351999998093	-0.004760960583
3.353600025177	-0.004783616401
3.355199813843	-0.003559328150
3.356799840927	-0.005021904595
3.358399868011	-0.004701200407
3.359999895096	-0.004650160205
3.361599922180	-0.004401632585
3.363199949265	-0.005210208241
3.364799976349	-0.002046336187
3.366400003433	-0.005117520224
3.368000030518	-0.004596192390
3.369599819183	-0.003351200372
3.371199846268	-0.004376256373
3.372799873352	-0.006946288515
3.374399900436	-0.005096128210
3.375999927521	-0.004835504573
3.377599954605	-0.004345088266
3.379199981689	-0.006066192407
3.380800008774	-0.002085280139
3.382399797440	-0.003932128195
3.383999824524	-0.003601840232
3.385599851608	-0.004419952631
3.387199878693	-0.003636720357
3.388799905777	-0.003639072413
3.390399932861	-0.003412480233
3.391999959946	-0.004684944171
3.393599987030	-0.004178144503
3.395200014114	-0.003783744294
3.396799802780	-0.004681520164
3.398399829865	-0.005803152453
3.399999856949	-0.004059104249
3.401599884033	-0.002122736303
3.403199911118	-0.004475568421
3.404799938202	-0.004466000479
3.406399965286	-0.004518176429
3.407999992371	-0.003254720243
3.409600019455	-0.002795104170
3.411199808121	-0.005298080388
3.412799835205	-0.004041616339
3.414399862289	-0.004715680610
3.415999889374	-0.004773344379
3.417599916458	-0.004816320259
3.419199943542	-0.001943744137
3.420799970627	-0.003955744207
3.422399997711	-0.004868352320
3.424000024796	-0.004809024278
3.425599813461	-0.003964160103
3.427199840546	-0.006092176307
3.428799867630	-0.004879680462
3.430399894714	-0.003754496342
3.431999921799	-0.003124528332
3.433599948883	-0.004571952391
3.435199975967	-0.004299408291
3.436800003052	-0.004033168312
3.438400030136	-0.002564688213
3.439999818802	-0.001191456104
3.441599845886	-0.007036944386
3.443199872971	-0.005568864290
3.444799900055	-0.003411328187
3.446399927139	-0.004413744435
3.447999954224	-0.006981168408
3.449599981308	-0.004195904359
3.451200008392	0.006394784432
