0.000000000000	0.013018593192
0.001599999960	0.013218625449
0.003199999919	0.012684049085
0.004799999762	0.013308017515
0.006399999838	0.011402096599
0.007999999449	0.011836816557
0.009599999525	0.013276209123
0.011199999601	0.011661024764
0.012799999677	0.013811041601
0.014399999753	0.012459568679
0.015999998897	0.010644272901
0.017599999905	0.012440784834
0.019199999049	0.012933488935
0.020800000057	0.012154352851
0.022399999201	0.010632256977
0.024000000209	0.011504496448
0.025599999353	0.009788896888
0.027199998498	0.012761873193
0.028799999505	0.012014608830
0.030399998650	0.011777697131
0.031999997795	0.010616608895
0.033599998802	0.011892881244
0.035199999809	0.012166192755
0.036800000817	0.009474192746
0.038399998099	0.011573744938
0.039999999106	0.009750864469
0.041600000113	0.011307968758
0.043199997395	0.012735169381
0.044799998403	0.011225841008
0.046399999410	0.011241792701
0.048000000417	0.012212865055
0.049599997699	0.010561648756
0.051199998707	0.009913057089
0.052799999714	0.011090944521
0.054399996996	0.011994416825
0.055999998003	0.010831808671
0.057599999011	0.009811328724
0.059200000018	0.010993872769
0.060799997300	0.009726000950
0.062399998307	0.010792529210
0.063999995589	0.010761072859
0.065600000322	0.010771408677
0.067199997604	0.010735376738
0.068799994886	0.009158721194
0.070399999619	0.010877825320
0.071999996901	0.009049233049
0.073600001633	0.009741152637
0.075199998915	0.009206384420
0.076799996197	0.010572193190
0.078400000930	0.008409952745
0.079999998212	0.010779952630
0.081599995494	0.009393825196
0.083200000226	0.010370801203
0.084799997509	0.009175856598
0.086399994791	0.008333392441
0.087999999523	0.009847712703
0.089599996805	0.009898496792
0.091199994087	0.008457520977
0.092799998820	0.010469680652
0.094399996102	0.008644688874
0.096000000834	0.009457024746
0.097599998116	0.008506353013
0.099199995399	0.010010993108
0.100800000131	0.009219937027
0.102399997413	0.008462752216
0.103999994695	0.010360321030
0.105599999428	0.008586673066
0.107199996710	0.008142944425
0.108799993992	0.008085104637
0.110399998724	0.008082864806
0.111999996006	0.009850016795
0.113600000739	0.008151472546
0.115199998021	0.009903633036
0.116799995303	0.007906720974
0.118400000036	0.009894160554
0.119999997318	0.008085120469
0.121599994600	0.006887312513
0.123199999332	0.007958768867
0.124799996614	0.007429056801
0.126399993896	0.007570576854
0.127999991179	0.007696544752
0.129600003362	0.009423265234
0.131200000644	0.008546208963
0.132799997926	0.006697504316
0.134399995208	0.007700688671
0.135999992490	0.010155856609
0.137599989772	0.007559952792
0.139200001955	0.009025552310
0.140799999237	0.007848897018
0.142399996519	0.008205601014
0.143999993801	0.006516400725
0.145599991083	0.008476960473
0.147200003266	0.007123184390
0.148800000548	0.007484992500
0.150399997830	0.008767168969
0.151999995112	0.008971056901
0.153599992394	0.006857600529
0.155199989676	0.005503040273
0.156800001860	0.006915600505
0.158399999142	0.006522080395
0.159999996424	0.009340592660
0.161599993706	0.007834336720
0.163199990988	0.006725360639
0.164800003171	0.007242560852
0.166400000453	0.007098304573
0.167999997735	0.006415744778
0.169599995017	0.007722080685
0.171199992299	0.005669872276
0.172799989581	0.007252624724
0.174400001764	0.007770896424
0.175999999046	0.007330224849
0.177599996328	0.007865040563
0.179199993610	0.008094816469
0.180799990892	0.007281360682
0.182399988174	0.006354560610
0.184000000358	0.006530704442
0.185599997640	0.006278160494
0.187199994922	0.006914976519
0.188799992204	0.009002928622
0.190399989486	0.007631184533
0.192000001669	0.005819360260
0.193599998951	0.007361824624
0.195199996233	0.009359968826
0.196799993515	0.005557840224
0.198399990797	0.006897824351
0.199999988079	0.006860224530
0.201600000262	0.008238752373
0.203199997544	0.006506928708
0.204799994826	0.007984944619
0.206399992108	0.007037904579
0.207999989390	0.007678992581
0.209600001574	0.007154416759
0.211199998856	0.005666928366
0.212799996138	0.005253616255
0.214399993420	0.006093856413
0.215999990702	0.005138064269
0.217599987984	0.005537536461
0.219200000167	0.005298560485
0.220799997449	0.005162512418
0.222399994731	0.006161184516
0.223999992013	0.005413648207
0.225599989295	0.007687760517
0.227200001478	0.004726224579
0.228799998760	0.006871648598
0.230399996042	0.006846192759
0.231999993324	0.006327968556
0.233599990606	0.004418912344
0.235199987888	0.006148112472
0.236800000072	0.006182064302
0.238399997354	0.004443552345
0.239999994636	0.004415920470
0.241599991918	0.005965824705
0.243199989200	0.006582832430
0.244799986482	0.007356960792
0.246399998665	0.006719264667
0.247999995947	0.004044832196
0.249599993229	0.007207904477
0.251199990511	0.006063472480
0.252799987793	0.006253104657
0.254399985075	0.005093360320
0.255999982357	0.006852272432
0.257599979639	0.006004144438
0.259200006723	0.006912464742
0.260800004005	0.005520560313
0.262400001287	0.004870576318
0.263999998569	0.004573728424
0.265599995852	0.006285168696
0.267199993134	0.005312048364
0.268799990416	0.004613984376
0.270399987698	0.006621360313
0.271999984980	0.006905504502
0.273599982262	0.004752672277
0.275199979544	0.005065392237
0.276800006628	0.006208048668
0.278400003910	0.005497104488
0.280000001192	0.005267728586
0.281599998474	0.006001856644
0.283199995756	0.005286128260
0.284799993038	0.005331952590
0.286399990320	0.006913856603
0.287999987602	0.005947296508
0.289599984884	0.003920784220
0.291199982166	0.004778128583
0.292799979448	0.003819728270
0.294400006533	0.004142800346
0.296000003815	0.005312544294
0.297600001097	0.004476608243
0.299199998379	0.005751744378
0.300799995661	0.004562352318
0.302399992943	0.006293552462
0.303999990225	0.003841680242
0.305599987507	0.007413872518
0.307199984789	0.005862224381
0.308799982071	0.003867216175
0.310399979353	0.005520496517
0.312000006437	0.006651984528
0.313600003719	0.006755936425
0.315200001001	0.004869120196
0.316799998283	0.005020592362
0.318399995565	0.002443376230
0.319999992847	0.005573632661
0.321599990129	0.005991488695
0.323199987411	0.003265888197
0.324799984694	0.004267792217
0.326399981976	0.006702336483
0.327999979258	0.005016944371
0.329600006342	0.005904560443
0.331200003624	0.004737632349
0.332800000906	0.003001888283
0.334399998188	0.004779264331
0.335999995470	0.004477184266
0.337599992752	0.004050464369
0.339199990034	0.001744464156
0.340799987316	0.006016272586
0.342399984598	0.004076544195
0.343999981880	0.003151728306
0.345599979162	0.004344928544
0.347199976444	0.003568544285
0.348800003529	0.004690592643
0.350400000811	0.006582048722
0.351999998093	0.004560016561
0.353599995375	0.003218320198
0.355199992657	0.005750816315
0.356799989939	0.004702160601
0.358399987221	0.005313600414
0.359999984503	0.003959008493
0.361599981785	0.005413280334
0.363199979067	0.002624464221
0.364799976349	0.004710992333
0.366400003433	0.006367360707
0.368000000715	0.005196016282
0.369599997997	0.004458512180
0.371199995279	0.003243056359
0.372799992561	0.005741728470
0.374399989843	0.004963280633
0.375999987125	0.005099024624
0.377599984407	0.003144608345
0.379199981689	0.005865168292
0.380799978971	0.003707392374
0.382399976254	0.004347872455
0.384000003338	0.003462064313
0.385600000620	0.004540912341
0.387199997902	0.004211552441
0.388799995184	0.003132688347
0.390399992466	0.003960144240
0.391999989748	0.004757088609
0.393599987030	0.004136336502
0.395199984312	0.003213440301
0.396799981594	0.004209952429
0.398399978876	0.004100928549
0.399999976158	0.002685168292
0.401600003242	0.004920752253
0.403200000525	0.003557584248
0.404799997807	0.003726368304
0.406399995089	0.004921616521
0.407999992371	0.003615568392
0.409599989653	0.004165664315
0.411199986935	0.002146960236
0.412799984217	0.003779392224
0.414399981499	0.004320400301
0.415999978781	0.004426288418
0.417599976063	0.003521552309
0.419200003147	0.003647952341
0.420800000429	0.005524544511
0.422399997711	0.002829840174
0.423999994993	0.002419520169
0.425599992275	0.003358448157
0.427199989557	0.004164912272
0.428799986839	0.005142928567
0.430399984121	0.003415424377
0.431999981403	0.004272272345
0.433599978685	0.002565168077
0.435199975967	0.006607552525
0.436800003052	0.004393920302
0.438400000334	0.003648768412
0.439999997616	0.002239920199
0.441599994898	0.002710240195
0.443199992180	0.005398592446
0.444799989462	0.003034672234
0.446399986744	0.002196272137
0.447999984026	0.002814832143
0.449599981308	0.002563952236
0.451199978590	0.004635744262
0.452799975872	0.003065664321
0.454400002956	0.003347616177
0.456000000238	0.003672992345
0.457599997520	0.004400416277
0.459199994802	0.004709440283
0.460799992085	0.001814736053
0.462399989367	0.004866736475
0.463999986649	0.003001728328
0.465599983931	0.003398224246
0.467199981213	0.002768128179
0.468799978495	0.004748896230
0.470399975777	0.003724032314
0.472000002861	0.003941040486
0.473600000143	0.002841696143
0.475199997425	0.003002512269
0.476799994707	0.005751872435
0.478399991989	0.004421632271
0.479999989271	0.003646128345
0.481599986553	0.002854496241
0.483199983835	0.004228672478
0.484799981117	0.005441744346
0.486399978399	0.003008624306
0.487999975681	0.002408944303
0.489599972963	0.003055888228
0.491200000048	0.003356976202
0.492799997330	0.003913104534
0.494399994612	0.004386864137
0.495999991894	0.002851168159
0.497599989176	0.003336448222
0.499199986458	0.003951408435
0.500800013542	0.003950016107
0.502399981022	0.002073616255
0.504000008106	0.003945136443
0.505599975586	0.004636656493
0.507200002670	0.001414656057
0.508799970150	0.004368144087
0.510399997234	0.001846320112
0.511999964714	0.006278096698
0.513599991798	0.003375936300
0.515199959278	0.003008320229
0.516799986362	0.001203312073
0.518400013447	0.004149088170
0.519999980927	0.003807488363
0.521600008011	0.002517280169
0.523199975491	0.002488240134
0.524800002575	0.001831504167
0.526399970055	0.004596048500
0.527999997139	0.004293472506
0.529599964619	0.004695584532
0.531199991703	0.003641408402
0.532799959183	0.002289440250
0.534399986267	0.005178736523
0.536000013351	0.004074448254
0.537599980831	0.004274048377
0.539200007915	0.003342016367
0.540799975395	0.004469584208
0.542400002480	0.001247312059
0.543999969959	0.003054400207
0.545599997044	0.003760224208
0.547199964523	0.002512976294
0.548799991608	0.005183328409
0.550399959087	0.002673392184
0.551999986172	0.003355136374
0.553600013256	0.003886112245
0.555199980736	0.003317072289
0.556800007820	0.003453824203
0.558399975300	0.002798480215
0.560000002384	0.002621760126
0.561599969864	0.003604544327
0.563199996948	0.002593296114
0.564799964428	0.003679296235
0.566399991512	0.001616832102
0.567999958992	0.003688240191
0.569599986076	0.003631248372
0.571200013161	0.001317728078
0.572799980640	0.002633632161
0.574400007725	0.002202672185
0.575999975204	0.002638528123
0.577600002289	0.001526096137
0.579199969769	0.002642304171
0.580799996853	0.003929808270
0.582399964333	0.002841968322
0.583999991417	0.002128832275
0.585599958897	0.003375744214
0.587199985981	0.003510720329
0.588800013065	0.003826144384
0.590399980545	0.002422000282
0.592000007629	0.003100752132
0.593599975109	0.003600176191
0.595200002193	0.002104048152
0.596799969673	0.003642960219
0.598399996758	0.003314384259
0.599999964237	0.002954528201
0.601599991322	0.001433376106
0.603199958801	0.004135760479
0.604799985886	0.002223856049
0.606400012970	0.001288848114
0.607999980450	0.003014704213
0.609600007534	0.003322096309
0.611199975014	0.001382064074
0.612800002098	0.002719504293
0.614399969578	0.005579520483
0.615999996662	0.002785344142
0.617599964142	0.001520272112
0.619199991226	0.006529600359
0.620799958706	0.002525776159
0.622399985790	0.001186096109
0.624000012875	0.001539760036
0.625599980354	0.003304368351
0.627200007439	0.002720832126
0.628799974918	0.004122064449
0.630400002003	0.003107328201
0.631999969482	0.001443904126
0.633599996567	0.004916816484
0.635199964046	0.003353824141
0.636799991131	0.003986384254
0.638399958611	0.001246640109
0.639999985695	0.001858416130
0.641600012779	-0.000057232039
0.643199980259	0.004525296390
0.644800007343	0.005593280308
0.646399974823	0.000795472064
0.648000001907	0.000160160009
0.649599969387	0.001439408166
0.651199996471	0.003728048410
0.652799963951	0.003707232419
0.654399991035	0.003068016376
0.655999958515	-0.000073696014
0.657599985600	0.003377920249
0.659200012684	0.005124880467
0.660799980164	0.004177744500
0.662400007248	0.000445679994
0.663999974728	0.002763616154
0.665600001812	0.003033040324
0.667199969292	0.002300352091
0.668799996376	0.003225152148
0.670399963856	0.000689120148
0.671999990940	0.002314464189
0.673599958420	0.001641568146
0.675199985504	0.004105664324
0.676800012589	0.000517840032
0.678399980068	0.002086416120
0.680000007153	0.003506128211
0.681599974632	-0.000409376022
0.683200001717	0.003637248417
0.684799969196	0.000633408024
0.686399996281	0.004201376345
0.687999963760	0.002428912325
0.689599990845	0.002160960110
0.691199958324	0.000927600020
0.692799985409	0.003617680399
0.694399952888	0.004374656361
0.695999979973	0.000716512091
0.697600007057	0.001298512099
0.699199974537	0.002811360173
0.700800001621	0.003524960252
0.702399969101	0.002195200184
0.703999996185	0.002121280180
0.705599963665	0.002154944232
0.707199990749	0.003334176261
0.708799958229	0.002736928174
0.710399985313	0.001578224241
0.711999952793	-0.000443312019
0.713599979877	0.001398000168
0.715200006962	0.003617792390
0.716799974442	0.001412896090
0.718400001526	0.001316144131
0.719999969006	0.001449280069
0.721599996090	0.002537040040
0.723199963570	0.002543888288
0.724799990654	0.002337424317
0.726399958134	0.000290992059
0.727999985218	0.001688240096
0.729599952698	0.003153664293
0.731199979782	0.001497696154
0.732800006866	-0.000003951996
0.734399974346	0.002221696079
0.736000001431	0.004245424177
0.737599968910	0.002730064094
0.739199995995	0.002936496167
0.740799963474	0.001191232121
0.742399990559	0.001418480068
0.743999958038	0.002359456150
0.745599985123	0.003858704353
0.747199952602	0.000783040072
0.748799979687	0.000402912090
0.750400006771	0.002928720322
0.751999974251	0.002527072327
0.753600001335	0.003679872258
0.755199968815	0.000489584054
0.756799995899	0.002732512308
0.758399963379	0.001566672116
0.759999990463	0.001790944138
0.761599957943	0.002664288273
0.763199985027	0.000514368061
0.764799952507	0.002386864275
0.766399979591	0.001670544152
0.768000006676	0.001867232146
0.769599974155	0.000977504067
0.771200001240	0.002966448199
0.772799968719	0.002328736242
0.774399995804	0.002700576093
0.775999963284	0.002050352283
0.777599990368	0.002977872267
0.779199957848	0.003065328347
0.780799984932	0.000600560044
0.782399952412	0.002585616196
0.783999979496	0.001808128203
0.785600006580	0.002817232162
0.787199974060	0.002609568182
0.788800001144	0.000011903990
0.790399968624	0.002196672140
0.791999995708	0.002510848222
0.793599963188	0.002043168060
0.795199990273	0.002399408258
0.796799957752	0.003598256269
0.798399984837	0.001112144091
0.799999952316	0.000651904091
0.801599979401	0.003121472197
0.803200006485	0.002242080169
0.804799973965	0.001274080132
0.806400001049	0.000278160005
0.807999968529	0.001656784094
0.809599995613	0.001932496089
0.811199963093	0.002580272267
0.812799990177	0.002534080297
0.814399957657	0.002363328123
0.815999984741	0.000733968045
0.817599952221	0.002041632077
0.819199979305	0.001697264146
0.820800006390	0.002156688133
0.822399973869	0.001028720057
0.824000000954	0.000371567992
0.825599968433	0.003118896158
0.827199995518	0.004853072576
0.828799962997	0.000916288060
0.830399990082	0.001638320042
0.831999957561	0.001917264191
0.833599984646	0.000770832121
0.835199952126	0.003603392281
0.836799979210	0.002613712335
0.838400006294	0.000349488051
0.839999973774	0.000572976132
0.841600000858	0.001772448188
0.843199968338	0.004425936379
0.844799995422	0.001421344117
0.846399962902	0.001313168090
0.847999989986	0.002620992251
0.849599957466	0.001782896114
0.851199984550	0.002538592089
0.852799952030	-0.000046383975
0.854399979115	0.001591856126
0.856000006199	0.002269200049
0.857599973679	0.002041040221
0.859200000763	0.001777456142
0.860799968243	0.002003504196
0.862399995327	0.001478304155
0.863999962807	0.001687824144
0.865599989891	0.001881280099
0.867199957371	-0.000279744068
0.868799984455	0.001546448097
0.870399951935	0.000761392002
0.871999979019	0.003979647998
0.873600006104	0.000445407990
0.875199973583	0.000904320099
0.876800000668	0.003165296279
0.878399968147	0.003015680239
0.879999995232	0.002145840088
0.881599962711	-0.000524688105
0.883199989796	0.001122384099
0.884799957275	0.000246448006
0.886399984360	0.001118240063
0.887999951839	0.003726976225
0.889599978924	0.000160543990
0.891200006008	0.000051951993
0.892799973488	-0.000192031992
0.894400000572	0.001201216131
0.895999968052	0.001793824136
0.897599995136	-0.000627808040
0.899199962616	0.001981056295
0.900799989700	0.001662768074
0.902399957180	0.002504784148
0.903999984264	0.000958240067
0.905599951744	0.003049744293
0.907199978828	0.003404960269
0.908800005913	0.001062512049
0.910399973392	0.001232992043
0.912000000477	0.000053263997
0.913599967957	0.001994848251
0.915199995041	-0.000242128008
0.916799962521	0.002854768187
0.918399989605	0.003046576167
0.919999957085	0.000033087981
0.921599984169	0.001489360118
0.923199951649	0.002484480152
0.924799978733	0.003151312238
0.926400005817	0.000505183998
0.927999973297	0.001105248113
0.929600000381	-0.000488240039
0.931199967861	0.001895376132
0.932799994946	0.001453360077
0.934399962425	-0.001479120110
0.935999989510	0.001349248225
0.937599956989	0.000842256064
0.939199984074	-0.000029552002
0.940799951553	0.002574896207
0.942399978638	-0.000068351983
0.944000005722	0.001000944059
0.945599973202	-0.000337664009
0.947200000286	0.002618880244
0.948799967766	0.001746320166
0.950399994850	0.001308400068
0.951999962330	0.000308144023
0.953599989414	0.001779712155
0.955199956894	0.001737536164
0.956799983978	0.000142495977
0.958399951458	0.002204432152
0.959999978542	-0.000203168020
0.961599946022	0.001914592111
0.963199973106	0.001363376039
0.964800000191	0.000829392113
0.966399967670	0.001328736078
0.967999994755	0.002486128360
0.969599962234	0.001244304120
0.971199989319	-0.000429776002
0.972799956799	0.001303264056
0.974399983883	0.002410080284
0.975999951363	0.001919536153
0.977599978447	0.002576432191
0.979199945927	0.000649583992
0.980799973011	0.002090000082
0.982400000095	0.000826367992
0.983999967575	0.001177472062
0.985599994659	0.000913952070
0.987199962139	-0.000489791972
0.988799989223	0.000313424011
0.990399956703	0.002244560048
0.991999983788	0.002531568287
0.993599951267	0.000342240033
0.995199978352	-0.000295184000
0.996799945831	0.001226304099
0.998399972916	0.002797056222
1.000000000000	0.000784848060
1.001600027084	-0.001147904084
1.003199934959	0.001988976263
1.004799962044	0.002078160178
1.006399989128	0.000829344033
1.008000016212	0.000618000049
1.009599924088	-0.000117056057
1.011199951172	0.001429168158
1.012799978256	-0.000198672016
1.014400005341	-0.000128256041
1.016000032425	0.000189728045
1.017599940300	0.000653408002
1.019199967384	0.000229488040
1.020799994469	0.001068576123
1.022400021553	0.001953520114
1.023999929428	0.001338928123
1.025599956512	0.001334048109
1.027199983597	0.001556592062
1.028800010681	-0.001255920157
1.030399918556	0.000396512070
1.031999945641	0.002114832168
1.033599972725	0.001256479998
1.035199999809	0.000969504064
1.036800026894	0.001154656056
1.038399934769	0.001650720136
1.039999961853	0.000914272096
1.041599988937	-0.000636288081
1.043200016022	0.001416240120
1.044799923897	0.002970192349
1.046399950981	0.000617951970
1.047999978065	-0.001699008164
1.049600005150	-0.000130336077
1.051200032234	0.002532912185
1.052799940109	0.001362576149
1.054399967194	0.001362944022
1.055999994278	-0.001624656143
1.057600021362	0.000207744059
1.059199929237	0.000604176079
1.060799956322	0.002149168169
1.062399983406	0.001015232061
1.064000010490	-0.000433216075
1.065599918365	0.001187472139
1.067199945450	0.002200288232
1.068799972534	-0.000095391988
1.070399999619	-0.000477568043
1.072000026703	0.000499072019
1.073599934578	0.001543824095
1.075199961662	0.000415728107
1.076799988747	0.001132752048
1.078400015831	0.000595648016
1.079999923706	0.000034015971
1.081599950790	0.002459840151
1.083199977875	0.002691152273
1.084800004959	-0.001088016084
1.086400032043	-0.000173696069
1.087999939919	0.002387136221
1.089599967003	-0.001243200037
1.091199994087	0.001056320150
1.092800021172	0.000619488070
1.094399929047	-0.000310303993
1.095999956131	0.002463232260
1.097599983215	0.000639744045
1.099200010300	-0.000405712024
1.100799918175	0.000790080114
1.102399945259	0.002082688268
1.103999972343	0.001383744180
1.105599999428	0.000824320072
1.107200026512	0.001578752184
1.108799934387	0.000390224071
1.110399961472	0.000608431990
1.111999988556	0.001517520053
1.113600015640	0.000600944040
1.115199923515	-0.000347376044
1.116799950600	0.000952496077
1.118399977684	-0.000365312037
1.120000004768	0.002439360134
1.121599912643	0.001845504157
1.123199939728	0.001684272196
1.124799966812	-0.000319264043
1.126399993896	0.000678000157
1.128000020981	0.001367680146
1.129599928856	0.000484656019
1.131199955940	0.000790688093
1.132799983025	-0.002180464100
1.134400010109	0.000480272050
1.135999917984	-0.000093648014
1.137599945068	0.001774880104
1.139199972153	0.001328240149
1.140799999237	-0.000776096073
1.142400026321	0.002732608235
1.143999934196	-0.001136928098
1.145599961281	0.001467296039
1.147199988365	0.001284032012
1.148800015450	0.000803280156
1.150399923325	0.000008815980
1.151999950409	0.001223120023
1.153599977493	-0.000153215980
1.155200004578	-0.000116511932
1.156799912453	0.001377184060
1.158399939537	0.002674640156
1.159999966621	0.000737440074
1.161599993706	-0.000434192014
1.163200020790	0.000631792122
1.164799928665	0.000746032048
1.166399955750	0.000735200010
1.167999982834	0.000243183924
1.169600009918	-0.000431296008
1.171199917793	0.000865840062
1.172799944878	0.002813568339
1.174399971962	-0.000774992048
1.175999999046	-0.000153520014
1.177600026131	-0.000518927991
1.179199934006	0.001669616206
1.180799961090	0.002388224239
1.182399988174	0.000422080047
1.184000015259	0.000956784119
1.185599923134	0.000534864026
1.187199950218	0.002312336117
1.188799977303	-0.000715952017
1.190400004387	-0.001225360087
1.191999912262	-0.000468512066
1.193599939346	0.001991600264
1.195199966431	0.001172864111
1.196799993515	-0.000290496042
1.198400020599	-0.000159824034
1.199999928474	0.000047776022
1.201599955559	0.000494864071
1.203199982643	0.000132783956
1.204800009727	-0.000438192015
1.206399917603	0.000822704111
1.207999944687	0.001414448139
1.209599971771	0.000298976083
1.211199998856	-0.000633472053
1.212800025940	-0.000268240081
1.214399933815	0.001218144083
1.215999960899	-0.001316944137
1.217599987984	0.000122608049
1.219200015068	-0.001555472147
1.220799922943	-0.000847376126
1.222399950027	0.002515808214
1.223999977112	0.001468528179
1.225600004196	0.001191376010
1.227199912071	-0.000937328034
1.228799939156	0.001544368220
1.230399966240	0.003229600377
1.231999993324	0.002625376219
1.233600020409	-0.001082160161
1.235199928284	-0.001579536125
1.236799955368	0.000039407987
1.238399982452	0.001006096136
1.240000009537	-0.001282128156
1.241599917412	0.001052144100
1.243199944496	0.000385920051
1.244799971581	0.000485360099
1.246399998665	-0.002027184237
1.248000025749	0.001026560087
1.249599933624	0.000284144015
1.251199960709	0.000280848035
1.252799987793	0.001253376133
1.254400014877	-0.000417584029
1.255999922752	0.000513456005
1.257599949837	0.000932752038
1.259199976921	0.001267312095
1.260800004005	-0.000196223991
1.262399911880	-0.001437760075
1.263999938965	-0.001172048156
1.265599966049	0.003425744362
1.267199993134	0.000591647986
1.268800020218	0.001474800170
1.270399928093	-0.001297744107
1.271999955177	0.003387984354
1.273599982262	0.000538080058
1.275200009346	0.001288368017
1.276799917221	-0.001698544133
1.278399944305	-0.000001744028
1.279999971390	0.001192736090
1.281599998474	0.000435600028
1.283200025558	0.001217632089
1.284799933434	-0.001209680107
1.286399960518	0.001006831997
1.287999987602	-0.000716432114
1.289600014687	-0.000908352027
1.291199922562	0.001042832038
1.292799949646	-0.000580464082
1.294399976730	0.001038832124
1.296000003815	0.000134495931
1.297599911690	-0.000881776039
1.299199938774	-0.001553600072
1.300799965858	-0.000912768126
1.302399992943	0.003969328478
1.304000020027	-0.002667008201
1.305599927902	0.001018976094
1.307199954987	-0.000415712042
1.308799982071	0.001555824187
1.310400009155	0.002991104266
1.311999917030	-0.000799872098
1.313599944115	-0.000467136095
1.315199971199	-0.002191120293
1.316799998283	0.000412128022
1.318400025368	0.002411456313
1.319999933243	0.000750512001
1.321599960327	-0.000237600078
1.323199987411	-0.002514848253
1.324800014496	-0.000516271975
1.326399922371	0.000702800055
1.327999949455	0.002065712120
1.329599976540	0.000063904088
1.331200003624	0.001744496170
1.332799911499	0.000164160025
1.334399938583	-0.001420608140
1.335999965668	0.001853632042
1.337599992752	-0.000199823990
1.339200019836	0.000111808033
1.340799927711	-0.000121216050
1.342399954796	-0.001609792118
1.343999981880	0.000334176031
1.345600008965	0.002736000111
1.347199916840	0.001713808160
1.348799943924	-0.000480224087
1.350399971008	-0.001951056183
1.351999998093	0.000471568055
1.353600025177	-0.000234303981
1.355199933052	0.000028943979
1.356799960136	0.000829824072
1.358399987221	0.000682592043
1.360000014305	-0.000257488049
1.361599922180	0.000995072187
1.363199949265	0.000340639992
1.364799976349	-0.001349264174
1.366400003433	-0.000004543967
1.367999911308	-0.000204336015
1.369599938393	-0.000602000044
1.371199965477	-0.000364720065
1.372799992561	-0.000205824006
1.374400019646	0.001960112248
1.375999927521	-0.000355008029
1.377599954605	0.000501312024
1.379199981689	-0.000674880052
1.380800008774	0.000334432087
1.382399916649	0.002556336345
1.383999943733	-0.000702560006
1.385599970818	-0.000130896020
1.387199997902	-0.002400624100
1.388799905777	0.001176320016
1.390399932861	0.001046000049
1.391999959946	-0.001025952050
1.393599987030	-0.000515072024
1.395200014114	-0.000664592022
1.396799921989	0.002187232021
1.398399949074	0.000419152057
1.399999976158	-0.000226288001
1.401600003242	0.000992640038
1.403199911118	0.002719440265
1.404799938202	0.000724656100
1.406399965286	-0.002313888166
1.407999992371	-0.000435712107
1.409600019455	-0.001782496111
1.411199927330	0.002785984194
1.412799954414	-0.000262064044
1.414399981499	-0.002053024247
1.416000008583	0.000425376027
1.417599916458	-0.001180416089
1.419199943542	0.002104880288
1.420799970627	-0.003234144300
1.422399997711	-0.001503072097
1.423999905586	-0.001254640170
1.425599932671	-0.000296672020
1.427199959755	0.000002303962
1.428799986839	-0.001163520152
1.430400013924	-0.000745152065
1.431999921799	0.001113232109
1.433599948883	0.001563408063
1.435199975967	-0.001999920234
1.436800003052	-0.000670032052
1.438399910927	0.001122704125
1.439999938011	-0.000185104029
1.441599965096	0.000740000047
1.443199992180	0.000042607964
1.444800019264	-0.002497904235
1.446399927139	0.000188752019
1.447999954224	-0.002011216246
1.449599981308	0.000637247984
1.451200008392	-0.001586736063
1.452799916267	-0.000067664027
1.454399943352	-0.001519056037
1.455999970436	-0.001782528125
1.457599997520	0.000672768103
1.459199905396	0.000068512039
1.460799932480	-0.000390592060
1.462399959564	-0.000496016059
1.463999986649	-0.001746144146
1.465600013733	-0.000452288019
1.467199921608	0.001694336068
1.468799948692	-0.000225904034
1.470399975777	-0.001051424071
1.472000002861	0.000041728028
1.473599910736	-0.001396304113
1.475199937820	-0.001354080043
1.476799964905	-0.000272032019
1.478399991989	-0.000713632035
1.480000019073	0.001318176044
1.481599926949	-0.001818640158
1.483199954033	0.000036815960
1.484799981117	-0.000529536046
1.486400008202	0.000252015976
1.487999916077	-0.000707408122
1.489599943161	-0.003226944245
1.491199970245	0.000675584015
1.492799997330	-0.000237583998
1.494399905205	-0.000380448007
1.495999932289	0.000047392012
1.497599959373	-0.001279440126
1.499199986458	-0.002045856090
1.500800013542	0.002379248152
1.502399921417	-0.001870832173
1.503999948502	-0.001306512160
1.505599975586	-0.001554800081
1.507200002670	0.000559312000
1.508799910545	0.001579232048
1.510399937630	0.000795888016
1.511999964714	-0.001123968046
1.513599991798	-0.002289760159
1.515200018883	-0.000031552023
1.516799926758	0.000219200025
1.518399953842	0.001344080083
1.519999980927	-0.002044832334
1.521600008011	0.001171712065
1.523199915886	-0.001333792112
1.524799942970	-0.000110015993
1.526399970055	0.000584432040
1.527999997139	-0.001885088161
1.529599905014	-0.000425680017
1.531199932098	0.001684672199
1.532799959183	-0.001043552067
1.534399986267	0.001719552209
1.536000013351	-0.000112016060
1.537599921227	-0.001448576106
1.539199948311	-0.002035344020
1.540799975395	0.001375312102
1.542400002480	0.000574352045
1.543999910355	-0.003489472205
1.545599937439	0.001326192054
1.547199964523	0.000674544077
1.548799991608	-0.002653968288
1.550400018692	-0.002038368024
1.551999926567	0.000785392069
1.553599953651	-0.000326384034
1.555199980736	0.000873312063
1.556800007820	-0.001187296002
1.558399915695	-0.003061376279
1.559999942780	0.001017776085
1.561599969864	-0.000603136083
1.563199996948	0.000603856111
1.564799904823	-0.000957936049
1.566399931908	-0.001368400175
1.567999958992	-0.002223408315
1.569599986076	-0.001243168022
1.571200013161	0.002008112147
1.572799921036	-0.002931808354
1.574399948120	-0.002583248308
1.575999975204	-0.001416368061
1.577600002289	0.000693152018
1.579199910164	-0.000530352059
1.580799937248	-0.001377920154
1.582399964333	-0.002845504321
1.583999991417	-0.003138336353
1.585600018501	-0.000499456073
1.587199926376	-0.000092320006
1.588799953461	-0.001374304062
1.590399980545	-0.001650416176
1.592000007629	-0.002874624217
1.593599915504	0.000115712020
1.595199942589	0.001198816113
1.596799969673	-0.000266496063
1.598399996758	-0.000821712019
1.599999904633	-0.001728640171
1.601599931717	0.001355184126
1.603199958801	-0.001854944159
1.604799985886	-0.001957696164
1.606400012970	-0.001287456136
1.607999920845	-0.001510416158
1.609599947929	-0.002380080288
1.611199975014	0.001072224113
1.612800002098	-0.003234752221
1.614399909973	-0.000542527996
1.615999937057	0.000562160101
1.617599964142	-0.001949296216
1.619199991226	-0.002763520228
1.620800018311	-0.001319744159
1.622399926186	0.000160400028
1.623999953270	-0.001733648125
1.625599980354	-0.000763056043
1.627200007439	-0.001863360056
1.628799915314	-0.000162224082
1.630399942398	0.000819136098
1.631999969482	0.002121168189
1.633599996567	-0.001932832180
1.635199904442	-0.000542927941
1.636799931526	0.002063344233
1.638399958611	-0.001400928129
1.639999985695	-0.000468512066
1.641600012779	-0.003091296181
1.643199920654	-0.000445584068
1.644799947739	0.000520912057
1.646399974823	-0.000525424082
1.648000001907	-0.002580592176
1.649599909782	-0.001374800107
1.651199936867	-0.001174336066
1.652799963951	-0.000352703937
1.654399991035	-0.003218832193
1.655999898911	0.000945712032
1.657599925995	-0.001724080183
1.659199953079	-0.003425968345
1.660799980164	-0.002717712196
1.662400007248	0.000486816076
1.663999915123	-0.002278656233
1.665599942207	-0.000783872034
1.667199969292	-0.001360272174
1.668799996376	-0.000458816037
1.670399904251	0.001937872148
1.671999931335	-0.002358144149
1.673599958420	-0.001522560138
1.675199985504	-0.000711216009
1.676800012589	-0.000449136045
1.678399920464	0.000092751958
1.679999947548	-0.000514720043
1.681599974632	0.000448815990
1.683200001717	-0.002316496102
1.684799909592	0.000139952055
1.686399936676	-0.000606880058
1.687999963760	-0.002720560180
1.689599990845	-0.001418768079
1.691199898720	0.001147696166
1.692799925804	-0.001589872176
1.694399952888	0.001165312016
1.695999979973	-0.000334992073
1.697600007057	-0.001505104126
1.699199914932	0.000451167987
1.700799942017	-0.002082464285
1.702399969101	-0.001421696157
1.703999996185	-0.000479248032
1.705599904060	-0.002216480207
1.707199931145	-0.002445312217
1.708799958229	-0.002035872312
1.710399985313	-0.000432176050
1.712000012398	-0.001502576168
1.713599920273	-0.002009696094
1.715199947357	-0.001380624133
1.716799974442	-0.001912336214
1.718400001526	-0.000263840018
1.719999909401	-0.001149408054
1.721599936485	0.000007775919
1.723199963570	-0.003448160365
1.724799990654	-0.001283552148
1.726399898529	-0.001412112149
1.727999925613	-0.000417936040
1.729599952698	-0.003125264309
1.731199979782	-0.000626864028
1.732800006866	-0.001956864027
1.734399914742	-0.000032751988
1.735999941826	-0.002509392099
1.737599968910	-0.001503152074
1.739199995995	0.000062736013
1.740799903870	-0.002684960142
1.742399930954	-0.000603296037
1.743999958038	-0.001587136183
1.745599985123	0.000538112014
1.747200012207	-0.002769168233
1.748799920082	-0.001472624019
1.750399947166	-0.000452480075
1.751999974251	-0.002744160127
1.753600001335	-0.002923008287
1.755199909210	-0.000425360049
1.756799936295	-0.001101664151
1.758399963379	-0.001206608140
1.759999990463	-0.001511184033
1.761599898338	-0.001982224174
1.763199925423	-0.001528160181
1.764799952507	-0.001203152118
1.766399979591	-0.000894704077
1.768000006676	-0.001637440175
1.769599914551	-0.001617184258
1.771199941635	-0.001323904144
1.772799968719	-0.000974912138
1.774399995804	-0.002552688122
1.775999903679	-0.003260976402
1.777599930763	-0.001771472045
1.779199957848	-0.001027920051
1.780799984932	0.000011264044
1.782400012016	-0.003149552271
1.783999919891	-0.000666352047
1.785599946976	-0.001732304110
1.787199974060	-0.000593872101
1.788800001144	-0.000539775996
1.790399909019	-0.000949392095
1.791999936104	-0.000822656089
1.793599963188	-0.003493664321
1.795199990273	0.002256928245
1.796799898148	0.000549264078
1.798399925232	-0.001904336154
1.799999952316	-0.003608704312
1.801599979401	-0.000095567986
1.803200006485	-0.001752688200
1.804799914360	-0.000059583988
1.806399941444	0.000219536028
1.807999968529	-0.000466880039
1.809599995613	-0.001138672233
1.811199903488	-0.001178400125
1.812799930573	-0.001145088114
1.814399957657	-0.000510976068
1.815999984741	-0.003409520257
1.817600011826	-0.001506592147
1.819199919701	-0.002520576119
1.820799946785	-0.001749696210
1.822399973869	-0.001286432147
1.824000000954	-0.001823504223
1.825599908829	0.000256096013
1.827199935913	-0.002167664235
1.828799962997	-0.002934736200
1.830399990082	-0.001098512090
1.831999897957	-0.000773744134
1.833599925041	-0.004641312174
1.835199952126	-0.001770624192
1.836799979210	-0.002943408210
1.838400006294	-0.001932992134
1.839999914169	-0.003333856352
1.841599941254	-0.001361904200
1.843199968338	-0.000424000027
1.844799995422	-0.002157632262
1.846399903297	-0.000987552106
1.847999930382	-0.001026384067
1.849599957466	-0.002964000218
1.851199984550	-0.000674896059
1.852800011635	-0.003080576193
1.854399919510	-0.001662112190
1.855999946594	-0.000812544080
1.857599973679	-0.003208848182
1.859200000763	-0.001756384154
1.860799908638	-0.001918064198
1.862399935722	-0.001537024160
1.863999962807	-0.003183344379
1.865599989891	-0.001447280170
1.867199897766	-0.001367792138
1.868799924850	-0.002622704254
1.870399951935	-0.001542064128
1.871999979019	-0.000439584051
1.873600006104	-0.001805856242
1.875199913979	-0.002335344208
1.876799941063	-0.001589504187
1.878399968147	-0.000999680022
1.879999995232	-0.002469360363
1.881599903107	-0.000011200059
1.883199930191	-0.003560736310
1.884799957275	-0.002517536283
1.886399984360	-0.001045024022
1.888000011444	-0.001196608064
1.889599919319	-0.000709936081
1.891199946404	-0.003316592192
1.892799973488	-0.001668256125
1.894400000572	-0.001937152119
1.895999908447	-0.000398800039
1.897599935532	-0.002192672109
1.899199962616	-0.001342448173
1.900799989700	-0.005585456267
1.902399897575	-0.000392032060
1.903999924660	-0.000693856040
1.905599951744	-0.002378512174
1.907199978828	-0.001126352116
1.908800005913	-0.002950368216
1.910399913788	0.000581968052
1.911999940872	0.001002000063
1.913599967957	-0.002353232121
1.915199995041	-0.003774352372
1.916799902916	-0.001131328172
1.918399930000	-0.002721280092
1.919999957085	-0.001157728140
1.921599984169	-0.003005024279
1.923199892044	-0.001803536201
1.924799919128	-0.003098944202
1.926399946213	-0.003018976189
1.927999973297	0.000500303984
1.929600000381	-0.003097424284
1.931199908257	-0.002247616183
1.932799935341	-0.003144320333
1.934399962425	-0.001510896138
1.935999989510	-0.002486768179
1.937599897385	-0.001510400092
1.939199924469	-0.002097712131
1.940799951553	-0.002567664254
1.942399978638	-0.003764288267
1.944000005722	-0.002803840209
1.945599913597	0.001593056018
1.947199940681	-0.002958000172
1.948799967766	-0.002151424065
1.950399994850	-0.004912048578
1.951999902725	-0.002589904238
1.953599929810	0.000298400031
1.955199956894	-0.000346016022
1.956799983978	-0.001369504142
1.958399891853	-0.003786992282
1.959999918938	-0.005130608566
1.961599946022	0.001673072111
1.963199973106	-0.000704800070
1.964800000191	-0.002337600105
1.966399908066	-0.002491488121
1.967999935150	-0.002208880149
1.969599962234	-0.000852400088
1.971199989319	-0.002834352199
1.972799897194	-0.000896592101
1.974399924278	-0.003679392161
1.975999951363	-0.000853232108
1.977599978447	-0.001381760114
1.979200005531	-0.002758480143
1.980799913406	-0.002640672261
1.982399940491	-0.001879984164
1.983999967575	-0.000901168038
1.985599994659	-0.005006336607
1.987199902534	-0.000672192022
1.988799929619	-0.003352112137
1.990399956703	-0.001349408180
1.991999983788	0.000626336026
1.993599891663	-0.003509568283
1.995199918747	-0.002643936314
1.996799945831	-0.001379040186
1.998399972916	-0.001453664154
2.000000000000	-0.002017808147
2.001600027084	-0.003951456398
2.003200054169	-0.002237600274
2.004799842834	-0.003404992400
2.006399869919	-0.002678144258
2.007999897003	-0.000874720048
2.009599924088	-0.003031712258
2.011199951172	-0.000388592016
2.012799978256	-0.003597216215
2.014400005341	-0.003159040352
2.016000032425	-0.001944208285
2.017600059509	-0.003192432225
2.019199848175	-0.005875568371
2.020799875259	-0.001669792109
2.022399902344	-0.000015744001
2.023999929428	-0.002963200212
2.025599956512	0.001076896093
2.027199983597	-0.001888736151
2.028800010681	-0.003297136165
2.030400037766	-0.002284752205
2.032000064850	-0.001766624162
2.033599853516	-0.001456320169
2.035199880600	-0.001812992152
2.036799907684	-0.000251583988
2.038399934769	-0.001297728159
2.039999961853	-0.005977136549
2.041599988937	-0.000291536009
2.043200016022	-0.002025296213
2.044800043106	-0.003191680182
2.046399831772	-0.001815520111
2.047999858856	-0.003496832214
2.049599885941	-0.004786128178
2.051199913025	-0.000219135953
2.052799940109	-0.001628688187
2.054399967194	-0.003894688329
2.055999994278	-0.000322128035
2.057600021362	-0.003680496244
2.059200048447	-0.002360368147
2.060799837112	-0.000965376035
2.062399864197	0.000131567998
2.063999891281	-0.004682384431
2.065599918365	-0.002726544160
2.067199945450	-0.000153024026
2.068799972534	-0.001469984069
2.070399999619	-0.002925376408
2.072000026703	0.000240112015
2.073600053787	-0.003449696349
2.075199842453	-0.001781392144
2.076799869537	-0.003441856243
2.078399896622	-0.001815328142
2.079999923706	-0.000853872101
2.081599950790	-0.001797936158
2.083199977875	-0.005314256530
2.084800004959	-0.002733200090
2.086400032043	-0.001006352133
2.088000059128	-0.001235120115
2.089599847794	-0.002165024169
2.091199874878	-0.001642048126
2.092799901962	-0.001127696014
2.094399929047	-0.002850512275
2.095999956131	-0.002151216147
2.097599983215	-0.001148992102
2.099200010300	-0.004036656115
2.100800037384	-0.001259264187
2.102400064468	-0.001410880126
2.103999853134	-0.003827104345
2.105599880219	-0.001793024130
2.107199907303	-0.001755072153
2.108799934387	-0.001174768084
2.110399961472	-0.002966400236
2.111999988556	-0.003377792425
2.113600015640	-0.003439952154
2.115200042725	-0.002286032308
2.116799831390	-0.000796336099
2.118399858475	-0.002828816185
2.119999885559	-0.004058752209
2.121599912643	-0.002844400238
2.123199939728	-0.002420272212
2.124799966812	-0.001280960161
2.126399993896	0.000399104028
2.128000020981	-0.004520320334
2.129600048065	-0.004870752338
2.131199836731	-0.001654224121
2.132799863815	-0.001314400113
2.134399890900	0.000300544052
2.135999917984	-0.000702624035
2.137599945068	-0.003946896177
2.139199972153	-0.003064688295
2.140799999237	-0.000123040052
2.142400026321	-0.001831824076
2.144000053406	-0.002230592072
2.145599842072	-0.003591488348
2.147199869156	-0.002659936203
2.148799896240	-0.001668464160
2.150399923325	-0.002952080220
2.151999950409	0.000271967991
2.153599977493	-0.004050656222
2.155200004578	-0.000309136056
2.156800031662	-0.002447328297
2.158400058746	-0.001243888168
2.159999847412	-0.001956928056
2.161599874496	-0.004346848466
2.163199901581	-0.003647200298
2.164799928665	-0.003221504157
2.166399955750	-0.001210880117
2.167999982834	-0.001142064109
2.169600009918	-0.004011984449
2.171200037003	-0.003483120352
2.172800064087	-0.002723264275
2.174399852753	-0.003638080321
2.175999879837	-0.002157808281
2.177599906921	-0.001019296120
2.179199934006	-0.001875536167
2.180799961090	-0.002899600193
2.182399988174	0.000280400011
2.184000015259	-0.004458800424
2.185600042343	-0.002379776211
2.187199831009	-0.003834720468
2.188799858093	-0.000911584066
2.190399885178	-0.003694544313
2.191999912262	-0.002752592321
2.193599939346	-0.001056928188
2.195199966431	-0.003007888095
2.196799993515	-0.001860992168
2.198400020599	-0.003921024501
2.200000047684	-0.003609504318
2.201599836349	-0.002906320151
2.203199863434	-0.002808080288
2.204799890518	-0.001779520186
2.206399917603	-0.003484240267
2.207999944687	-0.001113648177
2.209599971771	-0.005107616540
2.211199998856	-0.001467856113
2.212800025940	-0.000639184029
2.214400053024	-0.003565696301
2.215999841690	-0.000364704058
2.217599868774	-0.004020960536
2.219199895859	-0.002725328319
2.220799922943	-0.003331344342
2.222399950027	-0.001515712123
2.223999977112	-0.002553984290
2.225600004196	-0.004950144328
2.227200031281	-0.002218304202
2.228800058365	-0.001817104174
2.230399847031	-0.004326144233
2.231999874115	0.000515728025
2.233599901199	-0.001561280224
2.235199928284	-0.003047392238
2.236799955368	-0.001944624237
2.238399982452	-0.002207488287
2.240000009537	-0.003121456364
2.241600036621	-0.003529840382
2.243199825287	-0.002853424288
2.244799852371	-0.002848192118
2.246399879456	0.002060336294
2.247999906540	-0.002509648213
2.249599933624	-0.004488848150
2.251199960709	-0.001975120278
2.252799987793	-0.001627456048
2.254400014877	-0.003176704282
2.256000041962	-0.001758032129
2.257599830627	-0.002119376091
2.259199857712	-0.001699984074
2.260799884796	-0.003612224245
2.262399911880	-0.001667568111
2.263999938965	-0.002865920309
2.265599966049	-0.001266016043
2.267199993134	-0.002580992179
2.268800020218	-0.004474144429
2.270400047302	-0.000005247983
2.271999835968	-0.001155744074
2.273599863052	-0.002877840307
2.275199890137	-0.001712944126
2.276799917221	-0.003001376288
2.278399944305	-0.002098560100
2.279999971390	-0.001577024115
2.281599998474	-0.002892000135
2.283200025558	-0.005732176360
2.284800052643	-0.002537216293
2.286399841309	-0.001528704073
2.287999868393	0.000080384045
2.289599895477	-0.003924496472
2.291199922562	-0.003065312281
2.292799949646	-0.001146736089
2.294399976730	-0.005432432517
2.296000003815	-0.001630064100
2.297600030899	-0.004276480526
2.299200057983	-0.000549408083
2.300799846649	-0.002726208186
2.302399873734	-0.001544000115
2.303999900818	-0.003216672223
2.305599927902	-0.000602688058
2.307199954987	-0.002613008255
2.308799982071	-0.002433616202
2.310400009155	-0.003226192202
2.312000036240	-0.004937456455
2.313599824905	-0.002153712092
2.315199851990	-0.002014240250
2.316799879074	-0.002709440188
2.318399906158	-0.004423360340
2.319999933243	-0.003068064339
2.321599960327	-0.001766240224
2.323199987411	-0.003639104310
2.324800014496	-0.003132336307
2.326400041580	-0.001415360137
2.327999830246	-0.001782272127
2.329599857330	-0.003893408226
2.331199884415	-0.002354416298
2.332799911499	-0.001752608106
2.334399938583	-0.001771744224
2.335999965668	-0.004577760585
2.337599992752	-0.003442992456
2.339200019836	-0.002654896118
2.340800046921	-0.003409456229
2.342399835587	-0.000811408041
2.343999862671	-0.001302704099
2.345599889755	-0.002196832094
2.347199916840	-0.004764608573
2.348799943924	-0.004146896303
2.350399971008	-0.001171248034
2.351999998093	-0.004053552169
2.353600025177	-0.001816832111
2.355200052261	-0.001794320182
2.356799840927	-0.004602528177
2.358399868011	-0.001201024046
2.359999895096	-0.001496480196
2.361599922180	-0.002241696231
2.363199949265	-0.001245632069
2.364799976349	-0.002626128262
2.366400003433	-0.004149328452
2.368000030518	-0.003478656290
2.369600057602	-0.000759023998
2.371199846268	-0.001692880061
2.372799873352	-0.002564928262
2.374399900436	-0.003519616323
2.375999927521	-0.004100608174
2.377599954605	-0.001082208124
2.379199981689	-0.001439216081
2.380800008774	-0.003164464375
2.382400035858	-0.005963424686
2.383999824524	-0.002347968053
2.385599851608	-0.001865984173
2.387199878693	-0.003112704260
2.388799905777	-0.000912032090
2.390399932861	-0.003140768269
2.391999959946	-0.004164416343
2.393599987030	-0.001976368017
2.395200014114	-0.001036912086
2.396800041199	-0.000977184041
2.398399829865	-0.001650224091
2.399999856949	-0.003160608234
2.401599884033	-0.003408704186
2.403199911118	-0.002054048236
2.404799938202	-0.003645728342
2.406399965286	-0.002607696224
2.407999992371	-0.002897600178
2.409600019455	-0.001856752206
2.411200046539	-0.003540992271
2.412799835205	-0.002990880283
2.414399862289	-0.000828832039
2.415999889374	-0.005752240308
2.417599916458	-0.002868048381
2.419199943542	-0.003039712319
2.420799970627	-0.003466032213
2.422399997711	-0.002412848175
2.424000024796	-0.003678400302
2.425600051880	-0.003619840369
2.427199840546	-0.003587616142
2.428799867630	-0.004098768346
2.430399894714	-0.002186704194
2.431999921799	-0.001155728125
2.433599948883	-0.001504016109
2.435199975967	-0.003805600340
2.436800003052	-0.002611728152
2.438400030136	-0.003684944240
2.440000057220	-0.002432976151
2.441599845886	-0.002703264123
2.443199872971	-0.004066224210
2.444799900055	-0.003468832234
2.446399927139	-0.004080144223
2.447999954224	-0.003456672188
2.449599981308	-0.001767968177
2.451200008392	-0.003808528418
2.452800035477	-0.003790352494
2.454399824142	-0.005810448434
2.455999851227	-0.004202224314
2.457599878311	-0.003752352437
2.459199905396	-0.002121856203
2.460799932480	-0.003622688120
2.462399959564	-0.003905968275
2.463999986649	-0.003927648533
2.465600013733	-0.003708400298
2.467200040817	-0.003708192380
2.468799829483	-0.003063072218
2.470399856567	-0.005001584534
2.471999883652	-0.003845248371
2.473599910736	-0.004208960570
2.475199937820	-0.006010160316
2.476799964905	-0.001350176171
2.478399991989	-0.002443184145
2.480000019073	-0.003163104411
2.481600046158	-0.003364688251
2.483199834824	-0.003354512388
2.484799861908	-0.003398944158
2.486399888992	-0.001316448092
2.487999916077	-0.003595712362
2.489599943161	-0.005928768311
2.491199970245	-0.003604544327
2.492799997330	-0.001979136141
2.494400024414	-0.002587920288
2.496000051498	-0.002435600152
2.497599840164	-0.003854896408
2.499199867249	-0.004355552141
2.500799894333	-0.003326064209
2.502399921417	-0.003613712266
2.503999948502	-0.001341760042
2.505599975586	-0.003937008325
2.507200002670	-0.002059136285
2.508800029755	-0.006910016760
2.510399818420	-0.001084480085
2.511999845505	-0.000840399996
2.513599872589	-0.003301648190
2.515199899673	-0.002459760290
2.516799926758	-0.003293072339
2.518399953842	-0.001607312239
2.519999980927	-0.004686016589
2.521600008011	-0.002212928375
2.523200035095	-0.001582480152
2.524799823761	-0.004748800304
2.526399850845	-0.003516384168
2.527999877930	-0.004124560393
2.529599905014	-0.004256896209
2.531199932098	-0.003646256402
2.532799959183	-0.001051776111
2.534399986267	-0.002270640340
2.536000013351	-0.002703488106
2.537600040436	-0.002984160325
2.539199829102	-0.005689648446
2.540799856186	-0.001896432135
2.542399883270	-0.004190752283
2.543999910355	-0.005413888488
2.545599937439	-0.004600992426
2.547199964523	-0.002996976255
2.548799991608	-0.001948496094
2.550400018692	-0.003504288383
2.552000045776	-0.002025440102
2.553599834442	-0.003608336439
2.555199861526	-0.003854784183
2.556799888611	-0.001799216145
2.558399915695	-0.003236816265
2.559999942780	-0.001608000137
2.561599969864	-0.002787600271
2.563199996948	-0.004151808564
2.564800024033	-0.004135712516
2.566400051117	-0.004102320410
2.567999839783	-0.002014704281
2.569599866867	-0.002357792342
2.571199893951	-0.002930576215
2.572799921036	-0.004240800161
2.574399948120	-0.002166544087
2.575999975204	-0.000560944027
2.577600002289	-0.003523888299
2.579200029373	-0.001779072103
2.580799818039	-0.002696064301
2.582399845123	-0.000662352075
2.583999872208	-0.004951296374
2.585599899292	-0.001761424122
2.587199926376	-0.002785712248
2.588799953461	-0.004521536175
2.590399980545	-0.002595856320
2.592000007629	-0.003406288335
2.593600034714	-0.004555488471
2.595199823380	-0.002271008212
2.596799850464	-0.005029840395
2.598399877548	-0.001669072080
2.599999904633	-0.003731872421
2.601599931717	-0.002837632317
2.603199958801	-0.002178000286
2.604799985886	-0.002751664259
2.606400012970	-0.002409168286
2.608000040054	-0.002651488176
2.609599828720	-0.003165920265
2.611199855804	-0.004572944250
2.612799882889	-0.002862576162
2.614399909973	-0.003146752249
2.615999937057	-0.002972448245
2.617599964142	-0.004459040239
2.619199991226	-0.003928432241
2.620800018311	-0.003214976285
2.622400045395	-0.004912336357
2.623999834061	-0.003675376298
2.625599861145	-0.001824304229
2.627199888229	-0.004278880078
2.628799915314	-0.001783904154
2.630399942398	-0.003457520390
2.631999969482	-0.002396464115
2.633599996567	-0.006158480421
2.635200023651	-0.001542816055
2.636800050735	-0.002534864238
2.638399839401	-0.002817104338
2.639999866486	-0.003396752290
2.641599893570	-0.003844720311
2.643199920654	-0.000484144053
2.644799947739	-0.002630992094
2.646399974823	-0.002071984112
2.648000001907	-0.003885504324
2.649600028992	-0.005145648494
2.651199817657	-0.004117088392
2.652799844742	-0.002103040228
2.654399871826	0.000539216038
2.655999898911	-0.002815280110
2.657599925995	-0.005305408500
2.659199953079	-0.003092192113
2.660799980164	-0.002058064099
2.662400007248	-0.003239728278
2.664000034332	-0.003818688216
2.665599822998	-0.005054064561
2.667199850082	-0.003656224348
2.668799877167	-0.002557248110
2.670399904251	0.000014720050
2.671999931335	-0.003244400257
2.673599958420	-0.004088320304
2.675199985504	-0.004515952431
2.676800012589	-0.005756160244
2.678400039673	-0.000122576006
2.679999828339	-0.002955312375
2.681599855423	-0.001247072127
2.683199882507	-0.002948000096
2.684799909592	-0.004651376512
2.686399936676	-0.004436656367
2.687999963760	-0.001355168060
2.689599990845	-0.001939584035
2.691200017929	-0.006633696612
2.692800045013	-0.004556800239
2.694399833679	-0.004132512491
2.695999860764	-0.002187568229
2.697599887848	-0.004207568243
2.699199914932	-0.005015712231
2.700799942017	-0.002265616087
2.702399969101	-0.006130528636
2.703999996185	-0.003303760197
2.705600023270	-0.001113200211
2.707200050354	-0.003842416219
2.708799839020	-0.005375392269
2.710399866104	-0.005923872348
2.711999893188	-0.004258048255
2.713599920273	-0.002718048170
2.715199947357	-0.004302160349
2.716799974442	-0.002948272275
2.718400001526	-0.004754048306
2.720000028610	-0.003330096370
2.721599817276	-0.005680784583
2.723199844360	-0.003272896400
2.724799871445	-0.001797216129
2.726399898529	-0.003282752354
2.727999925613	-0.005689216312
2.729599952698	-0.005081008654
2.731199979782	-0.000986000057
2.732800006866	-0.003845520318
2.734400033951	-0.003898000345
2.735999822617	-0.003645600285
2.737599849701	-0.003781888401
2.739199876785	-0.004530816339
2.740799903870	-0.002369728172
2.742399930954	-0.002365568187
2.743999958038	-0.005202992354
2.745599985123	-0.002858272288
2.747200012207	-0.001707872143
2.748800039291	-0.001567424159
2.750399827957	-0.003304080339
2.751999855042	-0.002012864221
2.753599882126	-0.005377904512
2.755199909210	-0.003956656437
2.756799936295	-0.004087632056
2.758399963379	-0.003507280257
2.759999990463	-0.002475328278
2.761600017548	-0.003731744364
2.763200044632	-0.003647136269
2.764799833298	-0.000939872116
2.766399860382	-0.002822656184
2.767999887466	-0.004987744614
2.769599914551	-0.003111632308
2.771199941635	-0.002435056260
2.772799968719	-0.004880464636
2.774399995804	-0.004594064318
2.776000022888	-0.003106352175
2.777599811554	-0.004037728533
2.779199838638	-0.002988720313
2.780799865723	-0.004860256333
2.782399892807	-0.005191184580
2.783999919891	-0.004223488271
2.785599946976	-0.002202448202
2.787199974060	-0.001711440156
2.788800001144	-0.002489280188
2.790400028229	-0.003791264258
2.791999816895	-0.004966416396
2.793599843979	-0.004840912297
2.795199871063	-0.002866112394
2.796799898148	-0.003472496290
2.798399925232	-0.004495888483
2.799999952316	-0.002476416295
2.801599979401	-0.002984496299
2.803200006485	-0.003145360155
2.804800033569	-0.002412304282
2.806399822235	-0.003881776240
2.807999849319	-0.004937088583
2.809599876404	-0.003774544224
2.811199903488	-0.000452672073
2.812799930573	-0.003712880425
2.814399957657	-0.003457712242
2.815999984741	-0.002258432098
2.817600011826	-0.005423712544
2.819200038910	-0.003457984421
2.820799827576	-0.003920672461
2.822399854660	-0.004211104475
2.823999881744	-0.005666368641
2.825599908829	-0.005438112654
2.827199935913	-0.001847408130
2.828799962997	-0.002589968266
2.830399990082	-0.000490800128
2.832000017166	-0.003468416398
2.833600044250	-0.004308880307
2.835199832916	-0.002911920194
2.836799860001	-0.003958688583
2.838399887085	-0.004185072146
2.839999914169	-0.005324400496
2.841599941254	-0.006555200554
2.843199968338	-0.004512064159
2.844799995422	-0.006182608660
2.846400022507	-0.001720336266
2.847999811172	-0.005319696385
2.849599838257	-0.002119920217
2.851199865341	-0.002905824222
2.852799892426	-0.004860736430
2.854399919510	-0.003487040289
2.855999946594	-0.004122752231
2.857599973679	-0.001344432123
2.859200000763	-0.007107920479
2.860800027847	-0.005937488284
2.862399816513	-0.004789008293
2.863999843597	-0.004216176458
2.865599870682	-0.002410080284
2.867199897766	-0.001715648104
2.868799924850	-0.001984208124
2.870399951935	-0.005885984283
2.871999979019	-0.004260704387
2.873600006104	-0.002239472233
2.875200033188	-0.002720544348
2.876799821854	-0.001914304215
2.878399848938	-0.005390848499
2.879999876022	-0.005113856401
2.881599903107	-0.005006192252
2.883199930191	-0.003612672444
2.884799957275	-0.001421984052
2.886399984360	-0.002454208210
2.888000011444	-0.004995616619
2.889600038528	-0.003522064304
2.891199827194	-0.003597920295
2.892799854279	-0.005039984360
2.894399881363	-0.004686672240
2.895999908447	-0.005717248656
2.897599935532	-0.003637728281
2.899199962616	-0.004473872483
2.900799989700	-0.003543392289
2.902400016785	-0.002879296197
2.904000043869	-0.003858240321
2.905599832535	-0.007057968527
2.907199859619	-0.004056000151
2.908799886703	-0.002400240162
2.910399913788	-0.002567264251
2.911999940872	-0.004254560452
2.913599967957	-0.004063840490
2.915199995041	-0.006098656449
2.916800022125	-0.002975120209
2.918399810791	-0.003620208241
2.919999837875	-0.003529728390
2.921599864960	-0.004118752200
2.923199892044	-0.003612544388
2.924799919128	-0.005118272267
2.926399946213	-0.004329216201
2.927999973297	-0.003569104476
2.929600000381	-0.007103856653
2.931200027466	-0.000948208093
2.932799816132	-0.004321792163
2.934399843216	-0.004846704192
2.935999870300	-0.001505376073
2.937599897385	-0.004652864300
2.939199924469	-0.005078608170
2.940799951553	-0.006920208689
2.942399978638	-0.001457952196
2.944000005722	-0.003659440205
2.945600032806	-0.003463440342
2.947199821472	-0.006440432742
2.948799848557	-0.004240800161
2.950399875641	-0.003736672224
2.951999902725	-0.003775952384
2.953599929810	-0.002097008051
2.955199956894	-0.003067568410
2.956799983978	-0.005693664309
2.958400011063	-0.006217280403
2.960000038147	-0.003885856364
2.961599826813	-0.005425296258
2.963199853897	-0.004029232543
2.964799880981	-0.004034928512
2.966399908066	-0.006948592607
2.967999935150	-0.004449680448
2.969599962234	-0.004216032568
2.971199989319	-0.001466608024
2.972800016403	-0.003602976212
2.974400043488	-0.004080528393
2.975999832153	-0.006065104622
2.977599859238	-0.003834992414
2.979199886322	-0.000727712060
2.980799913406	-0.001302528079
2.982399940491	-0.003684272291
2.983999967575	-0.006725376472
2.985599994659	-0.005396208260
2.987200021744	-0.003754608333
2.988799810410	-0.001813952113
2.990399837494	-0.002257728251
2.991999864578	-0.004975520540
2.993599891663	-0.003829744179
2.995199918747	-0.001329232124
2.996799945831	-0.003889904357
2.998399972916	-0.003556816373
3.000000000000	-0.002647056244
3.001600027084	-0.007569728419
3.003199815750	-0.005573456641
3.004799842834	-0.004080128390
3.006399869919	-0.002842448186
3.007999897003	-0.005523520522
3.009599924088	-0.005128416233
3.011199951172	-0.006317056250
3.012799978256	-0.004951920360
3.014400005341	-0.003208992304
3.016000032425	-0.003091856372
3.017599821091	-0.004335264210
3.019199848175	-0.004026944283
3.020799875259	-0.002589312149
3.022399902344	-0.005564336665
3.023999929428	-0.003353200387
3.025599956512	-0.002834448125
3.027199983597	-0.006441312376
3.028800010681	-0.004869680386
3.030400037766	-0.002761936281
3.031999826431	-0.002919344231
3.033599853516	-0.003814768279
3.035199880600	-0.004248720128
3.036799907684	-0.005527296569
3.038399934769	-0.003651328152
3.039999961853	-0.001249744091
3.041599988937	-0.002586480230
3.043200016022	-0.004836224485
3.044799804687	-0.006035680417
3.046399831772	-0.002825744217
3.047999858856	-0.005323232617
3.049599885941	-0.003860032419
3.051199913025	-0.004934352357
3.052799940109	-0.005413824692
3.054399967194	-0.003593216417
3.055999994278	-0.005464384332
3.057600021362	-0.002911328338
3.059199810028	-0.001354784123
3.060799837112	-0.003474032274
3.062399864197	-0.004150016233
3.063999891281	-0.006893120706
3.065599918365	-0.004226928577
3.067199945450	-0.004521584604
3.068799972534	-0.004005584400
3.070399999619	-0.004495488480
3.072000026703	-0.004661504179
3.073599815369	-0.006372176576
3.075199842453	-0.003481584368
3.076799869537	-0.003040928161
3.078399896622	-0.005057536531
3.079999923706	-0.002326288261
3.081599950790	-0.004441760480
3.083199977875	-0.003310224274
3.084800004959	-0.001637856127
3.086400032043	-0.005955440458
3.087999820709	-0.004716400523
3.089599847794	-0.005411184393
3.091199874878	-0.005000128411
3.092799901962	-0.002420976292
3.094399929047	-0.004856448621
3.095999956131	-0.005475600250
3.097599983215	-0.004058448132
3.099200010300	-0.003063136246
3.100800037384	-0.004433312453
3.102399826050	-0.005104752257
3.103999853134	-0.003295264207
3.105599880219	-0.005269888323
3.107199907303	-0.003632416250
3.108799934387	-0.005996864755
3.110399961472	-0.004185456317
3.111999988556	-0.004763424397
3.113600015640	-0.006212848704
3.115199804306	-0.002483744174
3.116799831390	-0.002274800092
3.118399858475	-0.002677872311
3.119999885559	-0.004281552508
3.121599912643	-0.003876848379
3.123199939728	-0.004892496392
3.124799966812	-0.003830752335
3.126399993896	-0.001568272128
3.128000020981	-0.004369568545
3.129599809647	-0.005523312371
3.131199836731	-0.004260576330
3.132799863815	-0.005824288353
3.134399890900	-0.003541024169
3.135999917984	-0.002949968213
3.137599945068	-0.005672320724
3.139199972153	-0.002568112221
3.140799999237	-0.004537808243
3.142400026321	-0.002573056147
3.143999814987	-0.003525696229
3.145599842072	-0.004854384344
3.147199869156	-0.005122928414
3.148799896240	-0.004261472262
3.150399923325	-0.003738048254
3.151999950409	-0.003257296281
3.153599977493	-0.005511632655
3.155200004578	-0.003411984304
3.156800031662	-0.004601568449
3.158399820328	-0.002814016305
3.159999847412	-0.000839696091
3.161599874496	-0.001742320135
3.163199901581	-0.007339936681
3.164799928665	-0.004961408675
3.166399955750	-0.003839584300
3.167999982834	-0.002909008181
3.169600009918	-0.002695584204
3.171200037003	-0.005702752620
3.172799825668	-0.005337392446
3.174399852753	-0.005380768329
3.175999879837	-0.002156256232
3.177599906921	-0.002269920195
3.179199934006	-0.004950224422
3.180799961090	-0.004660560284
3.182399988174	-0.006823360454
3.184000015259	-0.004936880432
3.185599803925	-0.002231200226
3.187199831009	-0.002991392277
3.188799858093	-0.004599744454
3.190399885178	-0.004769120365
3.191999912262	-0.007968992926
3.193599939346	-0.003648256417
3.195199966431	-0.000552816025
3.196799993515	-0.003110336373
3.198400020599	-0.003472928191
3.199999809265	-0.005294368602
3.201599836349	-0.005621824414
3.203199863434	0.000165055986
3.204799890518	-0.005813776515
3.206399917603	-0.002222496085
3.207999944687	-0.003871120280
3.209599971771	-0.005834416486
3.211199998856	-0.003579120385
3.212800025940	-0.006203312427
3.214399814606	-0.001489152201
3.215999841690	-0.006691888440
3.217599868774	-0.004227808211
3.219199895859	-0.004425440449
3.220799922943	-0.004028176423
3.222399950027	-0.003173264209
3.223999977112	-0.006139184348
3.225600004196	-0.000371776085
3.227200031281	-0.004595952574
3.228799819946	-0.004184960388
3.230399847031	-0.003508320311
3.231999874115	-0.002828880213
3.233599901199	-0.001754240133
3.235199928284	-0.004242128227
3.236799955368	-0.002541968133
3.238399982452	-0.005581520498
3.240000009537	-0.001243584091
3.241600036621	-0.004639440216
3.243199825287	-0.004140480421
3.244799852371	-0.003865136299
3.246399879456	-0.007226944435
3.247999906540	-0.000945328095
3.249599933624	-0.003201296320
3.251199960709	-0.004174688365
3.252799987793	-0.002376336139
3.254400014877	-0.005290448666
3.255999803543	-0.005798880477
3.257599830627	-0.003835424315
3.259199857712	-0.003584752325
3.260799884796	-0.005091360305
3.262399911880	-0.004843856208
3.263999938965	-0.004497728311
3.265599966049	-0.003477408318
3.267199993134	-0.004145520274
3.268800020218	-0.004723456223
3.270399808884	-0.005685424432
3.271999835968	-0.003960784525
3.273599863052	-0.003889744403
3.275199890137	-0.003259200370
3.276799917221	-0.004676192533
3.278399944305	-0.003041408258
3.279999971390	-0.003896928392
3.281599998474	-0.005949264392
3.283200025558	-0.003388752230
3.284799814224	-0.004414048512
3.286399841309	-0.002577760257
3.287999868393	-0.005982048344
3.289599895477	-0.004410032649
3.291199922562	-0.005338128656
3.292799949646	-0.003433200298
3.294399976730	-0.006243840326
3.296000003815	-0.006074304692
3.297600030899	-0.003435840365
3.299199819565	-0.006665904541
3.300799846649	-0.004564272240
3.302399873734	-0.004740896169
3.303999900818	-0.003684448311
3.305599927902	-0.005374496337
3.307199954987	-0.005660240538
3.308799982071	-0.005060096271
3.310400009155	-0.004534384236
3.311999797821	-0.001460944186
3.313599824905	-0.004555200227
3.315199851990	-0.006675936282
3.316799879074	-0.002926400164
3.318399906158	-0.002077440266
3.319999933243	-0.003832992399
3.321599960327	-0.007284592371
3.323199987411	-0.003242384177
3.324800014496	-0.004636832513
3.326399803162	-0.002926192246
3.327999830246	-0.004634368233
3.329599857330	-0.003203616245
3.331199884415	-0.001983600203
3.332799911499	-0.002566112205
3.334399938583	-0.004729760345
3.335999965668	-0.004382944200
3.337599992752	-0.003691712394
3.339200019836	-0.005519264378
3.340799808502	-0.004644144326
3.342399835587	-0.004004400223
3.343999862671	-0.005241184495
3.345599889755	-0.005109760445
3.347199916840	-0.004040736239
3.348799943924	-0.005344016477
3.350399971008	-0.001946432167
3.351999998093	-0.006234816741
3.353600025177	-0.006999456789
3.355199813843	-0.002239568159
3.356799840927	-0.003959040623
3.358399868011	-0.003318320261
3.359999895096	-0.007426096592
3.361599922180	-0.005845296662
3.363199949265	-0.002821312286
3.364799976349	-0.003866736311
3.366400003433	-0.005465168506
3.368000030518	-0.004504224285
3.369599819183	-0.005102432333
3.371199846268	-0.005635824520
3.372799873352	-0.003877728246
3.374399900436	-0.002486128127
3.375999927521	-0.004335408565
3.377599954605	-0.004483600613
3.379199981689	-0.005259008612
3.380800008774	-0.005903088488
3.382399797440	-0.002757872222
3.383999824524	-0.003322688164
3.385599851608	-0.003447504481
3.387199878693	-0.004529904108
3.388799905777	-0.004327536561
3.390399932861	-0.003447328229
3.391999959946	-0.004279344343
3.393599987030	-0.003478608327
3.395200014114	-0.003823072184
3.396799802780	-0.004425744526
3.398399829865	-0.005088400561
3.399999856949	-0.004748688545
3.401599884033	-0.003769568400
3.403199911118	-0.006214576308
3.404799938202	-0.003305984195
3.406399965286	-0.005340656731
3.407999992371	-0.004630096257
3.409600019455	-0.004113664385
3.411199808121	-0.006057488732
3.412799835205	-0.004363264423
3.414399862289	-0.004708832130
3.415999889374	-0.004848832265
3.417599916458	-0.004912688397
3.419199943542	-0.004824064206
3.420799970627	-0.004424288403
3.422399997711	-0.005275104195
3.424000024796	-0.007950096391
3.425599813461	-0.004788960330
3.427199840546	-0.003280928126
3.428799867630	-0.001192944124
3.430399894714	-0.005091056228
3.431999921799	-0.006487824488
3.433599948883	-0.004387120251
3.435199975967	-0.004970448557
3.436800003052	-0.006286272313
3.438400030136	-0.004656336270
3.439999818802	-0.002975040348
3.441599845886	-0.007262400817
3.443199872971	-0.004691008478
3.444799900055	-0.004409232177
3.446399927139	-0.004728368483
3.447999954224	-0.001857968164
3.449599981308	-0.004279568326
3.451200008392	0.006220352370
