0.000000000000	0.013262720779
0.001599999960	0.012048144825
0.003199999919	0.013835361227
0.004799999762	0.012870385312
0.006399999838	0.013035025448
0.007999999449	0.014019456692
0.009599999525	0.011516288854
0.011199999601	0.012820368633
0.012799999677	0.012316209264
0.014399999753	0.012828929350
0.015999998897	0.012183505110
0.017599999905	0.012938193046
0.019199999049	0.013575969264
0.020800000057	0.011506993324
0.022399999201	0.011953985319
0.024000000209	0.010540705174
0.025599999353	0.011113984510
0.027199998498	0.010678288527
0.028799999505	0.011817040853
0.030399998650	0.010855857283
0.031999997795	0.011688913219
0.033599998802	0.012200225145
0.035199999809	0.012282464653
0.036800000817	0.011825344525
0.038399998099	0.011490017176
0.039999999106	0.009480000474
0.041600000113	0.011215648614
0.043199997395	0.011134960689
0.044799998403	0.011197824962
0.046399999410	0.011975441128
0.048000000417	0.010716289282
0.049599997699	0.010444256477
0.051199998707	0.011035473086
0.052799999714	0.012889632955
0.054399996996	0.010373456404
0.055999998003	0.009748240933
0.057599999011	0.011451648548
0.059200000018	0.011264288798
0.060799997300	0.009905217215
0.062399998307	0.008474304341
0.063999995589	0.010482048616
0.065600000322	0.008444961160
0.067199997604	0.009459552355
0.068799994886	0.009590432979
0.070399999619	0.009477936663
0.071999996901	0.009635873139
0.073600001633	0.009641776793
0.075199998915	0.009543088265
0.076799996197	0.008043392561
0.078400000930	0.011089169420
0.079999998212	0.010774224997
0.081599995494	0.008143808693
0.083200000226	0.007931793109
0.084799997509	0.008449777029
0.086399994791	0.010447792709
0.087999999523	0.009075264446
0.089599996805	0.009224320762
0.091199994087	0.008410144597
0.092799998820	0.009256080724
0.094399996102	0.008616976440
0.096000000834	0.008967696689
0.097599998116	0.007858112454
0.099199995399	0.007068496663
0.100800000131	0.009007392451
0.102399997413	0.009686753154
0.103999994695	0.010454176925
0.105599999428	0.008670624346
0.107199996710	0.009201616980
0.108799993992	0.008173920214
0.110399998724	0.007085472811
0.111999996006	0.008896176703
0.113600000739	0.008161952719
0.115199998021	0.008096545003
0.116799995303	0.009476400912
0.118400000036	0.008571936749
0.119999997318	0.007066192571
0.121599994600	0.010861921124
0.123199999332	0.007816720754
0.124799996614	0.006701312494
0.126399993896	0.007906625047
0.127999991179	0.008000496775
0.129600003362	0.007812336553
0.131200000644	0.008611568250
0.132799997926	0.007768896408
0.134399995208	0.008395505138
0.135999992490	0.005798656493
0.137599989772	0.007906672545
0.139200001955	0.006349120755
0.140799999237	0.008209792897
0.142399996519	0.005436832551
0.143999993801	0.009334321134
0.145599991083	0.006936048623
0.147200003266	0.006646064576
0.148800000548	0.007946448401
0.150399997830	0.006971152499
0.151999995112	0.006662448402
0.153599992394	0.007912032306
0.155199989676	0.008320864290
0.156800001860	0.006791104563
0.158399999142	0.004744784441
0.159999996424	0.005630832631
0.161599993706	0.009026672691
0.163199990988	0.006969504524
0.164800003171	0.006389504299
0.166400000453	0.005460816436
0.167999997735	0.008599024266
0.169599995017	0.007100208662
0.171199992299	0.007059888449
0.172799989581	0.005658480339
0.174400001764	0.005376064219
0.175999999046	0.007434256840
0.177599996328	0.007500416599
0.179199993610	0.006975392345
0.180799990892	0.007433744613
0.182399988174	0.005876496434
0.184000000358	0.005951392464
0.185599997640	0.005855488591
0.187199994922	0.006866976619
0.188799992204	0.005402912386
0.190399989486	0.006366928574
0.192000001669	0.006292208564
0.193599998951	0.006684160326
0.195199996233	0.007068000734
0.196799993515	0.006876944564
0.198399990797	0.006322752684
0.199999988079	0.004321520217
0.201600000262	0.005123152398
0.203199997544	0.005817840341
0.204799994826	0.006026784424
0.206399992108	0.006429168396
0.207999989390	0.005639536306
0.209600001574	0.005453088321
0.211199998856	0.005009632558
0.212799996138	0.007318336517
0.214399993420	0.007508976385
0.215999990702	0.005990096368
0.217599987984	0.004933824297
0.219200000167	0.006896128412
0.220799997449	0.005824000575
0.222399994731	0.006696976721
0.223999992013	0.004366032314
0.225599989295	0.003212896176
0.227200001478	0.005586880259
0.228799998760	0.006158048753
0.230399996042	0.005726608448
0.231999993324	0.006056752522
0.233599990606	0.004101856146
0.235199987888	0.005121280439
0.236800000072	0.005998112261
0.238399997354	0.004992224276
0.239999994636	0.004940800369
0.241599991918	0.006495152600
0.243199989200	0.004775312264
0.244799986482	0.005901824683
0.246399998665	0.005038448609
0.247999995947	0.005595072638
0.249599993229	0.006441328675
0.251199990511	0.005920448340
0.252799987793	0.006719360594
0.254399985075	0.005021744408
0.255999982357	0.004952368326
0.257599979639	0.005348384380
0.259200006723	0.005364688579
0.260800004005	0.005274272524
0.262400001287	0.004870400298
0.263999998569	0.005593280308
0.265599995852	0.005036960356
0.267199993134	0.006269504316
0.268799990416	0.003627552185
0.270399987698	0.006408512592
0.271999984980	0.006667104550
0.273599982262	0.004840640351
0.275199979544	0.005486272275
0.276800006628	0.003477728227
0.278400003910	0.007219232619
0.280000001192	0.005544432439
0.281599998474	0.005873952527
0.283199995756	0.005970496684
0.284799993038	0.002547648270
0.286399990320	0.006266784389
0.287999987602	0.006341440603
0.289599984884	0.004929120187
0.291199982166	0.004582336172
0.292799979448	0.004307392519
0.294400006533	0.004797440488
0.296000003815	0.005491072312
0.297600001097	0.005578288343
0.299199998379	0.003670816310
0.300799995661	0.001477552112
0.302399992943	0.004549376201
0.303999990225	0.004030400421
0.305599987507	0.005961360410
0.307199984789	0.003368960228
0.308799982071	0.004791072570
0.310399979353	0.002600240288
0.312000006437	0.003961136099
0.313600003719	0.005074352492
0.315200001001	0.004634240177
0.316799998283	0.004747424275
0.318399995565	0.002968192333
0.319999992847	0.004263952374
0.321599990129	0.003673760220
0.323199987411	0.004550144542
0.324799984694	0.004074336495
0.326399981976	0.004494528286
0.327999979258	0.005561088677
0.329600006342	0.005153440405
0.331200003624	0.005789520685
0.332800000906	0.006421408616
0.334399998188	0.004366624169
0.335999995470	0.004901088309
0.337599992752	0.004695584532
0.339199990034	0.004833984189
0.340799987316	0.005163536407
0.342399984598	0.006409568712
0.343999981880	0.004779520445
0.345599979162	0.003748336341
0.347199976444	0.006630000658
0.348800003529	0.004255120177
0.350400000811	0.004348400515
0.351999998093	0.003897712333
0.353599995375	0.003251008224
0.355199992657	0.004607392475
0.356799989939	0.003247424262
0.358399987221	0.004807264544
0.359999984503	0.003135344246
0.361599981785	0.004622128326
0.363199979067	0.004611216486
0.364799976349	0.002560256282
0.366400003433	0.003932112362
0.368000000715	0.004121472128
0.369599997997	0.004386752378
0.371199995279	0.003690192243
0.372799992561	0.004722160287
0.374399989843	0.004140320234
0.375999987125	0.004231792409
0.377599984407	0.005358688533
0.379199981689	0.002599424217
0.380799978971	0.003751648357
0.382399976254	0.003989248537
0.384000003338	0.004368432332
0.385600000620	0.004759408534
0.387199997902	0.003527552355
0.388799995184	0.006095040590
0.390399992466	0.000333856005
0.391999989748	0.005598288495
0.393599987030	0.004941424355
0.395199984312	0.003255056217
0.396799981594	0.005253152456
0.398399978876	0.001485760091
0.399999976158	0.004400144331
0.401600003242	0.003200176172
0.403200000525	0.007071744651
0.404799997807	0.004511712585
0.406399995089	0.003226576140
0.407999992371	0.005829552654
0.409599989653	0.003989360295
0.411199986935	0.006502944510
0.412799984217	0.003094272222
0.414399981499	0.005598224234
0.415999978781	0.004895280581
0.417599976063	0.002926544286
0.419200003147	0.003854496405
0.420800000429	0.003390288213
0.422399997711	0.005137936678
0.423999994993	0.003210352268
0.425599992275	0.005011456553
0.427199989557	0.004699056502
0.428799986839	0.003271200228
0.430399984121	0.005537648685
0.431999981403	0.002901680302
0.433599978685	0.004361744504
0.435199975967	0.003271408146
0.436800003052	0.003510224400
0.438400000334	0.004759536590
0.439999997616	0.003407712327
0.441599994898	0.003643728327
0.443199992180	0.003815728240
0.444799989462	0.005609936547
0.446399986744	0.004274688195
0.447999984026	0.003704624251
0.449599981308	0.003892944194
0.451199978590	0.003016816219
0.452799975872	0.005036528222
0.454400002956	0.001866400125
0.456000000238	0.003905200399
0.457599997520	0.002781408373
0.459199994802	0.003411168233
0.460799992085	0.004859680310
0.462399989367	0.002392432187
0.463999986649	0.003967408556
0.465599983931	0.003746688366
0.467199981213	0.005181808490
0.468799978495	0.005836320575
0.470399975777	0.004065888468
0.472000002861	0.004488992505
0.473600000143	0.002618400147
0.475199997425	0.004582032561
0.476799994707	0.003111792263
0.478399991989	0.005710928701
0.479999989271	0.004054416437
0.481599986553	0.002634096192
0.483199983835	0.004306608345
0.484799981117	0.004116496071
0.486399978399	0.004658576567
0.487999975681	0.003366496181
0.489599972963	0.003810320282
0.491200000048	0.004807312507
0.492799997330	0.003376864363
0.494399994612	0.005151104648
0.495999991894	0.003053808352
0.497599989176	0.002888704184
0.499199986458	0.003529184265
0.500800013542	0.001863008132
0.502399981022	0.003313184250
0.504000008106	0.003907504492
0.505599975586	0.003493808210
0.507200002670	0.000991312088
0.508799970150	0.002544992138
0.510399997234	0.004199776333
0.511999964714	0.002033520257
0.513599991798	0.003304144368
0.515199959278	0.001091664075
0.516799986362	0.003578880336
0.518400013447	0.002720992314
0.519999980927	0.003862352343
0.521600008011	0.003295776201
0.523199975491	0.000979984063
0.524800002575	0.004019440152
0.526399970055	0.002478256123
0.527999997139	0.005079040304
0.529599964619	0.003734176280
0.531199991703	0.002136208117
0.532799959183	0.004027328454
0.534399986267	0.004540048540
0.536000013351	0.005431552418
0.537599980831	0.002138224198
0.539200007915	0.003554288298
0.540799975395	0.004050352145
0.542400002480	0.001708448166
0.543999969959	0.004996176343
0.545599997044	0.002723424230
0.547199964523	0.003435312305
0.548799991608	0.001801152132
0.550399959087	0.002845424227
0.551999986172	0.004231872503
0.553600013256	0.002479744144
0.555199980736	0.001320192125
0.556800007820	0.000438960065
0.558399975300	0.003549472196
0.560000002384	0.003279552329
0.561599969864	0.002884208225
0.563199996948	0.004071456380
0.564799964428	0.001170624164
0.566399991512	0.003573040245
0.567999958992	0.002437072108
0.569599986076	0.002447392093
0.571200013161	0.003243648214
0.572799980640	0.000366799999
0.574400007725	0.002335024066
0.575999975204	0.001826064195
0.577600002289	0.003496176330
0.579199969769	0.004389696289
0.580799996853	0.001994048245
0.582399964333	0.002887136303
0.583999991417	0.001960768132
0.585599958897	0.002500720089
0.587199985981	0.002804592252
0.588800013065	0.001440368127
0.590399980545	-0.000730928092
0.592000007629	0.003580960212
0.593599975109	0.002970128320
0.595200002193	0.004145664163
0.596799969673	0.002244160278
0.598399996758	0.001232176088
0.599999964237	0.001926016179
0.601599991322	0.003551776288
0.603199958801	0.002612336306
0.604799985886	0.002179856179
0.606400012970	0.000550496043
0.607999980450	0.003129584249
0.609600007534	0.003581616329
0.611199975014	0.002049328061
0.612800002098	0.002431856235
0.614399969578	0.001039776136
0.615999996662	0.003873744281
0.617599964142	0.003074752167
0.619199991226	0.002099136356
0.620799958706	0.003765936242
0.622399985790	0.000499120040
0.624000012875	0.001093856059
0.625599980354	0.001044672099
0.627200007439	0.003196160309
0.628799974918	0.002169696148
0.630400002003	0.003059424227
0.631999969482	0.002285776194
0.633599996567	0.002076000208
0.635199964046	0.002690736204
0.636799991131	0.003137504216
0.638399958611	0.001587600098
0.639999985695	0.004207712132
0.641600012779	0.001115600113
0.643199980259	0.002468976192
0.644800007343	0.000146592021
0.646399974823	0.002533648163
0.648000001907	0.002763072262
0.649599969387	0.002414512215
0.651199996471	0.003285120241
0.652799963951	0.000916640041
0.654399991035	0.003944256343
0.655999958515	0.003222896252
0.657599985600	0.002759696217
0.659200012684	0.001727664145
0.660799980164	0.001737424056
0.662400007248	0.003784928238
0.663999974728	0.001835408155
0.665600001812	0.002130160108
0.667199969292	0.001898256131
0.668799996376	0.002472048160
0.670399963856	0.002899984131
0.671999990940	0.000589920033
0.673599958420	0.001772752148
0.675199985504	0.003779312363
0.676800012589	0.001471632160
0.678399980068	0.002727392130
0.680000007153	0.001641840092
0.681599974632	0.003615152324
0.683200001717	0.001943856128
0.684799969196	0.002096448094
0.686399996281	0.001878912095
0.687999963760	0.001122816117
0.689599990845	0.003097200301
0.691199958324	0.002281072084
0.692799985409	0.001879520132
0.694399952888	0.001714768121
0.695999979973	0.002027984243
0.697600007057	0.002304880181
0.699199974537	0.002516400302
0.700800001621	0.002370256232
0.702399969101	0.002138752257
0.703999996185	0.002331440337
0.705599963665	0.003709744196
0.707199990749	0.001417728025
0.708799958229	0.001940048183
0.710399985313	0.001740160165
0.711999952793	0.002146480139
0.713599979877	0.001711104182
0.715200006962	0.002633760218
0.716799974442	0.000528832083
0.718400001526	0.001804080210
0.719999969006	0.001730736229
0.721599996090	0.001940688118
0.723199963570	0.002728576306
0.724799990654	0.001212192117
0.726399958134	0.002311824355
0.727999985218	0.003636768321
0.729599952698	0.003922448494
0.731199979782	0.003457824234
0.732800006866	0.001313136076
0.734399974346	0.002962480299
0.736000001431	0.000483536016
0.737599968910	0.002981744241
0.739199995995	0.002310256241
0.740799963474	0.001768736169
0.742399990559	0.001234912081
0.743999958038	0.000860224070
0.745599985123	0.003156880382
0.747199952602	0.001861248165
0.748799979687	0.000856672064
0.750400006771	0.000729616091
0.751999974251	0.000201904040
0.753600001335	0.002023680136
0.755199968815	0.002123840153
0.756799995899	0.002838832326
0.758399963379	0.002005344257
0.759999990463	-0.000180752017
0.761599957943	0.001402496127
0.763199985027	0.002083136234
0.764799952507	0.002898560371
0.766399979591	0.002310512122
0.768000006676	0.003219088307
0.769599974155	0.002171664033
0.771200001240	0.003109968267
0.772799968719	0.003321792232
0.774399995804	0.002263168106
0.775999963284	0.001751744188
0.777599990368	0.000640272046
0.779199957848	0.001992656151
0.780799984932	0.003135552164
0.782399952412	0.002257920103
0.783999979496	0.003739712294
0.785600006580	-0.000112704016
0.787199974060	0.001906464109
0.788800001144	0.001438400126
0.790399968624	0.001724704169
0.791999995708	0.001602032105
0.793599963188	0.001513408148
0.795199990273	0.001479904167
0.796799957752	0.002815456362
0.798399984837	0.002696784213
0.799999952316	0.002303408226
0.801599979401	0.000899440085
0.803200006485	0.001297232113
0.804799973965	0.000543776026
0.806400001049	0.002166720107
0.807999968529	0.001267424086
0.809599995613	0.002524048090
0.811199963093	0.002158480231
0.812799990177	0.000000719964
0.814399957657	0.001929952065
0.815999984741	0.001314240042
0.817599952221	0.002282512141
0.819199979305	0.001867408049
0.820800006390	0.000040207982
0.822399973869	0.000726848026
0.824000000954	0.000864736096
0.825599968433	0.003972416278
0.827199995518	0.000695264025
0.828799962997	0.000567408046
0.830399990082	0.001189168077
0.831999957561	0.001512016170
0.833599984646	0.002986288164
0.835199952126	0.000572736026
0.836799979210	0.000998416101
0.838400006294	0.002829008270
0.839999973774	0.002015424194
0.841600000858	0.002511792118
0.843199968338	0.000433600013
0.844799995422	0.001764352084
0.846399962902	0.003016080242
0.847999989986	0.001356832101
0.849599957466	0.003826928325
0.851199984550	0.002026304137
0.852799952030	0.001774640172
0.854399979115	0.001715712133
0.856000006199	0.001057344140
0.857599973679	0.003048544284
0.859200000763	0.002171680331
0.860799968243	0.001350288163
0.862399995327	0.000333360018
0.863999962807	0.001453792094
0.865599989891	0.001651376137
0.867199957371	0.001648288104
0.868799984455	0.002860992216
0.870399951935	0.002603472210
0.871999979019	0.000649504014
0.873600006104	-0.001321232063
0.875199973583	0.001974224113
0.876800000668	-0.000169711988
0.878399968147	0.001378528075
0.879999995232	0.001004848047
0.881599962711	-0.000136400020
0.883199989796	0.001150640193
0.884799957275	0.003231824376
0.886399984360	0.003100416157
0.887999951839	0.000577968021
0.889599978924	-0.000179455979
0.891200006008	0.001404448063
0.892799973488	-0.000156576018
0.894400000572	0.004386576358
0.895999968052	0.002614560071
0.897599995136	0.000211583960
0.899199962616	-0.000271536032
0.900799989700	0.001296992181
0.902399957180	0.001520464080
0.903999984264	0.001113552134
0.905599951744	0.001590112108
0.907199978828	-0.001090160105
0.908800005913	0.003560656216
0.910399973392	0.003055824200
0.912000000477	-0.000388496061
0.913599967957	0.002102768281
0.915199995041	0.000712448033
0.916799962521	0.000446896011
0.918399989605	0.001982480055
0.919999957085	0.002779936185
0.921599984169	0.001843824168
0.923199951649	0.002895968268
0.924799978733	0.001581024146
0.926400005817	0.000573120022
0.927999973297	0.002416016301
0.929600000381	0.001929472084
0.931199967861	0.000490112056
0.932799994946	-0.000175024019
0.934399962425	0.001753696124
0.935999989510	0.001392080099
0.937599956989	0.001370320097
0.939199984074	0.001927296165
0.940799951553	0.000976352079
0.942399978638	-0.000324480032
0.944000005722	0.002248016186
0.945599973202	0.000403824059
0.947200000286	0.001514736097
0.948799967766	0.001228656038
0.950399994850	0.000368800043
0.951999962330	0.001572640147
0.953599989414	-0.000426048064
0.955199956894	0.001994960243
0.956799983978	0.000353360083
0.958399951458	0.000692528090
0.959999978542	0.001475024153
0.961599946022	0.001388192060
0.963199973106	0.002708960325
0.964800000191	-0.000180464020
0.966399967670	0.001305488055
0.967999994755	0.000590352050
0.969599962234	0.000937008124
0.971199989319	0.001529072179
0.972799956799	0.000137520023
0.974399983883	0.000625072047
0.975999951363	0.002191152191
0.977599978447	0.001895968104
0.979199945927	0.000695440045
0.980799973011	-0.000164079989
0.982400000095	0.002826288342
0.983999967575	0.001457280130
0.985599994659	0.000958192046
0.987199962139	0.000716768031
0.988799989223	0.001643920084
0.990399956703	-0.000253056030
0.991999983788	0.000370176072
0.993599951267	0.001725488110
0.995199978352	0.000274223974
0.996799945831	0.000742400065
0.998399972916	0.000144928024
1.000000000000	0.000855760067
1.001600027084	0.003127008211
1.003199934959	-0.000759632036
1.004799962044	0.002902048174
1.006399989128	0.000628336042
1.008000016212	0.001461824053
1.009599924088	0.001090208068
1.011199951172	0.000953968090
1.012799978256	0.000849216070
1.014400005341	0.001662656083
1.016000032425	0.000074608011
1.017599940300	0.001141744084
1.019199967384	0.001027440070
1.020799994469	0.000631264062
1.022400021553	0.001580320066
1.023999929428	0.000984415994
1.025599956512	-0.000731360109
1.027199983597	0.000231312035
1.028800010681	0.000411824032
1.030399918556	-0.000702400052
1.031999945641	0.000835872081
1.033599972725	0.000409552013
1.035199999809	0.001679968205
1.036800026894	0.000172496104
1.038399934769	0.000284400041
1.039999961853	-0.000025983994
1.041599988937	-0.000360864011
1.043200016022	-0.000720480049
1.044799923897	0.002103184117
1.046399950981	0.001126832096
1.047999978065	0.000659200072
1.049600005150	0.000704592094
1.051200032234	0.002109264256
1.052799940109	0.000963552098
1.054399967194	-0.000618944061
1.055999994278	0.000098288001
1.057600021362	0.001139376080
1.059199929237	0.002011728240
1.060799956322	0.001008400111
1.062399983406	0.000849120086
1.064000010490	0.000874896068
1.065599918365	0.001773808151
1.067199945450	-0.001124448027
1.068799972534	0.002087472240
1.070399999619	0.001774080098
1.072000026703	-0.000121359997
1.073599934578	0.001721152104
1.075199961662	0.001393120037
1.076799988747	0.001409856137
1.078400015831	0.000924080086
1.079999923706	0.001170592033
1.081599950790	0.000914688047
1.083199977875	-0.000767184072
1.084800004959	0.000073504001
1.086400032043	0.001451584161
1.087999939919	0.001299760072
1.089599967003	0.000895040052
1.091199994087	0.000415248011
1.092800021172	0.002121248050
1.094399929047	-0.000579120067
1.095999956131	0.002399088116
1.097599983215	0.000093536029
1.099200010300	-0.001111104153
1.100799918175	-0.000392784073
1.102399945259	0.000475888053
1.103999972343	0.002786784200
1.105599999428	-0.001819120138
1.107200026512	0.000550496101
1.108799934387	0.000123455990
1.110399961472	-0.000456592010
1.111999988556	0.001999568194
1.113600015640	0.001425728085
1.115199923515	0.000017807988
1.116799950600	-0.000202912022
1.118399977684	0.001643040101
1.120000004768	0.000196960027
1.121599912643	0.000748480146
1.123199939728	0.001803712104
1.124799966812	0.000411888061
1.126399993896	0.002111232141
1.128000020981	0.002078512218
1.129599928856	0.000880704087
1.131199955940	0.001246800064
1.132799983025	0.001794080134
1.134400010109	-0.000583536050
1.135999917984	-0.000065760010
1.137599945068	0.001882560202
1.139199972153	0.000290463999
1.140799999237	-0.000166176033
1.142400026321	0.002104848158
1.143999934196	-0.000611040101
1.145599961281	-0.000243136034
1.147199988365	0.000345536042
1.148800015450	0.000357136014
1.150399923325	0.001014688052
1.151999950409	-0.001068880083
1.153599977493	0.000081984035
1.155200004578	-0.001109504141
1.156799912453	0.000803200121
1.158399939537	0.000001391977
1.159999966621	-0.001478800201
1.161599993706	-0.000149936051
1.163200020790	0.001428912161
1.164799928665	0.000305792055
1.166399955750	-0.000179520008
1.167999982834	-0.000289184012
1.169600009918	0.001487824135
1.171199917793	0.001392304082
1.172799944878	0.001225200132
1.174399971962	0.000502992014
1.175999999046	-0.000376400043
1.177600026131	0.000294048019
1.179199934006	0.001441392116
1.180799961090	0.000266128016
1.182399988174	-0.000876720122
1.184000015259	0.000509312027
1.185599923134	0.001020592055
1.187199950218	0.001532800146
1.188799977303	-0.000047280020
1.190400004387	-0.001221792074
1.191999912262	0.002014160156
1.193599939346	-0.001669088146
1.195199966431	0.001009584055
1.196799993515	0.000774400076
1.198400020599	-0.001703776186
1.199999928474	0.000035327994
1.201599955559	-0.000375280040
1.203199982643	0.002136208117
1.204800009727	-0.000703536090
1.206399917603	-0.000380015961
1.207999944687	0.001349152066
1.209599971771	-0.000254720042
1.211199998856	-0.000482240051
1.212800025940	0.000322112028
1.214399933815	0.001304288162
1.215999960899	-0.000368272013
1.217599987984	0.000177951995
1.219200015068	0.001358448179
1.220799922943	0.001287248102
1.222399950027	0.000536144071
1.223999977112	-0.000342079991
1.225600004196	-0.001532000140
1.227199912071	0.000672000053
1.228799939156	0.000703904137
1.230399966240	0.000101056008
1.231999993324	-0.000188032020
1.233600020409	-0.000129792024
1.235199928284	0.000523968076
1.236799955368	-0.001023296034
1.238399982452	0.000849968055
1.240000009537	-0.000132207977
1.241599917412	0.000775584078
1.243199944496	0.000347824011
1.244799971581	-0.001738048159
1.246399998665	-0.000175056062
1.248000025749	-0.000003248026
1.249599933624	0.001123456052
1.251199960709	-0.002285200171
1.252799987793	-0.000153680041
1.254400014877	0.000650512055
1.255999922752	0.000794928055
1.257599949837	-0.000566720031
1.259199976921	0.000397424010
1.260800004005	0.001789056114
1.262399911880	0.001012256136
1.263999938965	-0.000200352064
1.265599966049	-0.000628240057
1.267199993134	0.001081088092
1.268800020218	-0.000296960032
1.270399928093	0.000521408045
1.271999955177	-0.000726336031
1.273599982262	0.000008559978
1.275200009346	0.000440448028
1.276799917221	0.001037504058
1.278399944305	0.000157103961
1.279999971390	-0.001141008106
1.281599998474	0.001127760159
1.283200025558	0.002838448156
1.284799933434	-0.000614288030
1.286399960518	0.000551792036
1.287999987602	-0.000677008065
1.289600014687	0.002001952147
1.291199922562	0.000898928032
1.292799949646	0.000998192001
1.294399976730	0.001780000166
1.296000003815	-0.001504800166
1.297599911690	0.000251264049
1.299199938774	0.001198688056
1.300799965858	0.000458832015
1.302399992943	-0.001526320120
1.304000020027	-0.000328544003
1.305599927902	0.000145199985
1.307199954987	-0.001802464132
1.308799982071	-0.000410656008
1.310400009155	-0.000087439985
1.311999917030	-0.000405776023
1.313599944115	-0.001159600099
1.315199971199	-0.000998128089
1.316799998283	0.000547376112
1.318400025368	0.000254848070
1.319999933243	-0.000756480033
1.321599960327	-0.000976592069
1.323199987411	-0.001108544064
1.324800014496	-0.001243664068
1.326399922371	0.001557936077
1.327999949455	0.001796048135
1.329599976540	-0.000468496088
1.331200003624	-0.001722384244
1.332799911499	-0.000183600074
1.334399938583	0.000864560076
1.335999965668	0.000164016034
1.337599992752	-0.000374368043
1.339200019836	-0.000974320108
1.340799927711	-0.001095344080
1.342399954796	0.000713392044
1.343999981880	0.000470336090
1.345600008965	0.000429520034
1.347199916840	0.000362400024
1.348799943924	-0.000393344002
1.350399971008	0.000008991985
1.351999998093	0.000892944052
1.353600025177	-0.000248464057
1.355199933052	-0.000474656001
1.356799960136	0.000383792038
1.358399987221	-0.001529344125
1.360000014305	0.000258768036
1.361599922180	0.001157344086
1.363199949265	-0.000576480001
1.364799976349	0.001723520225
1.366400003433	0.000783264055
1.367999911308	0.000429503998
1.369599938393	0.000395104056
1.371199965477	-0.001785088098
1.372799992561	-0.002101808088
1.374400019646	-0.000162591983
1.375999927521	0.000120400029
1.377599954605	-0.000163440011
1.379199981689	-0.000659376034
1.380800008774	-0.000577952072
1.382399916649	-0.000131328023
1.383999943733	-0.001678912085
1.385599970818	0.000418480049
1.387199997902	0.000423680031
1.388799905777	0.000133520007
1.390399932861	0.000964416075
1.391999959946	-0.001014992129
1.393599987030	-0.001228432055
1.395200014114	0.000472864020
1.396799921989	-0.000773376029
1.398399949074	-0.001986624207
1.399999976158	-0.000665872067
1.401600003242	-0.001702064183
1.403199911118	0.002317440230
1.404799938202	0.000001535989
1.406399965286	-0.001557728159
1.407999992371	-0.000496208027
1.409600019455	-0.001474528108
1.411199927330	-0.000509504054
1.412799954414	-0.001020864118
1.414399981499	-0.000090624017
1.416000008583	-0.000649888068
1.417599916458	-0.000950336107
1.419199943542	-0.001393888146
1.420799970627	0.001059488044
1.422399997711	0.000525360054
1.423999905586	-0.001944352174
1.425599932671	-0.000734304078
1.427199959755	0.001141856075
1.428799986839	-0.000443664059
1.430400013924	-0.000005152034
1.431999921799	0.001295376220
1.433599948883	0.000515280000
1.435199975967	0.000565184047
1.436800003052	-0.001774992095
1.438399910927	-0.000918448088
1.439999938011	0.000679056102
1.441599965096	-0.000948656118
1.443199992180	-0.000810960075
1.444800019264	-0.001273584086
1.446399927139	0.000202800060
1.447999954224	-0.000070127950
1.449599981308	-0.000447296014
1.451200008392	-0.001265200204
1.452799916267	-0.001402096124
1.454399943352	0.000399456010
1.455999970436	-0.001071088132
1.457599997520	-0.001937312074
1.459199905396	-0.001020624069
1.460799932480	-0.000805872143
1.462399959564	-0.002000800101
1.463999986649	-0.001141936053
1.465600013733	-0.002095520264
1.467199921608	-0.002416368341
1.468799948692	-0.001640464179
1.470399975777	-0.001440208056
1.472000002861	-0.001079264097
1.473599910736	0.000145280021
1.475199937820	-0.001127984026
1.476799964905	-0.000701136072
1.478399991989	-0.001497856108
1.480000019073	-0.000470160012
1.481599926949	-0.001839888166
1.483199954033	-0.000687104068
1.484799981117	0.000494752079
1.486400008202	-0.001740288222
1.487999916077	0.000170352010
1.489599943161	0.000212607993
1.491199970245	0.000190480030
1.492799997330	0.000623584026
1.494399905205	-0.000389024091
1.495999932289	-0.000660032092
1.497599959373	-0.000752448046
1.499199986458	-0.002107328270
1.500800013542	-0.000230112011
1.502399921417	-0.000021583977
1.503999948502	-0.001055264031
1.505599975586	-0.002650256269
1.507200002670	0.000920256018
1.508799910545	-0.000951376103
1.510399937630	-0.001609904110
1.511999964714	-0.001074464177
1.513599991798	0.000218080037
1.515200018883	0.000574816077
1.516799926758	-0.001208656118
1.518399953842	-0.000898672093
1.519999980927	-0.000434592017
1.521600008011	-0.000197904053
1.523199915886	0.000966256077
1.524799942970	-0.002168976236
1.526399970055	-0.001019040123
1.527999997139	-0.000736672082
1.529599905014	-0.001012592111
1.531199932098	-0.000729552063
1.532799959183	-0.000916544115
1.534399986267	0.000485824043
1.536000013351	0.000230287988
1.537599921227	0.000368640031
1.539199948311	-0.001487216097
1.540799975395	-0.001452208147
1.542400002480	-0.000933280098
1.543999910355	-0.000611456053
1.545599937439	-0.002460208256
1.547199964523	-0.001022560056
1.548799991608	-0.001746304100
1.550400018692	-0.001466304064
1.551999926567	-0.000443024066
1.553599953651	0.000008703987
1.555199980736	0.000796976034
1.556800007820	0.000743392040
1.558399915695	0.000164944024
1.559999942780	-0.000637920049
1.561599969864	-0.001662448165
1.563199996948	-0.001876208116
1.564799904823	0.001565600047
1.566399931908	0.000422863988
1.567999958992	-0.000495152024
1.569599986076	0.001295760041
1.571200013161	-0.001095024054
1.572799921036	-0.000426512037
1.574399948120	-0.000656624034
1.575999975204	-0.001896640169
1.577600002289	-0.000256848027
1.579199910164	-0.001264976105
1.580799937248	-0.000194000037
1.582399964333	-0.000458224036
1.583999991417	-0.001072256127
1.585600018501	-0.000167392005
1.587199926376	-0.001464048168
1.588799953461	-0.000447295984
1.590399980545	-0.002606384223
1.592000007629	0.000154608075
1.593599915504	-0.001098624081
1.595199942589	-0.000843232032
1.596799969673	-0.003268688219
1.598399996758	-0.000585120113
1.599999904633	-0.000408400054
1.601599931717	-0.001591856126
1.603199958801	-0.000872832083
1.604799985886	-0.001279360149
1.606400012970	-0.001061312039
1.607999920845	-0.001821872196
1.609599947929	-0.000368352019
1.611199975014	0.000434544025
1.612800002098	-0.002145168139
1.614399909973	-0.001015136135
1.615999937057	-0.002277280204
1.617599964142	0.000110351953
1.619199991226	-0.000867520052
1.620800018311	0.000999712152
1.622399926186	-0.000631328090
1.623999953270	-0.001947360230
1.625599980354	-0.001841264195
1.627200007439	0.000181344003
1.628799915314	-0.001033120090
1.630399942398	-0.000717680086
1.631999969482	-0.002764240140
1.633599996567	-0.001221136074
1.635199904442	-0.000831632118
1.636799931526	-0.001038560062
1.638399958611	-0.001301040058
1.639999985695	-0.001021280070
1.641600012779	-0.002076992299
1.643199920654	-0.002561536152
1.644799947739	-0.000236800028
1.646399974823	-0.001021360047
1.648000001907	-0.001195648103
1.649599909782	-0.002898336155
1.651199936867	0.000055823999
1.652799963951	-0.002855472267
1.654399991035	-0.002491792198
1.655999898911	-0.001452416182
1.657599925995	-0.000981184072
1.659199953079	-0.001540816156
1.660799980164	-0.001745040179
1.662400007248	-0.002397392178
1.663999915123	-0.001135232160
1.665599942207	-0.000530368066
1.667199969292	-0.001466560178
1.668799996376	-0.000735232024
1.670399904251	-0.000681200065
1.671999931335	-0.001787056099
1.673599958420	-0.001984736184
1.675199985504	-0.002261536196
1.676800012589	-0.002299440093
1.678399920464	-0.001288928092
1.679999947548	-0.002206768142
1.681599974632	-0.000595024088
1.683200001717	-0.002188160084
1.684799909592	-0.002556272317
1.686399936676	-0.000205024029
1.687999963760	-0.001470416086
1.689599990845	-0.002104224171
1.691199898720	-0.000467600039
1.692799925804	-0.000372080016
1.694399952888	-0.000743120094
1.695999979973	-0.002150016138
1.697600007057	-0.000492735999
1.699199914932	-0.001913488144
1.700799942017	-0.001185984234
1.702399969101	-0.001244208077
1.703999996185	-0.000357071985
1.705599904060	-0.000013456010
1.707199931145	-0.000581376080
1.708799958229	-0.000060784005
1.710399985313	-0.000848304073
1.712000012398	-0.001620112103
1.713599920273	-0.000792976120
1.715199947357	-0.000547392061
1.716799974442	0.000242928014
1.718400001526	-0.001822912134
1.719999909401	-0.001209552167
1.721599936485	-0.001204608125
1.723199963570	-0.001369904145
1.724799990654	-0.002071008319
1.726399898529	-0.002283216221
1.727999925613	0.000357120065
1.729599952698	-0.001183840097
1.731199979782	-0.001431648154
1.732800006866	0.000278304011
1.734399914742	-0.001558688120
1.735999941826	-0.002247824101
1.737599968910	-0.002041616244
1.739199995995	-0.001795248128
1.740799903870	0.000139744006
1.742399930954	-0.001747872098
1.743999958038	-0.003106784308
1.745599985123	-0.002619712148
1.747200012207	-0.000787632074
1.748799920082	-0.001972336089
1.750399947166	-0.002094432246
1.751999974251	-0.002703088103
1.753600001335	-0.000075728029
1.755199909210	-0.001646000193
1.756799936295	-0.001302128192
1.758399963379	-0.001854160102
1.759999990463	-0.001460896106
1.761599898338	-0.000980288023
1.763199925423	-0.001983840251
1.764799952507	-0.001899664174
1.766399979591	0.000440992066
1.768000006676	-0.002327088267
1.769599914551	-0.001916992129
1.771199941635	-0.001205936191
1.772799968719	-0.001686176169
1.774399995804	-0.000725280086
1.775999903679	-0.001949536148
1.777599930763	-0.001292624162
1.779199957848	-0.002715072362
1.780799984932	-0.002001760295
1.782400012016	0.000120063974
1.783999919891	-0.000266928022
1.785599946976	-0.001377264154
1.787199974060	-0.001695792191
1.788800001144	-0.000697248033
1.790399909019	-0.003091264283
1.791999936104	-0.002114832168
1.793599963188	-0.001915152185
1.795199990273	-0.003089888254
1.796799898148	-0.001830704161
1.798399925232	-0.001527216169
1.799999952316	-0.001938704168
1.801599979401	-0.001610672101
1.803200006485	-0.002583312104
1.804799914360	-0.000920720107
1.806399941444	-0.001776784193
1.807999968529	-0.001342208125
1.809599995613	-0.000190944033
1.811199903488	-0.002820432186
1.812799930573	-0.000453632063
1.814399957657	-0.000536416075
1.815999984741	-0.002590816235
1.817600011826	-0.002870096359
1.819199919701	-0.002226592274
1.820799946785	-0.000604528061
1.822399973869	-0.001833392191
1.824000000954	-0.001431200071
1.825599908829	-0.000924400054
1.827199935913	-0.000936928089
1.828799962997	-0.002071936149
1.830399990082	-0.000736640068
1.831999897957	-0.001551760128
1.833599925041	-0.003590512322
1.835199952126	-0.002154368209
1.836799979210	-0.002428240143
1.838400006294	0.000015759973
1.839999914169	-0.002308832249
1.841599941254	-0.000611456053
1.843199968338	-0.001802752144
1.844799995422	-0.001689680154
1.846399903297	-0.002876736224
1.847999930382	-0.001624176162
1.849599957466	-0.002207376296
1.851199984550	-0.001866992097
1.852800011635	-0.003132720245
1.854399919510	-0.000800592010
1.855999946594	-0.001735648140
1.857599973679	-0.003183616325
1.859200000763	-0.000426992017
1.860799908638	-0.001112432103
1.862399935722	-0.002177840099
1.863999962807	-0.000930608076
1.865599989891	-0.001910720137
1.867199897766	-0.000463376055
1.868799924850	-0.001736880164
1.870399951935	-0.000774768065
1.871999979019	-0.002297248226
1.873600006104	-0.001968816156
1.875199913979	-0.002080304082
1.876799941063	-0.000316656078
1.878399968147	-0.000915856101
1.879999995232	-0.000375856034
1.881599903107	0.000955280033
1.883199930191	-0.001756256097
1.884799957275	-0.002829104196
1.886399984360	-0.001220016158
1.888000011444	-0.002885840135
1.889599919319	-0.002897648141
1.891199946404	-0.002931024181
1.892799973488	-0.001693264116
1.894400000572	-0.001775616198
1.895999908447	-0.001948496210
1.897599935532	-0.001726560178
1.899199962616	-0.002459936077
1.900799989700	-0.002570912242
1.902399897575	-0.002180928132
1.903999924660	-0.001207088120
1.905599951744	-0.004574672319
1.907199978828	-0.002535632113
1.908800005913	-0.001198992017
1.910399913788	-0.001763744163
1.911999940872	-0.002882544184
1.913599967957	-0.002434256021
1.915199995041	-0.001612384105
1.916799902916	-0.002921328181
1.918399930000	-0.002618240193
1.919999957085	-0.000911504088
1.921599984169	-0.002853136277
1.923199892044	-0.002041920088
1.924799919128	-0.002991248155
1.926399946213	-0.000416464027
1.927999973297	-0.002277536085
1.929600000381	-0.002264240058
1.931199908257	-0.001637584181
1.932799935341	-0.000838352076
1.934399962425	-0.001826624153
1.935999989510	-0.002878320171
1.937599897385	0.000276320003
1.939199924469	-0.001641504117
1.940799951553	-0.002271296224
1.942399978638	-0.002442192286
1.944000005722	-0.001680160174
1.945599913597	-0.001698848209
1.947199940681	-0.002473360160
1.948799967766	0.000240047972
1.950399994850	-0.003208784154
1.951999902725	-0.003214576282
1.953599929810	-0.001637344132
1.955199956894	0.000402271980
1.956799983978	-0.001619392191
1.958399891853	-0.002895984333
1.959999918938	-0.002548256190
1.961599946022	-0.002922528191
1.963199973106	-0.003826736240
1.964800000191	0.000127295978
1.966399908066	-0.002706688363
1.967999935150	-0.003994368482
1.969599962234	-0.001502736122
1.971199989319	-0.001128288102
1.972799897194	-0.002076512203
1.974399924278	-0.001459408202
1.975999951363	-0.001139088068
1.977599978447	-0.002108416287
1.979200005531	-0.000825552037
1.980799913406	-0.002911936259
1.982399940491	-0.001369632198
1.983999967575	-0.002441552235
1.985599994659	-0.004312304314
1.987199902534	-0.003133472288
1.988799929619	-0.001764608198
1.990399956703	-0.003253552364
1.991999983788	-0.002483616117
1.993599891663	-0.002985760337
1.995199918747	-0.002552192193
1.996799945831	-0.003732064273
1.998399972916	-0.000089552021
2.000000000000	-0.002370512113
2.001600027084	-0.002426592167
2.003200054169	-0.001814608113
2.004799842834	-0.001559680095
2.006399869919	-0.000803232018
2.007999897003	-0.000974928087
2.009599924088	-0.002261472167
2.011199951172	-0.002420416102
2.012799978256	-0.002776352223
2.014400005341	-0.000784800097
2.016000032425	-0.000948496046
2.017600059509	-0.001567232073
2.019199848175	-0.001085120020
2.020799875259	-0.002255568281
2.022399902344	-0.001416016137
2.023999929428	-0.000252175989
2.025599956512	0.000182815988
2.027199983597	-0.001969952136
2.028800010681	-0.003249472240
2.030400037766	-0.001669936115
2.032000064850	-0.003949936479
2.033599853516	-0.001120128087
2.035199880600	-0.003846656298
2.036799907684	-0.002678048331
2.038399934769	-0.003009152366
2.039999961853	-0.002701312304
2.041599988937	-0.003857664298
2.043200016022	0.000672880036
2.044800043106	-0.000834048085
2.046399831772	-0.003108288394
2.047999858856	-0.002349328250
2.049599885941	-0.003431328340
2.051199913025	-0.002897136146
2.052799940109	-0.001424768125
2.054399967194	-0.002885040361
2.055999994278	-0.003251344198
2.057600021362	-0.002520928159
2.059200048447	-0.002286224160
2.060799837112	-0.000643952109
2.062399864197	-0.003929424565
2.063999891281	-0.002583008260
2.065599918365	-0.001064448152
2.067199945450	-0.000222848044
2.068799972534	-0.000243984003
2.070399999619	-0.002689664252
2.072000026703	-0.003042992204
2.073600053787	-0.004146080464
2.075199842453	-0.003478464205
2.076799869537	-0.001763824141
2.078399896622	-0.000986640109
2.079999923706	-0.001830336172
2.081599950790	-0.000534896099
2.083199977875	-0.001646608114
2.084800004959	-0.002217696048
2.086400032043	-0.001386048039
2.088000059128	-0.002543600276
2.089599847794	-0.001758672064
2.091199874878	-0.001981472131
2.092799901962	-0.001188800088
2.094399929047	-0.001462448156
2.095999956131	-0.002715504263
2.097599983215	-0.001334256143
2.099200010300	-0.004342272412
2.100800037384	-0.004137104377
2.102400064468	-0.002690800233
2.103999853134	-0.000954912102
2.105599880219	-0.002217344241
2.107199907303	-0.003429008415
2.108799934387	-0.004639744293
2.110399961472	-0.003747024341
2.111999988556	-0.001830800087
2.113600015640	-0.002389584202
2.115200042725	-0.003446736373
2.116799831390	-0.003366960213
2.118399858475	-0.001279360033
2.119999885559	-0.002290480305
2.121599912643	-0.002137792297
2.123199939728	-0.002939776285
2.124799966812	-0.003061632160
2.126399993896	-0.002007568255
2.128000020981	-0.001045168145
2.129600048065	-0.003332000226
2.131199836731	-0.002528576180
2.132799863815	-0.001514288131
2.134399890900	-0.003312240355
2.135999917984	-0.001874304144
2.137599945068	-0.001934704138
2.139199972153	-0.001921008108
2.140799999237	-0.003352352185
2.142400026321	-0.002306224080
2.144000053406	-0.001656432170
2.145599842072	-0.003230032278
2.147199869156	-0.002162352204
2.148799896240	-0.001155040110
2.150399923325	-0.002551904181
2.151999950409	-0.003444096306
2.153599977493	-0.002370352158
2.155200004578	-0.003349264152
2.156800031662	-0.001028160099
2.158400058746	-0.002741392236
2.159999847412	-0.001999968197
2.161599874496	-0.003672192339
2.163199901581	-0.001698240172
2.164799928665	-0.002303104149
2.166399955750	-0.001965728123
2.167999982834	-0.002653888194
2.169600009918	-0.003416896332
2.171200037003	-0.001652896171
2.172800064087	-0.002246256219
2.174399852753	-0.001549280132
2.175999879837	-0.003252416151
2.177599906921	-0.003074160311
2.179199934006	-0.003873424372
2.180799961090	-0.002229232341
2.182399988174	-0.002563456306
2.184000015259	-0.004781472497
2.185600042343	-0.003206736175
2.187199831009	-0.001997824060
2.188799858093	-0.001751040109
2.190399885178	-0.003903168254
2.191999912262	-0.003057552269
2.193599939346	-0.002026976086
2.195199966431	-0.004036544356
2.196799993515	-0.003474016208
2.198400020599	-0.002424400300
2.200000047684	-0.001853184192
2.201599836349	-0.002275776118
2.203199863434	-0.001744832145
2.204799890518	-0.002180464100
2.206399917603	-0.003002848243
2.207999944687	-0.002813664265
2.209599971771	-0.002033408266
2.211199998856	-0.003396096407
2.212800025940	-0.001473344048
2.214400053024	-0.001541312085
2.215999841690	-0.002968816319
2.217599868774	-0.001278208103
2.219199895859	-0.001980192261
2.220799922943	-0.002983504208
2.222399950027	-0.003260608297
2.223999977112	-0.002112432150
2.225600004196	-0.002828800352
2.227200031281	-0.001523872139
2.228800058365	-0.001294448157
2.230399847031	-0.003615632420
2.231999874115	-0.001847008127
2.233599901199	-0.002281296300
2.235199928284	-0.001971728168
2.236799955368	-0.003798288293
2.238399982452	-0.001682288130
2.240000009537	-0.001523264218
2.241600036621	-0.003573312424
2.243199825287	-0.001275040093
2.244799852371	-0.003837808268
2.246399879456	-0.001354464097
2.247999906540	-0.003173232311
2.249599933624	-0.002116240328
2.251199960709	-0.003227360314
2.252799987793	-0.004081456456
2.254400014877	-0.002387984190
2.256000041962	-0.002783952281
2.257599830627	-0.001796304248
2.259199857712	-0.004286864307
2.260799884796	-0.003027648199
2.262399911880	-0.002686272375
2.263999938965	-0.002550592180
2.265599966049	-0.002184064128
2.267199993134	-0.003238208359
2.268800020218	-0.002566752257
2.270400047302	-0.001444592141
2.271999835968	-0.003725184361
2.273599863052	-0.002358192112
2.275199890137	-0.004433840513
2.276799917221	-0.003321216209
2.278399944305	-0.003944480326
2.279999971390	-0.000798240071
2.281599998474	-0.002140784170
2.283200025558	-0.002247056225
2.284800052643	-0.002188848099
2.286399841309	-0.002958880272
2.287999868393	-0.001954544103
2.289599895477	-0.002612832235
2.291199922562	-0.002240720205
2.292799949646	-0.000970464083
2.294399976730	-0.003267040243
2.296000003815	-0.002097408287
2.297600030899	-0.002315536141
2.299200057983	-0.000953696086
2.300799846649	-0.004200704396
2.302399873734	-0.003805904416
2.303999900818	-0.002084112260
2.305599927902	-0.000138864008
2.307199954987	-0.003047776176
2.308799982071	-0.002795392182
2.310400009155	-0.004892864265
2.312000036240	-0.002652848139
2.313599824905	-0.002548656194
2.315199851990	-0.002108704066
2.316799879074	-0.003852240276
2.318399906158	-0.002916256199
2.319999933243	-0.004991072230
2.321599960327	-0.001994816121
2.323199987411	-0.001655984204
2.324800014496	-0.003160096239
2.326400041580	-0.002861760324
2.327999830246	-0.004079904407
2.329599857330	-0.002882464323
2.331199884415	-0.001942560193
2.332799911499	-0.002792192157
2.334399938583	-0.002808304271
2.335999965668	-0.001815776108
2.337599992752	-0.002888272284
2.339200019836	-0.003304656362
2.340800046921	-0.003503520275
2.342399835587	-0.003275584197
2.343999862671	-0.002807280282
2.345599889755	-0.004147600383
2.347199916840	-0.001771856099
2.348799943924	-0.003688976401
2.350399971008	-0.001873552217
2.351999998093	-0.001413504127
2.353600025177	-0.004405632149
2.355200052261	-0.003033472225
2.356799840927	-0.003001680132
2.358399868011	-0.001966208220
2.359999895096	-0.001458320068
2.361599922180	-0.005141072441
2.363199949265	-0.003004368162
2.364799976349	-0.003556768410
2.366400003433	-0.004260816146
2.368000030518	-0.002610352123
2.369600057602	-0.003382816212
2.371199846268	-0.004396848381
2.372799873352	-0.003613792360
2.374399900436	-0.002880752319
2.375999927521	-0.002751328284
2.377599954605	-0.003728384385
2.379199981689	-0.004020256456
2.380800008774	-0.002648592228
2.382400035858	-0.003005040344
2.383999824524	-0.003804448294
2.385599851608	-0.001965184230
2.387199878693	-0.001453552162
2.388799905777	-0.003090640297
2.390399932861	-0.002536624204
2.391999959946	-0.003671840299
2.393599987030	-0.001748208189
2.395200014114	-0.001037552138
2.396800041199	-0.002272784244
2.398399829865	-0.003774624318
2.399999856949	-0.004528672434
2.401599884033	-0.002990032313
2.403199911118	-0.001882640179
2.404799938202	-0.002153328154
2.406399965286	-0.003141520312
2.407999992371	-0.003971120343
2.409600019455	-0.002150704153
2.411200046539	-0.001204880071
2.412799835205	-0.002898432314
2.414399862289	-0.001981456298
2.415999889374	-0.004115472548
2.417599916458	-0.004354720470
2.419199943542	-0.003767408198
2.420799970627	-0.001821792219
2.422399997711	-0.002998928307
2.424000024796	-0.005187616218
2.425600051880	-0.003280384233
2.427199840546	-0.002425840124
2.428799867630	-0.003348256228
2.430399894714	-0.005610640626
2.431999921799	-0.002940336242
2.433599948883	-0.003610208165
2.435199975967	-0.003972304519
2.436800003052	-0.003379408270
2.438400030136	-0.003724432318
2.440000057220	-0.002485504141
2.441599845886	-0.002991296351
2.443199872971	-0.002748928266
2.444799900055	-0.004421216436
2.446399927139	-0.003048656275
2.447999954224	-0.002776192268
2.449599981308	-0.001883376157
2.451200008392	-0.003905024379
2.452800035477	-0.003149488242
2.454399824142	-0.004155232571
2.455999851227	-0.003220720217
2.457599878311	-0.002961984137
2.459199905396	-0.003490272211
2.460799932480	-0.001562800142
2.462399959564	-0.002912272234
2.463999986649	-0.002294976264
2.465600013733	-0.000540896028
2.467200040817	-0.002998368349
2.468799829483	-0.002740768250
2.470399856567	-0.002945920220
2.471999883652	-0.001742480206
2.473599910736	-0.003375680186
2.475199937820	-0.002431136323
2.476799964905	-0.003106192220
2.478399991989	-0.002797792200
2.480000019073	-0.003043648321
2.481600046158	-0.003994432278
2.483199834824	-0.002884768182
2.484799861908	-0.003806528170
2.486399888992	-0.004737232346
2.487999916077	-0.003526816377
2.489599943161	-0.004421792459
2.491199970245	-0.004045296460
2.492799997330	-0.002956384327
2.494400024414	-0.003380144248
2.496000051498	-0.001957760192
2.497599840164	-0.003629680257
2.499199867249	-0.003493280383
2.500799894333	-0.003709104378
2.502399921417	-0.003100688336
2.503999948502	-0.003514000447
2.505599975586	-0.004129376262
2.507200002670	-0.004048112314
2.508800029755	-0.003822320374
2.510399818420	-0.003438800341
2.511999845505	-0.002140576253
2.513599872589	-0.004395200405
2.515199899673	-0.003543792292
2.516799926758	-0.002768192207
2.518399953842	-0.003639264265
2.519999980927	-0.002805824159
2.521600008011	-0.003018960357
2.523200035095	-0.002305312315
2.524799823761	-0.002801600145
2.526399850845	-0.002936384175
2.527999877930	-0.003516848199
2.529599905014	-0.002787936246
2.531199932098	-0.003481360385
2.532799959183	-0.003079152200
2.534399986267	-0.004699728452
2.536000013351	-0.003698416287
2.537600040436	-0.003546448192
2.539199829102	-0.002723760204
2.540799856186	-0.002897088183
2.542399883270	-0.003931488376
2.543999910355	-0.003930800129
2.545599937439	-0.003208240261
2.547199964523	-0.003017424140
2.548799991608	-0.003724592272
2.550400018692	-0.004360288382
2.552000045776	-0.002294704085
2.553599834442	-0.002839712193
2.555199861526	-0.002143328078
2.556799888611	-0.003407648299
2.558399915695	-0.005003872328
2.559999942780	-0.005743840709
2.561599969864	-0.003131312318
2.563199996948	-0.003401712282
2.564800024033	-0.003782560350
2.566400051117	-0.002743440215
2.567999839783	-0.003715088358
2.569599866867	-0.004655696452
2.571199893951	-0.002054640092
2.572799921036	-0.004029856529
2.574399948120	-0.003115520347
2.575999975204	-0.004115344491
2.577600002289	-0.004169792403
2.579200029373	-0.004525984172
2.580799818039	-0.005716240499
2.582399845123	-0.003210896160
2.583999872208	-0.004283472430
2.585599899292	-0.002399488119
2.587199926376	-0.003966352437
2.588799953461	-0.002116048243
2.590399980545	-0.002042304259
2.592000007629	-0.003232048359
2.593600034714	-0.005952192470
2.595199823380	-0.003249536268
2.596799850464	-0.003952304367
2.598399877548	-0.001890560146
2.599999904633	-0.004689408466
2.601599931717	-0.001655104104
2.603199958801	-0.004894080572
2.604799985886	-0.002394176321
2.606400012970	-0.001919296104
2.608000040054	-0.003581472207
2.609599828720	-0.005039824173
2.611199855804	-0.003486192320
2.612799882889	-0.001908112201
2.614399909973	-0.003090288257
2.615999937057	-0.003827184206
2.617599964142	-0.002877616324
2.619199991226	-0.002998592332
2.620800018311	-0.004232240375
2.622400045395	-0.003373344196
2.623999834061	-0.004590416327
2.625599861145	-0.002890640171
2.627199888229	-0.004520880524
2.628799915314	-0.005052560475
2.630399942398	-0.003745568218
2.631999969482	-0.004419152159
2.633599996567	-0.003237728262
2.635200023651	-0.005514080636
2.636800050735	-0.003103648312
2.638399839401	-0.004219120368
2.639999866486	-0.003106240183
2.641599893570	-0.004011680372
2.643199920654	-0.002560480265
2.644799947739	-0.003478480270
2.646399974823	-0.004890736192
2.648000001907	-0.003655904206
2.649600028992	-0.004823488649
2.651199817657	-0.002622816246
2.652799844742	-0.003451184370
2.654399871826	-0.003875872353
2.655999898911	-0.003221744206
2.657599925995	-0.003069872269
2.659199953079	-0.002496864181
2.660799980164	-0.004131936468
2.662400007248	-0.004851776175
2.664000034332	-0.003443152178
2.665599822998	-0.001607888145
2.667199850082	-0.003505680244
2.668799877167	-0.004911616445
2.670399904251	-0.002993360162
2.671999931335	-0.002502304269
2.673599958420	-0.003915520385
2.675199985504	-0.002836304251
2.676800012589	-0.001886880142
2.678400039673	-0.003834768198
2.679999828339	-0.004223248456
2.681599855423	-0.001151136123
2.683199882507	-0.002337600337
2.684799909592	-0.003896112321
2.686399936676	-0.004086032510
2.687999963760	-0.003561392426
2.689599990845	-0.004678624216
2.691200017929	-0.003853248199
2.692800045013	-0.004128640518
2.694399833679	-0.004433504306
2.695999860764	-0.003217376303
2.697599887848	-0.005013408605
2.699199914932	-0.003860256402
2.700799942017	-0.004185376223
2.702399969101	-0.003573616268
2.703999996185	-0.002952032257
2.705600023270	-0.003337104339
2.707200050354	-0.003816752462
2.708799839020	-0.003253648290
2.710399866104	-0.002426144201
2.711999893188	-0.004428496119
2.713599920273	-0.005099056289
2.715199947357	-0.004209280480
2.716799974442	-0.004502624273
2.718400001526	-0.003993840422
2.720000028610	-0.002890208270
2.721599817276	-0.003275312250
2.723199844360	-0.005692560691
2.724799871445	-0.003721776186
2.726399898529	-0.003510736395
2.727999925613	-0.002714320319
2.729599952698	-0.003970896360
2.731199979782	-0.004369392525
2.732800006866	-0.003554880386
2.734400033951	-0.004220576491
2.735999822617	-0.002338400111
2.737599849701	-0.002884480171
2.739199876785	-0.004573504440
2.740799903870	-0.003546576248
2.742399930954	-0.003224128159
2.743999958038	-0.001021887991
2.745599985123	-0.003916496411
2.747200012207	-0.003852416296
2.748800039291	-0.003187424270
2.750399827957	-0.004351552576
2.751999855042	-0.005639440380
2.753599882126	-0.004456896335
2.755199909210	-0.003402784234
2.756799936295	-0.002812528284
2.758399963379	-0.005351888482
2.759999990463	-0.003582016332
2.761600017548	-0.003969264217
2.763200044632	-0.004437728319
2.764799833298	-0.002609424293
2.766399860382	-0.004117648117
2.767999887466	-0.004763936158
2.769599914551	-0.002798704198
2.771199941635	-0.003113392275
2.772799968719	-0.004082064144
2.774399995804	-0.003169840202
2.776000022888	-0.003944688477
2.777599811554	-0.004569744226
2.779199838638	-0.004481520504
2.780799865723	-0.004793600645
2.782399892807	-0.004050208256
2.783999919891	-0.006058592349
2.785599946976	-0.003499984276
2.787199974060	-0.003274064278
2.788800001144	-0.003232576419
2.790400028229	-0.005169504322
2.791999816895	-0.004525264259
2.793599843979	-0.003992832266
2.795199871063	-0.004294992425
2.796799898148	-0.005269488320
2.798399925232	-0.004235856235
2.799999952316	-0.004717552569
2.801599979401	-0.005621616729
2.803200006485	-0.003847920336
2.804800033569	-0.003630240215
2.806399822235	-0.005339824595
2.807999849319	-0.003368928330
2.809599876404	-0.001797440113
2.811199903488	-0.003349808278
2.812799930573	-0.004321424291
2.814399957657	-0.004606464412
2.815999984741	-0.003487600246
2.817600011826	-0.003684864379
2.819200038910	-0.002584368223
2.820799827576	-0.003364400240
2.822399854660	-0.003871344263
2.823999881744	-0.003912080545
2.825599908829	-0.003541632323
2.827199935913	-0.004015488550
2.828799962997	-0.004675648175
2.830399990082	-0.005063056480
2.832000017166	-0.004346064292
2.833600044250	-0.004688944202
2.835199832916	-0.003690160345
2.836799860001	-0.004772336222
2.838399887085	-0.004745184444
2.839999914169	-0.004109856207
2.841599941254	-0.004195312504
2.843199968338	-0.004196704365
2.844799995422	-0.002834064187
2.846400022507	-0.003950784449
2.847999811172	-0.003799376311
2.849599838257	-0.004860800225
2.851199865341	-0.004758800380
2.852799892426	-0.004487440456
2.854399919510	-0.004602736328
2.855999946594	-0.005234272219
2.857599973679	-0.002684928244
2.859200000763	-0.003927008249
2.860800027847	-0.003493216354
2.862399816513	-0.005104432348
2.863999843597	-0.002924160333
2.865599870682	-0.004248592537
2.867199897766	-0.004377472214
2.868799924850	-0.002935760189
2.870399951935	-0.004584864248
2.871999979019	-0.005263952538
2.873600006104	-0.005063088611
2.875200033188	-0.003842320293
2.876799821854	-0.003876432311
2.878399848938	-0.004257104360
2.879999876022	-0.002761264099
2.881599903107	-0.001688832068
2.883199930191	-0.003590016393
2.884799957275	-0.003002880141
2.886399984360	-0.003148480318
2.888000011444	-0.004588880576
2.889600038528	-0.004410736263
2.891199827194	-0.004086160567
2.892799854279	-0.003663584357
2.894399881363	-0.002477360191
2.895999908447	-0.002629984170
2.897599935532	-0.003569520311
2.899199962616	-0.004668112379
2.900799989700	-0.005107984412
2.902400016785	-0.006421952508
2.904000043869	-0.003572912421
2.905599832535	-0.004907152615
2.907199859619	-0.004653664306
2.908799886703	-0.002990992274
2.910399913788	-0.004487296566
2.911999940872	-0.004803536460
2.913599967957	-0.004011504352
2.915199995041	-0.004923040513
2.916800022125	-0.004577792250
2.918399810791	-0.005898000672
2.919999837875	-0.003147840267
2.921599864960	-0.003326832317
2.923199892044	-0.004666272551
2.924799919128	-0.005149216391
2.926399946213	-0.004932928365
2.927999973297	-0.004646000452
2.929600000381	-0.002714352217
2.931200027466	-0.003569680266
2.932799816132	-0.003292768262
2.934399843216	-0.003669664264
2.935999870300	-0.004682752304
2.937599897385	-0.003177072387
2.939199924469	-0.003814448370
2.940799951553	-0.004201248288
2.942399978638	-0.004742464516
2.944000005722	-0.002920144238
2.945600032806	-0.003843728220
2.947199821472	-0.005146848504
2.948799848557	-0.001881344127
2.950399875641	-0.004232080188
2.951999902725	-0.003772336291
2.953599929810	-0.004381936509
2.955199956894	-0.004305312410
2.956799983978	-0.003751680255
2.958400011063	-0.005052976310
2.960000038147	-0.004357136320
2.961599826813	-0.002660096157
2.963199853897	-0.004094480537
2.964799880981	-0.004710464273
2.966399908066	-0.004572880454
2.967999935150	-0.005832048599
2.969599962234	-0.003943968564
2.971199989319	-0.003688896308
2.972800016403	-0.002654784126
2.974400043488	-0.003161696251
2.975999832153	-0.004766032565
2.977599859238	-0.004608896561
2.979199886322	-0.004710656591
2.980799913406	-0.004106080160
2.982399940491	-0.004753808491
2.983999967575	-0.004318272229
2.985599994659	-0.004385488108
2.987200021744	-0.003849664237
2.988799810410	-0.003965536132
2.990399837494	-0.006627744529
2.991999864578	-0.005000720266
2.993599891663	-0.005301568657
2.995199918747	-0.002767408267
2.996799945831	-0.004063136410
2.998399972916	-0.005580800585
3.000000000000	-0.005597712472
3.001600027084	-0.005482272245
3.003199815750	-0.003718320280
3.004799842834	-0.003507168265
3.006399869919	-0.005468096584
3.007999897003	-0.003359360388
3.009599924088	-0.005196128506
3.011199951172	-0.002928784117
3.012799978256	-0.004285488278
3.014400005341	-0.003894320456
3.016000032425	-0.004561488517
3.017599821091	-0.005058352370
3.019199848175	-0.005077584181
3.020799875259	-0.003149728291
3.022399902344	-0.004316864535
3.023999929428	-0.004417248536
3.025599956512	-0.003636704292
3.027199983597	-0.002350976225
3.028800010681	-0.005929328501
3.030400037766	-0.005207808223
3.031999826431	-0.003605904290
3.033599853516	-0.005265184678
3.035199880600	-0.004773152526
3.036799907684	-0.004270208534
3.038399934769	-0.004842736293
3.039999961853	-0.004730768502
3.041599988937	-0.002280560089
3.043200016022	-0.003947568126
3.044799804687	-0.004640176427
3.046399831772	-0.005863792729
3.047999858856	-0.004013456404
3.049599885941	-0.004711248446
3.051199913025	-0.004113344476
3.052799940109	-0.004713648465
3.054399967194	-0.003555152332
3.055999994278	-0.005606512539
3.057600021362	-0.004869456403
3.059199810028	-0.005517456215
3.060799837112	-0.005380800460
3.062399864197	-0.002968304325
3.063999891281	-0.006068624556
3.065599918365	-0.004188352264
3.067199945450	-0.005300224293
3.068799972534	-0.004861504305
3.070399999619	-0.005802992266
3.072000026703	-0.004040080123
3.073599815369	-0.005241040606
3.075199842453	-0.005202144384
3.076799869537	-0.004571936559
3.078399896622	-0.004739328288
3.079999923706	-0.004031904507
3.081599950790	-0.004354352131
3.083199977875	-0.005217888393
3.084800004959	-0.002984464169
3.086400032043	-0.006195088383
3.087999820709	-0.004311152268
3.089599847794	-0.004410544410
3.091199874878	-0.003268464236
3.092799901962	-0.004088656511
3.094399929047	-0.004816576373
3.095999956131	-0.004812112544
3.097599983215	-0.004751840141
3.099200010300	-0.003840432269
3.100800037384	-0.003161456203
3.102399826050	-0.003552448237
3.103999853134	-0.005082864314
3.105599880219	-0.004980896600
3.107199907303	-0.003706112271
3.108799934387	-0.004680112470
3.110399961472	-0.004546048585
3.111999988556	-0.006461616606
3.113600015640	-0.004772816319
3.115199804306	-0.005084528588
3.116799831390	-0.005403472576
3.118399858475	-0.003382704221
3.119999885559	-0.005569616333
3.121599912643	-0.005303168669
3.123199939728	-0.004637104459
3.124799966812	-0.005560160615
3.126399993896	-0.006462560501
3.128000020981	-0.005172656383
3.129599809647	-0.006157136522
3.131199836731	-0.004293616395
3.132799863815	-0.005998176523
3.134399890900	-0.005465600640
3.135999917984	-0.004564736504
3.137599945068	-0.004675920587
3.139199972153	-0.003529360285
3.140799999237	-0.004925488494
3.142400026321	-0.004232272506
3.143999814987	-0.004060304258
3.145599842072	-0.004735200200
3.147199869156	-0.004894304555
3.148799896240	-0.004762464669
3.150399923325	-0.003323312383
3.151999950409	-0.003809760325
3.153599977493	-0.004015200306
3.155200004578	-0.004525584634
3.156800031662	-0.003806144232
3.158399820328	-0.005339920521
3.159999847412	-0.002392080147
3.161599874496	-0.005844640546
3.163199901581	-0.006078944542
3.164799928665	-0.005222048610
3.166399955750	-0.003949152306
3.167999982834	-0.002784880111
3.169600009918	-0.005518704653
3.171200037003	-0.003899664385
3.172799825668	-0.004534800537
3.174399852753	-0.004449216183
3.175999879837	-0.003541520331
3.177599906921	-0.003361184150
3.179199934006	-0.004399104510
3.180799961090	-0.005665792618
3.182399988174	-0.005823088344
3.184000015259	-0.004818848334
3.185599803925	-0.003823264269
3.187199831009	-0.004820512608
3.188799858093	-0.004670128226
3.190399885178	-0.004064128269
3.191999912262	-0.003000864293
3.193599939346	-0.005248752423
3.195199966431	-0.002954960335
3.196799993515	-0.003326544305
3.198400020599	-0.004836432170
3.199999809265	-0.005944064353
3.201599836349	-0.003996032290
3.203199863434	-0.004060288426
3.204799890518	-0.005091424566
3.206399917603	-0.005252336618
3.207999944687	-0.006207616534
3.209599971771	-0.005931456573
3.211199998856	-0.003319888376
3.212800025940	-0.004804624245
3.214399814606	-0.005944976583
3.215999841690	-0.004922160413
3.217599868774	-0.002584256232
3.219199895859	-0.004867168609
3.220799922943	-0.005927024409
3.222399950027	-0.004061536398
3.223999977112	-0.005122992210
3.225600004196	-0.005899632350
3.227200031281	-0.004848464392
3.228799819946	-0.005717200693
3.230399847031	-0.005487616640
3.231999874115	-0.005604800303
3.233599901199	-0.004675984383
3.235199928284	-0.003746448318
3.236799955368	-0.004970416427
3.238399982452	-0.005720560439
3.240000009537	-0.004801296163
3.241600036621	-0.004688416608
3.243199825287	-0.004158640280
3.244799852371	-0.004101248458
3.246399879456	-0.004483248107
3.247999906540	-0.003037696239
3.249599933624	-0.004753968213
3.251199960709	-0.005600336473
3.252799987793	-0.005030368455
3.254400014877	-0.003428624244
3.255999803543	-0.003226720262
3.257599830627	-0.003358288202
3.259199857712	-0.004952960182
3.260799884796	-0.003469472285
3.262399911880	-0.005469456315
3.263999938965	-0.004835168365
3.265599966049	-0.004946128465
3.267199993134	-0.004420240410
3.268800020218	-0.005200256594
3.270399808884	-0.005262288265
3.271999835968	-0.004155328497
3.273599863052	-0.004911392462
3.275199890137	-0.006100480445
3.276799917221	-0.003977952525
3.278399944305	-0.003062272212
3.279999971390	-0.005564512685
3.281599998474	-0.004055696540
3.283200025558	-0.005395760294
3.284799814224	-0.006635984406
3.286399841309	-0.003767088288
3.287999868393	-0.004982848186
3.289599895477	-0.006205552723
3.291199922562	-0.005838528741
3.292799949646	-0.004693104420
3.294399976730	-0.004476576578
3.296000003815	-0.003604304278
3.297600030899	-0.004779568408
3.299199819565	-0.005443328526
3.300799846649	-0.004839136265
3.302399873734	-0.002045248169
3.303999900818	-0.004822352435
3.305599927902	-0.005016512237
3.307199954987	-0.005481232423
3.308799982071	-0.004625984468
3.310400009155	-0.004432032350
3.311999797821	-0.003487152280
3.313599824905	-0.005220272578
3.315199851990	-0.005854576360
3.316799879074	-0.002881680150
3.318399906158	-0.004143280443
3.319999933243	-0.006515584420
3.321599960327	-0.003192400327
3.323199987411	-0.004384640139
3.324800014496	-0.004234464373
3.326399803162	-0.006014720537
3.327999830246	-0.004568176344
3.329599857330	-0.004487680271
3.331199884415	-0.004513120279
3.332799911499	-0.003361584386
3.334399938583	-0.004953328520
3.335999965668	-0.005361808464
3.337599992752	-0.003133952152
3.339200019836	-0.003896128386
3.340799808502	-0.004181088414
3.342399835587	-0.005130960606
3.343999862671	-0.004094080534
3.345599889755	-0.005459584296
3.347199916840	-0.004987088498
3.348799943924	-0.006422576495
3.350399971008	-0.004147728439
3.351999998093	-0.006387952715
3.353600025177	-0.004801600240
3.355199813843	-0.003262912156
3.356799840927	-0.005787536502
3.358399868011	-0.005476272665
3.359999895096	-0.006057520397
3.361599922180	-0.003427088261
3.363199949265	-0.004022864159
3.364799976349	-0.005289456341
3.366400003433	-0.005074992310
3.368000030518	-0.005313776433
3.369599819183	-0.004292800557
3.371199846268	-0.004523104522
3.372799873352	-0.004508928396
3.374399900436	-0.003976208158
3.375999927521	-0.004922608379
3.377599954605	-0.005466976669
3.379199981689	-0.004790544510
3.380800008774	-0.005298720673
3.382399797440	-0.005547936540
3.383999824524	-0.004402048420
3.385599851608	-0.004558784422
3.387199878693	-0.006291568279
3.388799905777	-0.005240800325
3.390399932861	-0.006279664580
3.391999959946	-0.004653232172
3.393599987030	-0.004473872483
3.395200014114	-0.003893552348
3.396799802780	-0.005387200508
3.398399829865	-0.005081824493
3.399999856949	-0.003962368239
3.401599884033	-0.004331440199
3.403199911118	-0.006058304571
3.404799938202	-0.004458128475
3.406399965286	-0.004887584597
3.407999992371	-0.004139760509
3.409600019455	-0.004906240385
3.411199808121	-0.004427984357
3.412799835205	-0.005669568665
3.414399862289	-0.004915824626
3.415999889374	-0.004574192222
3.417599916458	-0.004864352290
3.419199943542	-0.004973792471
3.420799970627	-0.005037824623
3.422399997711	-0.004441232421
3.424000024796	-0.005160944536
3.425599813461	-0.005811952520
3.427199840546	-0.005365232471
3.428799867630	-0.003137840191
3.430399894714	-0.004850320518
3.431999921799	-0.005152112339
3.433599948883	-0.005569504574
3.435199975967	-0.005131232552
3.436800003052	-0.005549344234
3.438400030136	-0.003965024371
3.439999818802	-0.005055728368
3.441599845886	-0.005385376513
3.443199872971	-0.005834720563
3.444799900055	-0.002819168149
3.446399927139	-0.003177808132
3.447999954224	-0.006266816519
3.449599981308	-0.004489280283
3.451200008392	0.004488448612
