0.000000000000	0.012540353462
0.001599999960	0.013749648817
0.003199999919	0.014006065205
0.004799999762	0.011667217128
0.006399999838	0.011229440570
0.007999999449	0.013805729337
0.009599999525	0.011391136795
0.011199999601	0.013489921577
0.012799999677	0.011123873293
0.014399999753	0.012113520876
0.015999998897	0.013902145438
0.017599999905	0.013664960861
0.019199999049	0.010672625154
0.020800000057	0.010795088485
0.022399999201	0.012700305320
0.024000000209	0.012465729378
0.025599999353	0.011400433257
0.027199998498	0.012755649164
0.028799999505	0.010614032857
0.030399998650	0.010497136973
0.031999997795	0.010753649287
0.033599998802	0.012403616682
0.035199999809	0.010181793012
0.036800000817	0.011851249263
0.038399998099	0.011023377068
0.039999999106	0.009644689038
0.041600000113	0.010178112425
0.043199997395	0.011464033276
0.044799998403	0.010913153179
0.046399999410	0.011437312700
0.048000000417	0.010691792704
0.049599997699	0.010408240370
0.051199998707	0.009657104500
0.052799999714	0.010460017249
0.054399996996	0.008643824607
0.055999998003	0.010506128892
0.057599999011	0.009873952717
0.059200000018	0.009257440455
0.060799997300	0.011007809080
0.062399998307	0.009173808619
0.063999995589	0.009628160857
0.065600000322	0.007871376351
0.067199997604	0.009769904427
0.068799994886	0.009317280725
0.070399999619	0.009557953104
0.071999996901	0.009617664851
0.073600001633	0.008472304791
0.075199998915	0.009043072350
0.076799996197	0.009713664651
0.078400000930	0.009536704980
0.079999998212	0.007846416906
0.081599995494	0.008816288784
0.083200000226	0.008384160697
0.084799997509	0.009458544664
0.086399994791	0.008288336918
0.087999999523	0.007100048475
0.089599996805	0.008423072286
0.091199994087	0.010366208851
0.092799998820	0.008367761038
0.094399996102	0.006178224459
0.096000000834	0.009892769158
0.097599998116	0.009288544767
0.099199995399	0.010175936855
0.100800000131	0.007427040488
0.102399997413	0.009584113024
0.103999994695	0.006788576487
0.105599999428	0.006984080654
0.107199996710	0.007679168601
0.108799993992	0.007454048842
0.110399998724	0.009567152709
0.111999996006	0.008164032362
0.113600000739	0.008625568822
0.115199998021	0.006532304455
0.116799995303	0.009354257025
0.118400000036	0.007910816930
0.119999997318	0.007603040431
0.121599994600	0.007558896672
0.123199999332	0.006045072339
0.124799996614	0.010346081108
0.126399993896	0.008526640944
0.127999991179	0.007874720730
0.129600003362	0.005039888434
0.131200000644	0.008762640879
0.132799997926	0.009905585088
0.134399995208	0.007415488362
0.135999992490	0.008915424347
0.137599989772	0.007822752930
0.139200001955	0.007618016563
0.140799999237	0.005836192518
0.142399996519	0.009133184329
0.143999993801	0.004906144459
0.145599991083	0.007846480235
0.147200003266	0.008244512603
0.148800000548	0.007427472621
0.150399997830	0.008207520470
0.151999995112	0.007630544715
0.153599992394	0.006568384357
0.155199989676	0.006301152520
0.156800001860	0.007639392745
0.158399999142	0.006071520504
0.159999996424	0.007318944670
0.161599993706	0.007873904891
0.163199990988	0.006476880517
0.164800003171	0.006187152583
0.166400000453	0.007053712383
0.167999997735	0.007810640614
0.169599995017	0.006866592448
0.171199992299	0.008039169014
0.172799989581	0.006970448419
0.174400001764	0.004766512197
0.175999999046	0.007357888855
0.177599996328	0.007581696846
0.179199993610	0.006268752739
0.180799990892	0.007417696528
0.182399988174	0.008441552520
0.184000000358	0.006066016387
0.185599997640	0.006476144772
0.187199994922	0.007807856891
0.188799992204	0.008146848530
0.190399989486	0.006421120372
0.192000001669	0.005980240647
0.193599998951	0.005720144603
0.195199996233	0.005920880474
0.196799993515	0.007339152507
0.198399990797	0.006046432536
0.199999988079	0.005305392202
0.201600000262	0.005311504472
0.203199997544	0.006766848732
0.204799994826	0.006858864333
0.206399992108	0.008051024750
0.207999989390	0.005396848544
0.209600001574	0.005544720683
0.211199998856	0.006747824606
0.212799996138	0.006975680590
0.214399993420	0.006050496362
0.215999990702	0.006185200531
0.217599987984	0.006758288480
0.219200000167	0.003997584339
0.220799997449	0.005863792729
0.222399994731	0.007757280488
0.223999992013	0.005987008568
0.225599989295	0.005297168624
0.227200001478	0.006075104699
0.228799998760	0.006683792453
0.230399996042	0.004940176383
0.231999993324	0.005872672424
0.233599990606	0.005678864662
0.235199987888	0.005724208429
0.236800000072	0.005542288534
0.238399997354	0.005907984450
0.239999994636	0.005380848423
0.241599991918	0.005888928659
0.243199989200	0.005278528202
0.244799986482	0.005482240580
0.246399998665	0.004897472449
0.247999995947	0.003951744176
0.249599993229	0.005256752484
0.251199990511	0.005511648487
0.252799987793	0.005403680261
0.254399985075	0.003047952196
0.255999982357	0.005364848301
0.257599979639	0.006715584546
0.259200006723	0.006142992526
0.260800004005	0.006494544446
0.262400001287	0.006496976595
0.263999998569	0.006466368679
0.265599995852	0.004671360366
0.267199993134	0.005957696587
0.268799990416	0.006041664630
0.270399987698	0.003835072275
0.271999984980	0.006676064804
0.273599982262	0.005197328515
0.275199979544	0.004411904607
0.276800006628	0.005244912580
0.278400003910	0.005569872446
0.280000001192	0.005595840514
0.281599998474	0.005311936606
0.283199995756	0.003632480279
0.284799993038	0.005707376637
0.286399990320	0.006360768341
0.287999987602	0.004711520392
0.289599984884	0.002062912099
0.291199982166	0.005397248548
0.292799979448	0.005564608611
0.294400006533	0.005298448261
0.296000003815	0.003928208258
0.297600001097	0.003719008295
0.299199998379	0.005995392334
0.300799995661	0.005325648468
0.302399992943	0.006349168718
0.303999990225	0.003741056425
0.305599987507	0.004190416541
0.307199984789	0.005193936639
0.308799982071	0.005082048476
0.310399979353	0.005694688298
0.312000006437	0.003658576403
0.313600003719	0.005116848275
0.315200001001	0.004900416359
0.316799998283	0.004987408407
0.318399995565	0.004240144510
0.319999992847	0.005641488358
0.321599990129	0.005327136256
0.323199987411	0.003071904182
0.324799984694	0.003321776167
0.326399981976	0.005126816221
0.327999979258	0.006903120317
0.329600006342	0.002525856253
0.331200003624	0.003361584153
0.332800000906	0.002960608108
0.334399998188	0.005587600637
0.335999995470	0.005112240557
0.337599992752	0.004409904126
0.339199990034	0.004140768200
0.340799987316	0.003163136309
0.342399984598	0.006441072561
0.343999981880	0.004070640542
0.345599979162	0.005386864301
0.347199976444	0.004540640395
0.348800003529	0.004636064172
0.350400000811	0.005183248315
0.351999998093	0.002569888253
0.353599995375	0.004194048233
0.355199992657	0.003844544291
0.356799989939	0.005181104410
0.358399987221	0.002153776120
0.359999984503	0.003752768273
0.361599981785	0.005173904356
0.363199979067	0.005407184362
0.364799976349	0.005525504705
0.366400003433	0.003719216213
0.368000000715	0.003868624335
0.369599997997	0.003340064315
0.371199995279	0.006875008345
0.372799992561	0.003149200231
0.374399989843	0.000344640051
0.375999987125	0.003701840295
0.377599984407	0.005098832306
0.379199981689	0.003875504248
0.380799978971	0.003054304281
0.382399976254	0.003631280269
0.384000003338	0.003285104176
0.385600000620	0.005834400654
0.387199997902	0.003639952280
0.388799995184	0.002447280101
0.390399992466	0.003114416264
0.391999989748	0.005617952440
0.393599987030	0.003519984195
0.395199984312	0.003236576216
0.396799981594	0.004294304177
0.398399978876	0.002928608097
0.399999976158	0.004493120592
0.401600003242	0.005002528429
0.403200000525	0.004076896235
0.404799997807	0.004210784566
0.406399995089	0.005802560598
0.407999992371	0.002365040127
0.409599989653	0.002564288210
0.411199986935	0.003200992243
0.412799984217	0.005165328272
0.414399981499	0.002934336197
0.415999978781	0.003484944114
0.417599976063	0.003896032460
0.419200003147	0.003594048321
0.420800000429	0.005293424241
0.422399997711	0.004091696348
0.423999994993	0.003982576542
0.425599992275	0.002601952292
0.427199989557	0.004825552460
0.428799986839	0.004266432486
0.430399984121	0.004248256329
0.431999981403	0.002700320212
0.433599978685	0.002722944133
0.435199975967	0.004406608175
0.436800003052	0.003503488377
0.438400000334	0.004875952378
0.439999997616	0.003315392183
0.441599994898	0.004007408395
0.443199992180	0.003597728210
0.444799989462	0.001803024206
0.446399986744	0.003078048117
0.447999984026	0.002846800257
0.449599981308	0.003486000234
0.451199978590	0.004500224255
0.452799975872	0.004200944211
0.454400002956	0.002838880289
0.456000000238	0.002716144314
0.457599997520	0.003442336340
0.459199994802	0.004708768334
0.460799992085	0.003798432415
0.462399989367	0.003516480327
0.463999986649	0.002825552132
0.465599983931	0.004284624476
0.467199981213	0.004008576274
0.468799978495	0.003949376289
0.470399975777	0.002246672288
0.472000002861	0.004392544273
0.473600000143	0.002976368181
0.475199997425	0.004798784386
0.476799994707	0.002982192207
0.478399991989	0.001480784151
0.479999989271	0.004209840205
0.481599986553	0.005347936414
0.483199983835	0.002924864180
0.484799981117	0.002133552218
0.486399978399	0.002210128121
0.487999975681	0.002112368122
0.489599972963	0.003464912297
0.491200000048	0.003799568163
0.492799997330	0.004310192540
0.494399994612	0.003095664317
0.495999991894	0.003756128252
0.497599989176	0.003390240250
0.499199986458	0.004580528475
0.500800013542	0.002083776053
0.502399981022	0.002279936103
0.504000008106	0.002925040200
0.505599975586	0.004359040409
0.507200002670	0.002632192103
0.508799970150	0.003912448417
0.510399997234	0.003821392311
0.511999964714	0.001788656111
0.513599991798	0.002411056077
0.515199959278	0.003673968371
0.516799986362	0.005035936367
0.518400013447	0.002382832114
0.519999980927	0.002465344034
0.521600008011	0.003238176228
0.523199975491	0.003498896258
0.524800002575	0.004004240502
0.526399970055	0.001716976170
0.527999997139	0.002693776274
0.529599964619	0.002381376224
0.531199991703	0.003556720214
0.532799959183	0.003231392242
0.534399986267	0.003567488166
0.536000013351	0.002101520076
0.537599980831	0.002706688130
0.539200007915	0.003227232257
0.540799975395	0.002069216222
0.542400002480	0.001523376210
0.543999969959	0.003369520186
0.545599997044	0.004382704385
0.547199964523	0.002633296186
0.548799991608	0.001812304137
0.550399959087	0.004407088272
0.551999986172	0.004154448397
0.553600013256	0.002271312289
0.555199980736	0.003213712247
0.556800007820	0.001368192141
0.558399975300	0.005464208312
0.560000002384	0.003565408289
0.561599969864	0.003152144374
0.563199996948	-0.000269503973
0.564799964428	0.004710704554
0.566399991512	0.003124624258
0.567999958992	0.005029328633
0.569599986076	0.003837968456
0.571200013161	0.003019184340
0.572799980640	0.003462016350
0.574400007725	0.002657984383
0.575999975204	0.003797680372
0.577600002289	-0.000906880130
0.579199969769	0.003407600336
0.580799996853	0.003386240220
0.582399964333	0.003241264261
0.583999991417	0.001500240061
0.585599958897	0.003090048209
0.587199985981	0.005126336589
0.588800013065	0.001961696194
0.590399980545	0.003197360318
0.592000007629	0.002061792184
0.593599975109	0.005116544198
0.595200002193	0.003474592231
0.596799969673	0.000442320044
0.598399996758	0.000189856015
0.599999964237	0.002655008342
0.601599991322	0.005147632677
0.603199958801	0.003834448289
0.604799985886	0.002831616206
0.606400012970	0.001442656154
0.607999980450	0.002527520293
0.609600007534	0.004187440500
0.611199975014	0.003034608206
0.612800002098	0.001455024118
0.614399969578	0.002273344202
0.615999996662	0.004437904339
0.617599964142	0.002900992287
0.619199991226	0.002104544314
0.620799958706	0.002294016071
0.622399985790	0.002596640261
0.624000012875	0.002718160162
0.625599980354	0.002767408267
0.627200007439	0.003653536318
0.628799974918	0.001217952115
0.630400002003	0.002400176134
0.631999969482	0.002971760230
0.633599996567	0.002185984282
0.635199964046	0.003538576188
0.636799991131	0.002406416228
0.638399958611	0.002371472307
0.639999985695	0.002061792184
0.641600012779	0.002241120208
0.643199980259	0.002729056170
0.644800007343	0.002929376205
0.646399974823	0.001083584037
0.648000001907	0.000319424027
0.649599969387	0.001642320189
0.651199996471	0.002010240220
0.652799963951	0.001125520095
0.654399991035	0.001055808039
0.655999958515	0.003431168152
0.657599985600	0.004223440308
0.659200012684	0.002114176285
0.660799980164	0.003631984349
0.662400007248	0.001323936041
0.663999974728	0.001572416164
0.665600001812	0.002875168109
0.667199969292	0.002057824284
0.668799996376	0.000187583995
0.670399963856	0.001190752140
0.671999990940	0.004244736396
0.673599958420	0.001370256185
0.675199985504	0.002674848307
0.676800012589	0.002002960071
0.678399980068	0.002523168223
0.680000007153	0.001404208131
0.681599974632	0.001647680183
0.683200001717	0.002510784194
0.684799969196	0.001140640117
0.686399996281	0.002196304034
0.687999963760	0.000309280062
0.689599990845	0.002696096199
0.691199958324	0.002055728110
0.692799985409	0.000930800103
0.694399952888	0.004194416106
0.695999979973	0.003760464257
0.697600007057	0.002635088284
0.699199974537	0.001085152035
0.700800001621	0.005185856484
0.702399969101	0.003077152185
0.703999996185	0.000761616102
0.705599963665	0.002226576209
0.707199990749	0.002424880164
0.708799958229	0.001981728245
0.710399985313	0.003128720215
0.711999952793	0.003149600234
0.713599979877	0.003043008270
0.715200006962	0.001652864041
0.716799974442	0.002790512284
0.718400001526	0.000728448038
0.719999969006	0.000852112076
0.721599996090	0.001224848093
0.723199963570	-0.000529040059
0.724799990654	0.002290736185
0.726399958134	0.000989440130
0.727999985218	0.001754144207
0.729599952698	0.001810640213
0.731199979782	0.002075264230
0.732800006866	0.000769999984
0.734399974346	0.002065136330
0.736000001431	0.004517616238
0.737599968910	0.001065504155
0.739199995995	0.001279200078
0.740799963474	0.003218832193
0.742399990559	0.002890640171
0.743999958038	0.002286448143
0.745599985123	0.001774624106
0.747199952602	0.001331280102
0.748799979687	0.001852912246
0.750400006771	0.002471984131
0.751999974251	0.001594928093
0.753600001335	0.001167232171
0.755199968815	0.001554320101
0.756799995899	0.002207456157
0.758399963379	0.002121584257
0.759999990463	0.002856640145
0.761599957943	0.000534480030
0.763199985027	0.001829184126
0.764799952507	0.001708400086
0.766399979591	0.001130000106
0.768000006676	0.000717632065
0.769599974155	0.003375456203
0.771200001240	0.001619648188
0.772799968719	0.002504720353
0.774399995804	-0.001015072106
0.775999963284	0.002471408341
0.777599990368	0.000817328051
0.779199957848	0.001956048189
0.780799984932	0.001682576141
0.782399952412	-0.000533936080
0.783999979496	0.000961776008
0.785600006580	0.002483184217
0.787199974060	0.002955824370
0.788800001144	0.000092063994
0.790399968624	-0.000551632023
0.791999995708	0.001249136054
0.793599963188	0.000258720014
0.795199990273	0.002874368336
0.796799957752	0.001388128148
0.798399984837	0.001295264112
0.799999952316	0.000527616008
0.801599979401	0.002446976257
0.803200006485	0.002797872294
0.804799973965	0.001988768112
0.806400001049	0.001783728134
0.807999968529	0.000884672045
0.809599995613	0.000908976013
0.811199963093	0.000845504052
0.812799990177	0.000096799980
0.814399957657	-0.002159088152
0.815999984741	0.001597568160
0.817599952221	0.002622864209
0.819199979305	0.002227936173
0.820800006390	0.001990080113
0.822399973869	0.002426784253
0.824000000954	0.002316624159
0.825599968433	0.001431680052
0.827199995518	0.001646416145
0.828799962997	0.000085727996
0.830399990082	-0.000738592062
0.831999957561	0.001203168067
0.833599984646	0.001448752009
0.835199952126	0.003647104371
0.836799979210	0.001367952093
0.838400006294	0.001900944160
0.839999973774	0.001507248147
0.841600000858	0.000789248035
0.843199968338	0.003654768225
0.844799995422	0.000125999999
0.846399962902	0.002183216158
0.847999989986	0.000289599993
0.849599957466	-0.000112367998
0.851199984550	0.002311152173
0.852799952030	0.000306255970
0.854399979115	0.003291488392
0.856000006199	0.001144784153
0.857599973679	0.003136144252
0.859200000763	0.000455504050
0.860799968243	0.002954656258
0.862399995327	0.002292720135
0.863999962807	0.001656960114
0.865599989891	0.001758192200
0.867199957371	-0.001777440193
0.868799984455	0.002283408074
0.870399951935	0.000777808076
0.871999979019	0.001405056100
0.873600006104	0.003320864402
0.875199973583	0.000562703994
0.876800000668	0.001100464142
0.878399968147	0.001851296169
0.879999995232	0.001744304085
0.881599962711	0.002607776318
0.883199989796	0.000592096010
0.884799957275	0.002213696251
0.886399984360	-0.000044751985
0.887999951839	0.000479392067
0.889599978924	0.002314128214
0.891200006008	0.000274208025
0.892799973488	0.002280416200
0.894400000572	0.000332735974
0.895999968052	0.002288944321
0.897599995136	0.000109183980
0.899199962616	0.003283968195
0.900799989700	0.000028128015
0.902399957180	0.002583568217
0.903999984264	0.003050464205
0.905599951744	-0.000471423991
0.907199978828	0.002548816148
0.908800005913	0.000601456093
0.910399973392	0.003584688297
0.912000000477	0.000756384048
0.913599967957	0.001283792080
0.915199995041	0.000214959990
0.916799962521	0.002113264287
0.918399989605	0.002461200114
0.919999957085	0.000290720025
0.921599984169	-0.000154608002
0.923199951649	0.000196464025
0.924799978733	0.003146240255
0.926400005817	0.000855392020
0.927999973297	0.000721360033
0.929600000381	0.000994816073
0.931199967861	0.001267440151
0.932799994946	0.000042192012
0.934399962425	0.000729216146
0.935999989510	0.000253744016
0.937599956989	-0.000655088050
0.939199984074	0.001478848048
0.940799951553	0.001154304133
0.942399978638	0.001710560173
0.944000005722	0.002082432155
0.945599973202	0.001533120172
0.947200000286	-0.000271888042
0.948799967766	0.003012096277
0.950399994850	0.001169312047
0.951999962330	0.000019983998
0.953599989414	-0.000398976030
0.955199956894	-0.001513744239
0.956799983978	0.000226335978
0.958399951458	0.002476992086
0.959999978542	0.002369168214
0.961599946022	-0.001274896087
0.963199973106	0.000203744028
0.964800000191	0.001387600088
0.966399967670	0.002347376198
0.967999994755	0.001381072099
0.969599962234	0.000289008021
0.971199989319	-0.001526976121
0.972799956799	0.001075744047
0.974399983883	0.001657296089
0.975999951363	0.002774560126
0.977599978447	0.000193312051
0.979199945927	-0.001403696020
0.980799973011	-0.000055632034
0.982400000095	0.001698480104
0.983999967575	0.002389216330
0.985599994659	0.001503168256
0.987199962139	0.002138208132
0.988799989223	0.001175328041
0.990399956703	0.001036319998
0.991999983788	0.000233695959
0.993599951267	0.001000383985
0.995199978352	0.000833904080
0.996799945831	0.000806144089
0.998399972916	-0.000363775995
1.000000000000	0.001013104105
1.001600027084	0.001395312138
1.003199934959	0.001011376153
1.004799962044	0.002856416162
1.006399989128	-0.000520208036
1.008000016212	0.000584831985
1.009599924088	0.000901856052
1.011199951172	0.004047424532
1.012799978256	-0.000441871991
1.014400005341	-0.000872992096
1.016000032425	0.001738464111
1.017599940300	0.001073696068
1.019199967384	0.001587280072
1.020799994469	-0.001308672130
1.022400021553	0.001757296151
1.023999929428	0.001031360007
1.025599956512	0.003546272172
1.027199983597	0.000826768111
1.028800010681	0.000819536042
1.030399918556	0.000437056035
1.031999945641	0.001032720087
1.033599972725	-0.000278559950
1.035199999809	0.001012800029
1.036800026894	-0.000335647987
1.038399934769	0.004103552550
1.039999961853	0.000782928139
1.041599988937	0.000378512050
1.043200016022	-0.000102064063
1.044799923897	-0.001565456158
1.046399950981	0.004710016306
1.047999978065	-0.000768384081
1.049600005150	-0.001947072102
1.051200032234	-0.001379760099
1.052799940109	0.001539840130
1.054399967194	0.002469968284
1.055999994278	0.001306128106
1.057600021362	0.000671568036
1.059199929237	-0.000804848096
1.060799956322	-0.000424784055
1.062399983406	0.002879536245
1.064000010490	0.001068112091
1.065599918365	-0.000297280028
1.067199945450	-0.002600240288
1.068799972534	0.000378527970
1.070399999619	-0.000858928019
1.072000026703	0.002497776179
1.073599934578	0.002173856134
1.075199961662	-0.001925792196
1.076799988747	0.001421872061
1.078400015831	-0.000802896044
1.079999923706	0.001304176054
1.081599950790	0.001370944083
1.083199977875	0.000465408026
1.084800004959	-0.000361792045
1.086400032043	-0.001944816206
1.087999939919	0.001359248185
1.089599967003	0.000156624010
1.091199994087	0.000928416091
1.092800021172	0.000656288001
1.094399929047	0.000345824054
1.095999956131	0.000906000030
1.097599983215	0.001581584220
1.099200010300	0.000054143940
1.100799918175	-0.001855456154
1.102399945259	0.002314800164
1.103999972343	0.000994960195
1.105599999428	0.000525648007
1.107200026512	-0.000318096048
1.108799934387	0.000367888017
1.110399961472	0.002403008286
1.111999988556	0.000387056003
1.113600015640	0.002189248335
1.115199923515	0.001523472136
1.116799950600	0.000124864018
1.118399977684	0.000782432093
1.120000004768	-0.001782560139
1.121599912643	0.000049007940
1.123199939728	0.000993696041
1.124799966812	0.001329824212
1.126399993896	0.001634528162
1.128000020981	0.000508992001
1.129599928856	-0.000114863971
1.131199955940	-0.000022528024
1.132799983025	0.004542592447
1.134400010109	-0.000706784078
1.135999917984	-0.000675440067
1.137599945068	-0.000176319940
1.139199972153	-0.000292639976
1.140799999237	0.002248576144
1.142400026321	-0.001164384070
1.143999934196	0.002152608242
1.145599961281	-0.000592112017
1.147199988365	0.001975344028
1.148800015450	0.002777152229
1.150399923325	-0.000823200040
1.151999950409	0.004150016233
1.153599977493	-0.000804064097
1.155200004578	0.000994080096
1.156799912453	-0.000078415957
1.158399939537	0.000131663997
1.159999966621	0.002158816205
1.161599993706	-0.000262192043
1.163200020790	0.001620320138
1.164799928665	-0.001048160135
1.166399955750	0.001297840150
1.167999982834	0.002179392148
1.169600009918	0.000494240026
1.171199917793	-0.000107647989
1.172799944878	-0.000462992059
1.174399971962	0.003058880335
1.175999999046	-0.000373184070
1.177600026131	0.000698432093
1.179199934006	-0.001696480205
1.180799961090	-0.001423392096
1.182399988174	0.002275088103
1.184000015259	-0.000460368028
1.185599923134	0.001144880080
1.187199950218	-0.000700240082
1.188799977303	0.001718592132
1.190400004387	-0.000604304078
1.191999912262	-0.000372896000
1.193599939346	0.000793104060
1.195199966431	0.001257520053
1.196799993515	-0.000834608043
1.198400020599	-0.000515616033
1.199999928474	-0.000651488139
1.201599955559	-0.000769312086
1.203199982643	0.001182528096
1.204800009727	0.001027728082
1.206399917603	-0.002627952257
1.207999944687	-0.000528047967
1.209599971771	0.000732448068
1.211199998856	0.001833936200
1.212800025940	-0.000440256001
1.214399933815	-0.003783152206
1.215999960899	-0.000868896081
1.217599987984	-0.002340320265
1.219200015068	0.001446960145
1.220799922943	0.001194976037
1.222399950027	-0.001050752122
1.223999977112	0.000163567995
1.225600004196	-0.001741984161
1.227199912071	0.000119664037
1.228799939156	0.000566511997
1.230399966240	-0.000214432017
1.231999993324	-0.001057824120
1.233600020409	-0.000726208033
1.235199928284	-0.000921056024
1.236799955368	0.000176944013
1.238399982452	0.000534560008
1.240000009537	0.000605120091
1.241599917412	0.000176832036
1.243199944496	-0.001278720098
1.244799971581	0.000599936058
1.246399998665	0.001769600203
1.248000025749	-0.000484512013
1.249599933624	-0.000468752027
1.251199960709	-0.000063743981
1.252799987793	-0.000656208023
1.254400014877	-0.000321967993
1.255999922752	0.000053471984
1.257599949837	-0.001605920144
1.259199976921	0.000232128034
1.260800004005	-0.001007904066
1.262399911880	0.001249680063
1.263999938965	-0.001481936080
1.265599966049	0.001032736036
1.267199993134	-0.000072880022
1.268800020218	-0.003205744317
1.270399928093	0.000421792036
1.271999955177	-0.000584352005
1.273599982262	0.000556064013
1.275200009346	-0.000272896054
1.276799917221	-0.000040975981
1.278399944305	-0.001013264176
1.279999971390	-0.000911296171
1.281599998474	0.000281215966
1.283200025558	-0.000815856096
1.284799933434	-0.000747280079
1.286399960518	-0.001694800099
1.287999987602	-0.001306480030
1.289600014687	0.000822784088
1.291199922562	0.000342816056
1.292799949646	-0.001406080090
1.294399976730	-0.002268400276
1.296000003815	0.002433440182
1.297599911690	-0.000934144016
1.299199938774	-0.000869152136
1.300799965858	0.000628064096
1.302399992943	-0.001113088103
1.304000020027	-0.001344816061
1.305599927902	0.000574880047
1.307199954987	0.000753360160
1.308799982071	-0.000595184043
1.310400009155	0.001353552216
1.311999917030	-0.001932416111
1.313599944115	0.000185760044
1.315199971199	0.000375744043
1.316799998283	0.000689120032
1.318400025368	-0.000332176074
1.319999933243	-0.003051184351
1.321599960327	0.000404032035
1.323199987411	-0.002526144264
1.324800014496	0.001490000170
1.326399922371	-0.000043295986
1.327999949455	-0.004296464380
1.329599976540	-0.001183824148
1.331200003624	0.000124256054
1.332799911499	0.000596079917
1.334399938583	-0.000510912039
1.335999965668	-0.000925712113
1.337599992752	-0.002397488337
1.339200019836	-0.000603744120
1.340799927711	0.000346640009
1.342399954796	-0.000110272056
1.343999981880	0.000337024016
1.345600008965	0.000218656060
1.347199916840	-0.000139904107
1.348799943924	-0.002303808229
1.350399971008	0.000507488032
1.351999998093	-0.000198688096
1.353600025177	-0.000702623976
1.355199933052	-0.000867520052
1.356799960136	-0.002517488087
1.358399987221	-0.000861520064
1.360000014305	0.000759664050
1.361599922180	-0.000716848008
1.363199949265	-0.002812848194
1.364799976349	-0.000706288090
1.366400003433	-0.001180048101
1.367999911308	0.000449312036
1.369599938393	0.000478175964
1.371199965477	-0.000311600044
1.372799992561	-0.000626960071
1.374400019646	-0.002683152212
1.375999927521	0.000025488001
1.377599954605	-0.000104367988
1.379199981689	-0.000034847973
1.380800008774	-0.001596112153
1.382399916649	-0.002099504229
1.383999943733	-0.001014096080
1.385599970818	0.002653856063
1.387199997902	-0.001466000103
1.388799905777	-0.000973072078
1.390399932861	-0.001747584087
1.391999959946	-0.000890720112
1.393599987030	0.000411872054
1.395200014114	-0.000797936111
1.396799921989	-0.000739055977
1.398399949074	-0.003203312168
1.399999976158	0.001058496069
1.401600003242	-0.000445936050
1.403199911118	0.000407055923
1.404799938202	-0.001062480151
1.406399965286	-0.001351664076
1.407999992371	0.000193152024
1.409600019455	0.000797008106
1.411199927330	0.001842416241
1.412799954414	-0.003624176374
1.414399981499	-0.002403328195
1.416000008583	-0.001004512073
1.417599916458	0.001082832110
1.419199943542	-0.000238736015
1.420799970627	-0.001657920191
1.422399997711	0.000727376086
1.423999905586	-0.001884208177
1.425599932671	0.002697280142
1.427199959755	-0.000127023974
1.428799986839	-0.001263984130
1.430400013924	-0.001385744079
1.431999921799	-0.000826912059
1.433599948883	-0.000258736021
1.435199975967	0.000324704044
1.436800003052	0.000437103998
1.438399910927	-0.001226112130
1.439999938011	-0.000604239991
1.441599965096	-0.001254800125
1.443199992180	-0.001121120062
1.444800019264	0.001017376082
1.446399927139	-0.000254208018
1.447999954224	-0.000982480124
1.449599981308	-0.001640944160
1.451200008392	-0.002803728217
1.452799916267	-0.000845968025
1.454399943352	-0.000836160092
1.455999970436	0.000260496017
1.457599997520	-0.000765760022
1.459199905396	-0.000597984064
1.460799932480	0.001928912126
1.462399959564	-0.001195216202
1.463999986649	-0.000497072062
1.465600013733	-0.002833264181
1.467199921608	-0.002223536139
1.468799948692	-0.001236256096
1.470399975777	-0.000589151983
1.472000002861	-0.001017808099
1.473599910736	0.000265872048
1.475199937820	-0.002848432167
1.476799964905	-0.002170384163
1.478399991989	-0.000233472034
1.480000019073	0.001078032074
1.481599926949	-0.000709952088
1.483199954033	-0.003473472316
1.484799981117	-0.002119984245
1.486400008202	-0.003360800212
1.487999916077	-0.000373456132
1.489599943161	-0.000866624119
1.491199970245	-0.000606288027
1.492799997330	-0.003791856347
1.494399905205	-0.002055552322
1.495999932289	0.001182096195
1.497599959373	0.000599472027
1.499199986458	0.001285856124
1.500800013542	-0.002604704117
1.502399921417	-0.001457632170
1.503999948502	0.001540144091
1.505599975586	0.000591472082
1.507200002670	-0.000600544037
1.508799910545	-0.002765616169
1.510399937630	-0.002191824140
1.511999964714	-0.000432016095
1.513599991798	-0.001111984020
1.515200018883	0.000946960121
1.516799926758	-0.001066672150
1.518399953842	0.001637056121
1.519999980927	-0.000061503983
1.521600008011	-0.000836656138
1.523199915886	-0.002195088193
1.524799942970	-0.001649408136
1.526399970055	0.000702112040
1.527999997139	-0.000446720049
1.529599905014	-0.003798928345
1.531199932098	-0.002698880155
1.532799959183	-0.001108176075
1.534399986267	0.000422751997
1.536000013351	-0.001156768063
1.537599921227	-0.001279856078
1.539199948311	-0.001180544146
1.540799975395	-0.001590656233
1.542400002480	0.000580720080
1.543999910355	-0.000793488114
1.545599937439	-0.001881104079
1.547199964523	-0.002045648172
1.548799991608	-0.001462672139
1.550400018692	-0.001208816189
1.551999926567	0.001043360098
1.553599953651	0.000569648109
1.555199980736	-0.001219584141
1.556800007820	-0.001398160122
1.558399915695	0.001526096137
1.559999942780	-0.001954816282
1.561599969864	-0.000418208074
1.563199996948	-0.001511040027
1.564799904823	-0.002394176088
1.566399931908	-0.001114176121
1.567999958992	0.000921040075
1.569599986076	-0.001430656062
1.571200013161	-0.001715616207
1.572799921036	-0.000196607987
1.574399948120	-0.001452304190
1.575999975204	-0.001070720027
1.577600002289	-0.000525152020
1.579199910164	0.000248160039
1.580799937248	-0.004117232282
1.582399964333	-0.000308016024
1.583999991417	-0.000736016023
1.585600018501	-0.002579376334
1.587199926376	-0.000257424021
1.588799953461	0.000140464021
1.590399980545	-0.001058496069
1.592000007629	-0.000381152000
1.593599915504	-0.001867424115
1.595199942589	-0.001989296172
1.596799969673	-0.002603744157
1.598399996758	0.000297743973
1.599999904633	-0.001867712243
1.601599931717	-0.000706240069
1.603199958801	0.001609792118
1.604799985886	0.000277103973
1.606400012970	-0.001343776123
1.607999920845	0.000300528016
1.609599947929	-0.001908848179
1.611199975014	-0.001274064067
1.612800002098	-0.000171232066
1.614399909973	-0.001950592152
1.615999937057	-0.000899712089
1.617599964142	-0.002900064224
1.619199991226	-0.000340976112
1.620800018311	-0.002172800247
1.622399926186	0.001440304099
1.623999953270	-0.001294688205
1.625599980354	-0.000628720096
1.627200007439	-0.000678016047
1.628799915314	-0.002525984077
1.630399942398	-0.001271824120
1.631999969482	-0.001213040086
1.633599996567	0.000109983994
1.635199904442	-0.001449344098
1.636799931526	-0.001870032167
1.638399958611	-0.000964688021
1.639999985695	-0.001707040123
1.641600012779	0.000610368035
1.643199920654	-0.001843312173
1.644799947739	0.001619120012
1.646399974823	-0.003047520295
1.648000001907	-0.002164400183
1.649599909782	0.000521920156
1.651199936867	-0.003360720351
1.652799963951	0.000325680041
1.654399991035	-0.001465536188
1.655999898911	-0.000851904042
1.657599925995	-0.003477088409
1.659199953079	-0.001766624162
1.660799980164	-0.000810736092
1.662400007248	0.000063375941
1.663999915123	-0.000525600044
1.665599942207	-0.002958192257
1.667199969292	-0.002808480058
1.668799996376	-0.002177488059
1.670399904251	-0.001045248122
1.671999931335	-0.001796768163
1.673599958420	0.000331136020
1.675199985504	-0.001336064190
1.676800012589	-0.001979936147
1.678399920464	-0.000199504007
1.679999947548	-0.000063663989
1.681599974632	0.000225903990
1.683200001717	-0.002123744227
1.684799909592	-0.001980688190
1.686399936676	-0.002425936284
1.687999963760	-0.001383712166
1.689599990845	0.000750032079
1.691199898720	-0.002366896253
1.692799925804	-0.002992816269
1.694399952888	-0.001212112140
1.695999979973	-0.001866272069
1.697600007057	-0.000611872063
1.699199914932	-0.000162351964
1.700799942017	-0.002170368098
1.702399969101	-0.003234400181
1.703999996185	-0.000625216053
1.705599904060	-0.001688688179
1.707199931145	-0.002219120041
1.708799958229	-0.000733712048
1.710399985313	-0.001212256029
1.712000012398	-0.000666480046
1.713599920273	-0.001097920118
1.715199947357	-0.002233456122
1.716799974442	-0.001762784203
1.718400001526	-0.001303232159
1.719999909401	-0.002836752217
1.721599936485	-0.000357535988
1.723199963570	-0.001488560112
1.724799990654	-0.002843872178
1.726399898529	-0.002108816057
1.727999925613	-0.001279488089
1.729599952698	0.000310064032
1.731199979782	-0.001503200154
1.732800006866	-0.000637472025
1.734399914742	-0.001562176156
1.735999941826	-0.000813184073
1.737599968910	-0.002277680207
1.739199995995	-0.000460304029
1.740799903870	-0.001828960143
1.742399930954	-0.002030336065
1.743999958038	-0.001565056155
1.745599985123	-0.001154400175
1.747200012207	0.000452367996
1.748799920082	-0.000037455979
1.750399947166	-0.003147296375
1.751999974251	-0.001727520139
1.753600001335	-0.002491776133
1.755199909210	-0.000673552044
1.756799936295	-0.000398432079
1.758399963379	-0.001728128176
1.759999990463	-0.001356640132
1.761599898338	-0.004515376408
1.763199925423	-0.002400608268
1.764799952507	0.000959984085
1.766399979591	-0.000396495976
1.768000006676	-0.000370832015
1.769599914551	-0.000458032097
1.771199941635	-0.000389008026
1.772799968719	-0.001397024142
1.774399995804	-0.002122224309
1.775999903679	-0.002883168170
1.777599930763	-0.002202208154
1.779199957848	-0.001436160062
1.780799984932	-0.001277456176
1.782400012016	0.000129791995
1.783999919891	-0.003050112398
1.785599946976	-0.001588784158
1.787199974060	-0.000144176040
1.788800001144	-0.000800768146
1.790399909019	-0.000893600110
1.791999936104	-0.002151936060
1.793599963188	-0.001226848108
1.795199990273	-0.002744112164
1.796799898148	-0.001079888083
1.798399925232	-0.003236432327
1.799999952316	-0.001553760143
1.801599979401	-0.001921936055
1.803200006485	-0.000950032088
1.804799914360	-0.002217168221
1.806399941444	-0.003465376329
1.807999968529	-0.002180431969
1.809599995613	-0.004059632309
1.811199903488	-0.001468112110
1.812799930573	-0.002087552100
1.814399957657	-0.002670160262
1.815999984741	-0.000628240057
1.817600011826	-0.003157392144
1.819199919701	-0.003461568383
1.820799946785	-0.003761744360
1.822399973869	-0.003188272240
1.824000000954	0.000396944059
1.825599908829	-0.002368704183
1.827199935913	-0.001358928042
1.828799962997	-0.004373648204
1.830399990082	-0.003644544398
1.831999897957	-0.002117648022
1.833599925041	-0.001567456056
1.835199952126	-0.001155392150
1.836799979210	-0.002018944127
1.838400006294	-0.002582832240
1.839999914169	-0.002810624195
1.841599941254	-0.000735376088
1.843199968338	-0.000694464077
1.844799995422	-0.001459776075
1.846399903297	-0.003250128357
1.847999930382	-0.003246656386
1.849599957466	-0.001629440230
1.851199984550	-0.002659088233
1.852800011635	-0.000245376024
1.854399919510	-0.004748928361
1.855999946594	-0.002349216258
1.857599973679	-0.001499296166
1.859200000763	-0.002675744239
1.860799908638	-0.001062384108
1.862399935722	-0.000448256062
1.863999962807	-0.002894368256
1.865599989891	-0.003638800234
1.867199897766	-0.003172592260
1.868799924850	-0.000413647998
1.870399951935	-0.002594912192
1.871999979019	-0.002954064403
1.873600006104	-0.004293728154
1.875199913979	-0.003428720171
1.876799941063	-0.000564224028
1.878399968147	-0.002409904264
1.879999995232	-0.001673312159
1.881599903107	-0.003467584262
1.883199930191	-0.003853184404
1.884799957275	-0.002396544209
1.886399984360	-0.004172608256
1.888000011444	-0.003153536236
1.889599919319	-0.005308496300
1.891199946404	-0.001947168144
1.892799973488	-0.002857536310
1.894400000572	-0.002225872129
1.895999908447	-0.001796816126
1.897599935532	-0.003861552337
1.899199962616	-0.000219648064
1.900799989700	-0.003103296272
1.902399897575	-0.001364816097
1.903999924660	-0.002987648360
1.905599951744	-0.003690896323
1.907199978828	-0.001911216066
1.908800005913	-0.003803408239
1.910399913788	-0.001698720152
1.911999940872	-0.000913008116
1.913599967957	-0.001440368011
1.915199995041	-0.002205904108
1.916799902916	-0.004828128498
1.918399930000	-0.001128160162
1.919999957085	-0.002386752283
1.921599984169	-0.003389088204
1.923199892044	-0.001358176116
1.924799919128	-0.003762528300
1.926399946213	-0.003209312214
1.927999973297	-0.004122256301
1.929600000381	0.000287935982
1.931199908257	-0.002452128334
1.932799935341	-0.002568512224
1.934399962425	-0.000745392055
1.935999989510	-0.002411552239
1.937599897385	-0.001266560052
1.939199924469	-0.003130656201
1.940799951553	-0.001902688178
1.942399978638	-0.001670096070
1.944000005722	-0.002563312184
1.945599913597	-0.002305568196
1.947199940681	-0.001172544085
1.948799967766	-0.003854896408
1.950399994850	-0.001587632112
1.951999902725	-0.001157200080
1.953599929810	-0.002594416263
1.955199956894	-0.003157968400
1.956799983978	-0.002625472145
1.958399891853	-0.000363568077
1.959999918938	-0.002935360186
1.961599946022	-0.002435984323
1.963199973106	-0.002880656160
1.964800000191	-0.003690816462
1.966399908066	-0.001871872111
1.967999935150	-0.001985056093
1.969599962234	-0.003391088219
1.971199989319	-0.001414592029
1.972799897194	-0.002761152107
1.974399924278	-0.004793424625
1.975999951363	-0.004569120239
1.977599978447	-0.001021216158
1.979200005531	-0.002221920062
1.980799913406	-0.003708112286
1.982399940491	-0.003358960385
1.983999967575	-0.002462656237
1.985599994659	-0.003820016282
1.987199902534	-0.000893632066
1.988799929619	-0.001917408197
1.990399956703	-0.002935408149
1.991999983788	-0.005320816301
1.993599891663	-0.004278144334
1.995199918747	-0.003579312237
1.996799945831	-0.001641648123
1.998399972916	-0.000839280081
2.000000000000	-0.005398688372
2.001600027084	-0.002188400133
2.003200054169	-0.004217328504
2.004799842834	-0.001869952190
2.006399869919	-0.001444496098
2.007999897003	-0.002418960212
2.009599924088	-0.004438176285
2.011199951172	-0.002229984151
2.012799978256	-0.002989392262
2.014400005341	-0.003950816114
2.016000032425	-0.001910560182
2.017600059509	-0.001126464107
2.019199848175	-0.004495920613
2.020799875259	-0.002484320197
2.022399902344	-0.001797216129
2.023999929428	-0.002800592221
2.025599956512	-0.001874832087
2.027199983597	-0.001912576146
2.028800010681	-0.002139568096
2.030400037766	-0.003675936256
2.032000064850	-0.002286640229
2.033599853516	-0.003992848564
2.035199880600	-0.002842160175
2.036799907684	-0.001398208085
2.038399934769	-0.004928656388
2.039999961853	-0.003596848343
2.041599988937	-0.002125392202
2.043200016022	-0.002241264097
2.044800043106	-0.002514016116
2.046399831772	-0.003722128225
2.047999858856	-0.001933392137
2.049599885941	-0.003656128421
2.051199913025	-0.001427232171
2.052799940109	-0.003087984165
2.054399967194	-0.005434080493
2.055999994278	-0.002238160232
2.057600021362	-0.003282880411
2.059200048447	-0.002020192100
2.060799837112	-0.003644912271
2.062399864197	-0.003332256339
2.063999891281	-0.002854240360
2.065599918365	-0.003331392305
2.067199945450	-0.002155952156
2.068799972534	-0.003428432159
2.070399999619	-0.002304736292
2.072000026703	0.000179487979
2.073600053787	-0.003419472137
2.075199842453	-0.002229648177
2.076799869537	-0.003116064239
2.078399896622	-0.002474000212
2.079999923706	-0.004438896198
2.081599950790	-0.002714016242
2.083199977875	-0.002737056231
2.084800004959	-0.004269280471
2.086400032043	-0.000711168046
2.088000059128	-0.002913824283
2.089599847794	-0.003578768345
2.091199874878	-0.003019904252
2.092799901962	-0.003616608446
2.094399929047	-0.001458512153
2.095999956131	-0.003242400242
2.097599983215	-0.003881280310
2.099200010300	-0.003662976436
2.100800037384	-0.002125232248
2.102400064468	-0.001678576227
2.103999853134	-0.002625184366
2.105599880219	-0.002190320287
2.107199907303	-0.004281920381
2.108799934387	-0.002719536191
2.110399961472	-0.004079152364
2.111999988556	-0.002088208217
2.113600015640	-0.003729808377
2.115200042725	-0.002598592313
2.116799831390	-0.001901632175
2.118399858475	-0.003704272211
2.119999885559	-0.002928576199
2.121599912643	-0.003610656364
2.123199939728	-0.001982112182
2.124799966812	-0.003106224351
2.126399993896	-0.004395856522
2.128000020981	-0.004899776541
2.129600048065	-0.003523312276
2.131199836731	-0.004152624402
2.132799863815	-0.002521680202
2.134399890900	-0.002688928274
2.135999917984	-0.004582432564
2.137599945068	-0.004449024331
2.139199972153	-0.002144368133
2.140799999237	-0.003969280515
2.142400026321	-0.003574416274
2.144000053406	-0.002418288263
2.145599842072	-0.003229872324
2.147199869156	0.000036064001
2.148799896240	-0.002054640325
2.150399923325	-0.002087536268
2.151999950409	-0.005911712535
2.153599977493	-0.004775072448
2.155200004578	-0.001956784166
2.156800031662	-0.003143472364
2.158400058746	-0.003137520282
2.159999847412	-0.003598128445
2.161599874496	-0.003847008338
2.163199901581	-0.000617408019
2.164799928665	-0.003257536329
2.166399955750	-0.004619520623
2.167999982834	-0.005252032541
2.169600009918	0.000213647974
2.171200037003	-0.005339712370
2.172800064087	-0.004546544049
2.174399852753	-0.005143408198
2.175999879837	-0.003338592360
2.177599906921	-0.001630288083
2.179199934006	-0.003946768120
2.180799961090	-0.002798160305
2.182399988174	-0.002065680223
2.184000015259	-0.004213792272
2.185600042343	-0.002113936236
2.187199831009	-0.003291488159
2.188799858093	-0.001689872122
2.190399885178	-0.005856352393
2.191999912262	-0.002633712254
2.193599939346	-0.002594144316
2.195199966431	-0.003109296318
2.196799993515	-0.000831520068
2.198400020599	-0.002236720175
2.200000047684	-0.002470096340
2.201599836349	-0.004119568504
2.203199863434	-0.003142048372
2.204799890518	-0.000308352028
2.206399917603	-0.002491120249
2.207999944687	-0.003320896300
2.209599971771	-0.004899136256
2.211199998856	-0.003089536214
2.212800025940	-0.002303536283
2.214400053024	-0.002185168210
2.215999841690	-0.001648672158
2.217599868774	-0.005365760531
2.219199895859	-0.003263536375
2.220799922943	-0.001135760103
2.222399950027	-0.000853856094
2.223999977112	-0.002414304065
2.225600004196	-0.004359408282
2.227200031281	-0.003289504442
2.228800058365	-0.004448448308
2.230399847031	-0.002969200257
2.231999874115	-0.001942464034
2.233599901199	-0.002576224273
2.235199928284	-0.003726864234
2.236799955368	-0.003056208137
2.238399982452	-0.002257072134
2.240000009537	-0.002839728259
2.241600036621	-0.001855584211
2.243199825287	-0.005849760491
2.244799852371	-0.003507056274
2.246399879456	-0.003375568194
2.247999906540	-0.004243904259
2.249599933624	-0.004133856390
2.251199960709	-0.003748160321
2.252799987793	-0.005108064506
2.254400014877	-0.004619600251
2.256000041962	-0.002176736249
2.257599830627	-0.003485184396
2.259199857712	-0.003197312355
2.260799884796	-0.002661696170
2.262399911880	-0.002495088149
2.263999938965	-0.003585104365
2.265599966049	-0.003308896208
2.267199993134	-0.004028880503
2.268800020218	-0.004985776264
2.270400047302	-0.005221440457
2.271999835968	-0.002897168277
2.273599863052	-0.003631648375
2.275199890137	-0.001101888134
2.276799917221	-0.002337552141
2.278399944305	-0.004832304548
2.279999971390	-0.002606288297
2.281599998474	-0.002524896292
2.283200025558	-0.000431136054
2.284800052643	-0.005279600620
2.286399841309	-0.003312528366
2.287999868393	-0.004529504571
2.289599895477	-0.001685632160
2.291199922562	-0.002954672091
2.292799949646	-0.006391376723
2.294399976730	-0.003239712212
2.296000003815	-0.003259120276
2.297600030899	-0.001878032112
2.299200057983	-0.003077456262
2.300799846649	-0.004698624369
2.302399873734	-0.003308688290
2.303999900818	-0.001807568129
2.305599927902	-0.002912960248
2.307199954987	-0.004047328141
2.308799982071	-0.002527280245
2.310400009155	-0.003960672300
2.312000036240	-0.002803520299
2.313599824905	-0.004015088547
2.315199851990	-0.005213680677
2.316799879074	-0.002479104092
2.318399906158	-0.001222880092
2.319999933243	-0.005396240391
2.321599960327	-0.003011280205
2.323199987411	-0.001579456148
2.324800014496	-0.002145888284
2.326400041580	-0.002616448328
2.327999830246	-0.004362992477
2.329599857330	-0.004864656366
2.331199884415	-0.002793152118
2.332799911499	-0.002071392257
2.334399938583	-0.003134672297
2.335999965668	-0.004034656100
2.337599992752	-0.002756032161
2.339200019836	-0.004818832502
2.340800046921	-0.004334640224
2.342399835587	-0.000553072023
2.343999862671	-0.003349744249
2.345599889755	-0.004715552554
2.347199916840	-0.003642704338
2.348799943924	-0.001123536145
2.350399971008	-0.001885296195
2.351999998093	-0.004110848531
2.353600025177	-0.002510160208
2.355200052261	-0.005379296374
2.356799840927	-0.004214992281
2.358399868011	-0.003266928252
2.359999895096	-0.003374960274
2.361599922180	-0.002172160195
2.363199949265	-0.004670928232
2.364799976349	-0.002999712247
2.366400003433	-0.004313504323
2.368000030518	-0.003321760334
2.369600057602	-0.002591856057
2.371199846268	-0.003677600296
2.372799873352	-0.001807200140
2.374399900436	-0.004618480336
2.375999927521	-0.002747472143
2.377599954605	-0.002209408209
2.379199981689	-0.004804864526
2.380800008774	-0.005980416667
2.382400035858	-0.003104976146
2.383999824524	-0.001230880152
2.385599851608	-0.005222016480
2.387199878693	-0.003258784302
2.388799905777	-0.001183312037
2.390399932861	-0.004668528214
2.391999959946	-0.003667632351
2.393599987030	-0.003264656290
2.395200014114	-0.004302528221
2.396800041199	-0.003919936251
2.398399829865	-0.002848640317
2.399999856949	-0.003947216552
2.401599884033	-0.004205200355
2.403199911118	-0.002216752153
2.404799938202	-0.004703056533
2.406399965286	-0.003106608288
2.407999992371	-0.001383936033
2.409600019455	-0.004429744557
2.411200046539	-0.004053104203
2.412799835205	-0.004028304480
2.414399862289	-0.002880576300
2.415999889374	-0.004139520228
2.417599916458	-0.003422400448
2.419199943542	-0.004684096202
2.420799970627	-0.006133440416
2.422399997711	-0.003756944323
2.424000024796	-0.002959072124
2.425600051880	-0.002896960359
2.427199840546	-0.004296496511
2.428799867630	-0.003498704406
2.430399894714	-0.004951296374
2.431999921799	-0.003735456383
2.433599948883	-0.005893408321
2.435199975967	-0.005188656505
2.436800003052	-0.003031600267
2.438400030136	-0.003572832327
2.440000057220	-0.004105920438
2.441599845886	-0.002111008158
2.443199872971	-0.003169344272
2.444799900055	-0.003268704284
2.446399927139	-0.003161248285
2.447999954224	-0.002523264149
2.449599981308	-0.005841520615
2.451200008392	-0.002277072286
2.452800035477	-0.002625568304
2.454399824142	-0.005117648281
2.455999851227	-0.001833024202
2.457599878311	-0.005587904714
2.459199905396	-0.002199104289
2.460799932480	-0.004597552586
2.462399959564	-0.004599792417
2.463999986649	-0.004447856452
2.465600013733	-0.004647504538
2.467200040817	-0.002991552232
2.468799829483	-0.005236496683
2.470399856567	-0.003962448332
2.471999883652	-0.004424016457
2.473599910736	-0.004469168372
2.475199937820	-0.002833088161
2.476799964905	-0.005748672411
2.478399991989	-0.004306848161
2.480000019073	-0.004044784233
2.481600046158	-0.002703856211
2.483199834824	-0.004107424524
2.484799861908	-0.005880144425
2.486399888992	-0.003423744347
2.487999916077	-0.005270368420
2.489599943161	-0.003836160293
2.491199970245	-0.005632144399
2.492799997330	-0.003703440307
2.494400024414	-0.003395792330
2.496000051498	-0.004989664536
2.497599840164	-0.003777072299
2.499199867249	-0.001754496130
2.500799894333	-0.004995968193
2.502399921417	-0.004572016187
2.503999948502	-0.005579568446
2.505599975586	-0.006255888380
2.507200002670	-0.004047040362
2.508800029755	-0.003028560197
2.510399818420	-0.004357488360
2.511999845505	-0.004867696203
2.513599872589	-0.003038896248
2.515199899673	-0.001803952269
2.516799926758	-0.001724512200
2.518399953842	-0.001990032149
2.519999980927	-0.004048672505
2.521600008011	-0.004515536129
2.523200035095	-0.004496000241
2.524799823761	-0.004318848252
2.526399850845	-0.001787792193
2.527999877930	-0.002658912214
2.529599905014	-0.004172080662
2.531199932098	-0.005683376454
2.532799959183	-0.002268096199
2.534399986267	-0.003560912330
2.536000013351	-0.005421904381
2.537600040436	-0.003289680229
2.539199829102	-0.003814416239
2.540799856186	-0.004703936167
2.542399883270	-0.003573424416
2.543999910355	-0.002651104238
2.545599937439	-0.003529216396
2.547199964523	-0.005555216223
2.548799991608	-0.002969504334
2.550400018692	-0.003219920211
2.552000045776	-0.002665280132
2.553599834442	-0.004118368030
2.555199861526	-0.004580320325
2.556799888611	-0.004040080123
2.558399915695	-0.003316496266
2.559999942780	-0.002872352256
2.561599969864	-0.002596432343
2.563199996948	-0.004410432186
2.564800024033	-0.005736752413
2.566400051117	-0.004406416323
2.567999839783	-0.000500671973
2.569599866867	-0.003474656260
2.571199893951	-0.004554592539
2.572799921036	-0.002590544289
2.574399948120	-0.004102912266
2.575999975204	-0.006159680430
2.577600002289	-0.003060336225
2.579200029373	0.000438832067
2.580799818039	-0.005045440514
2.582399845123	-0.002806992270
2.583999872208	-0.002939216327
2.585599899292	-0.002709056251
2.587199926376	-0.002260080306
2.588799953461	-0.001306064078
2.590399980545	-0.004367248155
2.592000007629	-0.007701568771
2.593600034714	-0.005177712534
2.595199823380	-0.000487744022
2.596799850464	-0.003272560425
2.598399877548	-0.005316928495
2.599999904633	-0.003586576320
2.601599931717	-0.004195088521
2.603199958801	-0.004480768461
2.604799985886	-0.003807200352
2.606400012970	-0.002626720350
2.608000040054	-0.003786240239
2.609599828720	-0.005238976330
2.611199855804	-0.004663872533
2.612799882889	-0.003240064252
2.614399909973	-0.004401904531
2.615999937057	-0.003931728192
2.617599964142	-0.006092896685
2.619199991226	-0.005490944721
2.620800018311	-0.003852880327
2.622400045395	-0.004572208505
2.623999834061	-0.003885888262
2.625599861145	-0.003649744205
2.627199888229	-0.006598592270
2.628799915314	-0.003520032391
2.630399942398	-0.004330576397
2.631999969482	-0.005068784580
2.633599996567	-0.003250656184
2.635200023651	-0.005955344532
2.636800050735	-0.003912400454
2.638399839401	-0.006070848554
2.639999866486	-0.003852128284
2.641599893570	-0.004306672141
2.643199920654	-0.003238272388
2.644799947739	-0.006604016293
2.646399974823	-0.003157280153
2.648000001907	-0.004126816522
2.649600028992	-0.005320592318
2.651199817657	-0.005290016532
2.652799844742	-0.007397904526
2.654399871826	-0.003856320400
2.655999898911	-0.003052128246
2.657599925995	-0.005067856517
2.659199953079	-0.003319504205
2.660799980164	-0.005707152653
2.662400007248	-0.003383280477
2.664000034332	-0.004545264412
2.665599822998	-0.004965280183
2.667199850082	-0.005851264577
2.668799877167	-0.006061632652
2.670399904251	-0.004797184374
2.671999931335	-0.005873152521
2.673599958420	-0.005376240239
2.675199985504	-0.003910704516
2.676800012589	-0.005236112513
2.678400039673	-0.003637856338
2.679999828339	-0.007462192792
2.681599855423	-0.003888496198
2.683199882507	-0.003503136337
2.684799909592	-0.003060464282
2.686399936676	-0.002942960244
2.687999963760	-0.007710400503
2.689599990845	-0.003450912191
2.691200017929	-0.005228384398
2.692800045013	-0.003321920289
2.694399833679	-0.004329536576
2.695999860764	-0.004703936167
2.697599887848	-0.001473648124
2.699199914932	-0.004663840402
2.700799942017	-0.001020960161
2.702399969101	-0.004190864507
2.703999996185	-0.004592928570
2.705600023270	-0.001814480172
2.707200050354	-0.005918208510
2.708799839020	-0.002093856223
2.710399866104	-0.002964352258
2.711999893188	-0.003201408312
2.713599920273	-0.004938304424
2.715199947357	-0.003915488254
2.716799974442	-0.003564736340
2.718400001526	-0.005964944605
2.720000028610	-0.003071936313
2.721599817276	-0.003853168339
2.723199844360	-0.005454352591
2.724799871445	-0.005421824288
2.726399898529	-0.003932112362
2.727999925613	-0.002727600280
2.729599952698	-0.003993328195
2.731199979782	-0.004782592412
2.732800006866	-0.004736256320
2.734400033951	-0.005101968534
2.735999822617	-0.004488240462
2.737599849701	-0.005750304554
2.739199876785	-0.002676560311
2.740799903870	-0.005375264212
2.742399930954	-0.002980192192
2.743999958038	-0.000969088112
2.745599985123	-0.003448496340
2.747200012207	-0.005759376567
2.748800039291	-0.005939664319
2.750399827957	-0.003202416236
2.751999855042	-0.001528192195
2.753599882126	-0.004322208464
2.755199909210	-0.004102336243
2.756799936295	-0.004164928570
2.758399963379	-0.003846544307
2.759999990463	-0.003865520237
2.761600017548	-0.005522128660
2.763200044632	-0.004619888496
2.764799833298	-0.003656512359
2.766399860382	-0.005016224459
2.767999887466	-0.004618400242
2.769599914551	-0.003557568183
2.771199941635	-0.005794752389
2.772799968719	-0.001769760158
2.774399995804	-0.003496960271
2.776000022888	-0.004713616334
2.777599811554	-0.005212752614
2.779199838638	-0.003000400262
2.780799865723	-0.005047136452
2.782399892807	-0.004695360549
2.783999919891	-0.004643088207
2.785599946976	-0.005730016623
2.787199974060	-0.005300592631
2.788800001144	-0.003669248428
2.790400028229	-0.005281440448
2.791999816895	-0.004989632405
2.793599843979	-0.005087072495
2.795199871063	-0.005249872338
2.796799898148	-0.005573152564
2.798399925232	-0.003416160354
2.799999952316	-0.004769760184
2.801599979401	-0.008354336955
2.803200006485	-0.002189696068
2.804800033569	-0.004503520206
2.806399822235	-0.002249568235
2.807999849319	-0.004122992512
2.809599876404	-0.006146544591
2.811199903488	-0.004436640535
2.812799930573	-0.004846496508
2.814399957657	-0.002892464399
2.815999984741	-0.002594784135
2.817600011826	-0.004910752643
2.819200038910	-0.002637472237
2.820799827576	-0.005675376393
2.822399854660	-0.003013824346
2.823999881744	-0.004405856598
2.825599908829	-0.005916560534
2.827199935913	-0.004587536212
2.828799962997	-0.004230048507
2.830399990082	-0.003768752329
2.832000017166	-0.004080624320
2.833600044250	-0.002641984262
2.835199832916	-0.003940352239
2.836799860001	-0.006007984746
2.838399887085	-0.005484528374
2.839999914169	-0.005311376415
2.841599941254	-0.002408816246
2.843199968338	-0.004831712227
2.844799995422	-0.005007552449
2.846400022507	-0.004598448519
2.847999811172	-0.005014976487
2.849599838257	-0.002645712113
2.851199865341	-0.007761648856
2.852799892426	-0.003974048421
2.854399919510	-0.004521920346
2.855999946594	-0.007164432667
2.857599973679	-0.004862400703
2.859200000763	-0.005222928245
2.860800027847	-0.004466720391
2.862399816513	-0.005946032703
2.863999843597	-0.005519040395
2.865599870682	-0.003295632312
2.867199897766	-0.007574352901
2.868799924850	-0.004526736215
2.870399951935	-0.004503728356
2.871999979019	-0.004892752506
2.873600006104	-0.004381440114
2.875200033188	-0.004816864152
2.876799821854	-0.005490800366
2.878399848938	-0.003665760159
2.879999876022	-0.003278272226
2.881599903107	-0.002655664226
2.883199930191	-0.005482576322
2.884799957275	-0.004383840598
2.886399984360	-0.001727776136
2.888000011444	-0.005177488551
2.889600038528	-0.004736256320
2.891199827194	-0.005885760300
2.892799854279	-0.007001792546
2.894399881363	-0.002997088246
2.895999908447	-0.003242464270
2.897599935532	-0.005053088535
2.899199962616	-0.005723936483
2.900799989700	-0.004462528508
2.902400016785	-0.002519536298
2.904000043869	-0.003715968458
2.905599832535	-0.005914000329
2.907199859619	-0.008113312535
2.908799886703	-0.003588176332
2.910399913788	-0.004118480254
2.911999940872	-0.005555360578
2.913599967957	-0.003520384198
2.915199995041	-0.003717024345
2.916800022125	-0.000082319995
2.918399810791	-0.004797184374
2.919999837875	-0.002259536181
2.921599864960	-0.001910848194
2.923199892044	-0.006090864539
2.924799919128	-0.004629856441
2.926399946213	-0.005833920557
2.927999973297	-0.006049616262
2.929600000381	-0.004053216428
2.931200027466	-0.005102832336
2.932799816132	-0.002343344269
2.934399843216	-0.004220960196
2.935999870300	-0.005593984388
2.937599897385	-0.004289600533
2.939199924469	-0.004751456436
2.940799951553	-0.003185536247
2.942399978638	-0.005454560742
2.944000005722	-0.005740688648
2.945600032806	-0.004858880304
2.947199821472	-0.005084816366
2.948799848557	-0.005882944446
2.950399875641	-0.005245904438
2.951999902725	-0.003961840179
2.953599929810	-0.005070496351
2.955199956894	-0.004484528210
2.956799983978	-0.002965840278
2.958400011063	-0.006350560579
2.960000038147	-0.003087920370
2.961599826813	-0.004490352236
2.963199853897	-0.003047488164
2.964799880981	-0.005537104327
2.966399908066	-0.006692704279
2.967999935150	-0.003161040135
2.969599962234	-0.004820080474
2.971199989319	-0.003614800284
2.972800016403	-0.004780512303
2.974400043488	-0.003467024304
2.975999832153	-0.002998480340
2.977599859238	-0.006489936728
2.979199886322	-0.003672000254
2.980799913406	-0.006829888560
2.982399940491	-0.005121024325
2.983999967575	-0.002777008107
2.985599994659	-0.003752560355
2.987200021744	-0.005930480547
2.988799810410	-0.004521616269
2.990399837494	-0.002782528289
2.991999864578	-0.003584256163
2.993599891663	-0.005665616598
2.995199918747	-0.003512768308
2.996799945831	-0.002615152160
2.998399972916	-0.004613616504
3.000000000000	-0.003579920391
3.001600027084	-0.006197248586
3.003199815750	-0.006295632571
3.004799842834	-0.003893600311
3.006399869919	-0.002277296269
3.007999897003	-0.004671744537
3.009599924088	-0.004756144248
3.011199951172	-0.006134560797
3.012799978256	-0.004226912279
3.014400005341	-0.004880448338
3.016000032425	-0.005710304715
3.017599821091	-0.003929200117
3.019199848175	-0.005034560338
3.020799875259	-0.004277712200
3.022399902344	-0.004272368271
3.023999929428	-0.004966208246
3.025599956512	-0.007246080320
3.027199983597	-0.005533184391
3.028800010681	-0.004948736634
3.030400037766	-0.003847088199
3.031999826431	-0.005496848375
3.033599853516	-0.007620848715
3.035199880600	-0.004231744446
3.036799907684	-0.004913648125
3.038399934769	-0.006790000480
3.039999961853	-0.004269056488
3.041599988937	-0.006049376447
3.043200016022	-0.004469328560
3.044799804687	-0.004718544427
3.046399831772	-0.004856096581
3.047999858856	-0.003078960348
3.049599885941	-0.002673056209
3.051199913025	-0.003836048301
3.052799940109	-0.006304400507
3.054399967194	-0.007309824694
3.055999994278	-0.001988432137
3.057600021362	-0.005071856547
3.059199810028	-0.004098592326
3.060799837112	-0.004103152547
3.062399864197	-0.007267200854
3.063999891281	-0.004695536569
3.065599918365	-0.005492416210
3.067199945450	-0.003126928350
3.068799972534	-0.006039424334
3.070399999619	-0.003495120443
3.072000026703	-0.006271536462
3.073599815369	-0.006040064618
3.075199842453	-0.003826080356
3.076799869537	-0.003909920342
3.078399896622	-0.004831552505
3.079999923706	-0.006748800632
3.081599950790	-0.003965920303
3.083199977875	-0.006621744484
3.084800004959	-0.005855760537
3.086400032043	-0.003744080430
3.087999820709	-0.005627920385
3.089599847794	-0.006535568740
3.091199874878	-0.005503696389
3.092799901962	-0.006848560646
3.094399929047	-0.004845856223
3.095999956131	-0.004388128407
3.097599983215	-0.002200368093
3.099200010300	-0.004266448319
3.100800037384	-0.006068816409
3.102399826050	-0.006425520405
3.103999853134	-0.002192688175
3.105599880219	-0.001757936087
3.107199907303	-0.006702544633
3.108799934387	-0.007489360403
3.110399961472	-0.005662464537
3.111999988556	-0.004948352464
3.113600015640	-0.004155760165
3.115199804306	-0.004567872267
3.116799831390	-0.003650352359
3.118399858475	-0.005510336254
3.119999885559	-0.003001856152
3.121599912643	-0.005024304613
3.123199939728	-0.004486768506
3.124799966812	-0.005778432358
3.126399993896	-0.003866832238
3.128000020981	-0.005188064650
3.129599809647	-0.007519824430
3.131199836731	-0.004751632456
3.132799863815	-0.003814112395
3.134399890900	-0.003352608299
3.135999917984	-0.004004320595
3.137599945068	-0.007028304506
3.139199972153	-0.006452656351
3.140799999237	-0.002875376260
3.142400026321	-0.005246464629
3.143999814987	-0.006236704532
3.145599842072	-0.004283664282
3.147199869156	-0.003877664218
3.148799896240	-0.004274240229
3.150399923325	-0.004081216175
3.151999950409	-0.006686304696
3.153599977493	-0.004430336412
3.155200004578	-0.003118384164
3.156800031662	-0.004626592621
3.158399820328	-0.003609424224
3.159999847412	-0.008921393193
3.161599874496	-0.007088608574
3.163199901581	-0.005327104591
3.164799928665	-0.005475536454
3.166399955750	-0.004146256484
3.167999982834	-0.005995152518
3.169600009918	-0.004194320180
3.171200037003	-0.005112368613
3.172799825668	-0.005343680270
3.174399852753	-0.005618800409
3.175999879837	-0.004133984447
3.177599906921	-0.002486352110
3.179199934006	-0.006357328501
3.180799961090	-0.005941232666
3.182399988174	-0.004627680406
3.184000015259	-0.006299936678
3.185599803925	-0.004389584530
3.187199831009	-0.004523264244
3.188799858093	-0.004837200511
3.190399885178	-0.006188080646
3.191999912262	-0.005195712671
3.193599939346	-0.002486224053
3.195199966431	-0.006163344719
3.196799993515	-0.004501376301
3.198400020599	-0.007128000725
3.199999809265	-0.004174288362
3.201599836349	-0.004945552442
3.203199863434	-0.002884768182
3.204799890518	-0.005537376273
3.206399917603	-0.007433664519
3.207999944687	-0.004023936111
3.209599971771	-0.003819040256
3.211199998856	-0.003415888175
3.212800025940	-0.003943744116
3.214399814606	-0.005412000697
3.215999841690	-0.003663776442
3.217599868774	-0.006263328716
3.219199895859	-0.006342768669
3.220799922943	-0.002741296310
3.222399950027	-0.003562272293
3.223999977112	-0.003367056372
3.225600004196	-0.006547328550
3.227200031281	-0.004614320584
3.228799819946	-0.006185968406
3.230399847031	-0.005787056405
3.231999874115	-0.005989216268
3.233599901199	-0.004304640461
3.235199928284	-0.005254992284
3.236799955368	-0.004087376408
3.238399982452	-0.003256352386
3.240000009537	-0.004554464482
3.241600036621	-0.006107504480
3.243199825287	-0.003215568140
3.244799852371	-0.006317776628
3.246399879456	-0.004415008239
3.247999906540	-0.006643904373
3.249599933624	-0.005926128477
3.251199960709	-0.003237136174
3.252799987793	-0.004735536408
3.254400014877	-0.003902240423
3.255999803543	-0.005464000627
3.257599830627	-0.006924336310
3.259199857712	-0.005106352270
3.260799884796	-0.003470752388
3.262399911880	-0.004476640373
3.263999938965	-0.005657776259
3.265599966049	-0.005489744246
3.267199993134	-0.003983584233
3.268800020218	-0.005717904307
3.270399808884	-0.006157792639
3.271999835968	-0.004919104278
3.273599863052	-0.004930304363
3.275199890137	-0.004929936491
3.276799917221	-0.003898784285
3.278399944305	-0.005345936399
3.279999971390	-0.007120816503
3.281599998474	-0.005401952192
3.283200025558	-0.004018048290
3.284799814224	-0.004461008124
3.286399841309	-0.005756032653
3.287999868393	-0.007393696811
3.289599895477	-0.006536656525
3.291199922562	-0.005214528646
3.292799949646	-0.004867488518
3.294399976730	-0.004532960244
3.296000003815	-0.005111472216
3.297600030899	-0.004840064328
3.299199819565	-0.006010464393
3.300799846649	-0.005182064138
3.302399873734	-0.005677040666
3.303999900818	-0.004174448550
3.305599927902	-0.005971072707
3.307199954987	-0.006991296541
3.308799982071	-0.005087616388
3.310400009155	-0.004959968384
3.311999797821	-0.004620400257
3.313599824905	-0.004820720293
3.315199851990	-0.004485200625
3.316799879074	-0.007003696635
3.318399906158	-0.006049072370
3.319999933243	-0.003123568371
3.321599960327	-0.003405408235
3.323199987411	-0.004993296694
3.324800014496	-0.006873488426
3.326399803162	-0.006405232474
3.327999830246	-0.003837968223
3.329599857330	-0.005352704320
3.331199884415	-0.004434608389
3.332799911499	-0.005279824603
3.334399938583	-0.005212976597
3.335999965668	-0.005429264624
3.337599992752	-0.006157936528
3.339200019836	-0.003379920265
3.340799808502	-0.004452224355
3.342399835587	-0.004156448413
3.343999862671	-0.005056560505
3.345599889755	-0.003541232320
3.347199916840	-0.005680128466
3.348799943924	-0.006449440494
3.350399971008	-0.003398720408
3.351999998093	-0.007738304790
3.353600025177	-0.002689440269
3.355199813843	-0.004522512201
3.356799840927	-0.004361616448
3.358399868011	-0.004928016569
3.359999895096	-0.005682384595
3.361599922180	-0.005365184508
3.363199949265	-0.006756064482
3.364799976349	-0.006049568299
3.366400003433	-0.003638224211
3.368000030518	-0.005673008505
3.369599819183	-0.002900384367
3.371199846268	-0.007160000503
3.372799873352	-0.002395696240
3.374399900436	-0.006309744436
3.375999927521	-0.006021568552
3.377599954605	-0.003476400161
3.379199981689	-0.004221264273
3.380800008774	-0.004591936246
3.382399797440	-0.006505680736
3.383999824524	-0.006569520570
3.385599851608	-0.004688000306
3.387199878693	-0.003665536409
3.388799905777	-0.004821264185
3.390399932861	-0.005923712626
3.391999959946	-0.005140688270
3.393599987030	-0.004549536388
3.395200014114	-0.006208000705
3.396799802780	-0.003302720375
3.398399829865	-0.005906288512
3.399999856949	-0.004296512343
3.401599884033	-0.006078976672
3.403199911118	-0.004500112496
3.404799938202	-0.005070000421
3.406399965286	-0.006153888535
3.407999992371	-0.004174160305
3.409600019455	-0.006217264570
3.411199808121	-0.005500864703
3.412799835205	-0.004779456183
3.414399862289	-0.006026800722
3.415999889374	-0.006975760683
3.417599916458	-0.004251808394
3.419199943542	-0.007060208824
3.420799970627	-0.004448480438
3.422399997711	-0.007030992769
3.424000024796	-0.004514576402
3.425599813461	-0.004054512363
3.427199840546	-0.004997648299
3.428799867630	-0.005130144302
3.430399894714	-0.004575360101
3.431999921799	-0.005404480267
3.433599948883	-0.004842640366
3.435199975967	-0.005385904573
3.436800003052	-0.007051872555
3.438400030136	-0.006833744701
3.439999818802	-0.005434784573
3.441599845886	-0.004214352462
3.443199872971	-0.004672144540
3.444799900055	-0.006053680554
3.446399927139	-0.007129936479
3.447999954224	-0.005438016262
3.449599981308	-0.004942144267
3.451200008392	0.006375984289
