0.000000000000	0.011836049147
0.001599999960	0.013292305171
0.003199999919	0.012753888965
0.004799999762	0.015364465304
0.006399999838	0.013593377545
0.007999999449	0.012427632697
0.009599999525	0.012399201281
0.011199999601	0.012436033227
0.012799999677	0.011794961058
0.014399999753	0.012164897285
0.015999998897	0.009937488474
0.017599999905	0.013380113058
0.019199999049	0.013032320887
0.020800000057	0.010936385021
0.022399999201	0.011414368637
0.024000000209	0.012305025011
0.025599999353	0.012298609130
0.027199998498	0.011566304602
0.028799999505	0.011512593366
0.030399998650	0.010588144884
0.031999997795	0.011328225024
0.033599998802	0.010450849310
0.035199999809	0.011018864810
0.036800000817	0.012808833271
0.038399998099	0.010348160751
0.039999999106	0.010267185047
0.041600000113	0.012011361308
0.043199997395	0.009624833241
0.044799998403	0.010175009258
0.046399999410	0.008999857120
0.048000000417	0.011638896540
0.049599997699	0.009199984372
0.051199998707	0.009458720684
0.052799999714	0.009336352348
0.054399996996	0.008144784719
0.055999998003	0.008284464478
0.057599999011	0.010822128505
0.059200000018	0.009164448828
0.060799997300	0.011131232604
0.062399998307	0.009902320802
0.063999995589	0.009864800610
0.065600000322	0.008651232347
0.067199997604	0.011347345077
0.068799994886	0.008065712638
0.070399999619	0.006489344407
0.071999996901	0.009764049202
0.073600001633	0.009415889159
0.075199998915	0.010200017132
0.076799996197	0.009658000432
0.078400000930	0.009802800603
0.079999998212	0.007698336616
0.081599995494	0.008807728998
0.083200000226	0.008265312761
0.084799997509	0.007301584817
0.086399994791	0.008622864261
0.087999999523	0.007322320715
0.089599996805	0.008303424343
0.091199994087	0.009436081164
0.092799998820	0.008715808392
0.094399996102	0.006929184776
0.096000000834	0.009166944772
0.097599998116	0.009978881106
0.099199995399	0.008110640571
0.100800000131	0.006708880421
0.102399997413	0.008149760775
0.103999994695	0.008249104954
0.105599999428	0.009925808758
0.107199996710	0.008379104547
0.108799993992	0.007232624572
0.110399998724	0.009308032691
0.111999996006	0.009002592415
0.113600000739	0.008726145141
0.115199998021	0.007214752492
0.116799995303	0.008681104518
0.118400000036	0.008102032356
0.119999997318	0.006610576529
0.121599994600	0.007607104722
0.123199999332	0.006528048776
0.124799996614	0.007921121083
0.126399993896	0.008579936810
0.127999991179	0.008756768890
0.129600003362	0.007761472836
0.131200000644	0.007333072368
0.132799997926	0.007620320655
0.134399995208	0.007336448412
0.135999992490	0.007645904552
0.137599989772	0.005604672246
0.139200001955	0.006244976539
0.140799999237	0.007917440496
0.142399996519	0.005839296617
0.143999993801	0.007888528518
0.145599991083	0.007078336552
0.147200003266	0.007958992384
0.148800000548	0.008022320457
0.150399997830	0.007975728251
0.151999995112	0.008511008695
0.153599992394	0.006199344527
0.155199989676	0.007069920655
0.156800001860	0.006060480606
0.158399999142	0.006490128580
0.159999996424	0.006151104346
0.161599993706	0.006482336670
0.163199990988	0.005436816253
0.164800003171	0.006711776368
0.166400000453	0.006544320378
0.167999997735	0.006248720456
0.169599995017	0.006245536730
0.171199992299	0.006800512318
0.172799989581	0.004531232174
0.174400001764	0.007197536528
0.175999999046	0.007448784541
0.177599996328	0.006707376335
0.179199993610	0.007082496770
0.180799990892	0.005267504603
0.182399988174	0.005164336413
0.184000000358	0.006432720460
0.185599997640	0.007968880236
0.187199994922	0.004859664477
0.188799992204	0.004913216457
0.190399989486	0.008241168223
0.192000001669	0.007733248640
0.193599998951	0.007059552707
0.195199996233	0.005194944330
0.196799993515	0.006103680469
0.198399990797	0.006065584254
0.199999988079	0.006710640620
0.201600000262	0.005061520264
0.203199997544	0.005080400500
0.204799994826	0.007746208459
0.206399992108	0.005069456529
0.207999989390	0.006506656762
0.209600001574	0.006126496475
0.211199998856	0.005846032407
0.212799996138	0.006261296570
0.214399993420	0.005255440250
0.215999990702	0.005425216630
0.217599987984	0.006196800619
0.219200000167	0.005523296539
0.220799997449	0.005858976394
0.222399994731	0.005926896352
0.223999992013	0.004263264127
0.225599989295	0.009014240466
0.227200001478	0.006727472413
0.228799998760	0.005990256555
0.230399996042	0.004383824300
0.231999993324	0.005152272526
0.233599990606	0.006938992534
0.235199987888	0.003235360375
0.236800000072	0.006175312679
0.238399997354	0.005938464310
0.239999994636	0.004657280166
0.241599991918	0.004797840491
0.243199989200	0.006477024406
0.244799986482	0.006193920504
0.246399998665	0.005152560305
0.247999995947	0.005456272513
0.249599993229	0.006480576470
0.251199990511	0.005601872690
0.252799987793	0.005517952610
0.254399985075	0.006001424510
0.255999982357	0.006902976427
0.257599979639	0.006525072269
0.259200006723	0.004737408366
0.260800004005	0.004973728210
0.262400001287	0.006081312429
0.263999998569	0.004815200344
0.265599995852	0.005515184253
0.267199993134	0.006091376301
0.268799990416	0.006379264407
0.270399987698	0.007851136848
0.271999984980	0.005782288499
0.273599982262	0.003514480311
0.275199979544	0.005274016410
0.276800006628	0.005114240572
0.278400003910	0.007258752827
0.280000001192	0.005917120259
0.281599998474	0.005771616474
0.283199995756	0.004142192192
0.284799993038	0.002879008185
0.286399990320	0.002652992262
0.287999987602	0.005515664350
0.289599984884	0.005367728416
0.291199982166	0.003859104356
0.292799979448	0.004997904412
0.294400006533	0.005506256595
0.296000003815	0.006607024465
0.297600001097	0.006232048385
0.299199998379	0.003969216254
0.300799995661	0.005092032254
0.302399992943	0.005548080429
0.303999990225	0.005724048708
0.305599987507	0.005473040510
0.307199984789	0.004403008148
0.308799982071	0.005412352271
0.310399979353	0.006680256687
0.312000006437	0.007176144514
0.313600003719	0.005185136572
0.315200001001	0.003692800412
0.316799998283	0.004245664459
0.318399995565	0.004056096543
0.319999992847	0.005224336404
0.321599990129	0.004698176403
0.323199987411	0.004999136552
0.324799984694	0.003140048357
0.326399981976	0.005714464467
0.327999979258	0.002918288345
0.329600006342	0.003952320199
0.331200003624	0.004305152223
0.332800000906	0.005913200323
0.334399998188	0.005432400387
0.335999995470	0.004333744291
0.337599992752	0.005119552370
0.339199990034	0.004900384229
0.340799987316	0.004350688308
0.342399984598	0.003687920282
0.343999981880	0.004834256601
0.345599979162	0.006726848427
0.347199976444	0.006988368463
0.348800003529	0.004553200211
0.350400000811	0.005199008621
0.351999998093	0.005390304606
0.353599995375	0.005045280326
0.355199992657	0.005500656553
0.356799989939	0.003356064204
0.358399987221	0.004815648310
0.359999984503	0.005165200215
0.361599981785	0.004953968339
0.363199979067	0.004315472208
0.364799976349	0.005149584264
0.366400003433	0.003777440172
0.368000000715	0.004590192344
0.369599997997	0.005826880690
0.371199995279	0.004647248425
0.372799992561	0.003992944490
0.374399989843	0.004755808506
0.375999987125	0.004746064544
0.377599984407	0.002330000279
0.379199981689	0.003810624359
0.380799978971	0.005814432632
0.382399976254	0.004708752502
0.384000003338	0.004342864268
0.385600000620	0.005491152406
0.387199997902	0.005368128419
0.388799995184	0.006761232391
0.390399992466	0.006107280497
0.391999989748	0.005648464430
0.393599987030	0.004317776300
0.395199984312	0.003054336179
0.396799981594	0.004532592371
0.398399978876	0.004583168309
0.399999976158	0.005411360413
0.401600003242	0.003653216176
0.403200000525	0.003033184214
0.404799997807	0.003492512275
0.406399995089	0.003899200354
0.407999992371	0.004852304235
0.409599989653	0.002793440130
0.411199986935	0.003781968262
0.412799984217	0.002811648184
0.414399981499	0.003538288409
0.415999978781	0.006028016564
0.417599976063	0.003153696191
0.419200003147	0.005086096469
0.420800000429	0.002030432224
0.422399997711	0.006386368535
0.423999994993	0.005325840320
0.425599992275	0.004170032218
0.427199989557	0.005116912536
0.428799986839	0.003952272236
0.430399984121	0.005051648244
0.431999981403	0.005955248605
0.433599978685	0.005760464352
0.435199975967	0.001552272122
0.436800003052	0.003943488467
0.438400000334	0.005380256567
0.439999997616	0.005218496546
0.441599994898	0.003206192283
0.443199992180	0.003605648177
0.444799989462	0.004336720333
0.446399986744	0.003418560140
0.447999984026	0.002355312230
0.449599981308	0.002477312228
0.451199978590	0.003273680340
0.452799975872	0.005025824532
0.454400002956	0.002692176262
0.456000000238	0.001413488062
0.457599997520	0.004564336501
0.459199994802	0.004405008163
0.460799992085	0.005469408352
0.462399989367	0.004110256210
0.463999986649	0.002795264358
0.465599983931	0.004446496256
0.467199981213	0.004913824610
0.468799978495	0.004612864461
0.470399975777	0.002281296067
0.472000002861	0.005485024303
0.473600000143	0.003779008286
0.475199997425	0.005056976341
0.476799994707	0.003705520416
0.478399991989	0.003247248242
0.479999989271	0.002915184246
0.481599986553	0.002809680300
0.483199983835	0.005308128428
0.484799981117	0.002173312241
0.486399978399	0.003188416362
0.487999975681	0.001911488129
0.489599972963	0.002862128196
0.491200000048	0.003649280407
0.492799997330	0.003379072296
0.494399994612	0.004524448421
0.495999991894	0.002846064279
0.497599989176	0.003928960301
0.499199986458	0.004427776206
0.500800013542	0.003322368255
0.502399981022	0.003703936236
0.504000008106	0.002718352247
0.505599975586	0.003035504138
0.507200002670	0.004307104275
0.508799970150	0.003464384237
0.510399997234	0.002067728201
0.511999964714	0.002701104153
0.513599991798	0.003398288274
0.515199959278	0.004751472268
0.516799986362	0.003968112171
0.518400013447	0.003221648280
0.519999980927	0.003448368283
0.521600008011	0.002565504285
0.523199975491	0.002628048183
0.524800002575	0.004600496497
0.526399970055	0.001809488167
0.527999997139	0.002950016176
0.529599964619	0.003583632177
0.531199991703	0.002492976142
0.532799959183	0.003112032311
0.534399986267	0.002677120268
0.536000013351	0.004341200460
0.537599980831	0.002951136325
0.539200007915	0.001781232189
0.540799975395	0.003895984264
0.542400002480	0.005525312386
0.543999969959	0.005049392581
0.545599997044	0.003125984222
0.547199964523	0.001367296092
0.548799991608	0.002848016331
0.550399959087	0.004051696509
0.551999986172	0.003426864278
0.553600013256	0.002700992161
0.555199980736	0.002548448276
0.556800007820	0.002277520252
0.558399975300	0.003533216193
0.560000002384	0.002688384149
0.561599969864	0.001215584110
0.563199996948	0.003357968293
0.564799964428	0.003987776116
0.566399991512	0.002990016248
0.567999958992	0.000927792164
0.569599986076	0.002126800129
0.571200013161	0.002498288173
0.572799980640	0.001751648146
0.574400007725	0.001569680171
0.575999975204	0.003001200268
0.577600002289	0.002909376286
0.579199969769	0.001693248167
0.580799996853	0.002990640234
0.582399964333	0.003100272268
0.583999991417	0.002691312227
0.585599958897	0.002841504291
0.587199985981	0.002831872320
0.588800013065	0.004889216274
0.590399980545	0.002240944188
0.592000007629	0.003282672260
0.593599975109	0.004309808370
0.595200002193	0.003199888160
0.596799969673	0.002735824324
0.598399996758	0.002789120190
0.599999964237	0.001516592107
0.601599991322	0.001958944136
0.603199958801	0.002768080216
0.604799985886	0.002800672315
0.606400012970	0.004243248142
0.607999980450	0.000732416054
0.609600007534	0.001910288120
0.611199975014	0.003449920332
0.612800002098	0.002023792127
0.614399969578	0.003445728216
0.615999996662	0.001805536216
0.617599964142	0.004158064257
0.619199991226	0.001273776055
0.620799958706	0.002519136295
0.622399985790	0.005651040468
0.624000012875	0.004886816256
0.625599980354	0.002578144195
0.627200007439	0.003190960269
0.628799974918	0.002827888355
0.630400002003	0.002793104155
0.631999969482	0.003266800195
0.633599996567	0.000988800079
0.635199964046	0.003553584218
0.636799991131	0.003053456312
0.638399958611	0.003735664301
0.639999985695	0.004245824181
0.641600012779	0.000853344041
0.643199980259	0.004298416432
0.644800007343	0.001441264059
0.646399974823	0.003263072344
0.648000001907	0.001475712168
0.649599969387	-0.000657952041
0.651199996471	0.002909392118
0.652799963951	0.003279232187
0.654399991035	0.004014480393
0.655999958515	0.001461696113
0.657599985600	0.003913376480
0.659200012684	0.000037007994
0.660799980164	0.003241008148
0.662400007248	0.003942128271
0.663999974728	0.001030832063
0.665600001812	0.003549376270
0.667199969292	0.004188656341
0.668799996376	0.004407792352
0.670399963856	0.000790784077
0.671999990940	0.003767344402
0.673599958420	0.004201472271
0.675199985504	-0.000553312013
0.676800012589	0.002266192110
0.678399980068	0.003049344290
0.680000007153	0.003955856431
0.681599974632	0.001621312113
0.683200001717	0.003832768416
0.684799969196	0.001625104109
0.686399996281	0.001633776119
0.687999963760	0.001470128191
0.689599990845	0.001818992081
0.691199958324	0.003669424215
0.692799985409	0.002039072104
0.694399952888	0.002361696213
0.695999979973	0.001526400098
0.697600007057	0.004331104457
0.699199974537	0.001750192139
0.700800001621	0.001459504012
0.702399969101	0.000600336061
0.703999996185	0.002317104256
0.705599963665	0.003824672429
0.707199990749	0.001528848195
0.708799958229	0.001779008075
0.710399985313	0.003247680375
0.711999952793	0.002946416149
0.713599979877	0.002321648179
0.715200006962	0.002198000206
0.716799974442	0.000925776083
0.718400001526	0.001777376165
0.719999969006	0.002235408174
0.721599996090	0.001879568212
0.723199963570	0.002140608151
0.724799990654	0.001796000171
0.726399958134	0.003701600246
0.727999985218	0.001747008064
0.729599952698	0.001213312149
0.731199979782	0.001402544091
0.732800006866	0.003204912180
0.734399974346	0.001897792215
0.736000001431	0.001188288094
0.737599968910	0.003855184419
0.739199995995	0.001092608087
0.740799963474	0.002683120081
0.742399990559	0.003089008387
0.743999958038	0.003652800340
0.745599985123	0.000662160048
0.747199952602	-0.000568464049
0.748799979687	0.004538000561
0.750400006771	0.001929824124
0.751999974251	0.000875456084
0.753600001335	0.001325520105
0.755199968815	0.002472624183
0.756799995899	0.002143968130
0.758399963379	0.001455808058
0.759999990463	0.002333760262
0.761599957943	0.001434992068
0.763199985027	0.001797856181
0.764799952507	0.001793104107
0.766399979591	0.002897328231
0.768000006676	-0.000051104009
0.769599974155	0.001658992143
0.771200001240	0.002505312208
0.772799968719	0.002516128123
0.774399995804	0.001647360041
0.775999963284	0.001473456156
0.777599990368	0.001677584136
0.779199957848	0.004603008274
0.780799984932	0.002217936097
0.782399952412	0.002677872311
0.783999979496	0.001530384179
0.785600006580	0.002518368186
0.787199974060	0.004205200355
0.788800001144	0.003497280413
0.790399968624	0.000981312129
0.791999995708	0.001190128038
0.793599963188	0.000796880107
0.795199990273	0.002843568334
0.796799957752	0.001215360127
0.798399984837	0.001078464091
0.799999952316	0.002390224254
0.801599979401	0.003324400401
0.803200006485	0.001792240189
0.804799973965	0.001854960225
0.806400001049	-0.000752656080
0.807999968529	0.002231088234
0.809599995613	0.001084352145
0.811199963093	0.002120000077
0.812799990177	0.001729408163
0.814399957657	0.000117152049
0.815999984741	0.000815727981
0.817599952221	0.004554832354
0.819199979305	0.000316080026
0.820800006390	-0.000723040081
0.822399973869	0.003380112350
0.824000000954	0.002780896146
0.825599968433	0.003136080224
0.827199995518	0.001110192039
0.828799962997	0.002460704185
0.830399990082	0.001961456146
0.831999957561	0.002423440106
0.833599984646	0.002657200210
0.835199952126	0.000570000033
0.836799979210	0.001486832043
0.838400006294	0.002000560286
0.839999973774	0.001071888022
0.841600000858	-0.000374000054
0.843199968338	0.003927376121
0.844799995422	0.002352544107
0.846399962902	0.001433584141
0.847999989986	0.003612640314
0.849599957466	0.000076288015
0.851199984550	0.001694960170
0.852799952030	0.000988416141
0.854399979115	0.002021856140
0.856000006199	0.000795104017
0.857599973679	0.001383072115
0.859200000763	0.001855728216
0.860799968243	0.001015136135
0.862399995327	0.003133200342
0.863999962807	0.001905024168
0.865599989891	0.000802928058
0.867199957371	0.001947936020
0.868799984455	0.003657712368
0.870399951935	0.000891248113
0.871999979019	0.002540224232
0.873600006104	0.001875968184
0.875199973583	0.004525072407
0.876800000668	-0.000493936008
0.878399968147	0.001543584163
0.879999995232	0.003292080248
0.881599962711	0.000597600068
0.883199989796	0.001125584124
0.884799957275	-0.000325376051
0.886399984360	0.001405200106
0.887999951839	0.001284800121
0.889599978924	0.003374352353
0.891200006008	-0.001718992135
0.892799973488	0.000092880044
0.894400000572	0.000526927994
0.895999968052	0.002352800220
0.897599995136	0.001026736107
0.899199962616	0.000580656051
0.900799989700	0.000548559998
0.902399957180	0.002267088275
0.903999984264	0.004761584569
0.905599951744	0.000997664058
0.907199978828	0.000465776044
0.908800005913	0.002049936214
0.910399973392	0.005288784392
0.912000000477	0.001360240043
0.913599967957	0.002812784165
0.915199995041	0.002129936125
0.916799962521	0.000931664079
0.918399989605	0.003700016299
0.919999957085	0.000735200068
0.921599984169	-0.000424720056
0.923199951649	-0.001607008162
0.924799978733	0.002844592091
0.926400005817	0.001695232117
0.927999973297	0.000198720008
0.929600000381	0.001728624105
0.931199967861	0.002019952051
0.932799994946	0.001614880050
0.934399962425	0.001800736063
0.935999989510	0.001355792047
0.937599956989	-0.001471856027
0.939199984074	0.000314896024
0.940799951553	0.001407184056
0.942399978638	0.001841392135
0.944000005722	-0.000301024033
0.945599973202	0.001870304113
0.947200000286	0.000707104104
0.948799967766	0.001349472092
0.950399994850	0.002158512129
0.951999962330	0.000320063933
0.953599989414	0.000540528039
0.955199956894	0.001657744171
0.956799983978	0.001636320143
0.958399951458	0.000008719986
0.959999978542	0.003306944389
0.961599946022	-0.000491007988
0.963199973106	-0.001478960156
0.964800000191	0.001756640151
0.966399967670	0.002006128198
0.967999994755	0.000027760028
0.969599962234	0.001102464157
0.971199989319	0.001021984150
0.972799956799	0.000362784020
0.974399983883	0.001624624128
0.975999951363	0.000774416025
0.977599978447	0.002403664170
0.979199945927	0.000894768105
0.980799973011	0.001718256157
0.982400000095	0.000946176122
0.983999967575	0.001657152199
0.985599994659	0.001292240107
0.987199962139	0.001105312142
0.988799989223	0.001750560128
0.990399956703	0.003539136378
0.991999983788	0.000657456054
0.993599951267	-0.001210272079
0.995199978352	0.001256512012
0.996799945831	0.003647408215
0.998399972916	0.002035056008
1.000000000000	-0.000098016004
1.001600027084	-0.000402031990
1.003199934959	-0.000510192011
1.004799962044	0.002483280143
1.006399989128	-0.000768880069
1.008000016212	0.000096944037
1.009599924088	-0.001932976069
1.011199951172	0.002896800172
1.012799978256	0.002866368275
1.014400005341	-0.001642160118
1.016000032425	0.001219520112
1.017599940300	0.000293072051
1.019199967384	0.003144304268
1.020799994469	0.002469920088
1.022400021553	0.000616528036
1.023999929428	0.001224160078
1.025599956512	0.000434176036
1.027199983597	0.001930464176
1.028800010681	-0.000587568094
1.030399918556	0.001686528209
1.031999945641	0.002117952099
1.033599972725	0.002142016077
1.035199999809	-0.000491456012
1.036800026894	0.000892304059
1.038399934769	0.001423823996
1.039999961853	-0.000729088089
1.041599988937	0.002384224208
1.043200016022	0.000362112041
1.044799923897	0.000995104085
1.046399950981	-0.001702608075
1.047999978065	0.000050288007
1.049600005150	-0.000946160115
1.051200032234	-0.000583264045
1.052799940109	0.001563616097
1.054399967194	0.001335360110
1.055999994278	0.000157503964
1.057600021362	-0.000236320062
1.059199929237	0.000840736029
1.060799956322	0.000059504022
1.062399983406	0.002019584179
1.064000010490	0.000020591981
1.065599918365	0.000959088095
1.067199945450	0.002851440338
1.068799972534	0.001828768174
1.070399999619	0.001945056138
1.072000026703	0.000407504005
1.073599934578	0.002106560161
1.075199961662	-0.000457104034
1.076799988747	0.002568576252
1.078400015831	0.000868000090
1.079999923706	0.001093824045
1.081599950790	0.001463984139
1.083199977875	0.002264464274
1.084800004959	0.000398288015
1.086400032043	-0.001294912072
1.087999939919	0.001776480116
1.089599967003	-0.000981056131
1.091199994087	-0.000327328016
1.092800021172	-0.003962048329
1.094399929047	-0.000286959985
1.095999956131	-0.000474752102
1.097599983215	0.001716576051
1.099200010300	0.000608448056
1.100799918175	-0.001445504138
1.102399945259	0.001222480088
1.103999972343	-0.000171136038
1.105599999428	0.001029312029
1.107200026512	0.000914159988
1.108799934387	0.000012928013
1.110399961472	0.000719456119
1.111999988556	0.002200016286
1.113600015640	0.001006720122
1.115199923515	0.001275392133
1.116799950600	-0.000260368077
1.118399977684	0.000117663978
1.120000004768	0.000427280029
1.121599912643	0.000051312043
1.123199939728	0.000411871995
1.124799966812	-0.000379856006
1.126399993896	0.000551248027
1.128000020981	-0.000473904074
1.129599928856	0.000034080032
1.131199955940	-0.002362608211
1.132799983025	0.001072000130
1.134400010109	0.000718960073
1.135999917984	-0.001866800128
1.137599945068	0.001319808071
1.139199972153	0.000491456012
1.140799999237	0.001641488168
1.142400026321	-0.000626976078
1.143999934196	0.000373328046
1.145599961281	0.000111183981
1.147199988365	0.000422432058
1.148800015450	0.000041072009
1.150399923325	-0.000315136014
1.151999950409	0.002297632163
1.153599977493	0.000363248051
1.155200004578	0.002581056207
1.156799912453	0.001364176162
1.158399939537	0.001143024070
1.159999966621	-0.000103535975
1.161599993706	-0.000840336084
1.163200020790	0.000816208078
1.164799928665	-0.000426608021
1.166399955750	-0.001110096113
1.167999982834	0.000481488096
1.169600009918	-0.000074352014
1.171199917793	0.000202368086
1.172799944878	-0.002429040149
1.174399971962	0.000460928044
1.175999999046	-0.000662512030
1.177600026131	0.000460480078
1.179199934006	0.002147744177
1.180799961090	0.000093023977
1.182399988174	-0.000530384015
1.184000015259	0.002675040159
1.185599923134	-0.000648400106
1.187199950218	-0.001816256205
1.188799977303	0.001282992074
1.190400004387	0.001700480119
1.191999912262	0.000135728027
1.193599939346	-0.000573168043
1.195199966431	0.000518912042
1.196799993515	0.000468000013
1.198400020599	0.002548544202
1.199999928474	-0.001321024145
1.201599955559	-0.003124560229
1.203199982643	0.001103360089
1.204800009727	0.001741360291
1.206399917603	0.000724336132
1.207999944687	-0.003547376255
1.209599971771	0.000763408083
1.211199998856	0.002465936122
1.212800025940	-0.000335840043
1.214399933815	-0.001091632061
1.215999960899	-0.001748336130
1.217599987984	0.000359711994
1.219200015068	0.002727216110
1.220799922943	0.001036592061
1.222399950027	-0.001168736140
1.223999977112	0.000267919997
1.225600004196	0.001853472204
1.227199912071	0.002473152243
1.228799939156	-0.000266112009
1.230399966240	-0.001307312050
1.231999993324	0.001462560147
1.233600020409	0.002540912246
1.235199928284	0.000100624049
1.236799955368	-0.002112448215
1.238399982452	-0.002490352141
1.240000009537	0.001364128082
1.241599917412	0.001403168077
1.243199944496	-0.001736512175
1.244799971581	-0.000668896071
1.246399998665	-0.002430128166
1.248000025749	0.001479040133
1.249599933624	0.001096032094
1.251199960709	-0.002903120359
1.252799987793	-0.002186768223
1.254400014877	0.000436592061
1.255999922752	0.000443456054
1.257599949837	-0.000777776062
1.259199976921	-0.001702288049
1.260800004005	-0.001506752102
1.262399911880	0.003323104233
1.263999938965	-0.000844592112
1.265599966049	0.000810176018
1.267199993134	-0.000621152110
1.268800020218	0.001946016215
1.270399928093	0.002647056244
1.271999955177	-0.001786784153
1.273599982262	-0.000445359998
1.275200009346	0.000828640070
1.276799917221	0.001138224034
1.278399944305	-0.001163888141
1.279999971390	0.002218352165
1.281599998474	-0.001740640146
1.283200025558	0.001143488102
1.284799933434	-0.000050559989
1.286399960518	-0.001859520213
1.287999987602	-0.003831136273
1.289600014687	-0.000670224079
1.291199922562	-0.000066623987
1.292799949646	-0.002446592087
1.294399976730	0.001826384221
1.296000003815	-0.000839120010
1.297599911690	-0.000176751972
1.299199938774	-0.000723776058
1.300799965858	0.000844496069
1.302399992943	-0.001823728206
1.304000020027	0.000277952029
1.305599927902	0.001768960152
1.307199954987	-0.001582240220
1.308799982071	-0.001089903992
1.310400009155	0.001367632183
1.311999917030	-0.001252928167
1.313599944115	0.000516368018
1.315199971199	-0.001836320153
1.316799998283	-0.001353568048
1.318400025368	-0.000167951992
1.319999933243	0.002287568292
1.321599960327	-0.001656720066
1.323199987411	-0.001217424055
1.324800014496	-0.000878224091
1.326399922371	0.000214784057
1.327999949455	-0.001616304158
1.329599976540	-0.001137936139
1.331200003624	-0.001269952161
1.332799911499	-0.002986656269
1.334399938583	-0.001471008174
1.335999965668	0.000732352026
1.337599992752	-0.000978096155
1.339200019836	0.001588720130
1.340799927711	0.000584096066
1.342399954796	-0.000983696082
1.343999981880	-0.000770656043
1.345600008965	-0.000156527982
1.347199916840	0.000365648011
1.348799943924	0.000964704086
1.350399971008	0.000132287983
1.351999998093	-0.002327120164
1.353600025177	0.001158880070
1.355199933052	0.001825152081
1.356799960136	0.000693631999
1.358399987221	-0.001466672169
1.360000014305	-0.000015007947
1.361599922180	-0.002718256321
1.363199949265	0.000343264051
1.364799976349	0.000000944026
1.366400003433	-0.001019072137
1.367999911308	-0.002712432295
1.369599938393	-0.001389360055
1.371199965477	-0.000208143916
1.372799992561	-0.002346672118
1.374400019646	0.001053120126
1.375999927521	-0.003094128333
1.377599954605	-0.001679376117
1.379199981689	-0.000818752102
1.380800008774	-0.000695088005
1.382399916649	-0.002921968233
1.383999943733	0.000835200015
1.385599970818	-0.000956704083
1.387199997902	-0.001614080160
1.388799905777	0.002165072132
1.390399932861	0.000262303976
1.391999959946	-0.001276560128
1.393599987030	-0.000732752087
1.395200014114	0.001332944026
1.396799921989	-0.001167280017
1.398399949074	-0.001115376130
1.399999976158	-0.000132816014
1.401600003242	-0.002020400250
1.403199911118	-0.002688640263
1.404799938202	-0.001134079997
1.406399965286	-0.002666944172
1.407999992371	-0.003653552383
1.409600019455	-0.000079728015
1.411199927330	-0.001436496153
1.412799954414	-0.001807760098
1.414399981499	-0.000121359968
1.416000008583	-0.002664320171
1.417599916458	0.000202159965
1.419199943542	-0.000694880087
1.420799970627	0.001131648081
1.422399997711	-0.003245520173
1.423999905586	0.001894432120
1.425599932671	-0.001050896128
1.427199959755	0.000360944017
1.428799986839	-0.000447952014
1.430400013924	0.000051136045
1.431999921799	-0.001382608083
1.433599948883	0.001467872178
1.435199975967	0.003890640335
1.436800003052	-0.003936688416
1.438399910927	-0.000625296088
1.439999938011	-0.000365360000
1.441599965096	-0.000548527983
1.443199992180	-0.000137679977
1.444800019264	-0.001131808152
1.446399927139	-0.004612304270
1.447999954224	-0.000855840102
1.449599981308	0.000633568037
1.451200008392	-0.002961952239
1.452799916267	-0.003140432294
1.454399943352	0.000268047996
1.455999970436	0.000032495998
1.457599997520	0.000030831950
1.459199905396	-0.000300000072
1.460799932480	-0.002790592145
1.462399959564	-0.003065152327
1.463999986649	0.001507648150
1.465600013733	-0.000143232028
1.467199921608	-0.002534016268
1.468799948692	0.000203472038
1.470399975777	0.001063216012
1.472000002861	0.000121104014
1.473599910736	0.000136928022
1.475199937820	0.000386784028
1.476799964905	-0.003586848266
1.478399991989	0.000078144032
1.480000019073	0.002452464076
1.481599926949	-0.001674800180
1.483199954033	-0.001568144071
1.484799981117	-0.002179728122
1.486400008202	-0.000011039956
1.487999916077	-0.001365872100
1.489599943161	-0.001186224166
1.491199970245	-0.002256464213
1.492799997330	-0.002775744069
1.494399905205	0.001090128091
1.495999932289	0.001375936088
1.497599959373	-0.002751472173
1.499199986458	-0.001445168164
1.500800013542	-0.000965440064
1.502399921417	-0.001789200120
1.503999948502	0.002023024252
1.505599975586	-0.004320352338
1.507200002670	-0.000608736009
1.508799910545	-0.000478944101
1.510399937630	0.002836000174
1.511999964714	-0.002943232190
1.513599991798	-0.001332720160
1.515200018883	-0.000606416084
1.516799926758	-0.002715184353
1.518399953842	0.002517344197
1.519999980927	-0.001549984096
1.521600008011	0.000343888038
1.523199915886	-0.003536848351
1.524799942970	0.001980240224
1.526399970055	-0.000676016032
1.527999997139	-0.002901904285
1.529599905014	-0.001825120067
1.531199932098	-0.002191248117
1.532799959183	-0.001841456164
1.534399986267	-0.000516208005
1.536000013351	-0.002116704127
1.537599921227	-0.002290240256
1.539199948311	-0.000174223955
1.540799975395	-0.001693824073
1.542400002480	-0.001468224102
1.543999910355	-0.000116384013
1.545599937439	-0.001086736098
1.547199964523	-0.003502384294
1.548799991608	-0.000445744023
1.550400018692	0.000891072035
1.551999926567	-0.003717136336
1.553599953651	0.000154480018
1.555199980736	0.000318976032
1.556800007820	0.000471504056
1.558399915695	-0.001469984069
1.559999942780	-0.003286592197
1.561599969864	-0.000229631987
1.563199996948	-0.001616688096
1.564799904823	-0.002091600094
1.566399931908	-0.002531840233
1.567999958992	-0.003354032291
1.569599986076	-0.000212415980
1.571200013161	0.000706336054
1.572799921036	-0.002376688179
1.574399948120	-0.001453440054
1.575999975204	-0.002838144312
1.577600002289	0.000079232035
1.579199910164	0.000121920020
1.580799937248	-0.003139552195
1.582399964333	-0.002194576198
1.583999991417	0.001896944130
1.585600018501	-0.000639760052
1.587199926376	-0.001596128219
1.588799953461	-0.001386576099
1.590399980545	-0.000138303993
1.592000007629	0.001986688236
1.593599915504	0.000470224069
1.595199942589	-0.001299968106
1.596799969673	-0.005302272271
1.598399996758	0.000691472029
1.599999904633	-0.002203248208
1.601599931717	-0.001558592077
1.603199958801	-0.001823840197
1.604799985886	-0.001571280183
1.606400012970	-0.001933056163
1.607999920845	-0.002698608208
1.609599947929	-0.001877392177
1.611199975014	-0.003827888286
1.612800002098	-0.000635984063
1.614399909973	-0.000417232077
1.615999937057	0.000256640051
1.617599964142	-0.002370016184
1.619199991226	-0.001248736051
1.620800018311	-0.000274655933
1.622399926186	-0.000017392002
1.623999953270	-0.001235664124
1.625599980354	-0.002413840266
1.627200007439	0.000661360042
1.628799915314	0.000083600040
1.630399942398	0.001184672117
1.631999969482	-0.001838912140
1.633599996567	-0.001010144129
1.635199904442	0.000640608079
1.636799931526	-0.002935744356
1.638399958611	-0.000401184021
1.639999985695	-0.003386000404
1.641600012779	-0.000243264018
1.643199920654	-0.001102000126
1.644799947739	0.000065487977
1.646399974823	-0.003694960382
1.648000001907	-0.003676528344
1.649599909782	-0.000461056043
1.651199936867	-0.000510256039
1.652799963951	-0.001822624239
1.654399991035	-0.003373600310
1.655999898911	-0.001464528032
1.657599925995	-0.000008032031
1.659199953079	-0.001430736156
1.660799980164	-0.003077712376
1.662400007248	-0.002345712157
1.663999915123	-0.000411392044
1.665599942207	0.002234000014
1.667199969292	-0.001641296083
1.668799996376	-0.002283600159
1.670399904251	-0.001270784065
1.671999931335	0.001956944121
1.673599958420	-0.001332544140
1.675199985504	-0.001650656108
1.676800012589	-0.002200080315
1.678399920464	-0.000680816069
1.679999947548	0.000532880018
1.681599974632	-0.001021872158
1.683200001717	-0.003729536198
1.684799909592	-0.002565312199
1.686399936676	-0.000909504073
1.687999963760	-0.000234080013
1.689599990845	-0.003305168357
1.691199898720	-0.005398336332
1.692799925804	-0.003182816319
1.694399952888	-0.001103952061
1.695999979973	-0.001522608101
1.697600007057	-0.002917408245
1.699199914932	-0.004398128483
1.700799942017	-0.000737920054
1.702399969101	-0.000408208085
1.703999996185	0.001205504057
1.705599904060	-0.003683088347
1.707199931145	-0.002337632235
1.708799958229	-0.000374431984
1.710399985313	-0.001404288108
1.712000012398	-0.001328288112
1.713599920273	-0.005261872429
1.715199947357	-0.001446560142
1.716799974442	-0.001711600111
1.718400001526	0.000022144035
1.719999909401	-0.003663072363
1.721599936485	-0.003462864319
1.723199963570	-0.000396256044
1.724799990654	-0.002110848203
1.726399898529	0.000819200068
1.727999925613	-0.005979776382
1.729599952698	-0.003892400302
1.731199979782	-0.002007488161
1.732800006866	-0.000867760100
1.734399914742	-0.003869808279
1.735999941826	-0.005073376466
1.737599968910	-0.004072144162
1.739199995995	-0.001322368160
1.740799903870	-0.001230512164
1.742399930954	-0.003634784371
1.743999958038	-0.002188400133
1.745599985123	-0.001283760066
1.747200012207	-0.000010032009
1.748799920082	-0.001098208129
1.750399947166	-0.002771072090
1.751999974251	-0.002568160184
1.753600001335	-0.001888064202
1.755199909210	0.000312735996
1.756799936295	-0.001293184119
1.758399963379	-0.002006928204
1.759999990463	-0.003152960213
1.761599898338	-0.002806192264
1.763199925423	0.000418288022
1.764799952507	-0.001530848211
1.766399979591	-0.003495120211
1.768000006676	-0.003752144286
1.769599914551	-0.002078400226
1.771199941635	-0.000147568018
1.772799968719	-0.003878768301
1.774399995804	-0.002166160149
1.775999903679	-0.002891600132
1.777599930763	-0.001808336237
1.779199957848	-0.001351536019
1.780799984932	-0.000872479985
1.782400012016	-0.001029296080
1.783999919891	-0.001880432130
1.785599946976	0.001165648107
1.787199974060	-0.001168912160
1.788800001144	-0.003003968159
1.790399909019	-0.000761584030
1.791999936104	-0.000689056062
1.793599963188	-0.002168656094
1.795199990273	-0.000790384074
1.796799898148	-0.001487392117
1.798399925232	-0.002478352282
1.799999952316	-0.001579120173
1.801599979401	-0.000219327951
1.803200006485	-0.002348048147
1.804799914360	-0.002493184293
1.806399941444	-0.002976992400
1.807999968529	-0.002399264136
1.809599995613	-0.000120319972
1.811199903488	-0.002742896322
1.812799930573	-0.001828112174
1.814399957657	-0.005547408480
1.815999984741	-0.001210864168
1.817600011826	-0.003179872176
1.819199919701	-0.001484800130
1.820799946785	-0.001597056049
1.822399973869	-0.002052704105
1.824000000954	-0.000770256040
1.825599908829	0.000397760101
1.827199935913	-0.001262848149
1.828799962997	-0.003811392467
1.830399990082	-0.002032160293
1.831999897957	-0.000275247963
1.833599925041	-0.001796864206
1.835199952126	-0.000480096001
1.836799979210	-0.003560928395
1.838400006294	-0.002020112239
1.839999914169	-0.001174784149
1.841599941254	-0.001992640086
1.843199968338	-0.005342352204
1.844799995422	-0.004419808276
1.846399903297	-0.001797952224
1.847999930382	-0.001609392115
1.849599957466	-0.001667472185
1.851199984550	-0.003712080186
1.852800011635	-0.003115280299
1.854399919510	-0.001252960181
1.855999946594	-0.001406320138
1.857599973679	-0.003243008396
1.859200000763	-0.004391888157
1.860799908638	-0.003639776260
1.862399935722	-0.000483088050
1.863999962807	-0.001665856107
1.865599989891	-0.000607104041
1.867199897766	-0.002274896251
1.868799924850	-0.003228848334
1.870399951935	-0.000834192033
1.871999979019	0.000439792086
1.873600006104	-0.002548976103
1.875199913979	-0.002756656148
1.876799941063	-0.001775712124
1.878399968147	-0.001535968157
1.879999995232	-0.001476432197
1.881599903107	-0.003663696349
1.883199930191	-0.003544448409
1.884799957275	-0.003992240410
1.886399984360	-0.002252032282
1.888000011444	-0.002051376272
1.889599919319	-0.003712128149
1.891199946404	-0.002802464180
1.892799973488	-0.003384336364
1.894400000572	-0.002029808005
1.895999908447	-0.001878096140
1.897599935532	-0.003660464427
1.899199962616	-0.002675264142
1.900799989700	-0.001749792136
1.902399897575	-0.001235216158
1.903999924660	-0.001742672175
1.905599951744	-0.000287392031
1.907199978828	-0.000297520077
1.908800005913	-0.002091600094
1.910399913788	-0.001732000150
1.911999940872	-0.002527520293
1.913599967957	-0.001844928134
1.915199995041	-0.001701456145
1.916799902916	-0.001300224103
1.918399930000	-0.002408464206
1.919999957085	-0.003005152335
1.921599984169	-0.000760800089
1.923199892044	-0.001441952190
1.924799919128	-0.001414464088
1.926399946213	-0.005060768221
1.927999973297	-0.003815520322
1.929600000381	-0.001535424148
1.931199908257	-0.002967520151
1.932799935341	-0.002812976250
1.934399962425	-0.003900832264
1.935999989510	-0.003642256372
1.937599897385	-0.002128816210
1.939199924469	-0.001092992141
1.940799951553	-0.001149840187
1.942399978638	-0.004819568247
1.944000005722	-0.003519760212
1.945599913597	-0.003067344194
1.947199940681	-0.002563920338
1.948799967766	-0.001964128111
1.950399994850	-0.003448752221
1.951999902725	-0.003473616205
1.953599929810	-0.002680112142
1.955199956894	0.000431888038
1.956799983978	-0.003842672333
1.958399891853	-0.002073408104
1.959999918938	-0.003713536309
1.961599946022	-0.001042896067
1.963199973106	-0.002480752300
1.964800000191	-0.004158288240
1.966399908066	-0.004664240405
1.967999935150	-0.005254384596
1.969599962234	-0.004094000440
1.971199989319	-0.002357424237
1.972799897194	-0.003333200235
1.974399924278	-0.003249120433
1.975999951363	-0.002336496254
1.977599978447	-0.002125520259
1.979200005531	-0.001640272094
1.980799913406	-0.003736848244
1.982399940491	-0.004795680288
1.983999967575	-0.002858736319
1.985599994659	-0.002821104368
1.987199902534	-0.002534560161
1.988799929619	-0.002647072310
1.990399956703	-0.001840304234
1.991999983788	-0.003109104233
1.993599891663	-0.001840480138
1.995199918747	-0.003080992261
1.996799945831	-0.003990160301
1.998399972916	-0.003836960299
2.000000000000	-0.004357904196
2.001600027084	-0.002020960208
2.003200054169	-0.004288688302
2.004799842834	-0.005398144480
2.006399869919	-0.003598240437
2.007999897003	-0.002295472194
2.009599924088	-0.002176384209
2.011199951172	-0.004708576482
2.012799978256	-0.003816496348
2.014400005341	-0.003737488296
2.016000032425	-0.002495088149
2.017600059509	-0.002800768241
2.019199848175	-0.003546288237
2.020799875259	-0.003553904360
2.022399902344	-0.002732624300
2.023999929428	-0.001667856122
2.025599956512	-0.003358928254
2.027199983597	-0.002539056120
2.028800010681	-0.001079632086
2.030400037766	-0.001220256090
2.032000064850	-0.001475136145
2.033599853516	-0.002000832232
2.035199880600	-0.002041744301
2.036799907684	-0.003590688342
2.038399934769	-0.003114352236
2.039999961853	-0.003805744462
2.041599988937	-0.003833552357
2.043200016022	-0.003633248387
2.044800043106	-0.002293216297
2.046399831772	-0.001914976048
2.047999858856	-0.003306368366
2.049599885941	-0.003298560157
2.051199913025	-0.004159472417
2.052799940109	-0.001218064106
2.054399967194	-0.002148208208
2.055999994278	-0.003922624514
2.057600021362	-0.002969184192
2.059200048447	-0.004099520389
2.060799837112	-0.000444208010
2.062399864197	-0.002409904264
2.063999891281	-0.004232976120
2.065599918365	-0.004997424316
2.067199945450	-0.002946064109
2.068799972534	-0.000598704035
2.070399999619	-0.003930144478
2.072000026703	-0.003107392229
2.073600053787	-0.003511504270
2.075199842453	-0.000925504079
2.076799869537	-0.000313327939
2.078399896622	-0.003937568050
2.079999923706	-0.003622944234
2.081599950790	-0.004560800269
2.083199977875	-0.000059280046
2.084800004959	-0.002547408221
2.086400032043	-0.002457856201
2.088000059128	-0.004199792165
2.089599847794	-0.005820304621
2.091199874878	-0.002741424134
2.092799901962	-0.004172720481
2.094399929047	-0.001336720074
2.095999956131	-0.004229984246
2.097599983215	-0.003911424428
2.099200010300	-0.001291856170
2.100800037384	-0.000173440058
2.102400064468	-0.000858048035
2.103999853134	-0.004093136173
2.105599880219	-0.002843904309
2.107199907303	-0.001598816132
2.108799934387	-0.000499600079
2.110399961472	-0.001585920108
2.111999988556	-0.003373248270
2.113600015640	-0.003035424277
2.115200042725	-0.001730112126
2.116799831390	-0.001381088165
2.118399858475	-0.003172864206
2.119999885559	-0.004764144309
2.121599912643	-0.003665168304
2.123199939728	-0.002403088147
2.124799966812	-0.002441696357
2.126399993896	-0.004580448382
2.128000020981	-0.003521584440
2.129600048065	-0.003925200086
2.131199836731	-0.003937024157
2.132799863815	-0.003867296269
2.134399890900	-0.003028480336
2.135999917984	-0.002781168325
2.137599945068	-0.002986624138
2.139199972153	-0.001839584089
2.140799999237	-0.003495552344
2.142400026321	-0.003597232280
2.144000053406	-0.004198976327
2.145599842072	-0.001448288094
2.147199869156	-0.000222512070
2.148799896240	-0.002597552259
2.150399923325	-0.004329056479
2.151999950409	-0.004268624354
2.153599977493	0.000288976007
2.155200004578	-0.002289520111
2.156800031662	-0.000618592137
2.158400058746	-0.003931648098
2.159999847412	-0.005252624396
2.161599874496	-0.001319808187
2.163199901581	-0.000011712063
2.164799928665	-0.002757296199
2.166399955750	-0.005224976223
2.167999982834	-0.004375984427
2.169600009918	-0.003685648320
2.171200037003	-0.003474880243
2.172800064087	-0.003359584371
2.174399852753	-0.004623008426
2.175999879837	-0.005524544511
2.177599906921	-0.001682000235
2.179199934006	-0.000246240030
2.180799961090	-0.001927952166
2.182399988174	-0.003341936274
2.184000015259	-0.003688208293
2.185600042343	-0.003757568309
2.187199831009	-0.002583600115
2.188799858093	-0.001119376160
2.190399885178	-0.003982032184
2.191999912262	-0.004023408517
2.193599939346	-0.003052928252
2.195199966431	-0.003116000211
2.196799993515	-0.000936320110
2.198400020599	-0.004080080427
2.200000047684	-0.004609616473
2.201599836349	-0.004576224368
2.203199863434	-0.003473280231
2.204799890518	-0.002320512198
2.206399917603	-0.005346448626
2.207999944687	-0.005024224520
2.209599971771	-0.003768320195
2.211199998856	-0.002323872177
2.212800025940	-0.004228624515
2.214400053024	-0.006032400299
2.215999841690	-0.004849376623
2.217599868774	-0.002774000168
2.219199895859	-0.001294720103
2.220799922943	-0.004736304283
2.222399950027	-0.003654544242
2.223999977112	-0.003096000291
2.225600004196	-0.002851680154
2.227200031281	-0.001804048195
2.228800058365	-0.003108048113
2.230399847031	-0.003740768181
2.231999874115	-0.003996464424
2.233599901199	-0.002121584257
2.235199928284	-0.001209056121
2.236799955368	-0.004765504505
2.238399982452	-0.003318896284
2.240000009537	-0.003935744520
2.241600036621	-0.006010976620
2.243199825287	-0.002259632107
2.244799852371	-0.002959408099
2.246399879456	-0.003374256194
2.247999906540	-0.004101664294
2.249599933624	-0.002175008180
2.251199960709	-0.004564688541
2.252799987793	-0.003384576412
2.254400014877	-0.003106736112
2.256000041962	-0.004334144294
2.257599830627	-0.004802496172
2.259199857712	-0.004094784614
2.260799884796	-0.003702736227
2.262399911880	-0.002450032160
2.263999938965	-0.001013856032
2.265599966049	-0.002279504202
2.267199993134	-0.003584320191
2.268800020218	-0.002695088275
2.270400047302	-0.002446672181
2.271999835968	-0.002709664172
2.273599863052	-0.003248048248
2.275199890137	-0.004174512345
2.276799917221	-0.004231536295
2.278399944305	-0.002857472282
2.279999971390	-0.002216896275
2.281599998474	-0.003626432270
2.283200025558	-0.004627856426
2.284800052643	-0.005000832491
2.286399841309	-0.002995744348
2.287999868393	-0.004040112253
2.289599895477	-0.004676240496
2.291199922562	-0.005874944385
2.292799949646	-0.003746592440
2.294399976730	-0.001658592140
2.296000003815	-0.004383488558
2.297600030899	-0.005265856627
2.299200057983	-0.005287600216
2.300799846649	-0.002863568254
2.302399873734	-0.002801008290
2.303999900818	-0.002255968284
2.305599927902	-0.002025536261
2.307199954987	-0.003007904161
2.308799982071	-0.002147056162
2.310400009155	-0.002208320191
2.312000036240	-0.002490640152
2.313599824905	-0.004346896429
2.315199851990	-0.001921520219
2.316799879074	-0.003863904392
2.318399906158	-0.004710192326
2.319999933243	-0.003031248227
2.321599960327	-0.002188656246
2.323199987411	-0.005311408546
2.324800014496	-0.007490048651
2.326400041580	-0.005084384233
2.327999830246	-0.003328352235
2.329599857330	-0.003365008160
2.331199884415	-0.004398016259
2.332799911499	-0.004732384346
2.334399938583	-0.006713792682
2.335999965668	-0.003434672253
2.337599992752	-0.002028992167
2.339200019836	-0.003566720290
2.340800046921	-0.004326992203
2.342399835587	-0.005629728548
2.343999862671	-0.002535120118
2.345599889755	-0.000386176020
2.347199916840	-0.003002512269
2.348799943924	-0.002980160294
2.350399971008	-0.003676112276
2.351999998093	-0.003712032223
2.353600025177	-0.003119632136
2.355200052261	-0.001489664195
2.356799840927	-0.004656656180
2.358399868011	-0.005373424385
2.359999895096	-0.004643984605
2.361599922180	-0.002345488174
2.363199949265	-0.004011632409
2.364799976349	-0.005246032495
2.366400003433	-0.004541392438
2.368000030518	-0.005853472743
2.369600057602	-0.004207024351
2.371199846268	-0.002495168243
2.372799873352	-0.003961312585
2.374399900436	-0.005033632275
2.375999927521	-0.003758672392
2.377599954605	-0.004300976638
2.379199981689	-0.001159920124
2.380800008774	-0.004227984231
2.382400035858	-0.003266896354
2.383999824524	-0.003694304265
2.385599851608	-0.002782736206
2.387199878693	-0.002625312191
2.388799905777	-0.004579488188
2.390399932861	-0.003482752247
2.391999959946	-0.002123600105
2.393599987030	-0.002433472080
2.395200014114	-0.002466112142
2.396800041199	-0.002875744365
2.398399829865	-0.004039008170
2.399999856949	-0.004556432366
2.401599884033	-0.003687968245
2.403199911118	-0.005886352621
2.404799938202	-0.003369200276
2.406399965286	-0.005603136495
2.407999992371	-0.005247344263
2.409600019455	-0.003319552401
2.411200046539	-0.003194368212
2.412799835205	-0.002681856276
2.414399862289	-0.002802896081
2.415999889374	-0.003841184312
2.417599916458	-0.003241680330
2.419199943542	-0.002116288291
2.420799970627	-0.001796704135
2.422399997711	-0.005065584555
2.424000024796	-0.001541792182
2.425600051880	-0.003128368175
2.427199840546	-0.003096544184
2.428799867630	-0.001494112192
2.430399894714	-0.003450384364
2.431999921799	-0.003108064178
2.433599948883	-0.004318320192
2.435199975967	-0.004131344147
2.436800003052	-0.004717264324
2.438400030136	-0.004744096659
2.440000057220	-0.002492480213
2.441599845886	-0.003333808389
2.443199872971	-0.003716032254
2.444799900055	-0.003549616318
2.446399927139	-0.003341728356
2.447999954224	-0.003681760281
2.449599981308	-0.003832304385
2.451200008392	-0.004046592396
2.452800035477	-0.004991264548
2.454399824142	-0.003685104195
2.455999851227	-0.003094176296
2.457599878311	-0.003215888282
2.459199905396	-0.004332256503
2.460799932480	-0.004532560240
2.462399959564	-0.003120592330
2.463999986649	-0.004132752307
2.465600013733	-0.003944848198
2.467200040817	-0.002099408302
2.468799829483	-0.003818640253
2.470399856567	-0.002154592192
2.471999883652	-0.002890016185
2.473599910736	-0.004627008457
2.475199937820	-0.003499664366
2.476799964905	-0.004665248562
2.478399991989	-0.002454176079
2.480000019073	-0.004527712241
2.481600046158	-0.004301088396
2.483199834824	-0.003858064301
2.484799861908	-0.004489360377
2.486399888992	-0.002940848237
2.487999916077	-0.005036992487
2.489599943161	-0.003721152432
2.491199970245	-0.004921744578
2.492799997330	-0.004692432471
2.494400024414	-0.004439392127
2.496000051498	-0.005468544550
2.497599840164	-0.004271568265
2.499199867249	-0.005212800577
2.500799894333	-0.001926432131
2.502399921417	-0.003602224169
2.503999948502	-0.003227600129
2.505599975586	-0.003504528198
2.507200002670	-0.005147888325
2.508800029755	-0.003315760288
2.510399818420	-0.003987472504
2.511999845505	-0.002135904273
2.513599872589	-0.003614160232
2.515199899673	-0.003387744306
2.516799926758	-0.003822752275
2.518399953842	-0.002553744242
2.519999980927	-0.003226592205
2.521600008011	-0.006091440562
2.523200035095	-0.004993392620
2.524799823761	-0.004841904622
2.526399850845	-0.002661216306
2.527999877930	-0.005808240734
2.529599905014	-0.006273584440
2.531199932098	-0.002723584184
2.532799959183	-0.006031424738
2.534399986267	-0.003250000300
2.536000013351	-0.006031760480
2.537600040436	-0.005324816331
2.539199829102	-0.006115888711
2.540799856186	-0.003151984420
2.542399883270	-0.001679568202
2.543999910355	-0.004618592560
2.545599937439	-0.002657504287
2.547199964523	-0.006440864410
2.548799991608	-0.002529440215
2.550400018692	-0.005570688285
2.552000045776	-0.004367360380
2.553599834442	-0.003167712130
2.555199861526	-0.004412752576
2.556799888611	-0.003239776241
2.558399915695	-0.005967904348
2.559999942780	-0.003976720385
2.561599969864	-0.004412928596
2.563199996948	-0.004969392437
2.564800024033	-0.003035728354
2.566400051117	-0.006826896686
2.567999839783	-0.004810176324
2.569599866867	-0.004959440324
2.571199893951	-0.004535968415
2.572799921036	-0.004678768571
2.574399948120	-0.005443712231
2.575999975204	-0.004683296196
2.577600002289	-0.007216528524
2.579200029373	-0.002161936136
2.580799818039	-0.005492560565
2.582399845123	-0.002575152321
2.583999872208	-0.003537248354
2.585599899292	-0.006320112385
2.587199926376	-0.003993808292
2.588799953461	-0.004481104203
2.590399980545	-0.001686000149
2.592000007629	-0.003360080300
2.593600034714	-0.004718112294
2.595199823380	-0.006644336507
2.596799850464	-0.004328272305
2.598399877548	-0.002093792195
2.599999904633	-0.005239680409
2.601599931717	-0.003707392374
2.603199958801	-0.006094640587
2.604799985886	-0.004617760424
2.606400012970	-0.005133376457
2.608000040054	-0.004078544211
2.609599828720	-0.004309584387
2.611199855804	-0.007676208392
2.612799882889	-0.005215872545
2.614399909973	-0.004411536269
2.615999937057	-0.002945456188
2.617599964142	-0.005056864582
2.619199991226	-0.006110656541
2.620800018311	-0.004272720311
2.622400045395	-0.007508416660
2.623999834061	-0.002053984208
2.625599861145	-0.004050352145
2.627199888229	-0.002149648266
2.628799915314	-0.003830832429
2.630399942398	-0.004506272264
2.631999969482	-0.002952256240
2.633599996567	-0.004356352612
2.635200023651	-0.004216992296
2.636800050735	-0.005809280556
2.638399839401	-0.004164912272
2.639999866486	-0.003674400272
2.641599893570	-0.004513104446
2.643199920654	-0.003704816336
2.644799947739	-0.005761200562
2.646399974823	-0.003188864328
2.648000001907	-0.004484208301
2.649600028992	-0.004175616428
2.651199817657	-0.006047056522
2.652799844742	-0.005349792540
2.654399871826	-0.004357024562
2.655999898911	-0.005271984264
2.657599925995	-0.002029232215
2.659199953079	-0.005696896464
2.660799980164	-0.006872336380
2.662400007248	-0.004631936550
2.664000034332	-0.004188272171
2.665599822998	-0.001599664218
2.667199850082	-0.002902624197
2.668799877167	-0.003235504264
2.670399904251	-0.005207152572
2.671999931335	-0.002507792087
2.673599958420	-0.002856304403
2.675199985504	-0.004161456134
2.676800012589	-0.004355552141
2.678400039673	-0.005888304673
2.679999828339	-0.004914208315
2.681599855423	-0.003690528218
2.683199882507	-0.003714160295
2.684799909592	-0.004485264421
2.686399936676	-0.008032096550
2.687999963760	-0.005023520440
2.689599990845	-0.003941088449
2.691200017929	-0.004308192525
2.692800045013	-0.003655280219
2.694399833679	-0.005951184314
2.695999860764	-0.005148880649
2.697599887848	-0.005485264584
2.699199914932	-0.002521984279
2.700799942017	-0.002762752352
2.702399969101	-0.004508384503
2.703999996185	-0.005383824464
2.705600023270	-0.004989664536
2.707200050354	-0.002387392335
2.708799839020	-0.003598272335
2.710399866104	-0.004788416438
2.711999893188	-0.004837744404
2.713599920273	-0.003596976399
2.715199947357	-0.005218016449
2.716799974442	-0.004750928376
2.718400001526	-0.004162304103
2.720000028610	-0.006920976564
2.721599817276	-0.005191648379
2.723199844360	-0.003671616316
2.724799871445	-0.005876496434
2.726399898529	-0.005306624342
2.727999925613	-0.005595808383
2.729599952698	-0.005900624674
2.731199979782	-0.006563024595
2.732800006866	-0.002791216131
2.734400033951	-0.004894416314
2.735999822617	-0.005254960619
2.737599849701	-0.004602048546
2.739199876785	-0.005739360582
2.740799903870	-0.002319776220
2.742399930954	-0.002329984214
2.743999958038	-0.004081408493
2.745599985123	-0.004230768420
2.747200012207	-0.005650416482
2.748800039291	-0.003885728307
2.750399827957	-0.004823200405
2.751999855042	-0.001661536167
2.753599882126	-0.005595264491
2.755199909210	-0.004920368548
2.756799936295	-0.002948480425
2.758399963379	-0.002190400148
2.759999990463	-0.002987424377
2.761600017548	-0.005171552300
2.763200044632	-0.004712208174
2.764799833298	-0.005704736337
2.766399860382	-0.006053184625
2.767999887466	-0.002976848278
2.769599914551	-0.006094736513
2.771199941635	-0.004687472247
2.772799968719	-0.005834128708
2.774399995804	-0.007672464475
2.776000022888	-0.002555248095
2.777599811554	-0.003729392309
2.779199838638	-0.002878880128
2.780799865723	-0.007672448643
2.782399892807	-0.004614368547
2.783999919891	-0.003485344350
2.785599946976	-0.004941744264
2.787199974060	-0.002152608242
2.788800001144	-0.005304704420
2.790400028229	-0.006609776523
2.791999816895	-0.005383376498
2.793599843979	-0.003389488440
2.795199871063	-0.003427264281
2.796799898148	-0.003703056369
2.798399925232	-0.004161456134
2.799999952316	-0.005899200682
2.801599979401	-0.003553792369
2.803200006485	-0.002575264079
2.804800033569	-0.005068688653
2.806399822235	-0.006283840630
2.807999849319	-0.007259088568
2.809599876404	-0.004921936430
2.811199903488	-0.004837712273
2.812799930573	-0.003664144315
2.814399957657	-0.005154672544
2.815999984741	-0.007595696487
2.817600011826	-0.004839680158
2.819200038910	-0.003481936408
2.820799827576	-0.003606976243
2.822399854660	-0.002217904199
2.823999881744	-0.005351904314
2.825599908829	-0.004981072620
2.827199935913	-0.004642448388
2.828799962997	-0.002570976270
2.830399990082	-0.004304816481
2.832000017166	-0.005369376391
2.833600044250	-0.005622768309
2.835199832916	-0.004350864328
2.836799860001	-0.003866848303
2.838399887085	-0.003579600248
2.839999914169	-0.002163152210
2.841599941254	-0.006594848353
2.843199968338	-0.005833824631
2.844799995422	-0.005821312312
2.846400022507	-0.004019664600
2.847999811172	-0.004019136541
2.849599838257	-0.007635392714
2.851199865341	-0.007529680617
2.852799892426	-0.006164992694
2.854399919510	-0.002789968159
2.855999946594	-0.002868352225
2.857599973679	-0.005687584635
2.859200000763	-0.005440224428
2.860800027847	-0.006472112611
2.862399816513	-0.001339680050
2.863999843597	-0.002370656235
2.865599870682	-0.002648976166
2.867199897766	-0.005504656583
2.868799924850	-0.006374048535
2.870399951935	-0.004114208277
2.871999979019	-0.003408080433
2.873600006104	-0.002248464152
2.875200033188	-0.004306288436
2.876799821854	-0.006046752445
2.878399848938	-0.004906704649
2.879999876022	-0.004164704587
2.881599903107	-0.000232400052
2.883199930191	-0.004714768380
2.884799957275	-0.006431712303
2.886399984360	-0.006503888406
2.888000011444	-0.005412016530
2.889600038528	-0.003663504263
2.891199827194	-0.006442000624
2.892799854279	-0.004758960567
2.894399881363	-0.005061264616
2.895999908447	-0.006929472554
2.897599935532	-0.004344992340
2.899199962616	-0.003880752251
2.900799989700	-0.001941360184
2.902400016785	-0.005621664692
2.904000043869	-0.004981760401
2.905599832535	-0.005298576318
2.907199859619	-0.002328256145
2.908799886703	-0.000501296017
2.910399913788	-0.006604928523
2.911999940872	-0.006759104785
2.913599967957	-0.006895136554
2.915199995041	-0.003360816278
2.916800022125	-0.003125808202
2.918399810791	-0.005124416668
2.919999837875	-0.005875984672
2.921599864960	-0.005583392456
2.923199892044	-0.004272304475
2.924799919128	-0.003456560196
2.926399946213	-0.004920592532
2.927999973297	-0.005300464574
2.929600000381	-0.007637936622
2.931200027466	-0.004725056235
2.932799816132	-0.005100384355
2.934399843216	-0.003761008382
2.935999870300	-0.003890000284
2.937599897385	-0.006859296467
2.939199924469	-0.005989344325
2.940799951553	-0.004431936424
2.942399978638	-0.003843008308
2.944000005722	-0.004341776483
2.945600032806	-0.002949680202
2.947199821472	-0.005872576497
2.948799848557	-0.003832928371
2.950399875641	-0.004345392343
2.951999902725	-0.003746336326
2.953599929810	-0.001315679983
2.955199956894	-0.005979504436
2.956799983978	-0.002798256231
2.958400011063	-0.005509184208
2.960000038147	-0.005129184574
2.961599826813	-0.000798544090
2.963199853897	-0.005757824518
2.964799880981	-0.006895488594
2.966399908066	-0.004929488525
2.967999935150	-0.005305648316
2.969599962234	-0.004356256220
2.971199989319	-0.008457440883
2.972800016403	-0.006398416590
2.974400043488	-0.006785216741
2.975999832153	-0.005097808316
2.977599859238	-0.004267056473
2.979199886322	-0.003424480325
2.980799913406	-0.004713984206
2.982399940491	-0.006491520442
2.983999967575	-0.004320176318
2.985599994659	-0.006963072345
2.987200021744	-0.003435184248
2.988799810410	-0.003444880247
2.990399837494	-0.006809152663
2.991999864578	-0.002684544306
2.993599891663	-0.004693088587
2.995199918747	-0.004380032420
2.996799945831	-0.003161408240
2.998399972916	-0.004963632207
3.000000000000	-0.006373568438
3.001600027084	-0.007386576850
3.003199815750	-0.002261728048
3.004799842834	-0.005573104601
3.006399869919	-0.003224608256
3.007999897003	-0.005403760355
3.009599924088	-0.008010000922
3.011199951172	-0.003370416351
3.012799978256	-0.003539984347
3.014400005341	-0.004252896179
3.016000032425	-0.006721008569
3.017599821091	-0.004129568581
3.019199848175	-0.006508640479
3.020799875259	-0.005034592468
3.022399902344	-0.002707776148
3.023999929428	-0.005112512503
3.025599956512	-0.005866096355
3.027199983597	-0.004809408449
3.028800010681	-0.005665152334
3.030400037766	-0.004069312476
3.031999826431	-0.005048896652
3.033599853516	-0.002964112209
3.035199880600	-0.007137408480
3.036799907684	-0.006948480383
3.038399934769	-0.005795424338
3.039999961853	-0.006180080585
3.041599988937	-0.004026272334
3.043200016022	-0.005053312518
3.044799804687	-0.004765040241
3.046399831772	-0.005822240375
3.047999858856	-0.003718960332
3.049599885941	-0.005982848350
3.051199913025	-0.004023024347
3.052799940109	-0.006936256774
3.054399967194	-0.006714032497
3.055999994278	-0.004374048207
3.057600021362	-0.002853344427
3.059199810028	-0.002234112239
3.060799837112	-0.005713920575
3.062399864197	-0.003535424359
3.063999891281	-0.003996288404
3.065599918365	-0.006789328530
3.067199945450	-0.003911888227
3.068799972534	-0.005229136441
3.070399999619	-0.002268736251
3.072000026703	-0.000979568111
3.073599815369	-0.005586976651
3.075199842453	-0.004805632401
3.076799869537	-0.006136624608
3.078399896622	-0.002529648133
3.079999923706	-0.003335936228
3.081599950790	-0.004046560265
3.083199977875	-0.004398160148
3.084800004959	-0.006656736601
3.086400032043	-0.005425248295
3.087999820709	-0.004868960474
3.089599847794	-0.007399248425
3.091199874878	-0.006290608551
3.092799901962	-0.005128176417
3.094399929047	-0.003586928360
3.095999956131	-0.007424368523
3.097599983215	-0.004048736300
3.099200010300	-0.003411168233
3.100800037384	-0.004266720265
3.102399826050	-0.003963344265
3.103999853134	-0.008404849097
3.105599880219	-0.003680720227
3.107199907303	-0.006284656469
3.108799934387	-0.003170368262
3.110399961472	-0.005050000269
3.111999988556	-0.007148640696
3.113600015640	-0.003578608390
3.115199804306	-0.005231952295
3.116799831390	-0.003070864361
3.118399858475	-0.004897664301
3.119999885559	-0.006882128771
3.121599912643	-0.004257056396
3.123199939728	-0.003777472535
3.124799966812	-0.003946016077
3.126399993896	-0.005744752474
3.128000020981	-0.003559968201
3.129599809647	-0.004940720275
3.131199836731	-0.006328352727
3.132799863815	-0.006220976356
3.134399890900	-0.006743488368
3.135999917984	-0.003861744422
3.137599945068	-0.005321504548
3.139199972153	-0.003866336308
3.140799999237	-0.005049680360
3.142400026321	-0.004869664554
3.143999814987	-0.003157424508
3.145599842072	-0.006145296618
3.147199869156	-0.001358864247
3.148799896240	-0.002913328353
3.150399923325	-0.006522848736
3.151999950409	-0.004371520132
3.153599977493	-0.002292096149
3.155200004578	-0.005187040661
3.156800031662	-0.006722448394
3.158399820328	-0.003445984330
3.159999847412	-0.005788032431
3.161599874496	-0.004730848595
3.163199901581	-0.005463584326
3.164799928665	-0.008407184854
3.166399955750	-0.003873120295
3.167999982834	-0.004370224196
3.169600009918	-0.005402432289
3.171200037003	-0.006780624390
3.172799825668	-0.006798688788
3.174399852753	-0.006171632558
3.175999879837	-0.007521040738
3.177599906921	-0.001288256142
3.179199934006	-0.007043232676
3.180799961090	-0.008470480330
3.182399988174	-0.003294544294
3.184000015259	-0.005167712457
3.185599803925	-0.004256576300
3.187199831009	-0.001652288134
3.188799858093	-0.004638464190
3.190399885178	-0.007441872731
3.191999912262	-0.005303584505
3.193599939346	-0.002387632150
3.195199966431	-0.005751472432
3.196799993515	-0.004397600424
3.198400020599	-0.008199185133
3.199999809265	-0.006572608370
3.201599836349	-0.004951280542
3.203199863434	-0.006548048463
3.204799890518	-0.006262336392
3.206399917603	-0.004116224591
3.207999944687	-0.003698656335
3.209599971771	-0.006368912756
3.211199998856	-0.003754752222
3.212800025940	-0.002794288332
3.214399814606	-0.006802816875
3.215999841690	-0.004722992424
3.217599868774	-0.005595184397
3.219199895859	-0.008830704726
3.220799922943	-0.004345600493
3.222399950027	-0.001798576093
3.223999977112	-0.002472304041
3.225600004196	-0.007926320657
3.227200031281	-0.004430896603
3.228799819946	-0.003870400367
3.230399847031	-0.004858784378
3.231999874115	-0.004359136336
3.233599901199	-0.006180528551
3.235199928284	-0.005566096399
3.236799955368	-0.002251152182
3.238399982452	-0.004790048581
3.240000009537	-0.007921024226
3.241600036621	-0.004858928267
3.243199825287	-0.006181024481
3.244799852371	-0.006689280737
3.246399879456	-0.003641504329
3.247999906540	-0.004075584468
3.249599933624	-0.005468384828
3.251199960709	-0.005821504630
3.252799987793	-0.003477552440
3.254400014877	-0.005034272559
3.255999803543	-0.010114864446
3.257599830627	-0.002329200273
3.259199857712	-0.006120192353
3.260799884796	-0.006517920643
3.262399911880	-0.005667488556
3.263999938965	-0.006614048500
3.265599966049	-0.002966704313
3.267199993134	-0.003928640392
3.268800020218	-0.006734480616
3.270399808884	-0.008248432539
3.271999835968	-0.003610560205
3.273599863052	-0.003106000135
3.275199890137	-0.002890256234
3.276799917221	-0.005453456659
3.278399944305	-0.008372992277
3.279999971390	-0.004429184366
3.281599998474	-0.004169568419
3.283200025558	-0.005206800532
3.284799814224	-0.006523248740
3.286399841309	-0.008042320609
3.287999868393	-0.004530240316
3.289599895477	-0.005216768477
3.291199922562	-0.003725536168
3.292799949646	-0.003011616180
3.294399976730	-0.006554160733
3.296000003815	-0.004179328214
3.297600030899	-0.003579344135
3.299199819565	-0.005392912310
3.300799846649	-0.005669008475
3.302399873734	-0.003840368241
3.303999900818	-0.004205328412
3.305599927902	-0.007353392430
3.307199954987	-0.006724240724
3.308799982071	-0.004237488378
3.310400009155	-0.002890304197
3.311999797821	-0.004453904461
3.313599824905	-0.004696368240
3.315199851990	-0.008635425009
3.316799879074	-0.005740528461
3.318399906158	-0.003238992300
3.319999933243	-0.006869728677
3.321599960327	-0.005598832387
3.323199987411	-0.007457088679
3.324800014496	-0.006486800499
3.326399803162	-0.005501744337
3.327999830246	-0.005087824538
3.329599857330	-0.007151776459
3.331199884415	-0.007770176511
3.332799911499	-0.005442176480
3.334399938583	-0.004847312346
3.335999965668	-0.005519200582
3.337599992752	-0.008932048455
3.339200019836	-0.005566256586
3.340799808502	-0.005617120303
3.342399835587	-0.006402752362
3.343999862671	-0.004006864503
3.345599889755	-0.007484112866
3.347199916840	-0.005846800283
3.348799943924	-0.002473776229
3.350399971008	-0.006240336224
3.351999998093	-0.005532672629
3.353600025177	-0.002581216162
3.355199813843	-0.003844480263
3.356799840927	-0.005736288615
3.358399868011	-0.006178800482
3.359999895096	-0.006108544301
3.361599922180	-0.005107680336
3.363199949265	-0.002791952109
3.364799976349	-0.007336000446
3.366400003433	-0.007778736763
3.368000030518	-0.005137840286
3.369599819183	-0.003268464236
3.371199846268	-0.002745088190
3.372799873352	-0.005841248669
3.374399900436	-0.005894416478
3.375999927521	-0.006267824676
3.377599954605	-0.004746240564
3.379199981689	0.000759632094
3.380800008774	-0.007857552730
3.382399797440	-0.006954768673
3.383999824524	-0.007913520560
3.385599851608	-0.004371968564
3.387199878693	-0.002194064204
3.388799905777	-0.006391024683
3.390399932861	-0.003962976392
3.391999959946	-0.006470032502
3.393599987030	-0.005245936569
3.395200014114	-0.006280736532
3.396799802780	-0.005750336684
3.398399829865	-0.006092944648
3.399999856949	-0.002454768168
3.401599884033	-0.003463728121
3.403199911118	-0.004884960596
3.404799938202	-0.007484288421
3.406399965286	-0.003433824284
3.407999992371	-0.005128560588
3.409600019455	-0.005077360664
3.411199808121	-0.007755632512
3.412799835205	-0.008038048632
3.414399862289	-0.002211600076
3.415999889374	-0.004185120109
3.417599916458	-0.004216896370
3.419199943542	-0.005578496493
3.420799970627	-0.004802368581
3.422399997711	-0.004113616422
3.424000024796	-0.002582736313
3.425599813461	-0.004067680333
3.427199840546	-0.007079424337
3.428799867630	-0.010055600666
3.430399894714	-0.002147008199
3.431999921799	-0.005041104276
3.433599948883	-0.007007264532
3.435199975967	-0.004406208638
3.436800003052	-0.003929632250
3.438400030136	-0.004410464317
3.439999818802	-0.004897904582
3.441599845886	-0.004819072317
3.443199872971	-0.006343920715
3.444799900055	-0.006624720525
3.446399927139	-0.003650320461
3.447999954224	-0.005270336289
3.449599981308	-0.007871952839
3.451200008392	0.005829984322
