0.000000000000	0.012924737297
0.001599999960	0.014631745405
0.003199999919	0.012461569160
0.004799999762	0.010717616417
0.006399999838	0.011537728831
0.007999999449	0.013025584631
0.009599999525	0.010949089192
0.011199999601	0.014468576759
0.012799999677	0.008987233043
0.014399999753	0.010412672535
0.015999998897	0.014161521569
0.017599999905	0.012979521416
0.019199999049	0.010130160488
0.020800000057	0.012404496782
0.022399999201	0.011648177169
0.024000000209	0.010115488432
0.025599999353	0.013267616741
0.027199998498	0.012611408718
0.028799999505	0.011683984660
0.030399998650	0.011429265141
0.031999997795	0.010557664558
0.033599998802	0.010690865107
0.035199999809	0.009506560862
0.036800000817	0.011360577308
0.038399998099	0.010617569089
0.039999999106	0.009014001116
0.041600000113	0.012950433418
0.043199997395	0.008759664372
0.044799998403	0.009835569188
0.046399999410	0.010081361048
0.048000000417	0.008171504363
0.049599997699	0.010123456828
0.051199998707	0.011660721153
0.052799999714	0.010149344802
0.054399996996	0.010640304536
0.055999998003	0.009575584903
0.057599999011	0.009512896650
0.059200000018	0.010674080811
0.060799997300	0.007954416797
0.062399998307	0.007839840837
0.063999995589	0.010953856632
0.065600000322	0.009224289097
0.067199997604	0.010941040702
0.068799994886	0.008369840682
0.070399999619	0.008883456700
0.071999996901	0.010468896478
0.073600001633	0.007513296790
0.075199998915	0.009184001014
0.076799996197	0.008633120917
0.078400000930	0.009045008570
0.079999998212	0.006735264324
0.081599995494	0.010154512711
0.083200000226	0.007936576381
0.084799997509	0.007861936465
0.086399994791	0.007204416674
0.087999999523	0.010719536804
0.089599996805	0.009211473167
0.091199994087	0.008523344994
0.092799998820	0.007677536458
0.094399996102	0.008014112711
0.096000000834	0.009853408672
0.097599998116	0.008382128552
0.099199995399	0.006857888773
0.100800000131	0.008409664966
0.102399997413	0.008030368946
0.103999994695	0.007270512637
0.105599999428	0.008890640922
0.107199996710	0.009754832834
0.108799993992	0.007062240504
0.110399998724	0.007406144403
0.111999996006	0.008958272636
0.113600000739	0.007323568687
0.115199998021	0.008697585203
0.116799995303	0.006281264592
0.118400000036	0.008549328893
0.119999997318	0.006237872411
0.121599994600	0.006965264678
0.123199999332	0.007616064511
0.124799996614	0.006481136661
0.126399993896	0.006427520420
0.127999991179	0.007817280479
0.129600003362	0.008110784926
0.131200000644	0.007216640748
0.132799997926	0.007915280759
0.134399995208	0.005695392378
0.135999992490	0.008902017027
0.137599989772	0.006645536516
0.139200001955	0.006252192426
0.140799999237	0.006420736667
0.142399996519	0.007627728395
0.143999993801	0.007568304893
0.145599991083	0.006559776608
0.147200003266	0.008989216760
0.148800000548	0.005645216443
0.150399997830	0.008615937084
0.151999995112	0.007607936393
0.153599992394	0.007150864694
0.155199989676	0.007087456528
0.156800001860	0.008693536744
0.158399999142	0.007008704823
0.159999996424	0.007213440724
0.161599993706	0.006187152583
0.163199990988	0.006737232674
0.164800003171	0.004594576545
0.166400000453	0.006421136670
0.167999997735	0.008943168446
0.169599995017	0.007342688739
0.171199992299	0.008040656336
0.172799989581	0.006290784571
0.174400001764	0.008987792768
0.175999999046	0.006412688643
0.177599996328	0.007525040768
0.179199993610	0.007587216794
0.180799990892	0.007008064538
0.182399988174	0.005468112417
0.184000000358	0.005622384604
0.185599997640	0.007169200573
0.187199994922	0.006914256606
0.188799992204	0.007164800540
0.190399989486	0.005630000494
0.192000001669	0.006381936371
0.193599998951	0.006850672420
0.195199996233	0.004219296388
0.196799993515	0.006091312505
0.198399990797	0.007212560624
0.199999988079	0.005318464711
0.201600000262	0.005655328277
0.203199997544	0.004640848376
0.204799994826	0.005223840475
0.206399992108	0.004115280230
0.207999989390	0.006949104369
0.209600001574	0.005261312239
0.211199998856	0.009190208279
0.212799996138	0.002673280193
0.214399993420	0.004663712345
0.215999990702	0.006500384770
0.217599987984	0.005674384534
0.219200000167	0.005908512510
0.220799997449	0.002996016294
0.222399994731	0.004511264153
0.223999992013	0.006305408664
0.225599989295	0.008819905110
0.227200001478	0.005837792531
0.228799998760	0.008635984734
0.230399996042	0.004001888447
0.231999993324	0.007794432808
0.233599990606	0.007354112808
0.235199987888	0.006297360640
0.236800000072	0.004770064261
0.238399997354	0.006576640531
0.239999994636	0.006350208540
0.241599991918	0.006077360362
0.243199989200	0.004685952328
0.244799986482	0.002454976318
0.246399998665	0.006085888483
0.247999995947	0.004621200264
0.249599993229	0.008062913083
0.251199990511	0.004184768070
0.252799987793	0.006008512340
0.254399985075	0.003835872281
0.255999982357	0.007418848574
0.257599979639	0.006670080591
0.259200006723	0.003952064086
0.260800004005	0.003216160228
0.262400001287	0.004870208446
0.263999998569	0.005819040351
0.265599995852	0.005102000665
0.267199993134	0.004070224240
0.268799990416	0.006186528597
0.270399987698	0.006552048493
0.271999984980	0.008334528655
0.273599982262	0.003193632234
0.275199979544	0.004292096477
0.276800006628	0.005248128437
0.278400003910	0.008609040640
0.280000001192	0.004413152114
0.281599998474	0.004969952162
0.283199995756	0.004079136532
0.284799993038	0.005951152649
0.286399990320	0.006077360362
0.287999987602	0.004112880211
0.289599984884	0.002695136238
0.291199982166	0.003548592329
0.292799979448	0.005789472256
0.294400006533	0.004583856557
0.296000003815	0.004392800387
0.297600001097	0.003625472309
0.299199998379	0.005312672351
0.300799995661	0.005961584393
0.302399992943	0.004422896542
0.303999990225	0.003700384172
0.305599987507	0.002878688276
0.307199984789	0.007684032898
0.308799982071	0.004454448353
0.310399979353	0.004103232175
0.312000006437	0.005106448196
0.313600003719	0.005838896614
0.315200001001	0.005908880383
0.316799998283	0.004313328303
0.318399995565	0.003152688267
0.319999992847	0.004358544480
0.321599990129	0.006072784308
0.323199987411	0.006718048360
0.324799984694	0.005924208555
0.326399981976	0.004714848474
0.327999979258	0.006177600473
0.329600006342	0.005834208336
0.331200003624	0.006486432627
0.332800000906	0.003502144245
0.334399998188	0.005454592407
0.335999995470	0.004353136290
0.337599992752	0.006942992564
0.339199990034	0.004167904612
0.340799987316	0.004513456486
0.342399984598	0.004439616576
0.343999981880	0.002725056140
0.345599979162	0.005054240581
0.347199976444	0.003832976334
0.348800003529	0.003281312296
0.350400000811	0.001657360233
0.351999998093	0.005398304202
0.353599995375	0.005199952517
0.355199992657	0.005065424368
0.356799989939	0.001164768124
0.358399987221	0.002873744350
0.359999984503	0.006470592692
0.361599981785	0.005498352461
0.363199979067	0.003115776228
0.364799976349	0.002972128335
0.366400003433	0.005558624398
0.368000000715	0.005869632587
0.369599997997	0.003174656304
0.371199995279	0.004645696376
0.372799992561	0.002703520237
0.374399989843	0.004056496546
0.375999987125	0.004760336597
0.377599984407	0.003827696433
0.379199981689	0.004510256462
0.380799978971	0.003347376129
0.382399976254	0.003964384086
0.384000003338	0.005823504645
0.385600000620	0.004095616285
0.387199997902	0.001898400136
0.388799995184	0.006910160650
0.390399992466	0.004736848176
0.391999989748	0.003125216346
0.393599987030	0.001166368136
0.395199984312	0.005352896173
0.396799981594	0.005567760672
0.398399978876	0.006567680743
0.399999976158	0.001915648114
0.401600003242	0.002728416352
0.403200000525	0.004753904417
0.404799997807	0.004870400298
0.406399995089	0.005277456250
0.407999992371	0.001890032203
0.409599989653	0.002465536352
0.411199986935	0.004816624336
0.412799984217	0.005420976318
0.414399981499	0.003354176180
0.415999978781	0.002293360187
0.417599976063	0.002743008314
0.419200003147	0.006766480394
0.420800000429	0.005160832312
0.422399997711	0.002414208138
0.423999994993	0.002851280384
0.425599992275	0.005509776529
0.427199989557	0.005287152249
0.428799986839	0.003308416344
0.430399984121	0.004421504214
0.431999981403	0.002115904121
0.433599978685	0.005755408667
0.435199975967	0.004313248210
0.436800003052	0.003627312370
0.438400000334	0.002204576274
0.439999997616	0.002107728273
0.441599994898	0.005854112562
0.443199992180	0.004266128410
0.444799989462	0.005352016538
0.446399986744	0.003909552470
0.447999984026	0.005601408426
0.449599981308	0.004673808347
0.451199978590	0.004732256290
0.452799975872	0.001919584232
0.454400002956	0.003393312218
0.456000000238	0.005658592563
0.457599997520	0.003880816279
0.459199994802	0.006249392405
0.460799992085	0.001585344085
0.462399989367	0.002463392215
0.463999986649	0.004447984509
0.465599983931	0.004510288127
0.467199981213	0.003957696259
0.468799978495	0.002455168171
0.470399975777	0.002453392139
0.472000002861	0.004144080449
0.473600000143	0.002172352280
0.475199997425	0.003469744232
0.476799994707	0.002565888222
0.478399991989	0.000507151941
0.479999989271	0.005108352285
0.481599986553	0.005954112392
0.483199983835	0.001735040220
0.484799981117	0.003228000365
0.486399978399	0.005003264174
0.487999975681	0.003910208121
0.489599972963	0.004361232277
0.491200000048	0.001636432135
0.492799997330	0.003049776191
0.494399994612	0.004179744516
0.495999991894	0.003331152257
0.497599989176	0.004152656533
0.499199986458	0.001670064172
0.500800013542	0.001802288229
0.502399981022	0.003991104197
0.504000008106	0.002688368317
0.505599975586	0.004148224369
0.507200002670	0.001606704085
0.508799970150	0.005088240374
0.510399997234	0.005141536240
0.511999964714	0.003523440333
0.513599991798	0.002703872276
0.515199959278	0.002436208306
0.516799986362	0.004180848133
0.518400013447	0.003062544158
0.519999980927	0.003196896287
0.521600008011	0.001727856114
0.523199975491	0.003146848176
0.524800002575	0.005582464393
0.526399970055	0.003152560210
0.527999997139	0.000808784098
0.529599964619	0.003860416356
0.531199991703	0.004228736274
0.532799959183	0.003048688173
0.534399986267	0.003103408264
0.536000013351	0.002147504129
0.537599980831	0.004297648557
0.539200007915	0.003113200422
0.540799975395	0.003504128195
0.542400002480	0.002699280158
0.543999969959	0.004225120414
0.545599997044	0.003157136263
0.547199964523	0.002760048257
0.548799991608	0.003239264246
0.550399959087	0.004086384550
0.551999986172	0.004586608149
0.553600013256	0.000803152099
0.555199980736	0.003053840250
0.556800007820	0.002035072073
0.558399975300	0.002336112317
0.560000002384	0.001429280150
0.561599969864	0.002545424271
0.563199996948	0.001202592161
0.564799964428	0.002004432026
0.566399991512	0.003066048259
0.567999958992	0.003528656205
0.569599986076	0.003157280153
0.571200013161	0.000112352005
0.572799980640	0.003807376372
0.574400007725	0.005429920275
0.575999975204	0.004139584489
0.577600002289	0.001879152143
0.579199969769	0.001524832100
0.580799996853	0.003028064268
0.582399964333	0.002904048190
0.583999991417	0.003417808330
0.585599958897	0.001940800226
0.587199985981	0.002844480099
0.588800013065	0.002653856296
0.590399980545	0.003066304140
0.592000007629	0.001464432222
0.593599975109	0.003779744264
0.595200002193	0.002777808346
0.596799969673	0.004502896219
0.598399996758	0.004095088225
0.599999964237	-0.000299072068
0.601599991322	0.003040112322
0.603199958801	0.003506432287
0.604799985886	0.003157312283
0.606400012970	0.003412000369
0.607999980450	0.002354432130
0.609600007534	0.002123696264
0.611199975014	0.003514752258
0.612800002098	0.003315840149
0.614399969578	0.002615776146
0.615999996662	0.005041744560
0.617599964142	0.002217472298
0.619199991226	0.004260688089
0.620799958706	0.003923264332
0.622399985790	0.000994000118
0.624000012875	0.004661856219
0.625599980354	0.001362720039
0.627200007439	0.001155168051
0.628799974918	0.002339056227
0.630400002003	0.000690944027
0.631999969482	0.004232352600
0.633599996567	0.002251920057
0.635199964046	0.001452432130
0.636799991131	0.003476576414
0.638399958611	0.001716640196
0.639999985695	0.001807376160
0.641600012779	0.004551040474
0.643199980259	0.000643408101
0.644800007343	0.002031456213
0.646399974823	0.004450208507
0.648000001907	0.002547760261
0.649599969387	0.001967184246
0.651199996471	0.002621504245
0.652799963951	0.000984720071
0.654399991035	0.003772784257
0.655999958515	0.003369792365
0.657599985600	0.003496896243
0.659200012684	0.002831680235
0.660799980164	0.002226752229
0.662400007248	0.003580192337
0.663999974728	0.002626512200
0.665600001812	0.003132240381
0.667199969292	0.001407984062
0.668799996376	0.000535007974
0.670399963856	0.002311312128
0.671999990940	0.000669072091
0.673599958420	0.001605264028
0.675199985504	0.004506784491
0.676800012589	0.003104096279
0.678399980068	0.002175760223
0.680000007153	0.003562224330
0.681599974632	0.002311360091
0.683200001717	0.003191120224
0.684799969196	0.002367664129
0.686399996281	0.002014592057
0.687999963760	0.000729872030
0.689599990845	0.000892672047
0.691199958324	0.001312416047
0.692799985409	0.003552976297
0.694399952888	0.002573792357
0.695999979973	0.002283472102
0.697600007057	0.002268288285
0.699199974537	0.004630496260
0.700800001621	0.005055728368
0.702399969101	-0.000460512063
0.703999996185	0.000743440061
0.705599963665	0.003063376294
0.707199990749	0.001292464091
0.708799958229	0.003333600238
0.710399985313	0.000999056036
0.711999952793	0.004001968075
0.713599979877	0.004220016301
0.715200006962	0.001893872162
0.716799974442	0.001223008032
0.718400001526	-0.000310352014
0.719999969006	0.003071872285
0.721599996090	0.003380816197
0.723199963570	0.001587136183
0.724799990654	0.001983632101
0.726399958134	0.003626720281
0.727999985218	0.001545824111
0.729599952698	0.002886656206
0.731199979782	0.002352592302
0.732800006866	0.001967232209
0.734399974346	0.003733552294
0.736000001431	0.000500671973
0.737599968910	0.002378832083
0.739199995995	0.001752288081
0.740799963474	-0.000039968010
0.742399990559	0.002380544320
0.743999958038	0.001176928054
0.745599985123	0.001676784130
0.747199952602	0.000815520005
0.748799979687	0.002398832235
0.750400006771	0.000990192173
0.751999974251	0.001499744132
0.753600001335	0.001578352181
0.755199968815	0.001994736260
0.756799995899	0.003138176166
0.758399963379	0.001196256140
0.759999990463	0.001962432172
0.761599957943	-0.000478688075
0.763199985027	0.001999632223
0.764799952507	0.003531536320
0.766399979591	0.002782256342
0.768000006676	0.001134048100
0.769599974155	0.002207184210
0.771200001240	0.000875456026
0.772799968719	0.003102144226
0.774399995804	0.001940208138
0.775999963284	0.001390256104
0.777599990368	0.001158480067
0.779199957848	0.002613776131
0.780799984932	0.003495744197
0.782399952412	0.000689712062
0.783999979496	0.002292656107
0.785600006580	0.001295024063
0.787199974060	-0.000391856098
0.788800001144	0.001678048167
0.790399968624	-0.001501824125
0.791999995708	0.002078752266
0.793599963188	0.002924320288
0.795199990273	0.002449920168
0.796799957752	0.002778592287
0.798399984837	0.002462672070
0.799999952316	-0.001039536088
0.801599979401	0.001972576138
0.803200006485	0.001537040109
0.804799973965	-0.000908864138
0.806400001049	0.002039488172
0.807999968529	-0.000373360002
0.809599995613	0.000563936075
0.811199963093	0.004873680416
0.812799990177	0.001480336068
0.814399957657	0.001589600113
0.815999984741	-0.001488128095
0.817599952221	0.003634240245
0.819199979305	0.001218592166
0.820800006390	0.002085984219
0.822399973869	0.000111407971
0.824000000954	0.001216544071
0.825599968433	0.002053488046
0.827199995518	0.000455808040
0.828799962997	0.001586032100
0.830399990082	0.001325200079
0.831999957561	-0.000006608003
0.833599984646	0.000977840158
0.835199952126	0.001427760231
0.836799979210	0.003584800288
0.838400006294	-0.000578608015
0.839999973774	0.000572528050
0.841600000858	0.000875168131
0.843199968338	0.002161568264
0.844799995422	0.002507264260
0.846399962902	0.001847424079
0.847999989986	0.001834448194
0.849599957466	0.000985520193
0.851199984550	0.001578544150
0.852799952030	0.002957296325
0.854399979115	0.001035952126
0.856000006199	0.001053616055
0.857599973679	0.000269279990
0.859200000763	0.001272736117
0.860799968243	0.002011280041
0.862399995327	0.002706128173
0.863999962807	-0.000184431992
0.865599989891	0.002951136325
0.867199957371	0.001102208043
0.868799984455	0.001834256109
0.870399951935	0.001299904077
0.871999979019	-0.000083936022
0.873600006104	0.001091520069
0.875199973583	-0.000909056107
0.876800000668	0.000744032033
0.878399968147	0.001489120186
0.879999995232	0.002526000142
0.881599962711	-0.001683104085
0.883199989796	0.000812528073
0.884799957275	0.003312928369
0.886399984360	0.001655360218
0.887999951839	0.000190384002
0.889599978924	0.001815344207
0.891200006008	0.003717024345
0.892799973488	-0.000814832048
0.894400000572	0.002309008269
0.895999968052	0.001059983973
0.897599995136	0.000644288084
0.899199962616	0.003356992267
0.900799989700	0.002096032258
0.902399957180	0.001345520141
0.903999984264	0.001324432087
0.905599951744	0.000695936149
0.907199978828	0.001999840140
0.908800005913	0.002015136182
0.910399973392	0.001777136233
0.912000000477	0.000035056029
0.913599967957	0.000331520045
0.915199995041	-0.000267263968
0.916799962521	0.002079728292
0.918399989605	0.001189888106
0.919999957085	-0.000617200101
0.921599984169	0.001034784131
0.923199951649	-0.000443664001
0.924799978733	0.002148080152
0.926400005817	0.000472640037
0.927999973297	0.000985824154
0.929600000381	0.001235536183
0.931199967861	0.000299040054
0.932799994946	0.000979792094
0.934399962425	0.002063040156
0.935999989510	-0.000967456086
0.937599956989	0.001160288113
0.939199984074	0.001531392103
0.940799951553	-0.001174960053
0.942399978638	0.001182224136
0.944000005722	0.001153632067
0.945599973202	0.001129887998
0.947200000286	0.000377823977
0.948799967766	-0.000337808073
0.950399994850	0.001679216162
0.951999962330	0.000637648045
0.953599989414	0.000302992034
0.955199956894	-0.000112912036
0.956799983978	0.002361648250
0.958399951458	-0.000067407986
0.959999978542	0.001886528102
0.961599946022	0.000024304018
0.963199973106	0.001073792111
0.964800000191	0.000620336097
0.966399967670	0.000309408060
0.967999994755	0.002184288111
0.969599962234	0.001283728168
0.971199989319	0.001183376065
0.972799956799	-0.000328240072
0.974399983883	0.003502048319
0.975999951363	0.001345888129
0.977599978447	0.000769488048
0.979199945927	0.000466191996
0.980799973011	0.000622544030
0.982400000095	0.000246079959
0.983999967575	0.001384048141
0.985599994659	0.001519360114
0.987199962139	-0.000924768101
0.988799989223	0.001342016039
0.990399956703	0.000658240053
0.991999983788	0.001174880075
0.993599951267	0.000181824027
0.995199978352	-0.001132880105
0.996799945831	-0.000299888023
0.998399972916	0.001392736100
1.000000000000	0.001274608192
1.001600027084	0.000108320026
1.003199934959	-0.000135312017
1.004799962044	0.000692816044
1.006399989128	0.001098048058
1.008000016212	-0.000209632039
1.009599924088	0.000071232025
1.011199951172	0.003230464179
1.012799978256	-0.000888704031
1.014400005341	0.000655408076
1.016000032425	0.001255888143
1.017599940300	0.000408672116
1.019199967384	0.000292911980
1.020799994469	0.000820592046
1.022400021553	-0.001290112152
1.023999929428	0.000635664095
1.025599956512	0.001265824074
1.027199983597	-0.000487296085
1.028800010681	0.000094032010
1.030399918556	-0.000456896028
1.031999945641	-0.001484896173
1.033599972725	0.000631696137
1.035199999809	0.001433040132
1.036800026894	-0.000164016034
1.038399934769	-0.000943888037
1.039999961853	0.001152176061
1.041599988937	-0.000120767996
1.043200016022	0.001936240122
1.044799923897	0.001213824144
1.046399950981	0.000311328011
1.047999978065	0.000217056077
1.049600005150	0.001589904074
1.051200032234	-0.000195776054
1.052799940109	0.000580895983
1.054399967194	0.000485967961
1.055999994278	0.002019472187
1.057600021362	0.001866512233
1.059199929237	0.002396624302
1.060799956322	0.001204096014
1.062399983406	-0.000794432068
1.064000010490	0.002200912219
1.065599918365	0.001098496024
1.067199945450	-0.000639264064
1.068799972534	-0.003431536257
1.070399999619	0.001428656047
1.072000026703	0.001083232113
1.073599934578	0.002010960132
1.075199961662	-0.002027536277
1.076799988747	-0.001461856184
1.078400015831	-0.000465472054
1.079999923706	0.001064672135
1.081599950790	-0.000903328066
1.083199977875	-0.001558112097
1.084800004959	0.001506944187
1.086400032043	-0.000531888043
1.087999939919	0.000284832029
1.089599967003	0.000479231996
1.091199994087	-0.001014944050
1.092800021172	0.002050144132
1.094399929047	-0.001277536154
1.095999956131	0.001291088061
1.097599983215	0.000510192069
1.099200010300	0.000777472102
1.100799918175	-0.000328848051
1.102399945259	0.000871200056
1.103999972343	-0.001510480186
1.105599999428	-0.000340847997
1.107200026512	0.002025936265
1.108799934387	-0.001348976162
1.110399961472	0.000414416107
1.111999988556	-0.000978720142
1.113600015640	-0.000279295986
1.115199923515	0.000504992029
1.116799950600	0.003117376240
1.118399977684	-0.000601296080
1.120000004768	0.000244432071
1.121599912643	0.002689760178
1.123199939728	0.002326672198
1.124799966812	0.001424608170
1.126399993896	-0.002113648225
1.128000020981	0.000854576123
1.129599928856	-0.002242368180
1.131199955940	0.000837712025
1.132799983025	-0.000241040019
1.134400010109	-0.000214640037
1.135999917984	-0.000625200046
1.137599945068	0.001645760145
1.139199972153	0.000150000007
1.140799999237	-0.001364592114
1.142400026321	-0.000263119990
1.143999934196	-0.000844048045
1.145599961281	0.001143648056
1.147199988365	0.001026416081
1.148800015450	-0.002080752281
1.150399923325	-0.002047520131
1.151999950409	0.001725424198
1.153599977493	0.000810336089
1.155200004578	-0.000753440021
1.156799912453	0.002295456128
1.158399939537	-0.002486752113
1.159999966621	-0.001063024043
1.161599993706	0.002109616296
1.163200020790	-0.001257568132
1.164799928665	-0.000886095979
1.166399955750	0.001115520019
1.167999982834	-0.001283920137
1.169600009918	-0.001425248105
1.171199917793	0.001404864131
1.172799944878	-0.001069792081
1.174399971962	0.001418336062
1.175999999046	0.000523264054
1.177600026131	0.001569040120
1.179199934006	-0.001365568140
1.180799961090	0.000714816095
1.182399988174	0.002020960208
1.184000015259	-0.000504495983
1.185599923134	0.000684352068
1.187199950218	-0.002750800224
1.188799977303	0.000829616096
1.190400004387	-0.000979712117
1.191999912262	0.000271568046
1.193599939346	-0.001860064105
1.195199966431	-0.001634032116
1.196799993515	0.001612592139
1.198400020599	0.000867728144
1.199999928474	0.000230160047
1.201599955559	-0.002231072169
1.203199982643	0.000507632038
1.204800009727	-0.000578560052
1.206399917603	0.001371392165
1.207999944687	-0.000872448087
1.209599971771	0.000089040004
1.211199998856	-0.001693088212
1.212800025940	-0.001365264063
1.214399933815	0.001682352158
1.215999960899	-0.001305408194
1.217599987984	-0.000596832018
1.219200015068	-0.001076032175
1.220799922943	0.001585920108
1.222399950027	0.000914400036
1.223999977112	0.002111008158
1.225600004196	-0.001562272082
1.227199912071	0.000430528045
1.228799939156	-0.002207024256
1.230399966240	-0.000610640098
1.231999993324	-0.001019856078
1.233600020409	0.000328720052
1.235199928284	0.000865408103
1.236799955368	-0.000706448103
1.238399982452	0.002262896160
1.240000009537	-0.002233712235
1.241599917412	-0.000405983999
1.243199944496	0.000580912048
1.244799971581	-0.000276992039
1.246399998665	0.000049072009
1.248000025749	-0.000575776037
1.249599933624	0.001759648090
1.251199960709	-0.000965648040
1.252799987793	0.000963808096
1.254400014877	-0.002297792118
1.255999922752	-0.001939008129
1.257599949837	-0.001320320065
1.259199976921	0.000807664066
1.260800004005	-0.000220959992
1.262399911880	-0.001373376115
1.263999938965	-0.000865376031
1.265599966049	-0.000766224053
1.267199993134	0.002465504222
1.268800020218	-0.001905312063
1.270399928093	-0.001560832141
1.271999955177	-0.000821744034
1.273599982262	0.000860512024
1.275200009346	-0.000864000060
1.276799917221	-0.000500768074
1.278399944305	-0.000131424036
1.279999971390	-0.001081056078
1.281599998474	0.000401312020
1.283200025558	-0.002429936314
1.284799933434	-0.001860512071
1.286399960518	-0.001742672175
1.287999987602	0.001181536121
1.289600014687	0.000662832055
1.291199922562	-0.002144640079
1.292799949646	-0.001437280094
1.294399976730	0.000222528004
1.296000003815	-0.000337472011
1.297599911690	0.000775088090
1.299199938774	-0.001939920126
1.300799965858	-0.004054560326
1.302399992943	0.000401072117
1.304000020027	0.000927072077
1.305599927902	-0.002471744316
1.307199954987	-0.000689488079
1.308799982071	-0.001616864232
1.310400009155	0.000256240019
1.311999917030	-0.000270176039
1.313599944115	-0.000951952126
1.315199971199	-0.001564912149
1.316799998283	0.000235135944
1.318400025368	-0.001971104182
1.319999933243	0.000477184047
1.321599960327	-0.000852831989
1.323199987411	-0.001453184057
1.324800014496	-0.000273472018
1.326399922371	-0.000073871990
1.327999949455	0.000154784022
1.329599976540	-0.002428384265
1.331200003624	-0.001070064027
1.332799911499	-0.001075760112
1.334399938583	-0.000497535977
1.335999965668	-0.002051072195
1.337599992752	-0.000518816058
1.339200019836	-0.001613552100
1.340799927711	-0.000727936043
1.342399954796	0.001011471963
1.343999981880	-0.002330896212
1.345600008965	-0.001855760231
1.347199916840	-0.000366720022
1.348799943924	-0.000399536046
1.350399971008	-0.001281776116
1.351999998093	-0.000579184038
1.353600025177	-0.000653616094
1.355199933052	-0.001446832088
1.356799960136	-0.000402800069
1.358399987221	-0.002224784112
1.360000014305	0.001306464081
1.361599922180	-0.001389200101
1.363199949265	-0.000443584053
1.364799976349	-0.000421792094
1.366400003433	-0.000553440012
1.367999911308	-0.002010176191
1.369599938393	-0.001338064088
1.371199965477	-0.000319872081
1.372799992561	-0.001610544161
1.374400019646	0.000082175990
1.375999927521	-0.001136992010
1.377599954605	0.000450688036
1.379199981689	-0.001726480084
1.380800008774	0.000412752008
1.382399916649	-0.001224832144
1.383999943733	0.000039759958
1.385599970818	-0.001256096060
1.387199997902	-0.001870720182
1.388799905777	0.000517536013
1.390399932861	-0.003403184237
1.391999959946	-0.002265424235
1.393599987030	-0.000382608065
1.395200014114	-0.000214944012
1.396799921989	-0.000906080124
1.398399949074	-0.001306784106
1.399999976158	-0.000850912125
1.401600003242	-0.000449120067
1.403199911118	-0.002294672187
1.404799938202	-0.001842272119
1.406399965286	0.000337200006
1.407999992371	-0.000479328039
1.409600019455	-0.001743376139
1.411199927330	-0.000613584009
1.412799954414	-0.000391312002
1.414399981499	-0.001732144156
1.416000008583	-0.000904688146
1.417599916458	-0.000128304033
1.419199943542	-0.002599120140
1.420799970627	-0.001445344184
1.422399997711	-0.002054800279
1.423999905586	0.001116448082
1.425599932671	-0.002603824250
1.427199959755	-0.001489552087
1.428799986839	-0.001075488166
1.430400013924	0.000307279988
1.431999921799	-0.001129600103
1.433599948883	-0.001619664137
1.435199975967	-0.001842896221
1.436800003052	-0.000132256027
1.438399910927	-0.000012496029
1.439999938011	-0.000366847962
1.441599965096	-0.002615264151
1.443199992180	-0.003523888299
1.444800019264	-0.000496080087
1.446399927139	-0.002161360113
1.447999954224	-0.001458960120
1.449599981308	-0.001179152168
1.451200008392	-0.001557120122
1.452799916267	0.000073743984
1.454399943352	-0.000133312060
1.455999970436	-0.001761760213
1.457599997520	-0.001579904114
1.459199905396	-0.000564848015
1.460799932480	-0.003585872240
1.462399959564	-0.000661568018
1.463999986649	-0.000754576060
1.465600013733	-0.002055760240
1.467199921608	-0.000080479986
1.468799948692	-0.001513600117
1.470399975777	-0.003323120298
1.472000002861	-0.002834608313
1.473599910736	-0.001798176207
1.475199937820	-0.002882640343
1.476799964905	0.000071775983
1.478399991989	-0.003360720351
1.480000019073	-0.001191968098
1.481599926949	-0.000595760008
1.483199954033	-0.001857856172
1.484799981117	-0.000416160066
1.486400008202	-0.002187584294
1.487999916077	-0.001430160133
1.489599943161	-0.000716224022
1.491199970245	-0.002939472208
1.492799997330	-0.001090896083
1.494399905205	-0.001387120108
1.495999932289	-0.002561056288
1.497599959373	-0.000534464023
1.499199986458	-0.000386560016
1.500800013542	-0.001242832164
1.502399921417	-0.001026992104
1.503999948502	-0.001623696182
1.505599975586	-0.002021440072
1.507200002670	-0.001815472147
1.508799910545	-0.002074960154
1.510399937630	-0.003351872321
1.511999964714	-0.003036368173
1.513599991798	-0.002112080110
1.515200018883	-0.000717728049
1.516799926758	-0.000633920019
1.518399953842	-0.002886672271
1.519999980927	-0.001928240061
1.521600008011	-0.001356064109
1.523199915886	-0.000798288092
1.524799942970	-0.002091840142
1.526399970055	-0.002981120255
1.527999997139	-0.002298976295
1.529599905014	-0.000664224091
1.531199932098	-0.000760624069
1.532799959183	-0.003816240234
1.534399986267	-0.001093200059
1.536000013351	-0.002514688298
1.537599921227	-0.000563776062
1.539199948311	-0.003105744254
1.540799975395	-0.001936512184
1.542400002480	-0.000200160051
1.543999910355	-0.002027008217
1.545599937439	-0.001080560149
1.547199964523	-0.001996528124
1.548799991608	-0.001645056182
1.550400018692	-0.002965600230
1.551999926567	-0.000258527987
1.553599953651	-0.001276864088
1.555199980736	-0.000759888033
1.556800007820	-0.001093840110
1.558399915695	-0.001298640040
1.559999942780	-0.000626176072
1.561599969864	0.000620624050
1.563199996948	-0.002272048267
1.564799904823	-0.001242528087
1.566399931908	-0.000186992038
1.567999958992	-0.002871648176
1.569599986076	-0.000975392119
1.571200013161	-0.001209328067
1.572799921036	-0.001983968075
1.574399948120	0.000298048049
1.575999975204	-0.003307616338
1.577600002289	-0.002134432085
1.579199910164	-0.002157936106
1.580799937248	-0.000550704019
1.582399964333	-0.001469408162
1.583999991417	-0.003258448327
1.585600018501	-0.002785136225
1.587199926376	-0.002949024318
1.588799953461	-0.001698064152
1.590399980545	-0.003817728255
1.592000007629	-0.001361824106
1.593599915504	-0.001323040109
1.595199942589	-0.000584272027
1.596799969673	-0.002381520346
1.598399996758	-0.000608192058
1.599999904633	-0.002589520300
1.601599931717	-0.001202288084
1.603199958801	-0.001012784080
1.604799985886	-0.001058896072
1.606400012970	-0.001950432197
1.607999920845	-0.001042976161
1.609599947929	-0.001066608122
1.611199975014	-0.000355216034
1.612800002098	0.000590160023
1.614399909973	-0.002008368028
1.615999937057	-0.000977136078
1.617599964142	-0.003238304285
1.619199991226	0.000034288005
1.620800018311	-0.003260096302
1.622399926186	-0.002822320210
1.623999953270	-0.000705152052
1.625599980354	-0.002058496233
1.627200007439	-0.001856352086
1.628799915314	-0.003282160265
1.630399942398	-0.002074080287
1.631999969482	-0.002323872177
1.633599996567	-0.001849808148
1.635199904442	-0.001604448189
1.636799931526	-0.002401120262
1.638399958611	-0.002019760199
1.639999985695	-0.001930768136
1.641600012779	-0.000560512068
1.643199920654	-0.003171664197
1.644799947739	-0.000271424040
1.646399974823	-0.003205904271
1.648000001907	-0.001800864120
1.649599909782	-0.001467776136
1.651199936867	-0.002372272080
1.652799963951	-0.000892192125
1.654399991035	-0.001148368116
1.655999898911	-0.001489344053
1.657599925995	-0.001123104128
1.659199953079	-0.001533680130
1.660799980164	-0.001519328100
1.662400007248	-0.000362944033
1.663999915123	-0.002384384163
1.665599942207	-0.002235408174
1.667199969292	-0.001676368178
1.668799996376	-0.001048256061
1.670399904251	-0.001771600102
1.671999931335	-0.001531664166
1.673599958420	-0.001954752021
1.675199985504	-0.001366720069
1.676800012589	-0.001621776144
1.678399920464	-0.002964400221
1.679999947548	-0.002216944238
1.681599974632	-0.002040944062
1.683200001717	-0.002577984240
1.684799909592	-0.003090896178
1.686399936676	-0.001849312102
1.687999963760	-0.002742144279
1.689599990845	-0.003000160214
1.691199898720	-0.002173120156
1.692799925804	-0.002592592267
1.694399952888	-0.001927296282
1.695999979973	-0.003913248423
1.697600007057	-0.003466976341
1.699199914932	-0.003420496359
1.700799942017	-0.001366896206
1.702399969101	-0.002923232270
1.703999996185	-0.003957104404
1.705599904060	0.000198239999
1.707199931145	-0.001921088202
1.708799958229	-0.003402640345
1.710399985313	-0.003057328286
1.712000012398	-0.000569584081
1.713599920273	-0.003342160257
1.715199947357	-0.001646096120
1.716799974442	-0.001542160171
1.718400001526	-0.000729840074
1.719999909401	-0.002507360186
1.721599936485	-0.001300096046
1.723199963570	-0.002822144190
1.724799990654	-0.001365248114
1.726399898529	-0.002479504095
1.727999925613	-0.003067648271
1.729599952698	-0.000423200079
1.731199979782	-0.002030336065
1.732800006866	-0.003559088334
1.734399914742	-0.003058656352
1.735999941826	-0.002966880333
1.737599968910	-0.000006224022
1.739199995995	-0.002730928361
1.740799903870	-0.002425952116
1.742399930954	-0.000829568075
1.743999958038	-0.003037408227
1.745599985123	-0.001136720064
1.747200012207	-0.002265440067
1.748799920082	-0.002742576180
1.750399947166	-0.002555760322
1.751999974251	-0.001858992153
1.753600001335	-0.001603968092
1.755199909210	-0.003127392381
1.756799936295	-0.002822576324
1.758399963379	-0.003204304259
1.759999990463	-0.002206512261
1.761599898338	-0.001386576099
1.763199925423	-0.002124112099
1.764799952507	-0.003165120259
1.766399979591	-0.004023728427
1.768000006676	-0.000443008030
1.769599914551	-0.003049776191
1.771199941635	-0.000949840061
1.772799968719	-0.001217760029
1.774399995804	-0.001637856127
1.775999903679	-0.003431632183
1.777599930763	-0.003777776379
1.779199957848	-0.002184496261
1.780799984932	-0.000098384029
1.782400012016	-0.001349840080
1.783999919891	-0.004675024189
1.785599946976	-0.002086928114
1.787199974060	-0.001838432159
1.788800001144	-0.000209024016
1.790399909019	-0.001367616118
1.791999936104	-0.003418608336
1.793599963188	-0.002041120082
1.795199990273	-0.003477328224
1.796799898148	-0.001409392105
1.798399925232	-0.002264416311
1.799999952316	-0.001843872131
1.801599979401	-0.001576032140
1.803200006485	-0.001574032125
1.804799914360	-0.001412768150
1.806399941444	-0.004677792545
1.807999968529	-0.003169856267
1.809599995613	-0.002436720300
1.811199903488	-0.002344464185
1.812799930573	-0.001992640086
1.814399957657	-0.003658544272
1.815999984741	-0.003122832160
1.817600011826	-0.002799040172
1.819199919701	-0.001345072058
1.820799946785	-0.004674864467
1.822399973869	-0.001775472192
1.824000000954	-0.002315824153
1.825599908829	-0.003118640278
1.827199935913	-0.001031456050
1.828799962997	-0.002816544380
1.830399990082	-0.002335616155
1.831999897957	-0.002094816184
1.833599925041	-0.001692208112
1.835199952126	-0.003517952282
1.836799979210	-0.003409024328
1.838400006294	-0.000912704039
1.839999914169	-0.001728240051
1.841599941254	-0.002766048303
1.843199968338	-0.001218320103
1.844799995422	-0.002285808092
1.846399903297	-0.003547072411
1.847999930382	-0.002000272274
1.849599957466	-0.002316736151
1.851199984550	-0.003028064268
1.852800011635	-0.002677184297
1.854399919510	-0.001336992136
1.855999946594	-0.003033904359
1.857599973679	-0.001298464136
1.859200000763	-0.002650176175
1.860799908638	-0.004296736326
1.862399935722	-0.002170784166
1.863999962807	-0.000292624056
1.865599989891	-0.001873104135
1.867199897766	-0.002877664287
1.868799924850	-0.003592272289
1.870399951935	-0.002425392158
1.871999979019	-0.000138848030
1.873600006104	-0.005158448592
1.875199913979	-0.003922880162
1.876799941063	-0.002984240185
1.878399968147	-0.002052528085
1.879999995232	-0.002487184247
1.881599903107	-0.004747152328
1.883199930191	-0.002929792274
1.884799957275	-0.002974960255
1.886399984360	-0.003459616331
1.888000011444	-0.002379280282
1.889599919319	-0.002999248216
1.891199946404	-0.003169232281
1.892799973488	-0.003658240428
1.894400000572	-0.002370208269
1.895999908447	-0.003335872199
1.897599935532	-0.003565184306
1.899199962616	-0.003653472289
1.900799989700	-0.002259376226
1.902399897575	-0.001899952185
1.903999924660	-0.002544912277
1.905599951744	-0.002488624072
1.907199978828	-0.002288064221
1.908800005913	-0.002559232293
1.910399913788	-0.002391728107
1.911999940872	-0.002966992324
1.913599967957	-0.003537808312
1.915199995041	-0.002316400176
1.916799902916	-0.002697648248
1.918399930000	-0.001540832105
1.919999957085	-0.001858368167
1.921599984169	-0.002837920329
1.923199892044	-0.002824944211
1.924799919128	-0.001407248084
1.926399946213	-0.003836960299
1.927999973297	-0.002610928146
1.929600000381	-0.003506368259
1.931199908257	-0.004274352454
1.932799935341	-0.001744896173
1.934399962425	-0.002554560313
1.935999989510	-0.003372336272
1.937599897385	-0.002349632094
1.939199924469	-0.002217984293
1.940799951553	-0.002339472063
1.942399978638	-0.002996848198
1.944000005722	-0.003929760307
1.945599913597	-0.002460752148
1.947199940681	-0.003764304332
1.948799967766	-0.003730848199
1.950399994850	-0.003625856247
1.951999902725	-0.002534208121
1.953599929810	-0.003587168176
1.955199956894	-0.002999536227
1.956799983978	-0.002587056253
1.958399891853	-0.002792240120
1.959999918938	-0.003434224287
1.961599946022	-0.003774640383
1.963199973106	-0.003606144339
1.964800000191	-0.003459792351
1.966399908066	-0.004531616345
1.967999935150	-0.002824240131
1.969599962234	-0.002353616292
1.971199989319	-0.003535408294
1.972799897194	-0.002596048173
1.974399924278	-0.003750096308
1.975999951363	-0.002434976166
1.977599978447	-0.002420992125
1.979200005531	-0.003526528366
1.980799913406	-0.002181728138
1.982399940491	-0.002908624243
1.983999967575	-0.003133248305
1.985599994659	-0.003358928254
1.987199902534	-0.003910944331
1.988799929619	-0.003475984326
1.990399956703	-0.002521040151
1.991999983788	-0.002444640268
1.993599891663	-0.002986816224
1.995199918747	-0.003673296422
1.996799945831	-0.002889472293
1.998399972916	-0.002852480160
2.000000000000	-0.003500160296
2.001600027084	-0.003590240376
2.003200054169	-0.003526368411
2.004799842834	-0.002652688185
2.006399869919	-0.003713472281
2.007999897003	-0.002202208154
2.009599924088	-0.003442480229
2.011199951172	-0.003043456236
2.012799978256	-0.003112224163
2.014400005341	-0.001561904210
2.016000032425	-0.003057360183
2.017600059509	-0.004148224369
2.019199848175	-0.002235664055
2.020799875259	-0.003076256253
2.022399902344	-0.001841200166
2.023999929428	-0.004941728432
2.025599956512	-0.003766176291
2.027199983597	-0.003734080354
2.028800010681	-0.002590928227
2.030400037766	-0.004168560263
2.032000064850	-0.002792816143
2.033599853516	-0.003620016389
2.035199880600	-0.003154528327
2.036799907684	-0.002982048318
2.038399934769	-0.002572976286
2.039999961853	-0.003034592140
2.041599988937	-0.002973488299
2.043200016022	-0.003982848488
2.044800043106	-0.003047424369
2.046399831772	-0.002950352151
2.047999858856	-0.001990592107
2.049599885941	-0.002007984091
2.051199913025	-0.003865344217
2.052799940109	-0.002567840274
2.054399967194	-0.002532656305
2.055999994278	-0.003163568210
2.057600021362	-0.002881056163
2.059200048447	-0.002839184133
2.060799837112	-0.001830912195
2.062399864197	-0.003031376284
2.063999891281	-0.003254448297
2.065599918365	-0.001761136111
2.067199945450	-0.001737296116
2.068799972534	-0.004598336294
2.070399999619	-0.003162768204
2.072000026703	-0.002107744105
2.073600053787	-0.002500464208
2.075199842453	-0.003309392137
2.076799869537	-0.003164576134
2.078399896622	-0.001875616144
2.079999923706	-0.002419904107
2.081599950790	-0.002796592191
2.083199977875	-0.004408064298
2.084800004959	-0.002694528317
2.086400032043	-0.003778720275
2.088000059128	-0.003943808377
2.089599847794	-0.002989280270
2.091199874878	-0.003142784350
2.092799901962	-0.003781760344
2.094399929047	-0.003055664245
2.095999956131	-0.000256336032
2.097599983215	-0.003291504225
2.099200010300	-0.003056784160
2.100800037384	-0.005347360391
2.102400064468	-0.001878416166
2.103999853134	-0.003590336302
2.105599880219	-0.004348480143
2.107199907303	-0.004370976239
2.108799934387	-0.003855488263
2.110399961472	-0.002763056196
2.111999988556	-0.001954944106
2.113600015640	-0.002827376127
2.115200042725	-0.004256224260
2.116799831390	-0.002003008267
2.118399858475	-0.003097488312
2.119999885559	-0.001870144159
2.121599912643	-0.002839248162
2.123199939728	-0.003691248363
2.124799966812	-0.003602016252
2.126399993896	-0.002624928253
2.128000020981	-0.002345520305
2.129600048065	-0.004889680538
2.131199836731	-0.002246624092
2.132799863815	-0.001349040074
2.134399890900	-0.004391200375
2.135999917984	-0.005372528452
2.137599945068	-0.003546336200
2.139199972153	-0.001899424125
2.140799999237	-0.001252080081
2.142400026321	-0.003955120221
2.144000053406	-0.004604288377
2.145599842072	-0.003827664303
2.147199869156	-0.003773488337
2.148799896240	-0.002219936112
2.150399923325	-0.003241424216
2.151999950409	-0.004482112359
2.153599977493	-0.004128160421
2.155200004578	-0.001731232158
2.156800031662	-0.003121584188
2.158400058746	-0.004250864498
2.159999847412	-0.005112080369
2.161599874496	-0.002582528163
2.163199901581	-0.003479952225
2.164799928665	-0.003529712325
2.166399955750	-0.002707776148
2.167999982834	-0.003585696220
2.169600009918	-0.002930880291
2.171200037003	-0.004119952209
2.172800064087	-0.002833808307
2.174399852753	-0.004722976591
2.175999879837	-0.003839616198
2.177599906921	-0.003516352270
2.179199934006	-0.003826848231
2.180799961090	-0.003850048408
2.182399988174	-0.003801792394
2.184000015259	-0.002735616174
2.185600042343	-0.002048656112
2.187199831009	-0.003522352315
2.188799858093	-0.003864400322
2.190399885178	-0.002126688138
2.191999912262	-0.003603088204
2.193599939346	-0.003325808328
2.195199966431	-0.002700768178
2.196799993515	-0.003826688277
2.198400020599	-0.003965072334
2.200000047684	-0.002276608255
2.201599836349	-0.004755520262
2.203199863434	-0.004015088547
2.204799890518	-0.005347120576
2.206399917603	-0.002496720292
2.207999944687	-0.002809216268
2.209599971771	-0.003798864316
2.211199998856	-0.003981152549
2.212800025940	-0.003541232320
2.214400053024	-0.003597904230
2.215999841690	-0.003412912367
2.217599868774	-0.004461936187
2.219199895859	-0.005415856373
2.220799922943	-0.004645200446
2.222399950027	-0.003674000269
2.223999977112	-0.003800896229
2.225600004196	-0.003349040402
2.227200031281	-0.004376192577
2.228800058365	-0.004434832372
2.230399847031	-0.002444352256
2.231999874115	-0.003852320369
2.233599901199	-0.004668752197
2.235199928284	-0.002072976204
2.236799955368	-0.003978000488
2.238399982452	-0.003549648216
2.240000009537	-0.004730048589
2.241600036621	-0.004540320486
2.243199825287	-0.004358576611
2.244799852371	-0.002217408270
2.246399879456	-0.003365504323
2.247999906540	-0.005331232212
2.249599933624	-0.002757072216
2.251199960709	-0.003555968171
2.252799987793	-0.002953600138
2.254400014877	-0.003484528279
2.256000041962	-0.004740160424
2.257599830627	-0.003962976392
2.259199857712	-0.003432592377
2.260799884796	-0.003342864336
2.262399911880	-0.004154192284
2.263999938965	-0.005682848394
2.265599966049	-0.002870880300
2.267199993134	-0.001387952128
2.268800020218	-0.003030336229
2.270400047302	-0.002856272273
2.271999835968	-0.003770144423
2.273599863052	-0.002508928301
2.275199890137	-0.003674768377
2.276799917221	-0.002061856212
2.278399944305	-0.003950672224
2.279999971390	-0.004019312095
2.281599998474	-0.002262576250
2.283200025558	-0.003872672329
2.284800052643	-0.003022960154
2.286399841309	-0.003082016250
2.287999868393	-0.003602928249
2.289599895477	-0.004769104533
2.291199922562	-0.003544288222
2.292799949646	-0.005044032354
2.294399976730	-0.004564704373
2.296000003815	-0.004622880369
2.297600030899	-0.002882896224
2.299200057983	-0.002921504201
2.300799846649	-0.003823872423
2.302399873734	-0.002756912261
2.303999900818	-0.003735168371
2.305599927902	-0.003260592232
2.307199954987	-0.005522448570
2.308799982071	-0.004657648504
2.310400009155	-0.003370912280
2.312000036240	-0.001750272117
2.313599824905	-0.003845600411
2.315199851990	-0.003967856523
2.316799879074	-0.003418752225
2.318399906158	-0.004619088490
2.319999933243	-0.002693280112
2.321599960327	-0.003456880338
2.323199987411	-0.003300528275
2.324800014496	-0.002920512343
2.326400041580	-0.002969792346
2.327999830246	-0.002521984279
2.329599857330	-0.002861776156
2.331199884415	-0.004637472332
2.332799911499	-0.003857616335
2.334399938583	-0.003909536172
2.335999965668	-0.005321440287
2.337599992752	-0.004174608272
2.339200019836	-0.002220048336
2.340800046921	-0.004027024377
2.342399835587	-0.003107184311
2.343999862671	-0.003817264223
2.345599889755	-0.002100576181
2.347199916840	-0.004252432380
2.348799943924	-0.005643328652
2.350399971008	-0.002672000322
2.351999998093	-0.003978688270
2.353600025177	-0.004228784237
2.355200052261	-0.003593536327
2.356799840927	-0.003885824233
2.358399868011	-0.002607728122
2.359999895096	-0.004151968285
2.361599922180	-0.002982528182
2.363199949265	-0.002802768257
2.364799976349	-0.003291776171
2.366400003433	-0.003874656279
2.368000030518	-0.003899216419
2.369600057602	-0.004290240351
2.371199846268	-0.003106080228
2.372799873352	-0.003865408245
2.374399900436	-0.005368736573
2.375999927521	-0.005214704201
2.377599954605	-0.003871472320
2.379199981689	-0.004830800463
2.380800008774	-0.002435808303
2.382400035858	-0.003795680357
2.383999824524	-0.004914240446
2.385599851608	-0.003193760291
2.387199878693	-0.003403216368
2.388799905777	-0.002694240306
2.390399932861	-0.004465744365
2.391999959946	-0.004763888195
2.393599987030	-0.003611488268
2.395200014114	-0.003834672272
2.396800041199	-0.003111648373
2.398399829865	-0.003574864240
2.399999856949	-0.003563696286
2.401599884033	-0.004572720267
2.403199911118	-0.003286448307
2.404799938202	-0.003844848368
2.406399965286	-0.004357440397
2.407999992371	-0.003357872367
2.409600019455	-0.003609936452
2.411200046539	-0.004406672437
2.412799835205	-0.004619536456
2.414399862289	-0.006058848463
2.415999889374	-0.004505776335
2.417599916458	-0.004779152572
2.419199943542	-0.004545056261
2.420799970627	-0.003066784237
2.422399997711	-0.002919456223
2.424000024796	-0.003196496284
2.425600051880	-0.004586944357
2.427199840546	-0.003960672300
2.428799867630	-0.004741520621
2.430399894714	-0.001615088200
2.431999921799	-0.004474880174
2.433599948883	-0.004646576475
2.435199975967	-0.002980768215
2.436800003052	-0.005357120652
2.438400030136	-0.004018128384
2.440000057220	-0.002874208381
2.441599845886	-0.003461920191
2.443199872971	-0.002582240151
2.444799900055	-0.003873280250
2.446399927139	-0.004720672499
2.447999954224	-0.004386672284
2.449599981308	-0.004872304387
2.451200008392	-0.006771120708
2.452800035477	-0.004634672310
2.454399824142	-0.004167632200
2.455999851227	-0.004055056255
2.457599878311	-0.002833408304
2.459199905396	-0.003754720325
2.460799932480	-0.005336400587
2.462399959564	-0.003814384341
2.463999986649	-0.005232464522
2.465600013733	-0.004402064253
2.467200040817	-0.004265536554
2.468799829483	-0.006063168403
2.470399856567	-0.003924976569
2.471999883652	-0.004619536456
2.473599910736	-0.004281616304
2.475199937820	-0.005064400379
2.476799964905	-0.004312528297
2.478399991989	-0.004566624295
2.480000019073	-0.004658432212
2.481600046158	-0.005025984254
2.483199834824	-0.004390016198
2.484799861908	-0.003829584224
2.486399888992	-0.004030208103
2.487999916077	-0.004517536610
2.489599943161	-0.003365616314
2.491199970245	-0.003885856364
2.492799997330	-0.005311952438
2.494400024414	-0.003652048297
2.496000051498	-0.004982800223
2.497599840164	-0.004773744382
2.499199867249	-0.003537664190
2.500799894333	-0.003849824425
2.502399921417	-0.003794512246
2.503999948502	-0.004263744224
2.505599975586	-0.003480160376
2.507200002670	-0.004200368188
2.508800029755	-0.004440304358
2.510399818420	-0.003824912244
2.511999845505	-0.005010000430
2.513599872589	-0.004644464236
2.515199899673	-0.003007616149
2.516799926758	-0.004358992446
2.518399953842	-0.004635872319
2.519999980927	-0.004509040155
2.521600008011	-0.004447520245
2.523200035095	-0.003662896343
2.524799823761	-0.003891552333
2.526399850845	-0.005734048318
2.527999877930	-0.003553200280
2.529599905014	-0.003331904300
2.531199932098	-0.004857248161
2.532799959183	-0.003382048337
2.534399986267	-0.004369104281
2.536000013351	-0.003943376243
2.537600040436	-0.002336368198
2.539199829102	-0.002730176086
2.540799856186	-0.004339632578
2.542399883270	-0.004486400168
2.543999910355	-0.005156464409
2.545599937439	-0.003592832247
2.547199964523	-0.004596224520
2.548799991608	-0.004331504460
2.550400018692	-0.002261808142
2.552000045776	-0.002755408175
2.553599834442	-0.003141456284
2.555199861526	-0.004112960305
2.556799888611	-0.003758976236
2.558399915695	-0.005757392384
2.559999942780	-0.002181296237
2.561599969864	-0.004401568323
2.563199996948	-0.003592480207
2.564800024033	-0.003850624198
2.566400051117	-0.003771360265
2.567999839783	-0.004503312521
2.569599866867	-0.004867088515
2.571199893951	-0.004678080324
2.572799921036	-0.004800048191
2.574399948120	-0.003659728216
2.575999975204	-0.003712464357
2.577600002289	-0.004821552429
2.579200029373	-0.005410576705
2.580799818039	-0.004338080529
2.582399845123	-0.004324272275
2.583999872208	-0.004566416610
2.585599899292	-0.005709584337
2.587199926376	-0.005453824531
2.588799953461	-0.002810208360
2.590399980545	-0.003391840262
2.592000007629	-0.004429296125
2.593600034714	-0.004049584270
2.595199823380	-0.005707056262
2.596799850464	-0.003930096515
2.598399877548	-0.002654368291
2.599999904633	-0.004834288266
2.601599931717	-0.005058240611
2.603199958801	-0.003573232330
2.604799985886	-0.004490912426
2.606400012970	-0.004469984211
2.608000040054	-0.004916640464
2.609599828720	-0.004890144337
2.611199855804	-0.005176208448
2.612799882889	-0.004685696214
2.614399909973	-0.004436896183
2.615999937057	-0.005098944530
2.617599964142	-0.005273600575
2.619199991226	-0.003595104208
2.620800018311	-0.004392000381
2.622400045395	-0.004322592169
2.623999834061	-0.004554624204
2.625599861145	-0.005095600616
2.627199888229	-0.004709056579
2.628799915314	-0.004697712604
2.630399942398	-0.004354032222
2.631999969482	-0.004929872230
2.633599996567	-0.004474368412
2.635200023651	-0.004580784589
2.636800050735	-0.004053728189
2.638399839401	-0.004855104256
2.639999866486	-0.004143488593
2.641599893570	-0.004528912250
2.643199920654	-0.003815664211
2.644799947739	-0.004287168384
2.646399974823	-0.006567824632
2.648000001907	-0.004826080520
2.649600028992	-0.004298080225
2.651199817657	-0.005426544696
2.652799844742	-0.004852704238
2.654399871826	-0.004041744396
2.655999898911	-0.005041776225
2.657599925995	-0.004127552267
2.659199953079	-0.006126880646
2.660799980164	-0.004904048517
2.662400007248	-0.003361840267
2.664000034332	-0.004420496523
2.665599822998	-0.005489024334
2.667199850082	-0.004656256177
2.668799877167	-0.005794208497
2.670399904251	-0.004592800513
2.671999931335	-0.003310400294
2.673599958420	-0.004047920462
2.675199985504	-0.003344368422
2.676800012589	-0.004470272455
2.678400039673	-0.003903536359
2.679999828339	-0.003422704292
2.681599855423	-0.003244208405
2.683199882507	-0.005697760265
2.684799909592	-0.004062112421
2.686399936676	-0.003492000280
2.687999963760	-0.005562208593
2.689599990845	-0.005008144304
2.691200017929	-0.004980416503
2.692800045013	-0.004247456323
2.694399833679	-0.004222112242
2.695999860764	-0.004707904533
2.697599887848	-0.004756448325
2.699199914932	-0.005035248585
2.700799942017	-0.004689584486
2.702399969101	-0.006397760473
2.703999996185	-0.003100784263
2.705600023270	-0.004908528645
2.707200050354	-0.005476528313
2.708799839020	-0.003573824419
2.710399866104	-0.005480288528
2.711999893188	-0.005545888562
2.713599920273	-0.005019696429
2.715199947357	-0.005212288350
2.716799974442	-0.004857568536
2.718400001526	-0.002884528367
2.720000028610	-0.005031216424
2.721599817276	-0.003171136370
2.723199844360	-0.003472448327
2.724799871445	-0.005268160254
2.726399898529	-0.005221568514
2.727999925613	-0.004517936148
2.729599952698	-0.005825504661
2.731199979782	-0.003039360279
2.732800006866	-0.003731312230
2.734400033951	-0.004392688163
2.735999822617	-0.004664528184
2.737599849701	-0.003418464214
2.739199876785	-0.004022384528
2.740799903870	-0.006211216561
2.742399930954	-0.006585872732
2.743999958038	-0.005981632508
2.745599985123	-0.004101920407
2.747200012207	-0.004104912281
2.748800039291	-0.003923184238
2.750399827957	-0.004687136505
2.751999855042	-0.004788272548
2.753599882126	-0.003988464363
2.755199909210	-0.004173200112
2.756799936295	-0.005736096296
2.758399963379	-0.003802336287
2.759999990463	-0.004780112300
2.761600017548	-0.006242352538
2.763200044632	-0.002607616130
2.764799833298	-0.005552224349
2.766399860382	-0.004281504545
2.767999887466	-0.003857760224
2.769599914551	-0.004714768380
2.771199941635	-0.004213392269
2.772799968719	-0.005320256576
2.774399995804	-0.004915488418
2.776000022888	-0.006131664384
2.777599811554	-0.005116464570
2.779199838638	-0.004337056540
2.780799865723	-0.004028320312
2.782399892807	-0.005209600553
2.783999919891	-0.005438592285
2.785599946976	-0.004821872339
2.787199974060	-0.004048592411
2.788800001144	-0.005143808201
2.790400028229	-0.004392928444
2.791999816895	-0.003907296341
2.793599843979	-0.003779184306
2.795199871063	-0.005235840566
2.796799898148	-0.005080736242
2.798399925232	-0.004055936355
2.799999952316	-0.004933104385
2.801599979401	-0.004552912433
2.803200006485	-0.003755088197
2.804800033569	-0.004220944364
2.806399822235	-0.003245328320
2.807999849319	-0.004822384566
2.809599876404	-0.006816368550
2.811199903488	-0.005344736390
2.812799930573	-0.002501024166
2.814399957657	-0.003158560256
2.815999984741	-0.004595056176
2.817600011826	-0.004948800430
2.819200038910	-0.005178480409
2.820799827576	-0.003880704287
2.822399854660	-0.003391760401
2.823999881744	-0.005393792409
2.825599908829	-0.004340384156
2.827199935913	-0.004141712561
2.828799962997	-0.003830032423
2.830399990082	-0.004347872455
2.832000017166	-0.003825264284
2.833600044250	-0.006332080346
2.835199832916	-0.004845344462
2.836799860001	-0.003633072367
2.838399887085	-0.003951120190
2.839999914169	-0.004310544580
2.841599941254	-0.004586800467
2.843199968338	-0.003799264319
2.844799995422	-0.005173984449
2.846400022507	-0.004260912538
2.847999811172	-0.005538144615
2.849599838257	-0.006040032487
2.851199865341	-0.002795168199
2.852799892426	-0.003255520249
2.854399919510	-0.005770064425
2.855999946594	-0.005063616205
2.857599973679	-0.005267840344
2.859200000763	-0.005816016346
2.860800027847	-0.005380688235
2.862399816513	-0.003450128250
2.863999843597	-0.004398480523
2.865599870682	-0.003463840345
2.867199897766	-0.005242096260
2.868799924850	-0.004979856312
2.870399951935	-0.005428848322
2.871999979019	-0.005270000547
2.873600006104	-0.004961360246
2.875200033188	-0.004257328343
2.876799821854	-0.005502544343
2.878399848938	-0.005213808268
2.879999876022	-0.004896720406
2.881599903107	-0.003333552275
2.883199930191	-0.005090032239
2.884799957275	-0.004506240599
2.886399984360	-0.004899552558
2.888000011444	-0.005023664329
2.889600038528	-0.005724720657
2.891199827194	-0.004647456575
2.892799854279	-0.006546368357
2.894399881363	-0.004561536480
2.895999908447	-0.004003056325
2.897599935532	-0.003883680329
2.899199962616	-0.005210448522
2.900799989700	-0.004568608478
2.902400016785	-0.006216032431
2.904000043869	-0.006448000669
2.905599832535	-0.005059664603
2.907199859619	-0.007088832557
2.908799886703	-0.005775584374
2.910399913788	-0.004610976204
2.911999940872	-0.004531408660
2.913599967957	-0.003653600346
2.915199995041	-0.006080432329
2.916800022125	-0.005420320667
2.918399810791	-0.005616400391
2.919999837875	-0.004579520319
2.921599864960	-0.005011920352
2.923199892044	-0.004120480269
2.924799919128	-0.004425296560
2.926399946213	-0.003641984193
2.927999973297	-0.003467440140
2.929600000381	-0.006340336520
2.931200027466	-0.005444640294
2.932799816132	-0.004870368633
2.934399843216	-0.004290336277
2.935999870300	-0.004689072259
2.937599897385	-0.004524848424
2.939199924469	-0.005941856652
2.940799951553	-0.004433696158
2.942399978638	-0.006291536614
2.944000005722	-0.006004032679
2.945600032806	-0.004491232336
2.947199821472	-0.005657168571
2.948799848557	-0.004015200306
2.950399875641	-0.004392512143
2.951999902725	-0.005700784270
2.953599929810	-0.004429792520
2.955199956894	-0.004180544522
2.956799983978	-0.004568000324
2.958400011063	-0.005315760616
2.960000038147	-0.005673968699
2.961599826813	-0.004833008628
2.963199853897	-0.005205968395
2.964799880981	-0.005509552546
2.966399908066	-0.004374800250
2.967999935150	-0.006443344522
2.969599962234	-0.004453024361
2.971199989319	-0.006466480438
2.972800016403	-0.005287856329
2.974400043488	-0.005607968662
2.975999832153	-0.006312384736
2.977599859238	-0.005862592719
2.979199886322	-0.004745136481
2.980799913406	-0.004585824441
2.982399940491	-0.005046896636
2.983999967575	-0.004175168462
2.985599994659	-0.004297536332
2.987200021744	-0.006658896338
2.988799810410	-0.005277536344
2.990399837494	-0.004980000202
2.991999864578	-0.005539568607
2.993599891663	-0.003759552259
2.995199918747	-0.006144960411
2.996799945831	-0.005510656629
2.998399972916	-0.004677888472
3.000000000000	-0.006046080496
3.001600027084	-0.004991616588
3.003199815750	-0.004483104218
3.004799842834	-0.006336224731
3.006399869919	-0.006435888354
3.007999897003	-0.004813744221
3.009599924088	-0.004775776528
3.011199951172	-0.004954864271
3.012799978256	-0.006128016394
3.014400005341	-0.005011216272
3.016000032425	-0.004835408181
3.017599821091	-0.003643936245
3.019199848175	-0.005918688606
3.020799875259	-0.004867568612
3.022399902344	-0.004198176321
3.023999929428	-0.004322432447
3.025599956512	-0.003722112393
3.027199983597	-0.004566544201
3.028800010681	-0.004697344266
3.030400037766	-0.003647984238
3.031999826431	-0.004696720280
3.033599853516	-0.004527888261
3.035199880600	-0.005233520642
3.036799907684	-0.005448592361
3.038399934769	-0.005160928238
3.039999961853	-0.004977760371
3.041599988937	-0.004696144257
3.043200016022	-0.004693360534
3.044799804687	-0.004566416610
3.046399831772	-0.004438288510
3.047999858856	-0.005923200399
3.049599885941	-0.006672768388
3.051199913025	-0.006476064678
3.052799940109	-0.005624048412
3.054399967194	-0.003320416203
3.055999994278	-0.005583920516
3.057600021362	-0.005521328654
3.059199810028	-0.004546128213
3.060799837112	-0.004903440364
3.062399864197	-0.004707200453
3.063999891281	-0.003039040137
3.065599918365	-0.004712176509
3.067199945450	-0.005281968508
3.068799972534	-0.004587440286
3.070399999619	-0.004176528193
3.072000026703	-0.004761536606
3.073599815369	-0.005299728364
3.075199842453	-0.004123120569
3.076799869537	-0.006166176405
3.078399896622	-0.004422208294
3.079999923706	-0.004010144155
3.081599950790	-0.002961264225
3.083199977875	-0.003819776233
3.084800004959	-0.005926560611
3.086400032043	-0.005562192295
3.087999820709	-0.005734928418
3.089599847794	-0.004715616349
3.091199874878	-0.004318064544
3.092799901962	-0.004407872446
3.094399929047	-0.005128144287
3.095999956131	-0.003798064310
3.097599983215	-0.005037200172
3.099200010300	-0.003988944460
3.100800037384	-0.006350688636
3.102399826050	-0.004411184229
3.103999853134	-0.004795856308
3.105599880219	-0.003937312402
3.107199907303	-0.005315872375
3.108799934387	-0.004405344371
3.110399961472	-0.005781744607
3.111999988556	-0.005301984493
3.113600015640	-0.002889392199
3.115199804306	-0.005252896342
3.116799831390	-0.005118896253
3.118399858475	-0.004316256382
3.119999885559	-0.005968784448
3.121599912643	-0.005160384346
3.123199939728	-0.005168080330
3.124799966812	-0.003525472246
3.126399993896	-0.006916160695
3.128000020981	-0.005905600265
3.129599809647	-0.004567696247
3.131199836731	-0.006269264501
3.132799863815	-0.005377680529
3.134399890900	-0.005062640645
3.135999917984	-0.004745760467
3.137599945068	-0.005072112661
3.139199972153	-0.003959168214
3.140799999237	-0.004349984229
3.142400026321	-0.005545120686
3.143999814987	-0.006556016393
3.145599842072	-0.006369440351
3.147199869156	-0.006080240477
3.148799896240	-0.004646416288
3.150399923325	-0.004362432286
3.151999950409	-0.005756336264
3.153599977493	-0.005097552203
3.155200004578	-0.003890704364
3.156800031662	-0.003261616221
3.158399820328	-0.003459216328
3.159999847412	-0.005355696194
3.161599874496	-0.003908400424
3.163199901581	-0.005032576155
3.164799928665	-0.004179232288
3.166399955750	-0.005097232293
3.167999982834	-0.005472816527
3.169600009918	-0.006286704447
3.171200037003	-0.005388512276
3.172799825668	-0.005028896499
3.174399852753	-0.005057728384
3.175999879837	-0.005101328250
3.177599906921	-0.002942256397
3.179199934006	-0.004205728415
3.180799961090	-0.004762128461
3.182399988174	-0.004623008426
3.184000015259	-0.004752016626
3.185599803925	-0.005632672459
3.187199831009	-0.005392064340
3.188799858093	-0.003995424137
3.190399885178	-0.005068048369
3.191999912262	-0.004926064517
3.193599939346	-0.005189664196
3.195199966431	-0.005868656561
3.196799993515	-0.003681888338
3.198400020599	-0.005017376505
3.199999809265	-0.005367328413
3.201599836349	-0.005420336500
3.203199863434	-0.004942128435
3.204799890518	-0.005568928551
3.206399917603	-0.005207648501
3.207999944687	-0.005080560222
3.209599971771	-0.004985248204
3.211199998856	-0.003897392191
3.212800025940	-0.005759520456
3.214399814606	-0.005617952440
3.215999841690	-0.005450912286
3.217599868774	-0.004996064585
3.219199895859	-0.003248800291
3.220799922943	-0.005289920606
3.222399950027	-0.004456240218
3.223999977112	-0.003422624199
3.225600004196	-0.004924672656
3.227200031281	-0.005261568353
3.228799819946	-0.005589504261
3.230399847031	-0.004782096483
3.231999874115	-0.004106720444
3.233599901199	-0.004987312481
3.235199928284	-0.004755104426
3.236799955368	-0.004405152518
3.238399982452	-0.004699632525
3.240000009537	-0.005107472651
3.241600036621	-0.005429568235
3.243199825287	-0.006956128404
3.244799852371	-0.005633200519
3.246399879456	-0.005199200474
3.247999906540	-0.003865072271
3.249599933624	-0.004492528271
3.251199960709	-0.004782160278
3.252799987793	-0.004722624552
3.254400014877	-0.004903088324
3.255999803543	-0.003113936167
3.257599830627	-0.005114432424
3.259199857712	-0.007241904736
3.260799884796	-0.004720944446
3.262399911880	-0.003874896327
3.263999938965	-0.007088176440
3.265599966049	-0.005063456483
3.267199993134	-0.006102832500
3.268800020218	-0.006162384525
3.270399808884	-0.004212400410
3.271999835968	-0.004812096246
3.273599863052	-0.004463040270
3.275199890137	-0.004562848248
3.276799917221	-0.005180864595
3.278399944305	-0.004633888602
3.279999971390	-0.005278928205
3.281599998474	-0.004559456371
3.283200025558	-0.005309872329
3.284799814224	-0.006369184703
3.286399841309	-0.004544496536
3.287999868393	-0.004418592434
3.289599895477	-0.005350560416
3.291199922562	-0.004393472336
3.292799949646	-0.005720176268
3.294399976730	-0.003135936335
3.296000003815	-0.005362672266
3.297600030899	-0.004744304344
3.299199819565	-0.005282096565
3.300799846649	-0.005160128698
3.302399873734	-0.003887328319
3.303999900818	-0.005002800375
3.305599927902	-0.005937872455
3.307199954987	-0.004029616248
3.308799982071	-0.004769360647
3.310400009155	-0.004821616225
3.311999797821	-0.004318576306
3.313599824905	-0.005237728357
3.315199851990	-0.005689344369
3.316799879074	-0.005849968642
3.318399906158	-0.004452320281
3.319999933243	-0.005446128547
3.321599960327	-0.004924096633
3.323199987411	-0.003655616427
3.324800014496	-0.005070064683
3.326399803162	-0.004794096574
3.327999830246	-0.006721616723
3.329599857330	-0.005727568641
3.331199884415	-0.005846944638
3.332799911499	-0.005120448302
3.334399938583	-0.005651312415
3.335999965668	-0.005021120422
3.337599992752	-0.004605088383
3.339200019836	-0.004604672547
3.340799808502	-0.004110464361
3.342399835587	-0.003687456250
3.343999862671	-0.007272896823
3.345599889755	-0.004658960272
3.347199916840	-0.005041408353
3.348799943924	-0.005782208405
3.350399971008	-0.005593728274
3.351999998093	-0.004295424558
3.353600025177	-0.004556544591
3.355199813843	-0.004275472369
3.356799840927	-0.005767312367
3.358399868011	-0.005862240680
3.359999895096	-0.005714320578
3.361599922180	-0.004813952371
3.363199949265	-0.003334784182
3.364799976349	-0.005830048583
3.366400003433	-0.005911456421
3.368000030518	-0.004448464140
3.369599819183	-0.004263696261
3.371199846268	-0.004702976439
3.372799873352	-0.005615472328
3.374399900436	-0.005886352621
3.375999927521	-0.003971456084
3.377599954605	-0.006340256426
3.379199981689	-0.004878080450
3.380800008774	-0.004706368316
3.382399797440	-0.005310768727
3.383999824524	-0.003100128146
3.385599851608	-0.005168736447
3.387199878693	-0.004961776547
3.388799905777	-0.007190560456
3.390399932861	-0.004958080593
3.391999959946	-0.004790624604
3.393599987030	-0.005581952631
3.395200014114	-0.005466352217
3.396799802780	-0.005648512393
3.398399829865	-0.004917136393
3.399999856949	-0.006251040380
3.401599884033	-0.005231280345
3.403199911118	-0.006358608603
3.404799938202	-0.005835648626
3.406399965286	-0.005083456170
3.407999992371	-0.005581232719
3.409600019455	-0.006361712702
3.411199808121	-0.005673088599
3.412799835205	-0.003984304145
3.414399862289	-0.006613712758
3.415999889374	-0.006892320700
3.417599916458	-0.004927520640
3.419199943542	-0.004469760228
3.420799970627	-0.004895520397
3.422399997711	-0.007106816396
3.424000024796	-0.005807920359
3.425599813461	-0.005266832653
3.427199840546	-0.004542384297
3.428799867630	-0.004481168464
3.430399894714	-0.005325600505
3.431999921799	-0.005732368678
3.433599948883	-0.005536240526
3.435199975967	-0.006025472656
3.436800003052	-0.004841984250
3.438400030136	-0.006527248770
3.439999818802	-0.004610368516
3.441599845886	-0.005174656399
3.443199872971	-0.003938624170
3.444799900055	-0.004849152640
3.446399927139	-0.005046880338
3.447999954224	-0.004588256590
3.449599981308	-0.004992352333
3.451200008392	0.004155440256
