0.000000000000	0.014703809284
0.001599999960	0.013733681291
0.003199999919	0.015568560921
0.004799999762	0.012495232746
0.006399999838	0.013478929177
0.007999999449	0.014384944923
0.009599999525	0.013073841110
0.011199999601	0.012982320972
0.012799999677	0.012122256681
0.014399999753	0.012794257142
0.015999998897	0.014297968708
0.017599999905	0.012291696854
0.019199999049	0.012341264635
0.020800000057	0.011981649324
0.022399999201	0.012548657134
0.024000000209	0.012356337160
0.025599999353	0.012257552706
0.027199998498	0.010661552660
0.028799999505	0.011926161125
0.030399998650	0.011481888592
0.031999997795	0.011888192967
0.033599998802	0.013265552931
0.035199999809	0.010841680691
0.036800000817	0.010419121012
0.038399998099	0.011132225394
0.039999999106	0.012456385419
0.041600000113	0.011975296773
0.043199997395	0.011901360936
0.044799998403	0.010197584517
0.046399999410	0.010438560508
0.048000000417	0.010318417102
0.049599997699	0.009394704364
0.051199998707	0.012177553028
0.052799999714	0.010012992658
0.054399996996	0.011322785169
0.055999998003	0.011667729355
0.057599999011	0.010429760441
0.059200000018	0.011502800509
0.060799997300	0.011286800727
0.062399998307	0.009664560668
0.063999995589	0.010736816563
0.065600000322	0.009762400761
0.067199997604	0.011291905306
0.068799994886	0.010001136921
0.070399999619	0.010262880474
0.071999996901	0.009468832985
0.073600001633	0.010329056531
0.075199998915	0.009086912498
0.076799996197	0.011327184737
0.078400000930	0.009934849106
0.079999998212	0.009776304476
0.081599995494	0.009479568340
0.083200000226	0.008772096597
0.084799997509	0.009979200549
0.086399994791	0.009595424868
0.087999999523	0.009155617096
0.089599996805	0.010498320684
0.091199994087	0.009299633093
0.092799998820	0.008822368458
0.094399996102	0.009583904408
0.096000000834	0.009371088818
0.097599998116	0.008854848333
0.099199995399	0.008374304511
0.100800000131	0.009123329073
0.102399997413	0.011063728482
0.103999994695	0.008748000488
0.105599999428	0.008483472280
0.107199996710	0.007989776321
0.108799993992	0.008729808964
0.110399998724	0.007742992602
0.111999996006	0.009079776704
0.113600000739	0.008306416683
0.115199998021	0.007824304514
0.116799995303	0.009622304700
0.118400000036	0.008207920939
0.119999997318	0.009047633037
0.121599994600	0.008776608855
0.123199999332	0.009026064537
0.124799996614	0.008683312684
0.126399993896	0.006717440672
0.127999991179	0.009427776560
0.129600003362	0.009891664609
0.131200000644	0.008903536946
0.132799997926	0.009462225251
0.134399995208	0.008308176883
0.135999992490	0.008058080450
0.137599989772	0.009130433202
0.139200001955	0.009150768630
0.140799999237	0.007395888679
0.142399996519	0.009226896800
0.143999993801	0.006892352365
0.145599991083	0.006470672321
0.147200003266	0.009731904604
0.148800000548	0.007278768346
0.150399997830	0.006092128344
0.151999995112	0.010090112686
0.153599992394	0.008056976832
0.155199989676	0.006651344709
0.156800001860	0.008212080225
0.158399999142	0.008261536248
0.159999996424	0.007961904630
0.161599993706	0.006370176561
0.163199990988	0.009247472510
0.164800003171	0.007932496257
0.166400000453	0.007483296562
0.167999997735	0.007341424469
0.169599995017	0.007259008475
0.171199992299	0.005977152381
0.172799989581	0.008838992566
0.174400001764	0.006067808252
0.175999999046	0.006385200657
0.177599996328	0.008140352555
0.179199993610	0.007089360617
0.180799990892	0.006864464376
0.182399988174	0.006938352715
0.184000000358	0.009065488353
0.185599997640	0.006650496740
0.187199994922	0.006779824384
0.188799992204	0.008929632604
0.190399989486	0.006518064532
0.192000001669	0.006264704280
0.193599998951	0.007900000550
0.195199996233	0.008270400576
0.196799993515	0.006012560334
0.198399990797	0.006765184458
0.199999988079	0.008897040971
0.201600000262	0.007063616533
0.203199997544	0.006994784810
0.204799994826	0.007531824522
0.206399992108	0.006197632290
0.207999989390	0.007157808635
0.209600001574	0.006516240537
0.211199998856	0.006523264572
0.212799996138	0.006841488648
0.214399993420	0.007634304464
0.215999990702	0.008305856958
0.217599987984	0.007920832373
0.219200000167	0.007748560514
0.220799997449	0.006747696549
0.222399994731	0.004751952365
0.223999992013	0.005931584630
0.225599989295	0.005826672539
0.227200001478	0.004356576595
0.228799998760	0.006019312423
0.230399996042	0.007886608131
0.231999993324	0.006326160394
0.233599990606	0.005628784187
0.235199987888	0.006905936636
0.236800000072	0.006339408457
0.238399997354	0.006611136720
0.239999994636	0.006548256613
0.241599991918	0.005164864473
0.243199989200	0.007227824535
0.244799986482	0.006608096417
0.246399998665	0.007239408791
0.247999995947	0.006034000311
0.249599993229	0.005073088221
0.251199990511	0.005953216460
0.252799987793	0.007010896690
0.254399985075	0.006527232472
0.255999982357	0.006629728712
0.257599979639	0.006233392749
0.259200006723	0.007069456391
0.260800004005	0.005239568651
0.262400001287	0.003358576214
0.263999998569	0.006676672492
0.265599995852	0.006420176476
0.267199993134	0.005663184449
0.268799990416	0.006251968443
0.270399987698	0.006527008489
0.271999984980	0.007339920849
0.273599982262	0.006181728560
0.275199979544	0.005600304343
0.276800006628	0.005714592524
0.278400003910	0.007726896554
0.280000001192	0.004836304579
0.281599998474	0.003302768338
0.283199995756	0.006690688431
0.284799993038	0.005928448401
0.286399990320	0.005051888525
0.287999987602	0.005209824536
0.289599984884	0.005730208475
0.291199982166	0.006369968411
0.292799979448	0.006557776593
0.294400006533	0.006916880608
0.296000003815	0.005370224360
0.297600001097	0.005896080751
0.299199998379	0.004911264405
0.300799995661	0.006314336322
0.302399992943	0.006914192345
0.303999990225	0.005607632454
0.305599987507	0.004700432532
0.307199984789	0.005597312469
0.308799982071	0.005845088512
0.310399979353	0.007207696792
0.312000006437	0.006100592669
0.313600003719	0.005536496639
0.315200001001	0.005622464232
0.316799998283	0.006002608687
0.318399995565	0.004435296170
0.319999992847	0.005607136525
0.321599990129	0.004877328407
0.323199987411	0.005556224380
0.324799984694	0.007193424739
0.326399981976	0.006264736410
0.327999979258	0.006743392441
0.329600006342	0.005272704642
0.331200003624	0.006085808389
0.332800000906	0.005296176299
0.334399998188	0.007101440802
0.335999995470	0.006539008580
0.337599992752	0.006405440625
0.339199990034	0.005796144716
0.340799987316	0.005828016438
0.342399984598	0.004886256531
0.343999981880	0.005205216352
0.345599979162	0.005402352661
0.347199976444	0.005612096284
0.348800003529	0.003747520270
0.350400000811	0.005555648357
0.351999998093	0.006799440365
0.353599995375	0.006172848400
0.355199992657	0.005745392293
0.356799989939	0.004229936283
0.358399987221	0.004558624234
0.359999984503	0.004391488153
0.361599981785	0.005429536570
0.363199979067	0.005349808373
0.364799976349	0.005558416247
0.366400003433	0.005803888664
0.368000000715	0.004714624491
0.369599997997	0.007194176782
0.371199995279	0.005646160338
0.372799992561	0.004448896274
0.374399989843	0.006276160479
0.375999987125	0.005313712638
0.377599984407	0.005362032447
0.379199981689	0.005183344241
0.380799978971	0.004571648315
0.382399976254	0.004471488297
0.384000003338	0.006145680323
0.385600000620	0.004112880211
0.387199997902	0.005911904387
0.388799995184	0.003332960187
0.390399992466	0.005337296519
0.391999989748	0.004892224446
0.393599987030	0.007831568830
0.395199984312	0.006064448506
0.396799981594	0.003575936425
0.398399978876	0.004994752351
0.399999976158	0.004696384538
0.401600003242	0.005215936340
0.403200000525	0.004887632560
0.404799997807	0.006315536331
0.406399995089	0.005546192639
0.407999992371	0.005208336283
0.409599989653	0.005195824429
0.411199986935	0.005076208152
0.412799984217	0.004095200449
0.414399981499	0.004223808181
0.415999978781	0.004830160644
0.417599976063	0.003958256450
0.419200003147	0.006142720580
0.420800000429	0.005228992552
0.422399997711	0.005023264326
0.423999994993	0.005842080340
0.425599992275	0.003809408285
0.427199989557	0.002625056077
0.428799986839	0.006138640456
0.430399984121	0.005749712698
0.431999981403	0.003921744414
0.433599978685	0.005560656544
0.435199975967	0.004583584145
0.436800003052	0.002850592136
0.438400000334	0.004274816252
0.439999997616	0.005001216196
0.441599994898	0.003330560168
0.443199992180	0.004804832395
0.444799989462	0.004575376399
0.446399986744	0.003650688333
0.447999984026	0.003992592450
0.449599981308	0.003028688254
0.451199978590	0.004978672136
0.452799975872	0.003200080246
0.454400002956	0.005115552340
0.456000000238	0.004263088573
0.457599997520	0.004822560586
0.459199994802	0.004958688281
0.460799992085	0.004754512571
0.462399989367	0.004515648354
0.463999986649	0.003752208315
0.465599983931	0.003657312365
0.467199981213	0.004343840294
0.468799978495	0.006441568490
0.470399975777	0.004904720467
0.472000002861	0.003558016382
0.473600000143	0.002753984183
0.475199997425	0.004903008230
0.476799994707	0.005341776181
0.478399991989	0.003973040264
0.479999989271	0.004976912402
0.481599986553	0.004500288516
0.483199983835	0.004498480354
0.484799981117	0.004063584376
0.486399978399	0.005236448720
0.487999975681	0.002927056281
0.489599972963	0.003142704256
0.491200000048	0.005686096381
0.492799997330	0.004777440336
0.494399994612	0.001471168129
0.495999991894	0.006364176515
0.497599989176	0.004120112397
0.499199986458	0.005435872357
0.500800013542	0.004630128387
0.502399981022	0.003743760288
0.504000008106	0.003098496236
0.505599975586	0.004061648156
0.507200002670	0.003033008194
0.508799970150	0.001982736168
0.510399997234	0.003572272370
0.511999964714	0.003799568396
0.513599991798	0.002872432116
0.515199959278	0.002522352152
0.516799986362	0.003553984221
0.518400013447	0.003330240259
0.519999980927	0.003682800336
0.521600008011	0.005706448574
0.523199975491	0.004663136322
0.524800002575	0.004119200166
0.526399970055	0.002083872212
0.527999997139	0.004497328307
0.529599964619	0.001586224185
0.531199991703	0.004077056423
0.532799959183	0.002540896181
0.534399986267	0.004455360584
0.536000013351	0.000405280007
0.537599980831	0.003546368331
0.539200007915	0.003182672197
0.540799975395	0.005127408542
0.542400002480	0.003073264379
0.543999969959	0.004200400319
0.545599997044	0.002616048325
0.547199964523	0.005722512491
0.548799991608	0.002024016110
0.550399959087	0.004255344160
0.551999986172	0.004511808511
0.553600013256	0.003137120279
0.555199980736	0.003643184202
0.556800007820	0.003643504344
0.558399975300	0.003566720290
0.560000002384	0.002730560256
0.561599969864	0.003011648310
0.563199996948	0.003477040213
0.564799964428	0.004129216541
0.566399991512	0.004361840431
0.567999958992	0.003894784255
0.569599986076	0.004706064239
0.571200013161	0.002778512193
0.572799980640	0.004227504134
0.574400007725	0.004375776276
0.575999975204	0.001597344177
0.577600002289	0.003266544314
0.579199969769	0.003164864145
0.580799996853	0.003989808261
0.582399964333	0.003178256331
0.583999991417	0.004760672338
0.585599958897	0.002868336160
0.587199985981	0.002173344139
0.588800013065	0.004906944465
0.590399980545	0.003486176254
0.592000007629	0.002273888094
0.593599975109	0.003811040428
0.595200002193	0.005632896442
0.596799969673	0.002677328186
0.598399996758	0.002538080327
0.599999964237	0.001963584218
0.601599991322	0.002484928118
0.603199958801	0.003983520437
0.604799985886	0.004315888509
0.606400012970	0.002750896150
0.607999980450	0.004558880348
0.609600007534	0.004190016538
0.611199975014	0.001778048114
0.612800002098	0.001655088156
0.614399969578	0.003804928390
0.615999996662	0.003541776212
0.617599964142	0.003257072298
0.619199991226	0.003671536222
0.620799958706	0.002810000209
0.622399985790	0.004206448328
0.624000012875	0.003512496362
0.625599980354	0.003837712342
0.627200007439	0.002475104295
0.628799974918	0.003460192354
0.630400002003	0.003152848221
0.631999969482	0.002557808300
0.633599996567	0.003251472255
0.635199964046	0.002318912186
0.636799991131	0.002081360202
0.638399958611	0.001896080095
0.639999985695	0.001990592107
0.641600012779	0.001390304067
0.643199980259	0.004625552334
0.644800007343	0.002411520109
0.646399974823	0.003618240356
0.648000001907	0.001888336148
0.649599969387	0.002577312291
0.651199996471	0.001962336246
0.652799963951	0.004870736506
0.654399991035	0.001313040149
0.655999958515	0.003493616357
0.657599985600	0.001698112115
0.659200012684	0.004126672167
0.660799980164	0.003305440303
0.662400007248	0.002693440299
0.663999974728	0.002027552109
0.665600001812	0.002754992107
0.667199969292	0.001701792120
0.668799996376	0.004279008601
0.670399963856	0.004010832403
0.671999990940	0.001212912146
0.673599958420	0.005101504270
0.675199985504	0.002604624256
0.676800012589	0.004348928109
0.678399980068	0.003637136193
0.680000007153	0.001605328172
0.681599974632	0.002602240304
0.683200001717	0.002703888109
0.684799969196	0.001981456066
0.686399996281	0.004051344469
0.687999963760	0.002446640283
0.689599990845	0.004135184456
0.691199958324	0.003201168263
0.692799985409	0.001043568132
0.694399952888	0.003100688336
0.695999979973	0.002177008195
0.697600007057	0.002841280308
0.699199974537	0.002260032110
0.700800001621	0.002862720285
0.702399969101	0.003141888184
0.703999996185	0.003126224270
0.705599963665	0.001933088177
0.707199990749	0.002567728283
0.708799958229	0.003514048178
0.710399985313	0.002648960100
0.711999952793	0.003198784310
0.713599979877	0.003839808283
0.715200006962	0.001182128093
0.716799974442	0.003431600286
0.718400001526	0.002097568242
0.719999969006	0.002271472244
0.721599996090	0.002367024310
0.723199963570	0.002927696332
0.724799990654	0.003083584132
0.726399958134	0.004975632299
0.727999985218	0.001278304146
0.729599952698	0.001589888125
0.731199979782	0.003195648314
0.732800006866	0.002231200226
0.734399974346	0.002622208325
0.736000001431	0.002334432211
0.737599968910	0.002555216197
0.739199995995	0.001743424102
0.740799963474	0.002996880328
0.742399990559	0.000822336064
0.743999958038	0.001274080132
0.745599985123	0.002784352284
0.747199952602	0.003207936184
0.748799979687	0.000845248054
0.750400006771	0.004226912279
0.751999974251	0.002840064233
0.753600001335	0.002599088242
0.755199968815	0.002529968275
0.756799995899	0.002364960266
0.758399963379	0.001357120113
0.759999990463	0.000107072003
0.761599957943	0.003348992206
0.763199985027	0.001581440098
0.764799952507	0.002841536188
0.766399979591	0.002530240221
0.768000006676	0.002250928199
0.769599974155	0.002938320162
0.771200001240	0.002252464183
0.772799968719	0.002425824292
0.774399995804	0.001521264086
0.775999963284	0.000918016071
0.777599990368	0.002620240208
0.779199957848	0.001930960105
0.780799984932	0.000242944006
0.782399952412	0.001876368187
0.783999979496	0.001736640115
0.785600006580	0.002213776112
0.787199974060	0.002856560284
0.788800001144	0.002317504259
0.790399968624	0.000642416067
0.791999995708	0.001212288043
0.793599963188	0.001474112156
0.795199990273	0.002394480165
0.796799957752	0.002996880328
0.798399984837	0.003079792252
0.799999952316	0.002407920314
0.801599979401	0.001239440171
0.803200006485	0.004095344339
0.804799973965	0.001488736132
0.806400001049	0.002099152189
0.807999968529	0.002227296121
0.809599995613	0.002306192182
0.811199963093	0.002670784248
0.812799990177	0.002343808301
0.814399957657	0.001190496143
0.815999984741	0.001490656170
0.817599952221	0.003189920215
0.819199979305	0.001517152181
0.820800006390	0.001932192128
0.822399973869	0.002133424161
0.824000000954	0.001604704186
0.825599968433	0.001930272207
0.827199995518	0.002314416226
0.828799962997	0.000057696034
0.830399990082	0.000432448054
0.831999957561	0.001135808066
0.833599984646	0.002903952263
0.835199952126	0.000990096130
0.836799979210	0.001213328098
0.838400006294	0.003780064406
0.839999973774	0.001890224172
0.841600000858	0.001220496139
0.843199968338	0.004064384382
0.844799995422	-0.000103503990
0.846399962902	0.001190656098
0.847999989986	0.002022512257
0.849599957466	0.003031136235
0.851199984550	0.002288544085
0.852799952030	0.002196800197
0.854399979115	0.002343600150
0.856000006199	0.002431648085
0.857599973679	0.000735088077
0.859200000763	0.001455264166
0.860799968243	0.000935472082
0.862399995327	0.001515040058
0.863999962807	0.001156192040
0.865599989891	-0.000039343973
0.867199957371	0.001236272161
0.868799984455	0.002814352280
0.870399951935	0.001168640098
0.871999979019	0.001595952199
0.873600006104	0.002471664222
0.875199973583	0.002653760137
0.876800000668	0.003710320219
0.878399968147	0.001195552060
0.879999995232	0.001561408164
0.881599962711	-0.000772288069
0.883199989796	0.001582240104
0.884799957275	0.003751456272
0.886399984360	0.001460208092
0.887999951839	0.001631840132
0.889599978924	0.002542448230
0.891200006008	0.002836096333
0.892799973488	0.002980320249
0.894400000572	0.001465504174
0.895999968052	0.002145136241
0.897599995136	0.002659104066
0.899199962616	0.001438000123
0.900799989700	0.001418736065
0.902399957180	0.002114736242
0.903999984264	0.001106720068
0.905599951744	0.001189088100
0.907199978828	0.002517744200
0.908800005913	0.001327744103
0.910399973392	0.002609472256
0.912000000477	0.001594576170
0.913599967957	0.001295696129
0.915199995041	0.002565648174
0.916799962521	0.002450336237
0.918399989605	0.003871888388
0.919999957085	0.002748784143
0.921599984169	0.003062096192
0.923199951649	0.001349648111
0.924799978733	0.001713104197
0.926400005817	0.002580656204
0.927999973297	-0.001068384037
0.929600000381	0.004280208610
0.931199967861	0.001728848205
0.932799994946	-0.000045343968
0.934399962425	0.002612656215
0.935999989510	0.000886800117
0.937599956989	0.000556512095
0.939199984074	0.001863616169
0.940799951553	0.001338752103
0.942399978638	0.001876720111
0.944000005722	0.001906688209
0.945599973202	0.002248384058
0.947200000286	0.000823952025
0.948799967766	-0.000247120013
0.950399994850	0.000852608064
0.951999962330	0.001948448247
0.953599989414	0.001359296148
0.955199956894	0.001720512169
0.956799983978	0.002230880084
0.958399951458	-0.000159279982
0.959999978542	0.003282496240
0.961599946022	0.001408720156
0.963199973106	0.001117264037
0.964800000191	0.002454512054
0.966399967670	0.001562048099
0.967999994755	-0.000449359999
0.969599962234	0.001796704135
0.971199989319	0.000103184022
0.972799956799	0.001262624166
0.974399983883	-0.000120239980
0.975999951363	0.003529168200
0.977599978447	-0.000496992026
0.979199945927	-0.000082736013
0.980799973011	0.001473104116
0.982400000095	0.003735024249
0.983999967575	-0.000102208003
0.985599994659	0.001162192086
0.987199962139	0.001072992105
0.988799989223	0.002973824274
0.990399956703	0.000988960150
0.991999983788	0.001474400167
0.993599951267	0.000918560079
0.995199978352	-0.000179984010
0.996799945831	-0.000679968041
0.998399972916	0.001219680067
1.000000000000	0.002922752174
1.001600027084	0.002361216117
1.003199934959	0.001136480132
1.004799962044	-0.001687632175
1.006399989128	0.001732048113
1.008000016212	0.000917776080
1.009599924088	0.002057232196
1.011199951172	0.003732048208
1.012799978256	0.000319487997
1.014400005341	0.000300368003
1.016000032425	0.002192224143
1.017599940300	0.000776128029
1.019199967384	-0.000821024063
1.020799994469	0.001874688198
1.022400021553	0.002050224226
1.023999929428	0.000936848111
1.025599956512	0.001042496064
1.027199983597	0.002442240249
1.028800010681	0.001233472140
1.030399918556	0.003780384315
1.031999945641	-0.000377456017
1.033599972725	0.001236048061
1.035199999809	0.000878256047
1.036800026894	0.001309504150
1.038399934769	-0.000095119991
1.039999961853	0.002679152181
1.041599988937	0.002199360169
1.043200016022	0.000075615964
1.044799923897	0.001227104105
1.046399950981	0.001286144136
1.047999978065	0.000136959992
1.049600005150	0.000634192023
1.051200032234	0.000015728037
1.052799940109	0.001278832089
1.054399967194	0.001251184032
1.055999994278	0.001958160195
1.057600021362	0.000155104019
1.059199929237	-0.001038160175
1.060799956322	0.002169424202
1.062399983406	-0.000070687958
1.064000010490	0.000180848001
1.065599918365	0.001305488055
1.067199945450	0.002096016193
1.068799972534	0.001482880092
1.070399999619	0.000163488032
1.072000026703	0.000720256125
1.073599934578	0.002131088171
1.075199961662	-0.000630944036
1.076799988747	-0.000314736099
1.078400015831	-0.000259904016
1.079999923706	0.001665872172
1.081599950790	0.002047232119
1.083199977875	-0.000415728078
1.084800004959	0.000291184086
1.086400032043	0.002543392126
1.087999939919	-0.000564576010
1.089599967003	0.002681104233
1.091199994087	0.001771248179
1.092800021172	0.001326688100
1.094399929047	0.001040688134
1.095999956131	0.000496592082
1.097599983215	-0.001167312032
1.099200010300	0.001522832201
1.100799918175	-0.000179984010
1.102399945259	0.000864896050
1.103999972343	-0.000460272102
1.105599999428	0.001097872038
1.107200026512	0.002452800283
1.108799934387	0.000637136109
1.110399961472	0.000745312020
1.111999988556	0.000731488049
1.113600015640	0.000565712049
1.115199923515	0.001685584080
1.116799950600	0.000584112073
1.118399977684	-0.001205328153
1.120000004768	-0.000580512045
1.121599912643	0.000128031985
1.123199939728	-0.000631808012
1.124799966812	0.001363088144
1.126399993896	0.000879808038
1.128000020981	0.000433024048
1.129599928856	0.001830912195
1.131199955940	0.000451712083
1.132799983025	-0.000360160018
1.134400010109	0.000332512049
1.135999917984	0.000398880045
1.137599945068	0.001622976153
1.139199972153	-0.000462448050
1.140799999237	-0.002197168069
1.142400026321	0.000426352024
1.143999934196	0.000137232026
1.145599961281	0.001219504164
1.147199988365	-0.002163552213
1.148800015450	0.001425152179
1.150399923325	0.000276032049
1.151999950409	0.000833488011
1.153599977493	-0.000541904068
1.155200004578	0.000689424109
1.156799912453	0.001729920157
1.158399939537	-0.000584624067
1.159999966621	-0.000221759969
1.161599993706	-0.001737136161
1.163200020790	0.000260383968
1.164799928665	0.001302160090
1.166399955750	0.000455088040
1.167999982834	0.000275280065
1.169600009918	0.000582896057
1.171199917793	0.001494320109
1.172799944878	0.000133344045
1.174399971962	0.000107808039
1.175999999046	0.000343632040
1.177600026131	-0.000047760022
1.179199934006	0.002668576315
1.180799961090	0.001820048201
1.182399988174	0.000968800043
1.184000015259	-0.000320720050
1.185599923134	-0.000089071953
1.187199950218	0.001039712108
1.188799977303	0.000342912012
1.190400004387	0.001270928071
1.191999912262	-0.000298880041
1.193599939346	-0.000410015986
1.195199966431	0.002213824075
1.196799993515	-0.000030447982
1.198400020599	0.000481216033
1.199999928474	0.000522432034
1.201599955559	0.000316288060
1.203199982643	-0.000630048104
1.204800009727	-0.000134672009
1.206399917603	-0.000532704056
1.207999944687	0.000562800036
1.209599971771	0.000692303991
1.211199998856	-0.000942400075
1.212800025940	0.000468016020
1.214399933815	-0.000546912081
1.215999960899	0.001334928093
1.217599987984	0.001550080138
1.219200015068	-0.000488320075
1.220799922943	0.001769504161
1.222399950027	0.000164144018
1.223999977112	-0.000578415988
1.225600004196	-0.000456512033
1.227199912071	-0.000571440090
1.228799939156	-0.000469904015
1.230399966240	0.000165648045
1.231999993324	-0.000721504039
1.233600020409	0.001528128167
1.235199928284	0.001634768094
1.236799955368	0.000511472055
1.238399982452	-0.000872512115
1.240000009537	0.000682000013
1.241599917412	-0.001470240066
1.243199944496	-0.001224000123
1.244799971581	-0.002664016094
1.246399998665	0.000496112043
1.248000025749	0.000203120027
1.249599933624	0.000415664079
1.251199960709	0.001728480216
1.252799987793	-0.001611936139
1.254400014877	0.001352544059
1.255999922752	0.000221536000
1.257599949837	0.000807760051
1.259199976921	-0.001294976100
1.260800004005	-0.000624208013
1.262399911880	-0.000965600018
1.263999938965	0.000421648030
1.265599966049	0.000025935988
1.267199993134	0.000480304006
1.268800020218	0.000505840057
1.270399928093	-0.000623056083
1.271999955177	-0.000017408027
1.273599982262	0.000213696039
1.275200009346	0.000340096041
1.276799917221	0.001084272051
1.278399944305	-0.000309744035
1.279999971390	0.000978128170
1.281599998474	0.002087952103
1.283200025558	-0.001115152147
1.284799933434	0.000087231994
1.286399960518	0.000108367996
1.287999987602	-0.000589056057
1.289600014687	-0.000750384119
1.291199922562	0.001087888144
1.292799949646	0.000121296034
1.294399976730	0.000370704016
1.296000003815	0.000307056005
1.297599911690	0.001239024103
1.299199938774	-0.000322720007
1.300799965858	0.000837376108
1.302399992943	-0.000170864019
1.304000020027	-0.001858400181
1.305599927902	0.000638176105
1.307199954987	-0.000468448037
1.308799982071	-0.001355776098
1.310400009155	0.000197888061
1.311999917030	0.001117504085
1.313599944115	0.001057184068
1.315199971199	0.000960608071
1.316799998283	0.000439200026
1.318400025368	-0.000703216065
1.319999933243	0.000275936036
1.321599960327	0.001239248086
1.323199987411	0.000353312003
1.324800014496	0.001399920089
1.326399922371	-0.000744048040
1.327999949455	-0.001470144140
1.329599976540	-0.001271440182
1.331200003624	0.000639024016
1.332799911499	-0.001125440118
1.334399938583	0.001241696067
1.335999965668	-0.000729424122
1.337599992752	0.000269840035
1.339200019836	0.000373855990
1.340799927711	-0.001528688124
1.342399954796	-0.000856032071
1.343999981880	-0.000010192031
1.345600008965	-0.000395056064
1.347199916840	0.000406928011
1.348799943924	-0.001464576111
1.350399971008	-0.000377600023
1.351999998093	0.000289152027
1.353600025177	-0.000809648074
1.355199933052	0.001375088119
1.356799960136	0.000908800052
1.358399987221	-0.001514784060
1.360000014305	-0.001307632076
1.361599922180	0.000463375967
1.363199949265	-0.000413376052
1.364799976349	-0.000986688072
1.366400003433	-0.001683984185
1.367999911308	-0.000247760006
1.369599938393	0.000448320090
1.371199965477	-0.001242496073
1.372799992561	-0.001700960100
1.374400019646	-0.000739104056
1.375999927521	-0.000436096045
1.377599954605	0.001138272113
1.379199981689	-0.001779792132
1.380800008774	0.000217359964
1.382399916649	-0.000023696019
1.383999943733	0.001592320157
1.385599970818	0.000159440038
1.387199997902	-0.000605776033
1.388799905777	-0.001460208092
1.390399932861	0.000406944018
1.391999959946	-0.001672800165
1.393599987030	-0.002001968212
1.395200014114	0.000554256025
1.396799921989	0.000156879993
1.398399949074	0.000296288024
1.399999976158	-0.001437840168
1.401600003242	-0.001030112151
1.403199911118	0.000005039953
1.404799938202	-0.001756720128
1.406399965286	0.000374080002
1.407999992371	-0.000359952071
1.409600019455	-0.001401200076
1.411199927330	-0.001609392115
1.412799954414	0.000134416012
1.414399981499	-0.001120240078
1.416000008583	0.000093360068
1.417599916458	0.000022608025
1.419199943542	-0.000946976070
1.420799970627	0.001113344100
1.422399997711	-0.000630368013
1.423999905586	0.000098623997
1.425599932671	-0.000097360054
1.427199959755	-0.001350640086
1.428799986839	-0.001558608143
1.430400013924	-0.002903472167
1.431999921799	-0.000691392110
1.433599948883	0.000381936028
1.435199975967	-0.002308992203
1.436800003052	-0.000259120046
1.438399910927	-0.000058015932
1.439999938011	0.000417904084
1.441599965096	-0.000969264074
1.443199992180	0.000943008054
1.444800019264	-0.002067904221
1.446399927139	0.000281679968
1.447999954224	-0.000058192014
1.449599981308	-0.001909264247
1.451200008392	-0.000534208026
1.452799916267	-0.000812992104
1.454399943352	-0.001270560082
1.455999970436	0.000854912098
1.457599997520	-0.000126784027
1.459199905396	0.000018976029
1.460799932480	0.000280191976
1.462399959564	-0.001125760144
1.463999986649	-0.001174896024
1.465600013733	0.001535600168
1.467199921608	0.000930096081
1.468799948692	-0.001191136078
1.470399975777	-0.001904656179
1.472000002861	-0.000151616012
1.473599910736	-0.000052384068
1.475199937820	-0.002425344195
1.476799964905	-0.000906752073
1.478399991989	-0.001792096184
1.480000019073	-0.001167680137
1.481599926949	-0.001365008182
1.483199954033	-0.000491088023
1.484799981117	-0.001175840036
1.486400008202	-0.001906688209
1.487999916077	-0.000928272086
1.489599943161	-0.001981232082
1.491199970245	0.000275984057
1.492799997330	0.000947744062
1.494399905205	-0.000112464098
1.495999932289	-0.002832960337
1.497599959373	-0.002377488185
1.499199986458	0.001419776119
1.500800013542	0.000083743987
1.502399921417	-0.002516032197
1.503999948502	-0.000213264080
1.505599975586	-0.000709424086
1.507200002670	-0.001195680117
1.508799910545	-0.001504896092
1.510399937630	-0.001286048093
1.511999964714	-0.000352352043
1.513599991798	-0.000993488124
1.515200018883	-0.002987664193
1.516799926758	-0.001448400086
1.518399953842	-0.000277504005
1.519999980927	-0.001799712190
1.521600008011	-0.000360128033
1.523199915886	-0.000859040127
1.524799942970	0.001425648108
1.526399970055	-0.000775616092
1.527999997139	-0.001110784127
1.529599905014	-0.002018016065
1.531199932098	-0.000956912118
1.532799959183	-0.000595424033
1.534399986267	-0.000569280062
1.536000013351	-0.002365776338
1.537599921227	0.000468048034
1.539199948311	-0.000479232083
1.540799975395	-0.003032112261
1.542400002480	-0.002987488173
1.543999910355	-0.001420944231
1.545599937439	-0.000537504035
1.547199964523	-0.000310704025
1.548799991608	-0.001963056158
1.550400018692	-0.000812112063
1.551999926567	-0.000396960007
1.553599953651	-0.003054560162
1.555199980736	-0.002331344178
1.556800007820	-0.002303504152
1.558399915695	0.001130704070
1.559999942780	-0.002255312167
1.561599969864	-0.001106640091
1.563199996948	0.000382592028
1.564799904823	-0.000683808059
1.566399931908	-0.000459136063
1.567999958992	-0.002087888075
1.569599986076	-0.001201344072
1.571200013161	-0.001004656078
1.572799921036	-0.000591408054
1.574399948120	-0.002043488203
1.575999975204	-0.000596752099
1.577600002289	-0.002239520196
1.579199910164	-0.001178912120
1.580799937248	-0.000351712020
1.582399964333	-0.001360992203
1.583999991417	-0.003111712169
1.585600018501	-0.001149584074
1.587199926376	-0.000276687962
1.588799953461	-0.000771472056
1.590399980545	-0.003028896404
1.592000007629	0.000432368077
1.593599915504	-0.002548832214
1.595199942589	-0.000736064103
1.596799969673	-0.002189184073
1.598399996758	-0.000901728054
1.599999904633	-0.000546112133
1.601599931717	0.000413823960
1.603199958801	-0.000112991991
1.604799985886	-0.001775888144
1.606400012970	-0.000565215945
1.607999920845	0.000840352091
1.609599947929	-0.001969472272
1.611199975014	-0.001674592146
1.612800002098	-0.001230064197
1.614399909973	-0.003210480325
1.615999937057	-0.001004592050
1.617599964142	-0.002174848225
1.619199991226	-0.002448368352
1.620800018311	-0.001040528063
1.622399926186	-0.001905280165
1.623999953270	-0.002880800283
1.625599980354	-0.000596272061
1.627200007439	-0.002839840250
1.628799915314	-0.001163616078
1.630399942398	-0.001980496105
1.631999969482	-0.001025536098
1.633599996567	-0.002495616209
1.635199904442	-0.001961952075
1.636799931526	-0.002645344241
1.638399958611	-0.002876080340
1.639999985695	-0.002303760266
1.641600012779	-0.000694912043
1.643199920654	-0.000854752085
1.644799947739	-0.001939456095
1.646399974823	-0.000583424058
1.648000001907	-0.001220352133
1.649599909782	-0.002227984136
1.651199936867	-0.002168032108
1.652799963951	-0.003321088385
1.654399991035	-0.002035376150
1.655999898911	-0.000294256024
1.657599925995	-0.000061184066
1.659199953079	-0.003697392298
1.660799980164	-0.001722384128
1.662400007248	-0.002639728365
1.663999915123	-0.000618368038
1.665599942207	-0.003014544258
1.667199969292	-0.000188383987
1.668799996376	-0.002002384281
1.670399904251	0.000533680024
1.671999931335	-0.001268256106
1.673599958420	-0.002945408225
1.675199985504	-0.004601968452
1.676800012589	0.000942944083
1.678399920464	-0.002428336302
1.679999947548	-0.001774000120
1.681599974632	-0.001228512032
1.683200001717	-0.002168768086
1.684799909592	-0.001702640206
1.686399936676	-0.002373792231
1.687999963760	-0.001236784039
1.689599990845	-0.001423168113
1.691199898720	-0.001159312087
1.692799925804	-0.002018288011
1.694399952888	-0.001190304174
1.695999979973	-0.001864768099
1.697600007057	-0.001034640009
1.699199914932	-0.003870544257
1.700799942017	-0.002672128147
1.702399969101	-0.001782976207
1.703999996185	-0.002144208178
1.705599904060	-0.005052512512
1.707199931145	0.001837760094
1.708799958229	-0.001842032187
1.710399985313	-0.002740720287
1.712000012398	-0.000275552040
1.713599920273	-0.001915568137
1.715199947357	-0.002469280269
1.716799974442	-0.003043792211
1.718400001526	-0.002618976170
1.719999909401	-0.001601824188
1.721599936485	-0.000670768088
1.723199963570	-0.000848784053
1.724799990654	-0.002681456273
1.726399898529	-0.002646720270
1.727999925613	-0.001194144133
1.729599952698	-0.004475936294
1.731199979782	-0.003897104412
1.732800006866	0.000230320060
1.734399914742	-0.001862816163
1.735999941826	-0.002387296176
1.737599968910	-0.000866272079
1.739199995995	-0.002527200151
1.740799903870	-0.002435712144
1.742399930954	-0.000916192075
1.743999958038	-0.002610144205
1.745599985123	-0.002588784089
1.747200012207	-0.000457679998
1.748799920082	-0.001968752127
1.750399947166	-0.003922016360
1.751999974251	-0.001547568128
1.753600001335	-0.000875632046
1.755199909210	-0.002126576146
1.756799936295	-0.001019456075
1.758399963379	-0.004004640505
1.759999990463	-0.001620432129
1.761599898338	-0.000236272012
1.763199925423	-0.001762032160
1.764799952507	-0.005002112594
1.766399979591	-0.000073039955
1.768000006676	-0.001676336164
1.769599914551	-0.002804592252
1.771199941635	-0.004561360460
1.772799968719	-0.001044144039
1.774399995804	-0.002389392350
1.775999903679	-0.003237008350
1.777599930763	-0.002028896241
1.779199957848	-0.002360960236
1.780799984932	-0.001619968098
1.782400012016	-0.002168416046
1.783999919891	-0.002944512293
1.785599946976	-0.000638719997
1.787199974060	-0.000899456092
1.788800001144	-0.001610176172
1.790399909019	-0.001700352062
1.791999936104	-0.000352448056
1.793599963188	-0.002012880286
1.795199990273	-0.002706528176
1.796799898148	-0.004148736130
1.798399925232	-0.001619200106
1.799999952316	-0.003018832300
1.801599979401	-0.002085296204
1.803200006485	-0.002147728112
1.804799914360	-0.001404576120
1.806399941444	-0.000778000103
1.807999968529	-0.004077248275
1.809599995613	-0.002433840185
1.811199903488	-0.002081072191
1.812799930573	0.001259152079
1.814399957657	-0.003323696321
1.815999984741	-0.000736512069
1.817600011826	-0.001230592141
1.819199919701	-0.001536752097
1.820799946785	-0.002435184084
1.822399973869	-0.000646000030
1.824000000954	-0.004065232351
1.825599908829	-0.000321759988
1.827199935913	-0.004675264470
1.828799962997	-0.002047888236
1.830399990082	-0.002081344137
1.831999897957	-0.001861952129
1.833599925041	-0.004499392584
1.835199952126	-0.002345136134
1.836799979210	-0.000642639992
1.838400006294	-0.001990464283
1.839999914169	-0.004464464262
1.841599941254	-0.001148096053
1.843199968338	-0.002318688203
1.844799995422	-0.003425856354
1.846399903297	-0.001939968206
1.847999930382	-0.001056752051
1.849599957466	-0.002581776120
1.851199984550	-0.002458816161
1.852800011635	-0.002455408219
1.854399919510	-0.002448752057
1.855999946594	-0.001466672169
1.857599973679	-0.001022704062
1.859200000763	-0.004208448343
1.860799908638	-0.002037744038
1.862399935722	-0.001602576114
1.863999962807	-0.003422944341
1.865599989891	-0.001548896194
1.867199897766	-0.001186352107
1.868799924850	-0.001262608101
1.870399951935	-0.002712624148
1.871999979019	-0.000032656029
1.873600006104	-0.002127200132
1.875199913979	-0.001943344134
1.876799941063	-0.003015584312
1.878399968147	-0.002410608344
1.879999995232	-0.002884160262
1.881599903107	0.000867936120
1.883199930191	-0.002561744303
1.884799957275	-0.001412080135
1.886399984360	-0.000284880050
1.888000011444	-0.002012400189
1.889599919319	-0.002386720153
1.891199946404	-0.003329504281
1.892799973488	-0.001873120200
1.894400000572	-0.001097504050
1.895999908447	-0.002033504192
1.897599935532	-0.001101984060
1.899199962616	-0.003401344176
1.900799989700	-0.002845568117
1.902399897575	-0.000475872046
1.903999924660	-0.001954112202
1.905599951744	-0.002467760118
1.907199978828	-0.000901120133
1.908800005913	-0.003692960367
1.910399913788	-0.002513024257
1.911999940872	-0.001743072178
1.913599967957	-0.005210672505
1.915199995041	-0.002148384228
1.916799902916	-0.001464048168
1.918399930000	-0.003018240212
1.919999957085	-0.003079792252
1.921599984169	-0.001903104130
1.923199892044	-0.003664432326
1.924799919128	-0.002591760131
1.926399946213	0.000023232004
1.927999973297	-0.002983088372
1.929600000381	-0.001679376117
1.931199908257	-0.000443456083
1.932799935341	-0.001546528074
1.934399962425	-0.003803424304
1.935999989510	-0.002089424292
1.937599897385	-0.001589616179
1.939199924469	-0.004039296415
1.940799951553	-0.002222656272
1.942399978638	-0.002310256241
1.944000005722	-0.001828256180
1.945599913597	-0.001990784192
1.947199940681	-0.001382800052
1.948799967766	-0.002961664228
1.950399994850	-0.002592688194
1.951999902725	-0.002470672131
1.953599929810	-0.002975904383
1.955199956894	-0.002158016199
1.956799983978	-0.001102384063
1.958399891853	-0.003670608159
1.959999918938	-0.002675616182
1.961599946022	-0.001564912149
1.963199973106	-0.003328720341
1.964800000191	-0.003466896247
1.966399908066	-0.001236288110
1.967999935150	-0.003188896226
1.969599962234	-0.002774896333
1.971199989319	-0.003622272285
1.972799897194	-0.001527008135
1.974399924278	-0.002414112212
1.975999951363	-0.002690672176
1.977599978447	-0.002361440100
1.979200005531	-0.001903424156
1.980799913406	-0.001630208106
1.982399940491	-0.001825616113
1.983999967575	-0.003970640246
1.985599994659	-0.000261743990
1.987199902534	-0.003280864330
1.988799929619	-0.003624704201
1.990399956703	-0.002410112182
1.991999983788	-0.000716143986
1.993599891663	-0.002358336234
1.995199918747	-0.002058640122
1.996799945831	-0.003238144331
1.998399972916	-0.003186304355
2.000000000000	-0.003768400289
2.001600027084	-0.001163840061
2.003200054169	-0.002465600148
2.004799842834	-0.002932800213
2.006399869919	-0.001358368085
2.007999897003	-0.001524384134
2.009599924088	-0.005044704303
2.011199951172	-0.003497008234
2.012799978256	-0.001506064087
2.014400005341	-0.004991600290
2.016000032425	-0.001603184151
2.017600059509	-0.002693360206
2.019199848175	-0.003614048241
2.020799875259	-0.001457568142
2.022399902344	-0.003437056439
2.023999929428	-0.003433760256
2.025599956512	-0.001804976142
2.027199983597	-0.002726912266
2.028800010681	-0.004123280291
2.030400037766	-0.001821040176
2.032000064850	-0.001716384082
2.033599853516	-0.002669760259
2.035199880600	-0.003564288374
2.036799907684	-0.002942512278
2.038399934769	-0.001891920227
2.039999961853	-0.001512240153
2.041599988937	-0.002212560270
2.043200016022	-0.004068944138
2.044800043106	-0.002538544126
2.046399831772	-0.001409088145
2.047999858856	-0.003207904287
2.049599885941	-0.001792144147
2.051199913025	-0.002554256236
2.052799940109	-0.005044576246
2.054399967194	-0.001381808077
2.055999994278	-0.001576832263
2.057600021362	-0.004396016244
2.059200048447	-0.001789776143
2.060799837112	-0.002491024090
2.062399864197	-0.003921456635
2.063999891281	-0.003078720300
2.065599918365	-0.002564544091
2.067199945450	-0.003278368153
2.068799972534	-0.002248976147
2.070399999619	-0.003211824456
2.072000026703	-0.002652368275
2.073600053787	-0.001673120190
2.075199842453	-0.002536128275
2.076799869537	-0.003961680457
2.078399896622	-0.000204704003
2.079999923706	-0.002562256297
2.081599950790	-0.004763184581
2.083199977875	-0.004359712359
2.084800004959	-0.001448432100
2.086400032043	-0.003517072182
2.088000059128	-0.003564224346
2.089599847794	-0.002281824127
2.091199874878	-0.004782192409
2.092799901962	-0.000838400098
2.094399929047	-0.000977904070
2.095999956131	-0.002566544106
2.097599983215	-0.005672016181
2.099200010300	0.000334367971
2.100800037384	-0.002186256228
2.102400064468	-0.004009904340
2.103999853134	-0.003183648223
2.105599880219	-0.001198832062
2.107199907303	-0.001776160207
2.108799934387	-0.002321984153
2.110399961472	-0.003649840364
2.111999988556	-0.003071264364
2.113600015640	-0.001816512202
2.115200042725	-0.002095328178
2.116799831390	-0.002969056135
2.118399858475	-0.004222240299
2.119999885559	-0.002551520243
2.121599912643	-0.005364208482
2.123199939728	-0.003661776427
2.124799966812	-0.001256016083
2.126399993896	-0.004612528253
2.128000020981	-0.002425152110
2.129600048065	-0.001146368100
2.131199836731	-0.003232512157
2.132799863815	-0.002597728278
2.134399890900	-0.000881424057
2.135999917984	-0.006325216498
2.137599945068	-0.001565920073
2.139199972153	-0.002104528248
2.140799999237	-0.002979424316
2.142400026321	-0.003662000410
2.144000053406	-0.001789968112
2.145599842072	-0.003432944417
2.147199869156	-0.003643008182
2.148799896240	-0.003472560318
2.150399923325	-0.002522240160
2.151999950409	-0.003514176235
2.153599977493	-0.001549648121
2.155200004578	-0.002495824359
2.156800031662	-0.004713616334
2.158400058746	-0.001958208159
2.159999847412	-0.004057664424
2.161599874496	-0.002305264352
2.163199901581	-0.003134192433
2.164799928665	-0.004467552528
2.166399955750	-0.004761392251
2.167999982834	-0.003313168185
2.169600009918	-0.001912880223
2.171200037003	-0.002435936127
2.172800064087	-0.002562224166
2.174399852753	-0.003676128341
2.175999879837	-0.002359584207
2.177599906921	-0.000958752003
2.179199934006	-0.003780256258
2.180799961090	-0.003274816321
2.182399988174	-0.004234384280
2.184000015259	-0.002032000106
2.185600042343	-0.001354336157
2.187199831009	-0.003729664488
2.188799858093	-0.003148992313
2.190399885178	-0.003141472349
2.191999912262	-0.002016272163
2.193599939346	-0.004095104523
2.195199966431	-0.003851440270
2.196799993515	-0.002706720261
2.198400020599	-0.000303744018
2.200000047684	-0.001355408225
2.201599836349	-0.003503536340
2.203199863434	-0.002688096371
2.204799890518	-0.003919184208
2.206399917603	-0.002821008209
2.207999944687	-0.002648272319
2.209599971771	-0.003904464422
2.211199998856	-0.002062960062
2.212800025940	-0.002574000275
2.214400053024	-0.002259856090
2.215999841690	-0.000744976103
2.217599868774	-0.002901280299
2.219199895859	-0.003183440305
2.220799922943	-0.003292704234
2.222399950027	-0.001896928181
2.223999977112	-0.003660672344
2.225600004196	-0.003393680323
2.227200031281	-0.003080960130
2.228800058365	-0.003381168237
2.230399847031	-0.002452208195
2.231999874115	-0.002315616235
2.233599901199	-0.002555872081
2.235199928284	-0.003407104174
2.236799955368	-0.004772304557
2.238399982452	-0.002486112295
2.240000009537	-0.001976608299
2.241600036621	-0.002117024269
2.243199825287	-0.003610432381
2.244799852371	-0.002390432172
2.246399879456	-0.002724384191
2.247999906540	-0.004162736237
2.249599933624	-0.004407136235
2.251199960709	-0.001595712150
2.252799987793	-0.003626288380
2.254400014877	-0.003987296484
2.256000041962	-0.004571152385
2.257599830627	-0.001935504144
2.259199857712	-0.003828480374
2.260799884796	-0.003823408391
2.262399911880	-0.005379680544
2.263999938965	-0.004633600358
2.265599966049	-0.000941344071
2.267199993134	-0.002112336224
2.268800020218	-0.002161776181
2.270400047302	-0.002273680177
2.271999835968	-0.004162144382
2.273599863052	-0.003344912315
2.275199890137	-0.002344192239
2.276799917221	-0.004796928260
2.278399944305	-0.003240704304
2.279999971390	-0.002211696235
2.281599998474	-0.003338880371
2.283200025558	-0.005335248541
2.284800052643	-0.001657808200
2.286399841309	-0.002117344178
2.287999868393	-0.004960240331
2.289599895477	-0.004561168607
2.291199922562	-0.004734048620
2.292799949646	-0.003293120302
2.294399976730	-0.001432176097
2.296000003815	-0.004065216053
2.297600030899	-0.005151216406
2.299200057983	-0.002998528304
2.300799846649	-0.002173776273
2.302399873734	-0.003103536321
2.303999900818	-0.004575472325
2.305599927902	-0.003281840356
2.307199954987	-0.002585936105
2.308799982071	-0.001064928132
2.310400009155	-0.003291440196
2.312000036240	-0.001397104119
2.313599824905	-0.002209552331
2.315199851990	-0.002914672252
2.316799879074	-0.005054560490
2.318399906158	-0.002268256154
2.319999933243	-0.003798688296
2.321599960327	-0.003714928403
2.323199987411	-0.003238752251
2.324800014496	-0.003439472290
2.326400041580	-0.003125568386
2.327999830246	-0.004559408408
2.329599857330	-0.002518352121
2.331199884415	-0.003754528239
2.332799911499	-0.002879808191
2.334399938583	-0.001377968118
2.335999965668	-0.003617424285
2.337599992752	-0.002682800172
2.339200019836	-0.003651360283
2.340800046921	-0.003643568372
2.342399835587	-0.003811184317
2.343999862671	-0.003891760251
2.345599889755	-0.004408944398
2.347199916840	-0.003516384400
2.348799943924	-0.002160080243
2.350399971008	-0.004728640430
2.351999998093	-0.003422096372
2.353600025177	-0.003518784186
2.355200052261	-0.004004448187
2.356799840927	-0.002783664269
2.358399868011	-0.003990528174
2.359999895096	-0.003182768356
2.361599922180	-0.002110384172
2.363199949265	-0.002947504167
2.364799976349	-0.003522144398
2.366400003433	-0.003188400296
2.368000030518	-0.001251184149
2.369600057602	-0.004079136532
2.371199846268	-0.003761024447
2.372799873352	-0.001740128151
2.374399900436	-0.003789888229
2.375999927521	-0.003784720320
2.377599954605	-0.004837648477
2.379199981689	-0.003614416346
2.380800008774	-0.003261392238
2.382400035858	-0.001838688157
2.383999824524	-0.004967040382
2.385599851608	-0.002803072333
2.387199878693	-0.001589920139
2.388799905777	-0.003463968169
2.390399932861	-0.005283136386
2.391999959946	-0.005344880279
2.393599987030	-0.001990592107
2.395200014114	-0.003090608167
2.396800041199	-0.004083216190
2.398399829865	-0.004834304564
2.399999856949	-0.003627920290
2.401599884033	-0.001022560056
2.403199911118	-0.001618400216
2.404799938202	-0.006631072611
2.406399965286	-0.004785456229
2.407999992371	-0.002370432252
2.409600019455	-0.002660480095
2.411200046539	-0.005272080656
2.412799835205	-0.005465216469
2.414399862289	-0.003264608327
2.415999889374	-0.002884880174
2.417599916458	-0.002900496358
2.419199943542	-0.002999392338
2.420799970627	-0.003366064280
2.422399997711	-0.002545088064
2.424000024796	-0.004099216312
2.425600051880	-0.004483552184
2.427199840546	-0.002664336236
2.428799867630	-0.003416704247
2.430399894714	-0.005625856575
2.431999921799	-0.003177424194
2.433599948883	-0.004125952255
2.435199975967	-0.005234992597
2.436800003052	-0.003772224300
2.438400030136	-0.002959600184
2.440000057220	-0.004461856559
2.441599845886	-0.003050560132
2.443199872971	-0.002718288219
2.444799900055	-0.004539440386
2.446399927139	-0.003556016367
2.447999954224	-0.004205712117
2.449599981308	-0.004705824424
2.451200008392	-0.004143792205
2.452800035477	-0.004604672547
2.454399824142	-0.002478064271
2.455999851227	-0.001678032102
2.457599878311	-0.003024848178
2.459199905396	-0.005345328245
2.460799932480	-0.003232544288
2.462399959564	-0.004022656474
2.463999986649	-0.002645408269
2.465600013733	-0.005498880520
2.467200040817	-0.002012432087
2.468799829483	-0.002907920163
2.470399856567	-0.002879312262
2.471999883652	-0.002794304164
2.473599910736	-0.004417136312
2.475199937820	-0.003961584531
2.476799964905	-0.003723248141
2.478399991989	-0.002163152210
2.480000019073	-0.005303616636
2.481600046158	-0.002458336297
2.483199834824	-0.003910720348
2.484799861908	-0.003852320369
2.486399888992	-0.004546176177
2.487999916077	-0.006065168418
2.489599943161	-0.003795536235
2.491199970245	-0.004554800224
2.492799997330	-0.003158688312
2.494400024414	-0.004272128455
2.496000051498	-0.002983104205
2.497599840164	-0.003151632380
2.499199867249	-0.004671056289
2.500799894333	-0.004792640451
2.502399921417	-0.002830224345
2.503999948502	-0.005584384315
2.505599975586	-0.005998640321
2.507200002670	-0.002520880196
2.508800029755	-0.003043952165
2.510399818420	-0.004647680558
2.511999845505	-0.005255312193
2.513599872589	-0.004228560254
2.515199899673	-0.003944768570
2.516799926758	-0.003721568268
2.518399953842	-0.006677376572
2.519999980927	-0.004074192140
2.521600008011	-0.001050992054
2.523200035095	-0.004329808522
2.524799823761	-0.005067776423
2.526399850845	-0.004258752335
2.527999877930	-0.000725088059
2.529599905014	-0.004230144434
2.531199932098	-0.004927216563
2.532799959183	-0.006203232333
2.534399986267	-0.003278464312
2.536000013351	-0.004523808137
2.537600040436	-0.003601840232
2.539199829102	-0.005543200299
2.540799856186	-0.003736224258
2.542399883270	-0.002799936105
2.543999910355	-0.004414112307
2.545599937439	-0.005332528614
2.547199964523	-0.003370272228
2.548799991608	-0.004064960405
2.550400018692	-0.004425808322
2.552000045776	-0.003268976230
2.553599834442	-0.003468624316
2.555199861526	-0.002727824263
2.556799888611	-0.004172944464
2.558399915695	-0.003148512216
2.559999942780	-0.004502688535
2.561599969864	-0.003613280365
2.563199996948	-0.003850416280
2.564800024033	-0.003704688279
2.566400051117	-0.003316672286
2.567999839783	-0.003682928393
2.569599866867	-0.005373296328
2.571199893951	-0.003008784261
2.572799921036	-0.003534800373
2.574399948120	-0.003513056319
2.575999975204	-0.005321568344
2.577600002289	-0.002616928192
2.579200029373	-0.002690080320
2.580799818039	-0.003911104519
2.582399845123	-0.006432544440
2.583999872208	-0.003123600269
2.585599899292	-0.002869344316
2.587199926376	-0.004500560462
2.588799953461	-0.002250032267
2.590399980545	-0.002059184248
2.592000007629	-0.003579840297
2.593600034714	-0.005343008321
2.595199823380	-0.004773840308
2.596799850464	-0.003938896116
2.598399877548	-0.004596784245
2.599999904633	-0.004099024460
2.601599931717	-0.005610704422
2.603199958801	-0.004944768269
2.604799985886	-0.003369456157
2.606400012970	-0.003981904127
2.608000040054	-0.004378320184
2.609599828720	-0.004592384212
2.611199855804	-0.005840256345
2.612799882889	-0.004819296300
2.614399909973	-0.004378416110
2.615999937057	-0.004451776389
2.617599964142	-0.004460160155
2.619199991226	-0.003472960321
2.620800018311	-0.003204816254
2.622400045395	-0.004187616520
2.623999834061	-0.003491056385
2.625599861145	-0.003870592220
2.627199888229	-0.002993184375
2.628799915314	-0.003610656364
2.630399942398	-0.003369904356
2.631999969482	-0.003749024356
2.633599996567	-0.003217520192
2.635200023651	-0.003188048257
2.636800050735	-0.005363040604
2.638399839401	-0.002614672296
2.639999866486	-0.004944896325
2.641599893570	-0.003449776210
2.643199920654	-0.003206896130
2.644799947739	-0.004360016435
2.646399974823	-0.004890960641
2.648000001907	-0.004896640312
2.649600028992	-0.003062752308
2.651199817657	-0.003773408243
2.652799844742	-0.007017152384
2.654399871826	-0.004053136334
2.655999898911	-0.001676176093
2.657599925995	-0.005680640694
2.659199953079	-0.003774464363
2.660799980164	-0.004795376211
2.662400007248	-0.003428800264
2.664000034332	-0.004400128499
2.665599822998	-0.003946736455
2.667199850082	-0.004515776411
2.668799877167	-0.004723888356
2.670399904251	-0.002909712261
2.671999931335	-0.004150000401
2.673599958420	-0.003273984184
2.675199985504	-0.004821968265
2.676800012589	-0.004447664134
2.678400039673	-0.002932944335
2.679999828339	-0.005450688303
2.681599855423	-0.005445104558
2.683199882507	-0.005726672243
2.684799909592	-0.002756640315
2.686399936676	-0.007381808478
2.687999963760	-0.004596176557
2.689599990845	-0.004053584300
2.691200017929	-0.004958848469
2.692800045013	-0.004200944211
2.694399833679	-0.004348704591
2.695999860764	-0.004460880533
2.697599887848	-0.004406432621
2.699199914932	-0.002101616235
2.700799942017	-0.004720464349
2.702399969101	-0.003455728292
2.703999996185	-0.005244304426
2.705600023270	-0.005067040212
2.707200050354	-0.004506352358
2.708799839020	-0.004635264166
2.710399866104	-0.005032768473
2.711999893188	-0.005189744290
2.713599920273	-0.002540784189
2.715199947357	-0.004392848350
2.716799974442	-0.002301968168
2.718400001526	-0.004176704213
2.720000028610	-0.003962384537
2.721599817276	-0.003573408118
2.723199844360	-0.004856960382
2.724799871445	-0.004429424182
2.726399898529	-0.004437632393
2.727999925613	-0.004566784482
2.729599952698	-0.003945520148
2.731199979782	-0.004019728396
2.732800006866	-0.004583664238
2.734400033951	-0.003684864379
2.735999822617	-0.004504576325
2.737599849701	-0.004016176332
2.739199876785	-0.005548384506
2.740799903870	-0.005659824703
2.742399930954	-0.002573392121
2.743999958038	-0.002768048318
2.745599985123	-0.004775984213
2.747200012207	-0.004804368597
2.748800039291	-0.004028608091
2.750399827957	-0.002815024229
2.751999855042	-0.004480576608
2.753599882126	-0.003386448137
2.755199909210	-0.004513456486
2.756799936295	-0.003028944368
2.758399963379	-0.006159280427
2.759999990463	-0.003648608224
2.761600017548	-0.002892624121
2.763200044632	-0.004606656265
2.764799833298	-0.004258656409
2.766399860382	-0.005191168282
2.767999887466	-0.001548432163
2.769599914551	-0.005450368393
2.771199941635	-0.004627568182
2.772799968719	-0.003632352222
2.774399995804	-0.003075744258
2.776000022888	-0.004140752368
2.777599811554	-0.003233872354
2.779199838638	-0.005529168528
2.780799865723	-0.002905136207
2.782399892807	-0.003834848292
2.783999919891	-0.004284784198
2.785599946976	-0.006421312690
2.787199974060	-0.003476304235
2.788800001144	-0.004916304257
2.790400028229	-0.004273136612
2.791999816895	-0.004861936439
2.793599843979	-0.004058592487
2.795199871063	-0.005445840303
2.796799898148	-0.005850704387
2.798399925232	-0.004040704574
2.799999952316	-0.004407552537
2.801599979401	-0.003726720344
2.803200006485	-0.003645808203
2.804800033569	-0.003423408372
2.806399822235	-0.005023984239
2.807999849319	-0.002971936250
2.809599876404	-0.004815520253
2.811199903488	-0.003597888164
2.812799930573	-0.006203888450
2.814399957657	-0.005392048508
2.815999984741	-0.003806432476
2.817600011826	-0.003194208257
2.819200038910	-0.005094032269
2.820799827576	-0.003436048282
2.822399854660	-0.005603488535
2.823999881744	-0.004174208269
2.825599908829	-0.005880848505
2.827199935913	-0.002984288149
2.828799962997	-0.004458624404
2.830399990082	-0.005536416546
2.832000017166	-0.004979808349
2.833600044250	-0.003071776358
2.835199832916	-0.004472992383
2.836799860001	-0.005081616342
2.838399887085	-0.003893264337
2.839999914169	-0.003313616384
2.841599941254	-0.003539808327
2.843199968338	-0.004210944287
2.844799995422	-0.004992752336
2.846400022507	-0.003923392389
2.847999811172	-0.003989648540
2.849599838257	-0.003908640239
2.851199865341	-0.002763872268
2.852799892426	-0.006807584781
2.854399919510	-0.004266736563
2.855999946594	-0.004425520543
2.857599973679	-0.003608368337
2.859200000763	-0.005507600494
2.860800027847	-0.004210768268
2.862399816513	-0.005233968608
2.863999843597	-0.003140928224
2.865599870682	-0.006022736430
2.867199897766	-0.004392464180
2.868799924850	-0.005348096602
2.870399951935	-0.003861968406
2.871999979019	-0.004568704404
2.873600006104	-0.004597216379
2.875200033188	-0.004633920267
2.876799821854	-0.005348400678
2.878399848938	-0.006090464536
2.879999876022	-0.005196544342
2.881599903107	-0.003848368302
2.883199930191	-0.005930528510
2.884799957275	-0.003692832310
2.886399984360	-0.005651568528
2.888000011444	-0.003884400241
2.889600038528	-0.004563104361
2.891199827194	-0.004250320140
2.892799854279	-0.006248368416
2.894399881363	-0.004765392281
2.895999908447	-0.005222224630
2.897599935532	-0.003274512244
2.899199962616	-0.003264464205
2.900799989700	-0.006000464316
2.902400016785	-0.005065072328
2.904000043869	-0.003794400254
2.905599832535	-0.003843392245
2.907199859619	-0.003365824232
2.908799886703	-0.002760304371
2.910399913788	-0.003858288284
2.911999940872	-0.005126016214
2.913599967957	-0.004249520134
2.915199995041	-0.003015440190
2.916800022125	-0.004351168405
2.918399810791	-0.005663632415
2.919999837875	-0.002927632304
2.921599864960	-0.004841328599
2.923199892044	-0.005810096394
2.924799919128	-0.004139632452
2.926399946213	-0.003915040288
2.927999973297	-0.002711792244
2.929600000381	-0.003666720353
2.931200027466	-0.005208752584
2.932799816132	-0.002656864235
2.934399843216	-0.004075504374
2.935999870300	-0.005070944317
2.937599897385	-0.007354736794
2.939199924469	-0.004254912492
2.940799951553	-0.005179392174
2.942399978638	-0.001986000221
2.944000005722	-0.006244400516
2.945600032806	-0.006103616673
2.947199821472	-0.005364800338
2.948799848557	-0.001879504183
2.950399875641	-0.003262144281
2.951999902725	-0.008151840419
2.953599929810	-0.003696944332
2.955199956894	-0.003703344380
2.956799983978	-0.003354000393
2.958400011063	-0.006920032669
2.960000038147	-0.005773936398
2.961599826813	-0.005784720648
2.963199853897	-0.003513744334
2.964799880981	-0.003538592253
2.966399908066	-0.005674912594
2.967999935150	-0.004256176297
2.969599962234	-0.003169392236
2.971199989319	-0.004921056330
2.972800016403	-0.006742048543
2.974400043488	-0.005541920662
2.975999832153	-0.005287392531
2.977599859238	-0.004199456424
2.979199886322	-0.003529584268
2.980799913406	-0.005001264624
2.982399940491	-0.004381536506
2.983999967575	-0.004633264616
2.985599994659	-0.003747696290
2.987200021744	-0.007293984760
2.988799810410	-0.002540464280
2.990399837494	-0.005856000353
2.991999864578	-0.003817952238
2.993599891663	-0.005411344580
2.995199918747	-0.004131088499
2.996799945831	-0.003418624401
2.998399972916	-0.006165264640
3.000000000000	-0.002989280270
3.001600027084	-0.005526624620
3.003199815750	-0.002812880091
3.004799842834	-0.007545024622
3.006399869919	-0.003096112283
3.007999897003	-0.004539088346
3.009599924088	-0.004159920383
3.011199951172	-0.003628928214
3.012799978256	-0.006027472671
3.014400005341	-0.006861648522
3.016000032425	-0.006932320539
3.017599821091	-0.003974464256
3.019199848175	-0.006003616378
3.020799875259	-0.002262496157
3.022399902344	-0.007334848400
3.023999929428	-0.003147728276
3.025599956512	-0.004393424373
3.027199983597	-0.005953440443
3.028800010681	-0.006290208548
3.030400037766	-0.003847936401
3.031999826431	-0.005622304510
3.033599853516	-0.003237328259
3.035199880600	-0.003025760176
3.036799907684	-0.005331072491
3.038399934769	-0.004731504247
3.039999961853	-0.006595984567
3.041599988937	-0.004265440162
3.043200016022	-0.006811984349
3.044799804687	-0.004517120309
3.046399831772	-0.004960288294
3.047999858856	-0.004392400384
3.049599885941	-0.005826848559
3.051199913025	-0.004286816344
3.052799940109	-0.004941168241
3.054399967194	-0.004996528383
3.055999994278	-0.004600288346
3.057600021362	-0.005154528655
3.059199810028	-0.003398352303
3.060799837112	-0.005396416411
3.062399864197	-0.005393936299
3.063999891281	-0.004925232381
3.065599918365	-0.004151504487
3.067199945450	-0.006578688510
3.068799972534	-0.005380464252
3.070399999619	-0.005368896294
3.072000026703	-0.005920016672
3.073599815369	-0.004672624171
3.075199842453	-0.005543856416
3.076799869537	-0.004204032477
3.078399896622	-0.005205120426
3.079999923706	-0.006836160552
3.081599950790	-0.003604864469
3.083199977875	-0.005971648265
3.084800004959	-0.004219312221
3.086400032043	-0.004098800477
3.087999820709	-0.004654592369
3.089599847794	-0.004626640584
3.091199874878	-0.004110512324
3.092799901962	-0.005067648366
3.094399929047	-0.005405344535
3.095999956131	-0.006732240785
3.097599983215	-0.003784736386
3.099200010300	-0.002729664324
3.100800037384	-0.006161616649
3.102399826050	-0.005820896477
3.103999853134	-0.006542592775
3.105599880219	-0.002534448169
3.107199907303	-0.004530864302
3.108799934387	-0.004971424583
3.110399961472	-0.004758576397
3.111999988556	-0.004369360395
3.113600015640	-0.003338160226
3.115199804306	-0.004657248501
3.116799831390	-0.003334032372
3.118399858475	-0.004812352359
3.119999885559	-0.003601824166
3.121599912643	-0.005550112575
3.123199939728	-0.007125968579
3.124799966812	-0.003707360243
3.126399993896	-0.005099584348
3.128000020981	-0.004939728417
3.129599809647	-0.006177616306
3.131199836731	-0.003416224383
3.132799863815	-0.005107840523
3.134399890900	-0.002681008307
3.135999917984	-0.005914752372
3.137599945068	-0.005813168362
3.139199972153	-0.004469072446
3.140799999237	-0.002867184347
3.142400026321	-0.002670208225
3.143999814987	-0.006046160590
3.145599842072	-0.002912544180
3.147199869156	-0.006177312694
3.148799896240	-0.002552208258
3.150399923325	-0.006902368739
3.151999950409	-0.005726672243
3.153599977493	-0.004695856478
3.155200004578	-0.003836320248
3.156800031662	-0.003775792196
3.158399820328	-0.005873152521
3.159999847412	-0.004070192110
3.161599874496	-0.005444016308
3.163199901581	-0.004521472380
3.164799928665	-0.005218112376
3.166399955750	-0.005201456603
3.167999982834	-0.004195408430
3.169600009918	-0.002878016094
3.171200037003	-0.002965136198
3.172799825668	-0.006386496592
3.174399852753	-0.003831664333
3.175999879837	-0.005106032360
3.177599906921	-0.005005664192
3.179199934006	-0.006204368547
3.180799961090	-0.003647904377
3.182399988174	-0.005647680257
3.184000015259	-0.002951136325
3.185599803925	-0.003703008406
3.187199831009	-0.005910192616
3.188799858093	-0.004355152138
3.190399885178	-0.005027248524
3.191999912262	-0.004954880569
3.193599939346	-0.005480336491
3.195199966431	-0.003828608198
3.196799993515	-0.004047984257
3.198400020599	-0.005316032562
3.199999809265	-0.003994672094
3.201599836349	-0.004574448336
3.203199863434	-0.006493088324
3.204799890518	-0.003087488236
3.206399917603	-0.005443520378
3.207999944687	-0.004459200427
3.209599971771	-0.005847904366
3.211199998856	-0.002800384304
3.212800025940	-0.003984752577
3.214399814606	-0.007789408788
3.215999841690	-0.003169072326
3.217599868774	-0.003645904362
3.219199895859	-0.003227280220
3.220799922943	-0.006714080460
3.222399950027	-0.006576576736
3.223999977112	-0.004571264144
3.225600004196	-0.003809376387
3.227200031281	-0.004687952343
3.228799819946	-0.005011040252
3.230399847031	-0.004743680358
3.231999874115	-0.005686096381
3.233599901199	-0.003296384355
3.235199928284	-0.005711936392
3.236799955368	-0.005713712424
3.238399982452	-0.004949040245
3.240000009537	-0.005488704424
3.241600036621	-0.003772304393
3.243199825287	-0.004282624461
3.244799852371	-0.005038432311
3.246399879456	-0.006960976403
3.247999906540	-0.006347152404
3.249599933624	-0.004037408158
3.251199960709	-0.004248768557
3.252799987793	-0.005268816371
3.254400014877	-0.004976256285
3.255999803543	-0.003674752312
3.257599830627	-0.002264016308
3.259199857712	-0.005716960412
3.260799884796	-0.006412256509
3.262399911880	-0.006080240477
3.263999938965	-0.004362544511
3.265599966049	-0.004583504517
3.267199993134	-0.006176928524
3.268800020218	-0.005455552600
3.270399808884	-0.003108880250
3.271999835968	-0.003244544379
3.273599863052	-0.005018368363
3.275199890137	-0.005043984391
3.276799917221	-0.004849632271
3.278399944305	-0.006429184694
3.279999971390	-0.003826752305
3.281599998474	-0.005364576355
3.283200025558	-0.007500704844
3.284799814224	-0.005335920490
3.286399841309	-0.002916320227
3.287999868393	-0.004181696102
3.289599895477	-0.004286432173
3.291199922562	-0.006925600581
3.292799949646	-0.006497200578
3.294399976730	0.000464656041
3.296000003815	-0.004436512478
3.297600030899	-0.007274432573
3.299199819565	-0.006444016472
3.300799846649	-0.004811312538
3.302399873734	-0.005212640390
3.303999900818	-0.004223088268
3.305599927902	-0.007121216506
3.307199954987	-0.004491248634
3.308799982071	-0.002779568313
3.310400009155	-0.003223760286
3.311999797821	-0.006420416757
3.313599824905	-0.005498640705
3.315199851990	-0.004480880219
3.316799879074	-0.005152656231
3.318399906158	-0.003544224426
3.319999933243	-0.008798976429
3.321599960327	-0.005231216550
3.323199987411	-0.004699328449
3.324800014496	-0.002651872346
3.326399803162	-0.006841040682
3.327999830246	-0.006754080765
3.329599857330	-0.005647520535
3.331199884415	-0.004837920424
3.332799911499	-0.004820160568
3.334399938583	-0.004645664245
3.335999965668	-0.007537760772
3.337599992752	-0.007224192843
3.339200019836	-0.003391328501
3.340799808502	-0.005332448520
3.342399835587	-0.004530832171
3.343999862671	-0.007477136794
3.345599889755	-0.003595568240
3.347199916840	-0.002952656243
3.348799943924	-0.004080976360
3.350399971008	-0.005364256445
3.351999998093	-0.006954704411
3.353600025177	-0.004052960314
3.355199813843	-0.004787280224
3.356799840927	-0.005550352391
3.358399868011	-0.004083168227
3.359999895096	-0.005398528185
3.361599922180	-0.005694496445
3.363199949265	-0.003749616211
3.364799976349	-0.001882720157
3.366400003433	-0.006493136287
3.368000030518	-0.007184400689
3.369599819183	-0.002933888230
3.371199846268	-0.005685776472
3.372799873352	-0.005048768595
3.374399900436	-0.005812128540
3.375999927521	-0.006434896495
3.377599954605	-0.005067536607
3.379199981689	-0.004212928470
3.380800008774	-0.004063360393
3.382399797440	-0.006383344531
3.383999824524	-0.003669840284
3.385599851608	-0.006489744410
3.387199878693	-0.004513472319
3.388799905777	-0.002545808209
3.390399932861	-0.006002064329
3.391999959946	-0.005229184404
3.393599987030	-0.006043888628
3.395200014114	-0.005471520592
3.396799802780	-0.007317744661
3.398399829865	-0.003508800175
3.399999856949	-0.004867632408
3.401599884033	-0.006075104699
3.403199911118	-0.005158576183
3.404799938202	-0.004471488297
3.406399965286	-0.005908384454
3.407999992371	-0.004912736360
3.409600019455	-0.004729456268
3.411199808121	-0.005849280395
3.412799835205	-0.004484816454
3.414399862289	-0.005851792637
3.415999889374	-0.002423504135
3.417599916458	-0.005712416489
3.419199943542	-0.001885136124
3.420799970627	-0.006157024298
3.422399997711	-0.005688176490
3.424000024796	-0.003329248400
3.425599813461	-0.002885872265
3.427199840546	-0.005328016356
3.428799867630	-0.005090352613
3.430399894714	-0.003136384301
3.431999921799	-0.005330176558
3.433599948883	-0.003846736392
3.435199975967	-0.005576912314
3.436800003052	-0.005283904262
3.438400030136	-0.004855168518
3.439999818802	-0.005346880294
3.441599845886	-0.005689056590
3.443199872971	-0.006823424716
3.444799900055	-0.003045760328
3.446399927139	-0.008672352880
3.447999954224	-0.002937696176
3.449599981308	-0.006417920347
3.451200008392	0.004564848263
