0.000000000000	0.013851905242
0.001599999960	0.013617793098
0.003199999919	0.016269473359
0.004799999762	0.014362929389
0.006399999838	0.012720832601
0.007999999449	0.013291616924
0.009599999525	0.013728625141
0.011199999601	0.014089841396
0.012799999677	0.012898288667
0.014399999753	0.013786689378
0.015999998897	0.013600752689
0.017599999905	0.013772545382
0.019199999049	0.010653968900
0.020800000057	0.011989072897
0.022399999201	0.011699120514
0.024000000209	0.011229297146
0.025599999353	0.012459681369
0.027199998498	0.012523649260
0.028799999505	0.011480209418
0.030399998650	0.011496288702
0.031999997795	0.012192129157
0.033599998802	0.011266960762
0.035199999809	0.010770512745
0.036800000817	0.013675889000
0.038399998099	0.011647776701
0.039999999106	0.010314945132
0.041600000113	0.010861056857
0.043199997395	0.011342384852
0.044799998403	0.011320545338
0.046399999410	0.009802544490
0.048000000417	0.008298352361
0.049599997699	0.011277360842
0.051199998707	0.011475793086
0.052799999714	0.010862864554
0.054399996996	0.012143985368
0.055999998003	0.009611568414
0.057599999011	0.011183344759
0.059200000018	0.010166129097
0.060799997300	0.009541072883
0.062399998307	0.009712465107
0.063999995589	0.009498177096
0.065600000322	0.009124000557
0.067199997604	0.011563104577
0.068799994886	0.010784081183
0.070399999619	0.009597265162
0.071999996901	0.009913008660
0.073600001633	0.011055792682
0.075199998915	0.009148865007
0.076799996197	0.009393649176
0.078400000930	0.010253808461
0.079999998212	0.009826432914
0.081599995494	0.007465888746
0.083200000226	0.008229664527
0.084799997509	0.009249392897
0.086399994791	0.011607185006
0.087999999523	0.007299456745
0.089599996805	0.008270848542
0.091199994087	0.007822912186
0.092799998820	0.010030641221
0.094399996102	0.010235376656
0.096000000834	0.008898048662
0.097599998116	0.007518736646
0.099199995399	0.008537297137
0.100800000131	0.009508976713
0.102399997413	0.009265536442
0.103999994695	0.009957249276
0.105599999428	0.007676624693
0.107199996710	0.008182032965
0.108799993992	0.008632384241
0.110399998724	0.009344817139
0.111999996006	0.007869024761
0.113600000739	0.009764208458
0.115199998021	0.009758944623
0.116799995303	0.006706960499
0.118400000036	0.009592080489
0.119999997318	0.010109712370
0.121599994600	0.008886384778
0.123199999332	0.007279664744
0.124799996614	0.011049728841
0.126399993896	0.008194305003
0.127999991179	0.008035120554
0.129600003362	0.008662880398
0.131200000644	0.007434384432
0.132799997926	0.007649984676
0.134399995208	0.008588992991
0.135999992490	0.008040800691
0.137599989772	0.006645152345
0.139200001955	0.009192705154
0.140799999237	0.007176560815
0.142399996519	0.008314464241
0.143999993801	0.007500624750
0.145599991083	0.007408384699
0.147200003266	0.007439776789
0.148800000548	0.008249856532
0.150399997830	0.008292192593
0.151999995112	0.008568353020
0.153599992394	0.007860800251
0.155199989676	0.007144720759
0.156800001860	0.008532336913
0.158399999142	0.007290976588
0.159999996424	0.008149504662
0.161599993706	0.006811664440
0.163199990988	0.007690448780
0.164800003171	0.009282432497
0.166400000453	0.007015152834
0.167999997735	0.007040832657
0.169599995017	0.007470048498
0.171199992299	0.008406464942
0.172799989581	0.004890624434
0.174400001764	0.006390800700
0.175999999046	0.007790832780
0.177599996328	0.006846656557
0.179199993610	0.007147344761
0.180799990892	0.007884944789
0.182399988174	0.005394016393
0.184000000358	0.007237568498
0.185599997640	0.007777136751
0.187199994922	0.005752224475
0.188799992204	0.008645520546
0.190399989486	0.008418848738
0.192000001669	0.006658704486
0.193599998951	0.007689584512
0.195199996233	0.006466176361
0.196799993515	0.009017649107
0.198399990797	0.005636288319
0.199999988079	0.007054576650
0.201600000262	0.007381936535
0.203199997544	0.006483312696
0.204799994826	0.006352176424
0.206399992108	0.007290304638
0.207999989390	0.004077040125
0.209600001574	0.008207872510
0.211199998856	0.007805904839
0.212799996138	0.007783072535
0.214399993420	0.007839008234
0.215999990702	0.005502032582
0.217599987984	0.006452240516
0.219200000167	0.006374112330
0.220799997449	0.006413312629
0.222399994731	0.006195696536
0.223999992013	0.006917984691
0.225599989295	0.006285616662
0.227200001478	0.008570129052
0.228799998760	0.006791504566
0.230399996042	0.006688160356
0.231999993324	0.005941072479
0.233599990606	0.006497376598
0.235199987888	0.005781984422
0.236800000072	0.004983648192
0.238399997354	0.006049840711
0.239999994636	0.006370512769
0.241599991918	0.009312736802
0.243199989200	0.007205392700
0.244799986482	0.007204800379
0.246399998665	0.005447680596
0.247999995947	0.006073632743
0.249599993229	0.006290480494
0.251199990511	0.006768240593
0.252799987793	0.005333040375
0.254399985075	0.004938784521
0.255999982357	0.006621040404
0.257599979639	0.005411680322
0.259200006723	0.006776144728
0.260800004005	0.006462704390
0.262400001287	0.006484576501
0.263999998569	0.006031952333
0.265599995852	0.007108880673
0.267199993134	0.007200384513
0.268799990416	0.004660720471
0.270399987698	0.006152928341
0.271999984980	0.005201552529
0.273599982262	0.004963936284
0.275199979544	0.008017680608
0.276800006628	0.007544704713
0.278400003910	0.005131248385
0.280000001192	0.006437808741
0.281599998474	0.005941648502
0.283199995756	0.004367424641
0.284799993038	0.006594176404
0.286399990320	0.007366208825
0.287999987602	0.005115952343
0.289599984884	0.008777968585
0.291199982166	0.005975408480
0.292799979448	0.006241680589
0.294400006533	0.006913936697
0.296000003815	0.007658896502
0.297600001097	0.003286688356
0.299199998379	0.006276992615
0.300799995661	0.007555920631
0.302399992943	0.005162960384
0.303999990225	0.006547280587
0.305599987507	0.006199232303
0.307199984789	0.004040512256
0.308799982071	0.004722688347
0.310399979353	0.006885888521
0.312000006437	0.005553280469
0.313600003719	0.005573584232
0.315200001001	0.008064912632
0.316799998283	0.005065504462
0.318399995565	0.004235152155
0.319999992847	0.005929008592
0.321599990129	0.005746640265
0.323199987411	0.004065632354
0.324799984694	0.004950800445
0.326399981976	0.005396208260
0.327999979258	0.004576672334
0.329600006342	0.005156176165
0.331200003624	0.004804688506
0.332800000906	0.005191744305
0.334399998188	0.005019472446
0.335999995470	0.005833488423
0.337599992752	0.003207488218
0.339199990034	0.003872464411
0.340799987316	0.005857648328
0.342399984598	0.005911376327
0.343999981880	0.005215856247
0.345599979162	0.006316960324
0.347199976444	0.003965728451
0.348800003529	0.006329776719
0.350400000811	0.006094576325
0.351999998093	0.006494976580
0.353599995375	0.004433216527
0.355199992657	0.004675120581
0.356799989939	0.005024464335
0.358399987221	0.006077392492
0.359999984503	0.006149632391
0.361599981785	0.005169648211
0.363199979067	0.003352992237
0.364799976349	0.005047824234
0.366400003433	0.005967312492
0.368000000715	0.005406496581
0.369599997997	0.004061024170
0.371199995279	0.005442432594
0.372799992561	0.004325248301
0.374399989843	0.006003984250
0.375999987125	0.004506512545
0.377599984407	0.004199344199
0.379199981689	0.005107888486
0.380799978971	0.004501536489
0.382399976254	0.005075520370
0.384000003338	0.005614448339
0.385600000620	0.006266560405
0.387199997902	0.005428224336
0.388799995184	0.002910032170
0.390399992466	0.004432256334
0.391999989748	0.004073376302
0.393599987030	0.004649328534
0.395199984312	0.005034240428
0.396799981594	0.005819440354
0.398399978876	0.003967472352
0.399999976158	0.004644704517
0.401600003242	0.005276816431
0.403200000525	0.004755584523
0.404799997807	0.004883632530
0.406399995089	0.004815280437
0.407999992371	0.005436912645
0.409599989653	0.003416464431
0.411199986935	0.005468144547
0.412799984217	0.005345616490
0.414399981499	0.005593440495
0.415999978781	0.005911920220
0.417599976063	0.006471072789
0.419200003147	0.004188976251
0.420800000429	0.004437888507
0.422399997711	0.004416688345
0.423999994993	0.003681056434
0.425599992275	0.004083088133
0.427199989557	0.005602400284
0.428799986839	0.003782480257
0.430399984121	0.004611296579
0.431999981403	0.005674944725
0.433599978685	0.003633696353
0.435199975967	0.002623312175
0.436800003052	0.006096592639
0.438400000334	0.003667856334
0.439999997616	0.002681184327
0.441599994898	0.005953648593
0.443199992180	0.003733056365
0.444799989462	0.005048336461
0.446399986744	0.003786816262
0.447999984026	0.003304032376
0.449599981308	0.005227808375
0.451199978590	0.003718944266
0.452799975872	0.005674400367
0.454400002956	0.005969008431
0.456000000238	0.003443488153
0.457599997520	0.007076320704
0.459199994802	0.003772416385
0.460799992085	0.004941056482
0.462399989367	0.004766480532
0.463999986649	0.003319008276
0.465599983931	0.003284976352
0.467199981213	0.005916304421
0.468799978495	0.003277840326
0.470399975777	0.004556960426
0.472000002861	0.002795312321
0.473600000143	0.003680160269
0.475199997425	0.005536192562
0.476799994707	0.005108192563
0.478399991989	0.004930928349
0.479999989271	0.005163136404
0.481599986553	0.004532144405
0.483199983835	0.003611680353
0.484799981117	0.004726304207
0.486399978399	0.004588608164
0.487999975681	0.006067776587
0.489599972963	0.005011488218
0.491200000048	0.005028704647
0.492799997330	0.004069232382
0.494399994612	0.004848320503
0.495999991894	0.005425008480
0.497599989176	0.004865808412
0.499199986458	0.002907568123
0.500800013542	0.004821888171
0.502399981022	0.006502800621
0.504000008106	0.004298752174
0.505599975586	0.003897392424
0.507200002670	0.004540336318
0.508799970150	0.004737840500
0.510399997234	0.005221072584
0.511999964714	0.004417312331
0.513599991798	0.002764176344
0.515199959278	0.003677584231
0.516799986362	0.005876256619
0.518400013447	0.004168752581
0.519999980927	0.001608320163
0.521600008011	0.004440000281
0.523199975491	0.005289360415
0.524800002575	0.003402000293
0.526399970055	0.003081920324
0.527999997139	0.005646736361
0.529599964619	0.003983696457
0.531199991703	0.003091472201
0.532799959183	0.004278048407
0.534399986267	0.001777504105
0.536000013351	0.004663696513
0.537599980831	0.004856496584
0.539200007915	0.002859568223
0.540799975395	0.003212416312
0.542400002480	0.005797088612
0.543999969959	0.003671008395
0.545599997044	0.002007008065
0.547199964523	0.004526272416
0.548799991608	0.003739536274
0.550399959087	0.003283680184
0.551999986172	0.004618336447
0.553600013256	0.004057664424
0.555199980736	0.002778976224
0.556800007820	0.004749776330
0.558399975300	0.003349696286
0.560000002384	0.004325248301
0.561599969864	0.001384336152
0.563199996948	0.004887264222
0.564799964428	0.002586272312
0.566399991512	0.002884432208
0.567999958992	0.005276928190
0.569599986076	0.004151632078
0.571200013161	0.002209280152
0.572799980640	0.004006384406
0.574400007725	0.003892848268
0.575999975204	0.002681920305
0.577600002289	0.003285856219
0.579199969769	0.004597504158
0.580799996853	0.002006784314
0.582399964333	0.002502016257
0.583999991417	0.003467392176
0.585599958897	0.003071584273
0.587199985981	0.004482912365
0.588800013065	0.003136848332
0.590399980545	0.002417008160
0.592000007629	0.003452992300
0.593599975109	0.004015280399
0.595200002193	0.001331552048
0.596799969673	0.002595936181
0.598399996758	0.004674672149
0.599999964237	0.003369296202
0.601599991322	0.001803872176
0.603199958801	0.004265472293
0.604799985886	0.002988032298
0.606400012970	0.002640688093
0.607999980450	0.004366736393
0.609600007534	0.002859472064
0.611199975014	0.003447248368
0.612800002098	0.004338576458
0.614399969578	0.002149232198
0.615999996662	0.002362176077
0.617599964142	0.003966384567
0.619199991226	0.001176576014
0.620799958706	0.003394384403
0.622399985790	0.004071792122
0.624000012875	0.003043120261
0.625599980354	0.003596800379
0.627200007439	0.003548336215
0.628799974918	0.003914256115
0.630400002003	0.002559728222
0.631999969482	0.003668976249
0.633599996567	0.001851408160
0.635199964046	0.003812656272
0.636799991131	0.003102656221
0.638399958611	0.004193088505
0.639999985695	0.004381872248
0.641600012779	0.003455632366
0.643199980259	0.003694912419
0.644800007343	0.001536672120
0.646399974823	0.003928032238
0.648000001907	0.003686224343
0.649599969387	0.001744720154
0.651199996471	0.001902752207
0.652799963951	0.002915504156
0.654399991035	0.003981120419
0.655999958515	0.004201312084
0.657599985600	0.001636400120
0.659200012684	0.002254032064
0.660799980164	0.002101312159
0.662400007248	0.004935744219
0.663999974728	0.000578192063
0.665600001812	0.002774608321
0.667199969292	0.004423648585
0.668799996376	0.002721568104
0.670399963856	0.002034416189
0.671999990940	0.002849168144
0.673599958420	0.001312032109
0.675199985504	0.000784048112
0.676800012589	0.004923376255
0.678399980068	0.003059216309
0.680000007153	0.002426272258
0.681599974632	0.003343296237
0.683200001717	0.003638240276
0.684799969196	0.001687072217
0.686399996281	0.003364192322
0.687999963760	0.003639936214
0.689599990845	0.002882672241
0.691199958324	0.000547168020
0.692799985409	0.004126208369
0.694399952888	0.002317760140
0.695999979973	0.002219152171
0.697600007057	0.004180208314
0.699199974537	0.000864080095
0.700800001621	0.002782912226
0.702399969101	0.005468288437
0.703999996185	0.002821904141
0.705599963665	0.002934272168
0.707199990749	0.003562896280
0.708799958229	0.002137936186
0.710399985313	0.002598560182
0.711999952793	0.003842160339
0.713599979877	0.002835840220
0.715200006962	0.003174848389
0.716799974442	0.003031520173
0.718400001526	0.002803168260
0.719999969006	0.003129536286
0.721599996090	0.003834400326
0.723199963570	0.001564768143
0.724799990654	0.001079408103
0.726399958134	0.003067920217
0.727999985218	0.003966816235
0.729599952698	0.002426576102
0.731199979782	0.002158544259
0.732800006866	0.002283504233
0.734399974346	0.000412608002
0.736000001431	0.001865600236
0.737599968910	0.002525200136
0.739199995995	0.001359568094
0.740799963474	0.003334592329
0.742399990559	0.003283936298
0.743999958038	0.001350544160
0.745599985123	0.002535744105
0.747199952602	0.002837424167
0.748799979687	0.002809504280
0.750400006771	0.002242320217
0.751999974251	0.002961056307
0.753600001335	0.002086288063
0.755199968815	0.000086560023
0.756799995899	0.002096848097
0.758399963379	0.002482416108
0.759999990463	0.003497280180
0.761599957943	0.001394352061
0.763199985027	0.002360144164
0.764799952507	0.003435072256
0.766399979591	0.004364976194
0.768000006676	0.002252464183
0.769599974155	0.002123184269
0.771200001240	0.004627328366
0.772799968719	0.002865376184
0.774399995804	0.000493712025
0.775999963284	0.003551136237
0.777599990368	0.002704144223
0.779199957848	0.000907952024
0.780799984932	0.003421056317
0.782399952412	0.002315776190
0.783999979496	0.001601952128
0.785600006580	0.003091376275
0.787199974060	0.002450032160
0.788800001144	0.000685232051
0.790399968624	0.001207968104
0.791999995708	0.002704576124
0.793599963188	0.002590592252
0.795199990273	0.002008256270
0.796799957752	0.001614736160
0.798399984837	0.002454240108
0.799999952316	0.002986304229
0.801599979401	0.001288960106
0.803200006485	0.001070640166
0.804799973965	0.001437360188
0.806400001049	0.003159168176
0.807999968529	0.001551856170
0.809599995613	0.002252528211
0.811199963093	0.001729024108
0.812799990177	0.002844304312
0.814399957657	0.001639088150
0.815999984741	0.002658608137
0.817599952221	0.003865920240
0.819199979305	0.001489968156
0.820800006390	0.004756624345
0.822399973869	0.001539840130
0.824000000954	0.003157104366
0.825599968433	0.001431440120
0.827199995518	0.004778464325
0.828799962997	0.001121472102
0.830399990082	0.002137184143
0.831999957561	0.001709712204
0.833599984646	0.002909856150
0.835199952126	0.001396416104
0.836799979210	0.003996176179
0.838400006294	0.000903136039
0.839999973774	0.002198992064
0.841600000858	0.002409040229
0.843199968338	0.001811248134
0.844799995422	0.001260384102
0.846399962902	-0.000091424015
0.847999989986	0.000815408013
0.849599957466	0.002317808103
0.851199984550	0.002757008187
0.852799952030	0.001877440140
0.854399979115	0.001321600052
0.856000006199	0.003512304276
0.857599973679	0.002566432115
0.859200000763	0.000561520050
0.860799968243	0.001561568119
0.862399995327	0.001828944194
0.863999962807	0.003430208191
0.865599989891	0.001033424051
0.867199957371	0.002679472324
0.868799984455	0.000547168078
0.870399951935	0.002129200147
0.871999979019	0.001523248153
0.873600006104	0.001610800158
0.875199973583	0.000948304078
0.876800000668	0.003218224272
0.878399968147	0.001526768086
0.879999995232	0.003266352229
0.881599962711	0.002546224277
0.883199989796	0.000911904091
0.884799957275	0.001704208087
0.886399984360	0.001454992103
0.887999951839	0.001563024125
0.889599978924	0.000500704045
0.891200006008	0.003705200274
0.892799973488	0.001457376173
0.894400000572	-0.000109151973
0.895999968052	0.001194208162
0.897599995136	0.004788720515
0.899199962616	0.001064704149
0.900799989700	0.001334192115
0.902399957180	0.003251904156
0.903999984264	0.001007168088
0.905599951744	-0.000345712033
0.907199978828	0.001225888147
0.908800005913	0.002674272284
0.910399973392	0.000955584110
0.912000000477	0.001307824044
0.913599967957	0.001338592148
0.915199995041	0.002128048101
0.916799962521	0.000817488006
0.918399989605	0.001683952170
0.919999957085	0.001796704135
0.921599984169	0.002372208284
0.923199951649	0.002424608218
0.924799978733	0.000745984027
0.926400005817	0.000760160037
0.927999973297	0.001563008176
0.929600000381	0.002510640305
0.931199967861	0.001513664145
0.932799994946	0.002192736138
0.934399962425	0.001583808218
0.935999989510	0.002091664122
0.937599956989	0.003306016326
0.939199984074	0.002087792149
0.940799951553	0.000260656059
0.942399978638	0.001336288056
0.944000005722	0.000506688026
0.945599973202	-0.000123184043
0.947200000286	0.002303344198
0.948799967766	0.003669840284
0.950399994850	0.000601152016
0.951999962330	0.003404880408
0.953599989414	0.000260927976
0.955199956894	0.001850976143
0.956799983978	0.000716256094
0.958399951458	0.001500688144
0.959999978542	0.003477968276
0.961599946022	-0.000193168031
0.963199973106	0.003250976326
0.964800000191	0.000927904039
0.966399967670	0.002741744276
0.967999994755	0.000308016053
0.969599962234	0.000953824027
0.971199989319	0.000498368056
0.972799956799	0.001611232059
0.974399983883	0.000984544051
0.975999951363	0.001517376164
0.977599978447	0.002816608176
0.979199945927	-0.001954128267
0.980799973011	0.000906592060
0.982400000095	0.003087120131
0.983999967575	0.000468064012
0.985599994659	-0.000564096088
0.987199962139	0.000752208114
0.988799989223	0.001434256090
0.990399956703	0.001187632093
0.991999983788	-0.000074879994
0.993599951267	0.001446224167
0.995199978352	0.000559216016
0.996799945831	0.000882640074
0.998399972916	0.001939824200
1.000000000000	0.000155568006
1.001600027084	0.002676384291
1.003199934959	0.001362592098
1.004799962044	0.001844240120
1.006399989128	0.000782368064
1.008000016212	0.002312480239
1.009599924088	0.000997632043
1.011199951172	0.002093760064
1.012799978256	0.001686640084
1.014400005341	0.000613568060
1.016000032425	0.001932032173
1.017599940300	0.002509712242
1.019199967384	0.002826080192
1.020799994469	0.000607728027
1.022400021553	0.002210176084
1.023999929428	-0.000151056040
1.025599956512	-0.000825248077
1.027199983597	0.002976240357
1.028800010681	0.000900144049
1.030399918556	0.000088911984
1.031999945641	0.001121424139
1.033599972725	0.002373520285
1.035199999809	0.001844256185
1.036800026894	0.000967936066
1.038399934769	-0.000618752034
1.039999961853	0.002268304117
1.041599988937	0.001963248244
1.043200016022	0.000163759993
1.044799923897	0.001202672138
1.046399950981	0.000967280124
1.047999978065	0.000975280011
1.049600005150	0.000003279968
1.051200032234	0.000456191978
1.052799940109	-0.000253103994
1.054399967194	0.002221824136
1.055999994278	0.000397584023
1.057600021362	0.002391072223
1.059199929237	0.001755488105
1.060799956322	0.001387040131
1.062399983406	0.001943888143
1.064000010490	0.002551088110
1.065599918365	0.001037456095
1.067199945450	0.000355984026
1.068799972534	0.000020703983
1.070399999619	0.001742736087
1.072000026703	0.001657968154
1.073599934578	-0.000495712040
1.075199961662	0.000190320046
1.076799988747	0.000962720078
1.078400015831	0.001945088152
1.079999923706	0.002450400265
1.081599950790	0.002326160204
1.083199977875	-0.000191744039
1.084800004959	0.001495808130
1.086400032043	0.001163536101
1.087999939919	0.001177888131
1.089599967003	-0.000771120074
1.091199994087	0.000769088103
1.092800021172	0.002022256143
1.094399929047	-0.000632208015
1.095999956131	-0.000645600085
1.097599983215	0.001297488110
1.099200010300	0.000051391999
1.100799918175	0.000111263995
1.102399945259	0.000771888066
1.103999972343	0.002493792213
1.105599999428	0.001315568225
1.107200026512	0.001034336048
1.108799934387	0.000499184011
1.110399961472	0.002023184206
1.111999988556	0.001421680092
1.113600015640	-0.000881680113
1.115199923515	0.003117008368
1.116799950600	0.000269792043
1.118399977684	0.001799440128
1.120000004768	0.000402031990
1.121599912643	-0.000270560035
1.123199939728	0.000238656052
1.124799966812	0.000263328024
1.126399993896	0.001768464106
1.128000020981	-0.000127040024
1.129599928856	-0.000574784062
1.131199955940	0.001007200102
1.132799983025	0.001743872184
1.134400010109	-0.000876624079
1.135999917984	-0.000415200077
1.137599945068	0.001911600237
1.139199972153	0.000400335994
1.140799999237	-0.000279695989
1.142400026321	0.001115744119
1.143999934196	-0.000007776005
1.145599961281	0.001310784137
1.147199988365	-0.001073440071
1.148800015450	0.000322720036
1.150399923325	0.001996128121
1.151999950409	-0.001515120151
1.153599977493	0.000351088005
1.155200004578	0.002052672207
1.156799912453	0.000177631999
1.158399939537	0.000114816066
1.159999966621	0.001663744100
1.161599993706	-0.000230143967
1.163200020790	-0.000868336123
1.164799928665	-0.001494832104
1.166399955750	0.001813872135
1.167999982834	0.003553168382
1.169600009918	-0.001315168105
1.171199917793	0.002551424317
1.172799944878	0.001921264222
1.174399971962	-0.001882752171
1.175999999046	-0.000255680003
1.177600026131	0.001134384191
1.179199934006	0.000936288096
1.180799961090	-0.002367808251
1.182399988174	-0.000394688017
1.184000015259	0.000748592021
1.185599923134	0.001223728061
1.187199950218	0.000703824102
1.188799977303	0.000993376132
1.190400004387	0.001481264015
1.191999912262	-0.000055215933
1.193599939346	-0.000397008058
1.195199966431	0.000360640057
1.196799993515	0.000525040028
1.198400020599	0.000211376042
1.199999928474	0.001138832071
1.201599955559	0.001035136054
1.203199982643	-0.001471840194
1.204800009727	0.000604016066
1.206399917603	0.001743168221
1.207999944687	-0.000818800065
1.209599971771	-0.000967552071
1.211199998856	-0.000125136037
1.212800025940	0.001638320158
1.214399933815	0.000920192106
1.215999960899	-0.000770272047
1.217599987984	0.000438096031
1.219200015068	-0.001083792071
1.220799922943	0.000450384017
1.222399950027	-0.000304400077
1.223999977112	-0.000061648025
1.225600004196	0.001051248051
1.227199912071	-0.001121888054
1.228799939156	0.000370480033
1.230399966240	0.000694512099
1.231999993324	-0.001217392157
1.233600020409	0.000060799994
1.235199928284	0.002019712236
1.236799955368	0.001104864175
1.238399982452	0.000039151997
1.240000009537	0.000899264065
1.241599917412	0.001216688077
1.243199944496	-0.000615088036
1.244799971581	0.000498352048
1.246399998665	0.000637424004
1.248000025749	-0.000493152067
1.249599933624	-0.001182672102
1.251199960709	0.001137216110
1.252799987793	0.001842752215
1.254400014877	-0.000852096069
1.255999922752	-0.000267520023
1.257599949837	-0.000941616076
1.259199976921	0.000337728037
1.260800004005	0.000819792098
1.262399911880	-0.001509088092
1.263999938965	-0.000850000069
1.265599966049	0.001874880167
1.267199993134	0.001040256000
1.268800020218	-0.000354896009
1.270399928093	0.000259280059
1.271999955177	0.000120992016
1.273599982262	0.000851104094
1.275200009346	0.001099904068
1.276799917221	-0.001862528152
1.278399944305	-0.000903920096
1.279999971390	0.000459072093
1.281599998474	-0.000160655996
1.283200025558	-0.003169600386
1.284799933434	-0.000002144061
1.286399960518	0.001308320090
1.287999987602	0.000458304014
1.289600014687	0.000472272019
1.291199922562	-0.001338464092
1.292799949646	0.000474432018
1.294399976730	0.000855616061
1.296000003815	-0.001183280139
1.297599911690	-0.000018799965
1.299199938774	0.001478224061
1.300799965858	-0.000778752088
1.302399992943	-0.000447856029
1.304000020027	-0.002315232297
1.305599927902	0.001398416120
1.307199954987	-0.001304368139
1.308799982071	-0.000443984085
1.310400009155	0.000291791977
1.311999917030	-0.000281280023
1.313599944115	-0.000193408036
1.315199971199	-0.000726736034
1.316799998283	-0.001507552108
1.318400025368	-0.001456576167
1.319999933243	0.000959568075
1.321599960327	0.000242672075
1.323199987411	-0.000011760009
1.324800014496	-0.001070400001
1.326399922371	0.001224464038
1.327999949455	-0.000802080089
1.329599976540	-0.000976160110
1.331200003624	0.000072656025
1.332799911499	-0.000917328114
1.334399938583	-0.001105504110
1.335999965668	0.000266207993
1.337599992752	-0.000951968075
1.339200019836	-0.000995712122
1.340799927711	-0.000007840064
1.342399954796	-0.002158880234
1.343999981880	-0.000562736008
1.345600008965	0.001713536214
1.347199916840	-0.000347615976
1.348799943924	-0.001148336101
1.350399971008	-0.000467760023
1.351999998093	-0.000656704127
1.353600025177	-0.000672016060
1.355199933052	0.000179615992
1.356799960136	-0.001614000183
1.358399987221	-0.000041408024
1.360000014305	-0.001884352183
1.361599922180	-0.001431232085
1.363199949265	0.000459936011
1.364799976349	0.000389264023
1.366400003433	0.000122208003
1.367999911308	0.001092672115
1.369599938393	-0.000330448034
1.371199965477	-0.000617920072
1.372799992561	0.000563696027
1.374400019646	-0.000645136111
1.375999927521	-0.001836592215
1.377599954605	-0.002528528217
1.379199981689	0.000438048010
1.380800008774	0.001659712172
1.382399916649	-0.000646784087
1.383999943733	-0.001839312143
1.385599970818	-0.000477776077
1.387199997902	-0.001866960200
1.388799905777	-0.000309824012
1.390399932861	0.000110000066
1.391999959946	-0.000012912027
1.393599987030	-0.000020032028
1.395200014114	0.001783456188
1.396799921989	-0.001527888118
1.398399949074	0.000674768002
1.399999976158	-0.001046528108
1.401600003242	-0.002884448273
1.403199911118	-0.001491360134
1.404799938202	0.000978016062
1.406399965286	-0.000779008085
1.407999992371	0.000731424079
1.409600019455	-0.000287136034
1.411199927330	-0.000664608029
1.412799954414	-0.000129840017
1.414399981499	-0.001243024133
1.416000008583	0.000223184048
1.417599916458	-0.001483936096
1.419199943542	0.001239792095
1.420799970627	-0.000497936097
1.422399997711	-0.003839200363
1.423999905586	-0.000408576103
1.425599932671	0.000651552051
1.427199959755	-0.001442544046
1.428799986839	-0.001750176190
1.430400013924	-0.001412400161
1.431999921799	-0.000037727987
1.433599948883	0.003163472284
1.435199975967	-0.001206176123
1.436800003052	-0.000735807989
1.438399910927	-0.000178511997
1.439999938011	-0.002106416272
1.441599965096	-0.000533616054
1.443199992180	0.000042879990
1.444800019264	0.000358480029
1.446399927139	-0.003624768229
1.447999954224	-0.000626112043
1.449599981308	-0.000041711999
1.451200008392	-0.000204080003
1.452799916267	-0.000604656118
1.454399943352	0.000250447949
1.455999970436	-0.003415696323
1.457599997520	-0.000900560117
1.459199905396	-0.000596368045
1.460799932480	0.000021727992
1.462399959564	0.000080559992
1.463999986649	-0.000897776044
1.465600013733	0.000927616085
1.467199921608	-0.001394096180
1.468799948692	0.000286512048
1.470399975777	-0.000683232036
1.472000002861	-0.000919648097
1.473599910736	-0.000761296076
1.475199937820	-0.000620480045
1.476799964905	0.000071728013
1.478399991989	-0.000353935960
1.480000019073	-0.001326064114
1.481599926949	-0.000531600090
1.483199954033	0.001003424171
1.484799981117	-0.000017616007
1.486400008202	-0.004367872141
1.487999916077	0.000002544029
1.489599943161	-0.001328992075
1.491199970245	-0.001316848095
1.492799997330	-0.000723072095
1.494399905205	-0.003175136168
1.495999932289	-0.001319120056
1.497599959373	-0.000545040006
1.499199986458	-0.000938144105
1.500800013542	-0.000455552014
1.502399921417	-0.000691088033
1.503999948502	0.000052672010
1.505599975586	-0.000387168053
1.507200002670	-0.000259248074
1.508799910545	0.000278800027
1.510399937630	-0.002952048322
1.511999964714	-0.002002864145
1.513599991798	0.001195104094
1.515200018883	0.001993808197
1.516799926758	-0.002353968332
1.518399953842	-0.001049263985
1.519999980927	-0.002519328147
1.521600008011	-0.002046128269
1.523199915886	-0.000624368025
1.524799942970	-0.003555472242
1.526399970055	0.000767920050
1.527999997139	-0.002779792296
1.529599905014	-0.000583360088
1.531199932098	-0.001693120110
1.532799959183	-0.001647472149
1.534399986267	-0.001161568100
1.536000013351	-0.001373808132
1.537599921227	-0.001496720128
1.539199948311	-0.003533136332
1.540799975395	-0.000035344023
1.542400002480	0.000945440144
1.543999910355	0.000122015983
1.545599937439	-0.002000432229
1.547199964523	-0.001001408091
1.548799991608	-0.001435600105
1.550400018692	0.000327872054
1.551999926567	0.000817152031
1.553599953651	-0.001824032166
1.555199980736	-0.001371504040
1.556800007820	-0.000564272108
1.558399915695	-0.000961216108
1.559999942780	-0.000485120079
1.561599969864	-0.003049840219
1.563199996948	-0.002116928110
1.564799904823	-0.001905472134
1.566399931908	-0.001571712084
1.567999958992	-0.001329888124
1.569599986076	-0.000214448010
1.571200013161	-0.002414208138
1.572799921036	-0.001743264031
1.574399948120	-0.000920336053
1.575999975204	0.000190832012
1.577600002289	-0.002621840220
1.579199910164	-0.001196624129
1.580799937248	0.000442624034
1.582399964333	-0.001001616125
1.583999991417	-0.002273424063
1.585600018501	-0.002055456163
1.587199926376	-0.001036304166
1.588799953461	-0.000214384083
1.590399980545	-0.000442288001
1.592000007629	-0.002056384226
1.593599915504	0.000640400045
1.595199942589	-0.001605776139
1.596799969673	-0.000358335965
1.598399996758	-0.001013840083
1.599999904633	-0.001111680060
1.601599931717	-0.001055952045
1.603199958801	-0.001844816143
1.604799985886	-0.000671488058
1.606400012970	-0.001824496198
1.607999920845	-0.002247184049
1.609599947929	-0.001690240111
1.611199975014	-0.002463024342
1.612800002098	-0.000581584056
1.614399909973	-0.002296944149
1.615999937057	-0.000590928015
1.617599964142	-0.002465168247
1.619199991226	-0.002966944361
1.620800018311	-0.001975056250
1.622399926186	-0.002545200288
1.623999953270	0.000902880100
1.625599980354	-0.002077200217
1.627200007439	-0.000653568073
1.628799915314	-0.002688272158
1.630399942398	-0.000839712098
1.631999969482	-0.000834960083
1.633599996567	-0.000120959972
1.635199904442	-0.000435232068
1.636799931526	-0.004505040590
1.638399958611	-0.001859888085
1.639999985695	0.000367760018
1.641600012779	-0.000664896099
1.643199920654	-0.000812016136
1.644799947739	-0.001371200080
1.646399974823	-0.001883504214
1.648000001907	-0.002684368286
1.649599909782	-0.002509168116
1.651199936867	-0.000981472083
1.652799963951	0.001506816130
1.654399991035	-0.000790528080
1.655999898911	-0.001792096184
1.657599925995	0.000382416009
1.659199953079	-0.001710768091
1.660799980164	-0.000256592029
1.662400007248	-0.003070272272
1.663999915123	-0.000914192060
1.665599942207	-0.001276560128
1.667199969292	0.001217360026
1.668799996376	-0.001151216100
1.670399904251	-0.001576112234
1.671999931335	-0.002080208156
1.673599958420	-0.002519472269
1.675199985504	-0.001641600160
1.676800012589	-0.002323632129
1.678399920464	-0.000473728054
1.679999947548	-0.001411648118
1.681599974632	-0.002013632096
1.683200001717	-0.000918912061
1.684799909592	-0.001645696233
1.686399936676	0.000845936011
1.687999963760	-0.002144400263
1.689599990845	-0.002814032137
1.691199898720	-0.001300400123
1.692799925804	-0.001135456143
1.694399952888	-0.001699600136
1.695999979973	-0.000859584019
1.697600007057	-0.002142704092
1.699199914932	0.000192800013
1.700799942017	-0.002629648196
1.702399969101	0.000027375976
1.703999996185	-0.000779328053
1.705599904060	-0.001027744147
1.707199931145	-0.002362176310
1.708799958229	-0.002846416319
1.710399985313	-0.001953584142
1.712000012398	-0.001124448143
1.713599920273	-0.000152592067
1.715199947357	-0.001625376055
1.716799974442	-0.001306256163
1.718400001526	-0.001360992086
1.719999909401	-0.000709424086
1.721599936485	-0.002079456113
1.723199963570	-0.002766736085
1.724799990654	-0.001577120158
1.726399898529	-0.002540832153
1.727999925613	-0.003106848337
1.729599952698	-0.001079440117
1.731199979782	-0.000140704011
1.732800006866	-0.001888016122
1.734399914742	-0.003384720301
1.735999941826	-0.000671424088
1.737599968910	0.000592192053
1.739199995995	-0.001567216124
1.740799903870	0.000084015992
1.742399930954	-0.002845760202
1.743999958038	0.000356399978
1.745599985123	-0.002062592190
1.747200012207	0.000031983978
1.748799920082	-0.002280720277
1.750399947166	-0.001028512022
1.751999974251	-0.002535248175
1.753600001335	-0.001652928069
1.755199909210	-0.002674096264
1.756799936295	-0.002321888227
1.758399963379	0.000496128050
1.759999990463	-0.003080240218
1.761599898338	-0.002582176123
1.763199925423	-0.002986144274
1.764799952507	-0.001718960237
1.766399979591	-0.002196736168
1.768000006676	-0.000671008136
1.769599914551	-0.001675936161
1.771199941635	-0.000049423961
1.772799968719	-0.002662240295
1.774399995804	-0.001728896168
1.775999903679	-0.001672208193
1.777599930763	-0.000751936052
1.779199957848	-0.003021888202
1.780799984932	-0.003126240335
1.782400012016	-0.001504448126
1.783999919891	0.000124032056
1.785599946976	-0.002230816055
1.787199974060	-0.003041552380
1.788800001144	-0.001706784125
1.790399909019	-0.001070432016
1.791999936104	-0.001277968171
1.793599963188	-0.002567632124
1.795199990273	-0.001148304087
1.796799898148	-0.001496656099
1.798399925232	-0.000192288004
1.799999952316	-0.003042208264
1.801599979401	-0.001384624164
1.803200006485	-0.000536624051
1.804799914360	-0.000643216015
1.806399941444	-0.002485008212
1.807999968529	-0.005228912458
1.809599995613	-0.003531824332
1.811199903488	-0.003095936263
1.812799930573	-0.000900656101
1.814399957657	-0.003707488300
1.815999984741	-0.003928720485
1.817600011826	-0.001784880180
1.819199919701	-0.003617728129
1.820799946785	-0.001256592106
1.822399973869	-0.001576160081
1.824000000954	-0.001251680078
1.825599908829	-0.001758720144
1.827199935913	-0.002973808208
1.828799962997	0.000328960072
1.830399990082	-0.004663888365
1.831999897957	-0.003061088268
1.833599925041	-0.002307808260
1.835199952126	-0.002833376406
1.836799979210	-0.000811440055
1.838400006294	-0.001363728079
1.839999914169	-0.002085856162
1.841599941254	-0.002610576106
1.843199968338	-0.000601408014
1.844799995422	-0.003124640323
1.846399903297	-0.002612144221
1.847999930382	-0.001355360146
1.849599957466	-0.003957216162
1.851199984550	-0.001830448164
1.852800011635	-0.003250336275
1.854399919510	-0.001459856168
1.855999946594	-0.002521568211
1.857599973679	-0.000836368068
1.859200000763	-0.001323328121
1.860799908638	-0.002338912105
1.862399935722	-0.003321328200
1.863999962807	-0.001047216123
1.865599989891	-0.001626880141
1.867199897766	-0.001401104149
1.868799924850	-0.002473408356
1.870399951935	-0.002285072347
1.871999979019	-0.001965392148
1.873600006104	-0.001553248148
1.875199913979	-0.001889568171
1.876799941063	-0.002189936116
1.878399968147	0.000139887983
1.879999995232	-0.004674864467
1.881599903107	-0.001200207975
1.883199930191	-0.003632864216
1.884799957275	-0.002526208293
1.886399984360	-0.001426640083
1.888000011444	-0.002775808331
1.889599919319	-0.002683456289
1.891199946404	-0.003113840241
1.892799973488	-0.003525024280
1.894400000572	-0.002713472350
1.895999908447	-0.002312288154
1.897599935532	-0.001489184098
1.899199962616	-0.002427168190
1.900799989700	-0.001147984061
1.902399897575	-0.004277792294
1.903999924660	-0.002778144320
1.905599951744	-0.002567216288
1.907199978828	-0.002737648319
1.908800005913	-0.001171008102
1.910399913788	-0.002066144254
1.911999940872	-0.002778912196
1.913599967957	-0.002307696268
1.915199995041	-0.002153632231
1.916799902916	-0.002508512232
1.918399930000	-0.001975504216
1.919999957085	-0.003192064352
1.921599984169	-0.001710112207
1.923199892044	-0.000573488069
1.924799919128	-0.001308848150
1.926399946213	-0.002079584170
1.927999973297	-0.003454592312
1.929600000381	-0.004412704613
1.931199908257	-0.001944624120
1.932799935341	-0.001322752098
1.934399962425	-0.002272000071
1.935999989510	-0.002754288260
1.937599897385	-0.003216592362
1.939199924469	-0.001055312110
1.940799951553	-0.001096736174
1.942399978638	-0.001031328109
1.944000005722	-0.002189200139
1.945599913597	-0.000831072044
1.947199940681	-0.002475792076
1.948799967766	0.001228544163
1.950399994850	-0.002087280154
1.951999902725	-0.003285008250
1.953599929810	-0.000745136116
1.955199956894	-0.000840896100
1.956799983978	-0.001624592114
1.958399891853	0.000121424026
1.959999918938	-0.002722368343
1.961599946022	-0.001534896088
1.963199973106	-0.001175328158
1.964800000191	-0.002654816257
1.966399908066	-0.003400400281
1.967999935150	-0.002761424286
1.969599962234	-0.003155824263
1.971199989319	-0.002877680119
1.972799897194	-0.001860736171
1.974399924278	-0.003240192309
1.975999951363	-0.004267296288
1.977599978447	-0.002879856154
1.979200005531	-0.001650992199
1.980799913406	-0.001184928115
1.982399940491	-0.000826640055
1.983999967575	-0.004040112253
1.985599994659	-0.002459264360
1.987199902534	-0.002121872269
1.988799929619	-0.002526144264
1.990399956703	-0.003312944202
1.991999983788	-0.003817248391
1.993599891663	-0.000733744004
1.995199918747	-0.001542016049
1.996799945831	-0.001961056143
1.998399972916	-0.002842784161
2.000000000000	-0.002368944231
2.001600027084	-0.001783632091
2.003200054169	-0.001519616111
2.004799842834	-0.002000976121
2.006399869919	-0.005236160476
2.007999897003	-0.004169120453
2.009599924088	-0.002706480213
2.011199951172	-0.001880432130
2.012799978256	-0.003553360235
2.014400005341	-0.003264256287
2.016000032425	-0.002695392352
2.017600059509	-0.003594992217
2.019199848175	-0.000438448071
2.020799875259	-0.003497328376
2.022399902344	-0.001628352096
2.023999929428	-0.000267152063
2.025599956512	-0.002422400285
2.027199983597	-0.002416224219
2.028800010681	-0.002346160123
2.030400037766	-0.001229472109
2.032000064850	-0.003315776354
2.033599853516	-0.002956320299
2.035199880600	-0.005643840414
2.036799907684	-0.001660656184
2.038399934769	-0.002033088123
2.039999961853	-0.002478112234
2.041599988937	-0.003011760302
2.043200016022	-0.003377424320
2.044800043106	-0.001182912150
2.046399831772	-0.002693648217
2.047999858856	-0.001745376154
2.049599885941	-0.002812864259
2.051199913025	-0.003412864404
2.052799940109	-0.000334896031
2.054399967194	-0.003057568101
2.055999994278	-0.002884384245
2.057600021362	-0.001264816150
2.059200048447	-0.002645216184
2.060799837112	-0.002588528208
2.062399864197	-0.002967328299
2.063999891281	-0.001964624273
2.065599918365	-0.001641360112
2.067199945450	-0.001711904071
2.068799972534	-0.002998352284
2.070399999619	-0.003238912206
2.072000026703	-0.002732976340
2.073600053787	-0.002670992166
2.075199842453	-0.003486128291
2.076799869537	-0.005416704342
2.078399896622	-0.000120736011
2.079999923706	-0.003707632422
2.081599950790	-0.003463120433
2.083199977875	-0.002155168215
2.084800004959	-0.004377680365
2.086400032043	-0.003960176371
2.088000059128	-0.003500624327
2.089599847794	-0.001657312270
2.091199874878	-0.004306064453
2.092799901962	-0.003937360365
2.094399929047	-0.003990976140
2.095999956131	-0.003071520245
2.097599983215	-0.004278496373
2.099200010300	-0.001330624102
2.100800037384	-0.004238032270
2.102400064468	-0.003965488169
2.103999853134	-0.002314768266
2.105599880219	-0.003728832351
2.107199907303	-0.002078224206
2.108799934387	-0.001451520133
2.110399961472	-0.002678160323
2.111999988556	-0.004776976537
2.113600015640	-0.001796656172
2.115200042725	-0.001696720137
2.116799831390	-0.001701104222
2.118399858475	-0.001379952068
2.119999885559	-0.003547616303
2.121599912643	-0.003307552310
2.123199939728	-0.002913664328
2.124799966812	-0.003736016341
2.126399993896	-0.004154768307
2.128000020981	-0.002806304256
2.129600048065	-0.002292352030
2.131199836731	-0.004872288555
2.132799863815	-0.003057760186
2.134399890900	-0.002726960229
2.135999917984	-0.001976400148
2.137599945068	-0.002626320347
2.139199972153	-0.002369344234
2.140799999237	-0.003507456277
2.142400026321	-0.002691696165
2.144000053406	-0.003206944326
2.145599842072	-0.002563488204
2.147199869156	-0.002660656348
2.148799896240	-0.003172416240
2.150399923325	-0.002834944287
2.151999950409	-0.002831456251
2.153599977493	-0.001039760071
2.155200004578	-0.005226112437
2.156800031662	-0.005593776237
2.158400058746	-0.003036192153
2.159999847412	-0.003486544359
2.161599874496	-0.002302192152
2.163199901581	-0.002718800213
2.164799928665	-0.004101744387
2.166399955750	-0.003421088215
2.167999982834	-0.005084064323
2.169600009918	-0.003324944293
2.171200037003	-0.004189248197
2.172800064087	-0.003812000388
2.174399852753	-0.003918672446
2.175999879837	-0.000344063999
2.177599906921	-0.004148128442
2.179199934006	-0.001143952133
2.180799961090	-0.006781200413
2.182399988174	-0.001429488184
2.184000015259	-0.002049312228
2.185600042343	-0.004116560332
2.187199831009	-0.003288112348
2.188799858093	-0.000988272019
2.190399885178	-0.000915424083
2.191999912262	-0.002277632244
2.193599939346	-0.004103952553
2.195199966431	-0.006908128504
2.196799993515	-0.002220736118
2.198400020599	-0.001540544210
2.200000047684	-0.003140144283
2.201599836349	-0.003093824256
2.203199863434	-0.002818864305
2.204799890518	-0.003055424197
2.206399917603	-0.004151536152
2.207999944687	-0.002690512221
2.209599971771	-0.002509568352
2.211199998856	-0.004870496225
2.212800025940	-0.002843040274
2.214400053024	-0.002393600298
2.215999841690	-0.004183440469
2.217599868774	-0.003628864419
2.219199895859	-0.003310400294
2.220799922943	-0.003148768330
2.222399950027	-0.003042320255
2.223999977112	-0.004323616158
2.225600004196	-0.003715840168
2.227200031281	-0.003229088150
2.228800058365	0.001034368062
2.230399847031	-0.005246304441
2.231999874115	-0.001946704229
2.233599901199	-0.002936064266
2.235199928284	-0.001785392058
2.236799955368	-0.004119456280
2.238399982452	-0.001916864188
2.240000009537	-0.003619936295
2.241600036621	-0.001586512197
2.243199825287	-0.000370448019
2.244799852371	-0.004646272399
2.246399879456	-0.002725840081
2.247999906540	-0.002503648167
2.249599933624	-0.001545616076
2.251199960709	-0.004881312139
2.252799987793	-0.003335008165
2.254400014877	-0.000947776076
2.256000041962	-0.004104960244
2.257599830627	-0.003606960177
2.259199857712	-0.003991696518
2.260799884796	-0.002081728308
2.262399911880	0.000148400053
2.263999938965	-0.004683952313
2.265599966049	-0.006969072390
2.267199993134	-0.002781088231
2.268800020218	0.001176704071
2.270400047302	-0.003559696255
2.271999835968	-0.003412608290
2.273599863052	-0.002194512170
2.275199890137	-0.004573040176
2.276799917221	-0.002784224227
2.278399944305	-0.003052800195
2.279999971390	-0.004760928452
2.281599998474	-0.003414992243
2.283200025558	-0.002389552305
2.284800052643	-0.001532480121
2.286399841309	-0.001620608149
2.287999868393	-0.002267712262
2.289599895477	-0.003324560355
2.291199922562	-0.004825648386
2.292799949646	-0.002378768288
2.294399976730	-0.003347936319
2.296000003815	-0.004433744587
2.297600030899	-0.004824288189
2.299200057983	-0.003865520470
2.300799846649	-0.003885792335
2.302399873734	-0.004504304379
2.303999900818	-0.003983792383
2.305599927902	-0.003605008358
2.307199954987	-0.001626992133
2.308799982071	-0.003807168454
2.310400009155	-0.005049168598
2.312000036240	-0.004564160481
2.313599824905	-0.000691008056
2.315199851990	-0.003444944276
2.316799879074	-0.002610112308
2.318399906158	-0.002731664339
2.319999933243	-0.003343408229
2.321599960327	-0.000990384142
2.323199987411	-0.001615040121
2.324800014496	-0.003055936424
2.326400041580	-0.002982352395
2.327999830246	-0.002084384207
2.329599857330	-0.004198224284
2.331199884415	-0.001712816185
2.332799911499	-0.001962208189
2.334399938583	-0.003822832368
2.335999965668	-0.004372576252
2.337599992752	-0.003919808194
2.339200019836	-0.003502784297
2.340800046921	-0.004024608526
2.342399835587	-0.004286208190
2.343999862671	-0.004487696569
2.345599889755	-0.003778304206
2.347199916840	-0.005331728607
2.348799943924	-0.001649632119
2.350399971008	-0.005109104328
2.351999998093	-0.003089360194
2.353600025177	-0.003431472229
2.355200052261	-0.004582400434
2.356799840927	-0.003138720291
2.358399868011	-0.002644160297
2.359999895096	-0.005497536622
2.361599922180	-0.002940336242
2.363199949265	-0.002872432349
2.364799976349	-0.004196112510
2.366400003433	-0.004453936592
2.368000030518	-0.003835712327
2.369600057602	-0.004298400134
2.371199846268	-0.002198224189
2.372799873352	-0.002239088295
2.374399900436	-0.003665072378
2.375999927521	-0.005591776688
2.377599954605	-0.004181856290
2.379199981689	-0.003677424276
2.380800008774	-0.003856464289
2.382400035858	-0.005467680283
2.383999824524	-0.002645424334
2.385599851608	-0.004021712579
2.387199878693	-0.002466544276
2.388799905777	-0.002768096281
2.390399932861	-0.004321040120
2.391999959946	-0.004253648221
2.393599987030	-0.003311216366
2.395200014114	-0.003181696171
2.396800041199	-0.005392272491
2.398399829865	-0.002707312349
2.399999856949	-0.005416672211
2.401599884033	-0.003205936402
2.403199911118	-0.004394256510
2.404799938202	-0.003207552247
2.406399965286	-0.004832064267
2.407999992371	-0.004515552428
2.409600019455	-0.002710816218
2.411200046539	-0.004801872186
2.412799835205	-0.003540112404
2.414399862289	-0.003396240296
2.415999889374	-0.000437664014
2.417599916458	-0.003520416329
2.419199943542	-0.004032352474
2.420799970627	-0.004817040637
2.422399997711	-0.003258496290
2.424000024796	-0.002695744159
2.425600051880	-0.005287216511
2.427199840546	-0.003845536383
2.428799867630	-0.001557472162
2.430399894714	-0.002442768309
2.431999921799	-0.004471984226
2.433599948883	-0.003620736301
2.435199975967	-0.004549040459
2.436800003052	-0.002971136244
2.438400030136	-0.004355312325
2.440000057220	-0.003334176261
2.441599845886	-0.004399600439
2.443199872971	-0.003635408357
2.444799900055	-0.002034016186
2.446399927139	-0.005181104410
2.447999954224	-0.003590688342
2.449599981308	-0.006213008426
2.451200008392	-0.004135616124
2.452800035477	-0.002573584206
2.454399824142	-0.001807904104
2.455999851227	-0.005801712628
2.457599878311	-0.004300528206
2.459199905396	-0.002513728105
2.460799932480	-0.005654256325
2.462399959564	-0.003878144315
2.463999986649	-0.002575392136
2.465600013733	-0.004730032291
2.467200040817	-0.004832336213
2.468799829483	-0.002875152277
2.470399856567	-0.002177872229
2.471999883652	-0.004856560379
2.473599910736	-0.002363824286
2.475199937820	-0.005613104440
2.476799964905	-0.002751008375
2.478399991989	-0.003260336351
2.480000019073	-0.004849968478
2.481600046158	-0.002317920094
2.483199834824	-0.003270336427
2.484799861908	-0.004435600247
2.486399888992	-0.005662672222
2.487999916077	-0.001096688095
2.489599943161	-0.005523520522
2.491199970245	-0.003527968423
2.492799997330	-0.005115328357
2.494400024414	-0.004460992292
2.496000051498	-0.004084992222
2.497599840164	-0.001658992143
2.499199867249	-0.003643392352
2.500799894333	-0.003918384202
2.502399921417	-0.004176192451
2.503999948502	-0.002453376306
2.505599975586	-0.004516592249
2.507200002670	-0.003959840164
2.508800029755	-0.003902272321
2.510399818420	-0.004684112500
2.511999845505	-0.002949984279
2.513599872589	-0.003389312420
2.515199899673	-0.004390576389
2.516799926758	-0.004218032584
2.518399953842	-0.004341072403
2.519999980927	-0.003364976263
2.521600008011	-0.003544672392
2.523200035095	-0.003353120293
2.524799823761	-0.005440160166
2.526399850845	-0.004543104209
2.527999877930	-0.005522096530
2.529599905014	-0.004814976361
2.531199932098	-0.004580192268
2.532799959183	-0.003250864334
2.534399986267	-0.004974016454
2.536000013351	-0.003366784425
2.537600040436	-0.003470464377
2.539199829102	-0.004885696340
2.540799856186	-0.003446000395
2.542399883270	-0.003018112155
2.543999910355	-0.004100528080
2.545599937439	-0.006528528407
2.547199964523	-0.004305696581
2.548799991608	-0.002176928101
2.550400018692	-0.003410528181
2.552000045776	-0.004803056363
2.553599834442	-0.002603728324
2.555199861526	-0.006404176354
2.556799888611	-0.002024432179
2.558399915695	-0.003939680289
2.559999942780	-0.003825728316
2.561599969864	-0.002757168142
2.563199996948	-0.002997760195
2.564800024033	-0.005281792488
2.566400051117	-0.003957392182
2.567999839783	-0.000204783981
2.569599866867	-0.004867040552
2.571199893951	-0.003865280421
2.572799921036	-0.003638848197
2.574399948120	-0.003146912204
2.575999975204	-0.004637120292
2.577600002289	-0.002667712281
2.579200029373	-0.003259456251
2.580799818039	-0.003035024274
2.582399845123	-0.004499248229
2.583999872208	-0.002467280254
2.585599899292	-0.005106320605
2.587199926376	-0.004276384134
2.588799953461	-0.003573472379
2.590399980545	-0.004163040314
2.592000007629	-0.004884976428
2.593600034714	-0.002566384152
2.595199823380	-0.003483936191
2.596799850464	-0.003635696368
2.598399877548	-0.002226640237
2.599999904633	-0.005630256608
2.601599931717	-0.003187504364
2.603199958801	-0.004093280528
2.604799985886	-0.002459696261
2.606400012970	-0.004770112224
2.608000040054	-0.003612352302
2.609599828720	-0.003083760152
2.611199855804	-0.005278064404
2.612799882889	-0.004259888548
2.614399909973	-0.003034704365
2.615999937057	-0.006136656739
2.617599964142	-0.004437440541
2.619199991226	-0.003153792350
2.620800018311	-0.003827984212
2.622400045395	-0.006306784693
2.623999834061	-0.003504896304
2.625599861145	-0.004450592212
2.627199888229	-0.005192864221
2.628799915314	-0.005907152314
2.630399942398	-0.003771968419
2.631999969482	-0.004595728591
2.633599996567	-0.003685120260
2.635200023651	-0.002877600258
2.636800050735	-0.005500240251
2.638399839401	-0.004263488576
2.639999866486	-0.004270784557
2.641599893570	-0.005007456522
2.643199920654	-0.004890656564
2.644799947739	-0.005072384607
2.646399974823	-0.004473024514
2.648000001907	-0.003315616399
2.649600028992	-0.002478160197
2.651199817657	-0.003994320519
2.652799844742	-0.005826864392
2.654399871826	-0.002720240271
2.655999898911	-0.005531584378
2.657599925995	-0.002320416272
2.659199953079	-0.003692480270
2.660799980164	-0.004991360474
2.662400007248	-0.002336944221
2.664000034332	-0.003862656420
2.665599822998	-0.002146160230
2.667199850082	-0.005526608322
2.668799877167	-0.004497792572
2.670399904251	-0.006577968597
2.671999931335	-0.003441904206
2.673599958420	-0.002730272245
2.675199985504	-0.004523680545
2.676800012589	-0.004439616576
2.678400039673	-0.003703952301
2.679999828339	-0.004200096242
2.681599855423	-0.003832480405
2.683199882507	-0.003998928238
2.684799909592	-0.003116352251
2.686399936676	-0.006301840302
2.687999963760	-0.003552352311
2.689599990845	-0.002472480293
2.691200017929	-0.004742624238
2.692800045013	-0.004577904474
2.694399833679	-0.005393792409
2.695999860764	-0.002955232281
2.697599887848	-0.003772368422
2.699199914932	-0.002297552302
2.700799942017	-0.004430112429
2.702399969101	-0.004494512454
2.703999996185	-0.002275936073
2.705600023270	-0.004015152343
2.707200050354	-0.003206912195
2.708799839020	-0.005325424485
2.710399866104	-0.006023312453
2.711999893188	-0.005129056517
2.713599920273	-0.002525024349
2.715199947357	-0.003943520132
2.716799974442	-0.007438096683
2.718400001526	-0.004442544188
2.720000028610	-0.006863760762
2.721599817276	-0.004268224351
2.723199844360	-0.004459136631
2.724799871445	-0.004862272646
2.726399898529	-0.005234864540
2.727999925613	-0.003138752189
2.729599952698	-0.004045280162
2.731199979782	-0.006485952530
2.732800006866	-0.004165504128
2.734400033951	-0.005292976275
2.735999822617	-0.005770448595
2.737599849701	-0.005367120262
2.739199876785	-0.004828880541
2.740799903870	-0.005189280491
2.742399930954	-0.004460416269
2.743999958038	-0.004394672345
2.745599985123	-0.003539696336
2.747200012207	-0.003586640349
2.748800039291	-0.004013312515
2.750399827957	-0.003912656102
2.751999855042	-0.003577232361
2.753599882126	-0.004234768450
2.755199909210	-0.006287952419
2.756799936295	-0.002109136200
2.758399963379	-0.005523264408
2.759999990463	-0.001830208115
2.761600017548	-0.004639632534
2.763200044632	-0.002730784239
2.764799833298	-0.006092640571
2.766399860382	-0.001548864064
2.767999887466	-0.004917472601
2.769599914551	-0.002823792165
2.771199941635	-0.002698032185
2.772799968719	-0.007551072631
2.774399995804	-0.002290352248
2.776000022888	-0.007184928749
2.777599811554	-0.002711824374
2.779199838638	-0.006170160603
2.780799865723	-0.003079008311
2.782399892807	-0.006401552353
2.783999919891	-0.003108928213
2.785599946976	-0.002916640136
2.787199974060	-0.004701584578
2.788800001144	-0.003876736388
2.790400028229	-0.004943760578
2.791999816895	-0.004340608604
2.793599843979	-0.003819376463
2.795199871063	-0.005246144254
2.796799898148	-0.005186096299
2.798399925232	-0.003931184299
2.799999952316	-0.006193632726
2.801599979401	-0.003755936166
2.803200006485	-0.005122848321
2.804800033569	-0.002326480113
2.806399822235	-0.006101440638
2.807999849319	-0.004071760457
2.809599876404	-0.004734784365
2.811199903488	-0.006436368451
2.812799930573	-0.004281024449
2.814399957657	-0.006234944332
2.815999984741	-0.003394976258
2.817600011826	-0.004444800317
2.819200038910	-0.002183072269
2.820799827576	-0.005353840534
2.822399854660	-0.004515984561
2.823999881744	-0.003144048154
2.825599908829	-0.005913376343
2.827199935913	-0.002634688281
2.828799962997	-0.005653488450
2.830399990082	-0.005481568631
2.832000017166	-0.006229136605
2.833600044250	-0.002583744237
2.835199832916	-0.004612320568
2.836799860001	-0.004455392249
2.838399887085	-0.004050816409
2.839999914169	-0.004600464366
2.841599941254	-0.003254816169
2.843199968338	-0.002805344295
2.844799995422	-0.004737696610
2.846400022507	-0.003924704157
2.847999811172	-0.003835616400
2.849599838257	-0.003871696303
2.851199865341	-0.003678736277
2.852799892426	-0.006569584366
2.854399919510	-0.004140800331
2.855999946594	-0.005638816394
2.857599973679	-0.002334720222
2.859200000763	-0.004521280527
2.860800027847	-0.004933184478
2.862399816513	-0.005004704464
2.863999843597	-0.002072448144
2.865599870682	-0.006007760298
2.867199897766	-0.004879888147
2.868799924850	-0.002945728367
2.870399951935	-0.004836560227
2.871999979019	-0.002354336204
2.873600006104	-0.003299632343
2.875200033188	-0.006232720334
2.876799821854	-0.006205248646
2.878399848938	-0.004648224451
2.879999876022	-0.004875424318
2.881599903107	-0.003637600224
2.883199930191	-0.004732992500
2.884799957275	-0.006891280413
2.886399984360	-0.004642592277
2.888000011444	-0.004167008214
2.889600038528	-0.004385968205
2.891199827194	-0.004683856387
2.892799854279	-0.005074960645
2.894399881363	-0.006597472355
2.895999908447	-0.004737424199
2.897599935532	-0.004574128427
2.899199962616	-0.003334944369
2.900799989700	-0.007450144738
2.902400016785	-0.004605952185
2.904000043869	-0.002950016176
2.905599832535	-0.004704864230
2.907199859619	-0.002161136130
2.908799886703	-0.006315408740
2.910399913788	-0.003655888373
2.911999940872	-0.005172464531
2.913599967957	-0.003510064213
2.915199995041	-0.005180624314
2.916800022125	-0.004980096128
2.918399810791	-0.005882800557
2.919999837875	-0.004970384296
2.921599864960	-0.003029456129
2.923199892044	-0.004318112507
2.924799919128	-0.005105568562
2.926399946213	-0.004557600245
2.927999973297	-0.002967104316
2.929600000381	-0.004313392099
2.931200027466	-0.004007664509
2.932799816132	-0.003720864188
2.934399843216	-0.005495104473
2.935999870300	-0.005297856405
2.937599897385	-0.003545632353
2.939199924469	-0.005240800325
2.940799951553	-0.004964512307
2.942399978638	-0.006240720395
2.944000005722	-0.005669312552
2.945600032806	-0.005040336400
2.947199821472	-0.004544720519
2.948799848557	-0.002987264190
2.950399875641	-0.006522048730
2.951999902725	-0.004749584477
2.953599929810	-0.002274992177
2.955199956894	-0.003450928256
2.956799983978	-0.007067792583
2.958400011063	-0.006226560567
2.960000038147	-0.004251152277
2.961599826813	-0.003649616381
2.963199853897	-0.002917072270
2.964799880981	-0.005362336524
2.966399908066	-0.005290272646
2.967999935150	-0.004518160596
2.969599962234	-0.003842752427
2.971199989319	-0.004439488519
2.972800016403	-0.006535344291
2.974400043488	-0.005234224256
2.975999832153	-0.004495904315
2.977599859238	-0.003679952351
2.979199886322	-0.004778528586
2.980799913406	-0.006276080385
2.982399940491	-0.004356640391
2.983999967575	-0.004229056183
2.985599994659	-0.005666656420
2.987200021744	-0.005185600370
2.988799810410	-0.005508912262
2.990399837494	-0.003704832168
2.991999864578	-0.003374432214
2.993599891663	-0.003979408182
2.995199918747	-0.007008400746
2.996799945831	-0.006306240335
2.998399972916	-0.003006256185
3.000000000000	-0.004945584573
3.001600027084	-0.003183264285
3.003199815750	-0.005550736561
3.004799842834	-0.006207920611
3.006399869919	-0.002278112108
3.007999897003	-0.000722320110
3.009599924088	-0.004225040320
3.011199951172	-0.004379792139
3.012799978256	-0.005963664502
3.014400005341	-0.002687200205
3.016000032425	-0.004091216251
3.017599821091	-0.003826944390
3.019199848175	-0.004266176373
3.020799875259	-0.005609632470
3.022399902344	-0.005532608368
3.023999929428	-0.005037104245
3.025599956512	-0.004472272471
3.027199983597	-0.007109344471
3.028800010681	-0.004892848432
3.030400037766	-0.004634800367
3.031999826431	-0.003951904364
3.033599853516	-0.004851456266
3.035199880600	-0.004278512206
3.036799907684	-0.005139072426
3.038399934769	-0.006023856346
3.039999961853	-0.002873632126
3.041599988937	-0.003011456225
3.043200016022	-0.005358528346
3.044799804687	-0.002919120248
3.046399831772	-0.005390896462
3.047999858856	-0.002338960301
3.049599885941	-0.004935200326
3.051199913025	-0.005170560442
3.052799940109	-0.003596656257
3.054399967194	-0.002816480119
3.055999994278	-0.004895136226
3.057600021362	-0.004186816514
3.059199810028	-0.001873952104
3.060799837112	-0.006882912479
3.062399864197	-0.005042176228
3.063999891281	-0.004603392445
3.065599918365	-0.004458784591
3.067199945450	-0.006644832436
3.068799972534	-0.003784576431
3.070399999619	-0.004418160301
3.072000026703	-0.004282672424
3.073599815369	-0.005526240449
3.075199842453	-0.004017664585
3.076799869537	-0.004904800560
3.078399896622	-0.006398752332
3.079999923706	-0.005390176550
3.081599950790	-0.002235648222
3.083199977875	-0.005799584556
3.084800004959	-0.004376096185
3.086400032043	-0.007011312526
3.087999820709	-0.004201488569
3.089599847794	-0.003752224380
3.091199874878	-0.006485440768
3.092799901962	-0.003792880336
3.094399929047	-0.005308176391
3.095999956131	-0.003156064311
3.097599983215	-0.004169008229
3.099200010300	-0.003452832112
3.100800037384	-0.005998432636
3.102399826050	-0.005973152351
3.103999853134	-0.003482560394
3.105599880219	-0.004788832273
3.107199907303	-0.004782192409
3.108799934387	-0.005607152358
3.110399961472	-0.002697248245
3.111999988556	-0.005498112645
3.113600015640	-0.002329344163
3.115199804306	-0.005927984603
3.116799831390	-0.004801456351
3.118399858475	-0.004049776122
3.119999885559	-0.003766560229
3.121599912643	-0.003279056167
3.123199939728	-0.004769312218
3.124799966812	-0.005615360569
3.126399993896	-0.006291936617
3.128000020981	-0.002146864310
3.129599809647	-0.003753328230
3.131199836731	-0.004215920344
3.132799863815	-0.006889184471
3.134399890900	-0.005316320341
3.135999917984	-0.003626960330
3.137599945068	-0.005275664385
3.139199972153	-0.004329392221
3.140799999237	-0.006154288538
3.142400026321	-0.004440096207
3.143999814987	-0.004036832601
3.145599842072	-0.004573536571
3.147199869156	-0.003301936202
3.148799896240	-0.007038560696
3.150399923325	-0.007761904504
3.151999950409	-0.005052960478
3.153599977493	-0.003278544173
3.155200004578	-0.005229952279
3.156800031662	-0.005348128267
3.158399820328	-0.004724800587
3.159999847412	-0.005506752525
3.161599874496	-0.004390496295
3.163199901581	-0.006169264670
3.164799928665	-0.005869472399
3.166399955750	-0.004961776547
3.167999982834	-0.004563216120
3.169600009918	-0.004285840318
3.171200037003	-0.006783088669
3.172799825668	-0.003023584140
3.174399852753	-0.004970688373
3.175999879837	-0.004795840476
3.177599906921	-0.006133824587
3.179199934006	-0.004230960272
3.180799961090	-0.006474512629
3.182399988174	-0.004860400222
3.184000015259	-0.003818112193
3.185599803925	-0.005606064573
3.187199831009	-0.004542624578
3.188799858093	-0.006478848401
3.190399885178	-0.006335856393
3.191999912262	-0.002822896233
3.193599939346	-0.005480192602
3.195199966431	-0.006857104599
3.196799993515	-0.004375056364
3.198400020599	-0.005060736556
3.199999809265	-0.004961760249
3.201599836349	-0.004399968311
3.203199863434	-0.006129008252
3.204799890518	-0.006177536678
3.206399917603	-0.005672432482
3.207999944687	-0.003142576199
3.209599971771	-0.003496256424
3.211199998856	-0.007618560456
3.212800025940	-0.005530160386
3.214399814606	-0.004469776526
3.215999841690	-0.004535712302
3.217599868774	-0.004359968472
3.219199895859	-0.003545760177
3.220799922943	-0.006113184616
3.222399950027	-0.006176320370
3.223999977112	-0.001151744160
3.225600004196	-0.005578864366
3.227200031281	-0.005372032523
3.228799819946	-0.004839984234
3.230399847031	-0.005565888714
3.231999874115	-0.001458480139
3.233599901199	-0.005050032400
3.235199928284	-0.006906608585
3.236799955368	-0.005306368228
3.238399982452	-0.002473472152
3.240000009537	-0.006500496529
3.241600036621	-0.004468480591
3.243199825287	-0.004832080565
3.244799852371	-0.007072272711
3.246399879456	-0.003557824297
3.247999906540	-0.004858784378
3.249599933624	-0.004111584276
3.251199960709	-0.007762768771
3.252799987793	-0.005173904356
3.254400014877	-0.004723776598
3.255999803543	-0.006306032650
3.257599830627	-0.005638880655
3.259199857712	-0.004529024474
3.260799884796	-0.004620128311
3.262399911880	-0.003369152313
3.263999938965	-0.005623488221
3.265599966049	-0.005547744688
3.267199993134	-0.005260320380
3.268800020218	-0.005651712418
3.270399808884	-0.004641104490
3.271999835968	-0.004101664294
3.273599863052	-0.003882592311
3.275199890137	-0.005765472539
3.276799917221	-0.004667328205
3.278399944305	-0.003716624342
3.279999971390	-0.005213232245
3.281599998474	-0.006678080652
3.283200025558	-0.005291664507
3.284799814224	-0.007746000774
3.286399841309	-0.004738656338
3.287999868393	-0.005201904569
3.289599895477	-0.002239072230
3.291199922562	-0.004258368164
3.292799949646	-0.005037664436
3.294399976730	-0.006439888384
3.296000003815	-0.005487120245
3.297600030899	-0.004091952462
3.299199819565	-0.006654368713
3.300799846649	-0.006433648523
3.302399873734	-0.005540768616
3.303999900818	-0.003324336372
3.305599927902	-0.005946800578
3.307199954987	-0.004442656413
3.308799982071	-0.005451312289
3.310400009155	-0.006737664342
3.311999797821	-0.002415472176
3.313599824905	-0.004676416516
3.315199851990	-0.004512480460
3.316799879074	-0.005446624476
3.318399906158	-0.003974144347
3.319999933243	-0.003200800158
3.321599960327	-0.005397744477
3.323199987411	-0.004716944415
3.324800014496	-0.006903392728
3.326399803162	-0.004666608293
3.327999830246	-0.004675248172
3.329599857330	-0.003635088215
3.331199884415	-0.004623168148
3.332799911499	-0.004726960324
3.334399938583	-0.005475728307
3.335999965668	-0.005935440306
3.337599992752	-0.003781952430
3.339200019836	-0.007433024701
3.340799808502	-0.007335680537
3.342399835587	-0.005253504496
3.343999862671	-0.005057952367
3.345599889755	-0.007012560498
3.347199916840	-0.005271872506
3.348799943924	-0.004925456364
3.350399971008	-0.005249104463
3.351999998093	-0.003156080376
3.353600025177	-0.005459296517
3.355199813843	-0.007361584809
3.356799840927	-0.005783040542
3.358399868011	-0.003511760151
3.359999895096	-0.004823792260
3.361599922180	-0.003629920306
3.363199949265	-0.005114992615
3.364799976349	-0.005760208238
3.366400003433	-0.004491168540
3.368000030518	-0.006776000373
3.369599819183	-0.005501888692
3.371199846268	-0.006126848515
3.372799873352	-0.004031664226
3.374399900436	-0.007906784303
3.375999927521	-0.005202112254
3.377599954605	-0.004393776413
3.379199981689	-0.006595424376
3.380800008774	-0.003711312311
3.382399797440	-0.007086672820
3.383999824524	-0.005599312484
3.385599851608	-0.007037824485
3.387199878693	-0.004168896470
3.388799905777	-0.005277552176
3.390399932861	-0.007540384773
3.391999959946	-0.004170176573
3.393599987030	-0.005672352389
3.395200014114	-0.005784960464
3.396799802780	-0.006156688556
3.398399829865	-0.004227680154
3.399999856949	-0.005213616416
3.401599884033	-0.006347984541
3.403199911118	-0.003751168260
3.404799938202	-0.007805536501
3.406399965286	-0.002560768276
3.407999992371	-0.005573440343
3.409600019455	-0.004287216347
3.411199808121	-0.007840048522
3.412799835205	-0.006328304764
3.414399862289	-0.003764608409
3.415999889374	-0.006834928412
3.417599916458	-0.001529376139
3.419199943542	-0.007793968543
3.420799970627	-0.005975024309
3.422399997711	-0.003252144204
3.424000024796	-0.002948400332
3.425599813461	-0.006704080384
3.427199840546	-0.004354320467
3.428799867630	-0.004162928089
3.430399894714	-0.006474912632
3.431999921799	-0.004766368307
3.433599948883	-0.005440544337
3.435199975967	-0.006056624465
3.436800003052	-0.005236848257
3.438400030136	-0.005823232234
3.439999818802	-0.003183840308
3.441599845886	-0.007097504567
3.443199872971	-0.004553056322
3.444799900055	-0.005864880513
3.446399927139	-0.007148608565
3.447999954224	-0.006175456569
3.449599981308	-0.005099648610
3.451200008392	0.005362560507
