0.000000000000	0.013711680658
0.001599999960	0.013910480775
0.003199999919	0.012522896752
0.004799999762	0.012959296815
0.006399999838	0.012870385312
0.007999999449	0.015488608740
0.009599999525	0.013228513300
0.011199999601	0.015076193027
0.012799999677	0.014486689121
0.014399999753	0.012649953365
0.015999998897	0.014003649354
0.017599999905	0.013057408854
0.019199999049	0.011891905218
0.020800000057	0.013047088869
0.022399999201	0.014643953182
0.024000000209	0.012755921111
0.025599999353	0.012212385423
0.027199998498	0.011656257324
0.028799999505	0.012805040926
0.030399998650	0.009780769236
0.031999997795	0.012536672875
0.033599998802	0.013121585362
0.035199999809	0.013610545546
0.036800000817	0.013553841040
0.038399998099	0.009610384703
0.039999999106	0.011247185059
0.041600000113	0.011628513224
0.043199997395	0.008708880283
0.044799998403	0.009509072639
0.046399999410	0.010701728985
0.048000000417	0.010629489087
0.049599997699	0.010045296513
0.051199998707	0.012160224840
0.052799999714	0.009934321046
0.054399996996	0.010485872626
0.055999998003	0.010601168498
0.057599999011	0.011325120926
0.059200000018	0.010205793194
0.060799997300	0.010981056839
0.062399998307	0.011349825189
0.063999995589	0.008636496961
0.065600000322	0.008648192510
0.067199997604	0.010083473288
0.068799994886	0.010558145121
0.070399999619	0.008779441006
0.071999996901	0.008165696636
0.073600001633	0.009989056736
0.075199998915	0.010413057171
0.076799996197	0.008457520977
0.078400000930	0.009362832643
0.079999998212	0.009989392944
0.081599995494	0.009980000556
0.083200000226	0.009144816548
0.084799997509	0.008395728655
0.086399994791	0.009072960354
0.087999999523	0.009265872650
0.089599996805	0.011093568988
0.091199994087	0.009694497101
0.092799998820	0.008860561065
0.094399996102	0.009043009020
0.096000000834	0.009787584655
0.097599998116	0.009422720410
0.099199995399	0.006355360616
0.100800000131	0.008139681071
0.102399997413	0.008374352939
0.103999994695	0.007220480591
0.105599999428	0.008102352731
0.107199996710	0.008534880355
0.108799993992	0.009047024883
0.110399998724	0.008813472465
0.111999996006	0.008776624687
0.113600000739	0.008181520738
0.115199998021	0.006344496738
0.116799995303	0.007346080616
0.118400000036	0.008505537175
0.119999997318	0.007986688986
0.121599994600	0.008647840470
0.123199999332	0.009005377069
0.124799996614	0.009331121109
0.126399993896	0.010190769099
0.127999991179	0.007608656771
0.129600003362	0.005925200414
0.131200000644	0.007924321108
0.132799997926	0.007800064515
0.134399995208	0.008262768388
0.135999992490	0.008074320853
0.137599989772	0.007785808761
0.139200001955	0.006333936471
0.140799999237	0.008358145133
0.142399996519	0.008418240584
0.143999993801	0.007171152625
0.145599991083	0.005680304486
0.147200003266	0.007919793017
0.148800000548	0.008758416399
0.150399997830	0.007089168765
0.151999995112	0.008651568554
0.153599992394	0.007567392662
0.155199989676	0.008298624307
0.156800001860	0.009483008645
0.158399999142	0.008086160757
0.159999996424	0.008941648528
0.161599993706	0.006508208346
0.163199990988	0.007095008623
0.164800003171	0.006423216313
0.166400000453	0.008384720422
0.167999997735	0.007157696411
0.169599995017	0.007138048764
0.171199992299	0.006113696378
0.172799989581	0.006337536499
0.174400001764	0.005569488276
0.175999999046	0.007604464889
0.177599996328	0.008236768655
0.179199993610	0.006430816371
0.180799990892	0.006181472447
0.182399988174	0.008348064497
0.184000000358	0.005822016392
0.185599997640	0.006609200500
0.187199994922	0.008548976853
0.188799992204	0.005323344376
0.190399989486	0.006315888371
0.192000001669	0.007855312899
0.193599998951	0.009514288977
0.195199996233	0.005437936634
0.196799993515	0.007269840688
0.198399990797	0.005704736337
0.199999988079	0.006478176452
0.201600000262	0.006538752466
0.203199997544	0.007060608361
0.204799994826	0.007264368702
0.206399992108	0.006224864628
0.207999989390	0.005412976258
0.209600001574	0.006971840747
0.211199998856	0.008054864593
0.212799996138	0.006233504508
0.214399993420	0.006612016354
0.215999990702	0.007574112620
0.217599987984	0.005870704539
0.219200000167	0.004602864385
0.220799997449	0.005639184266
0.222399994731	0.006941664498
0.223999992013	0.007240000647
0.225599989295	0.007047680672
0.227200001478	0.005148048513
0.228799998760	0.007065024693
0.230399996042	0.005205296446
0.231999993324	0.006002048496
0.233599990606	0.006291808560
0.235199987888	0.006161792669
0.236800000072	0.007394240703
0.238399997354	0.007263376843
0.239999994636	0.005623120349
0.241599991918	0.005764592439
0.243199989200	0.005069648381
0.244799986482	0.005052816588
0.246399998665	0.006709520705
0.247999995947	0.004718448501
0.249599993229	0.006489504594
0.251199990511	0.006736096460
0.252799987793	0.006014768500
0.254399985075	0.005770928692
0.255999982357	0.006488736719
0.257599979639	0.006118944380
0.259200006723	0.006345312577
0.260800004005	0.006509216502
0.262400001287	0.007152624428
0.263999998569	0.006478192750
0.265599995852	0.004593760241
0.267199993134	0.005190960597
0.268799990416	0.004746832419
0.270399987698	0.005372544285
0.271999984980	0.005679344293
0.273599982262	0.007038912736
0.275199979544	0.006876656786
0.276800006628	0.005945936311
0.278400003910	0.005487680435
0.280000001192	0.007404672448
0.281599998474	0.004268896300
0.283199995756	0.006414752454
0.284799993038	0.006283600349
0.286399990320	0.006458192598
0.287999987602	0.005232832395
0.289599984884	0.005243872292
0.291199982166	0.005988928489
0.292799979448	0.005855968688
0.294400006533	0.006691472605
0.296000003815	0.005903744604
0.297600001097	0.006547712721
0.299199998379	0.006818112452
0.300799995661	0.006043552421
0.302399992943	0.006181456614
0.303999990225	0.005777408369
0.305599987507	0.004273040220
0.307199984789	0.006444176659
0.308799982071	0.005609120708
0.310399979353	0.006375616416
0.312000006437	0.005003008526
0.313600003719	0.006543120369
0.315200001001	0.004650272429
0.316799998283	0.006107808556
0.318399995565	0.006040192675
0.319999992847	0.006987072527
0.321599990129	0.005715632346
0.323199987411	0.004458240233
0.324799984694	0.006955200806
0.326399981976	0.005078320391
0.327999979258	0.004351088312
0.329600006342	0.004825392272
0.331200003624	0.005167328287
0.332800000906	0.006592160556
0.334399998188	0.005468736403
0.335999995470	0.004223696422
0.337599992752	0.005298384465
0.339199990034	0.005714368541
0.340799987316	0.005211872514
0.342399984598	0.004455504473
0.343999981880	0.004904336296
0.345599979162	0.006433328614
0.347199976444	0.006346896756
0.348800003529	0.006211520638
0.350400000811	0.002642608248
0.351999998093	0.006218048278
0.353599995375	0.006779904477
0.355199992657	0.005482608452
0.356799989939	0.005440144334
0.358399987221	0.004107184242
0.359999984503	0.006517696660
0.361599981785	0.005904400721
0.363199979067	0.004618432373
0.364799976349	0.004974624608
0.366400003433	0.005171616562
0.368000000715	0.004514432512
0.369599997997	0.003911376465
0.371199995279	0.005916896276
0.372799992561	0.003880672157
0.374399989843	0.006049664691
0.375999987125	0.005612752400
0.377599984407	0.005749872420
0.379199981689	0.004195344169
0.380799978971	0.004239696544
0.382399976254	0.006598272361
0.384000003338	0.003420208348
0.385600000620	0.002736144233
0.387199997902	0.005544112530
0.388799995184	0.005140992347
0.390399992466	0.005429024342
0.391999989748	0.002845280338
0.393599987030	0.004070592113
0.395199984312	0.006240640767
0.396799981594	0.006168112624
0.398399978876	0.003745024325
0.399999976158	0.004860352259
0.401600003242	0.006061600521
0.403200000525	0.006068944465
0.404799997807	0.005952512380
0.406399995089	0.003959536552
0.407999992371	0.004821952432
0.409599989653	0.005643840414
0.411199986935	0.005011792295
0.412799984217	0.006338816602
0.414399981499	0.003528432222
0.415999978781	0.004652224481
0.417599976063	0.006736240350
0.419200003147	0.004966784269
0.420800000429	0.004140080418
0.422399997711	0.004195472226
0.423999994993	0.005351952277
0.425599992275	0.004894688260
0.427199989557	0.003558896249
0.428799986839	0.002597136190
0.430399984121	0.004742560443
0.431999981403	0.004580992274
0.433599978685	0.004111024551
0.435199975967	0.003305856371
0.436800003052	0.001304640085
0.438400000334	0.003738224274
0.439999997616	0.003813840449
0.441599994898	0.005118096247
0.443199992180	0.004658592399
0.444799989462	0.003970784135
0.446399986744	0.005252768286
0.447999984026	0.003381504212
0.449599981308	0.004270288628
0.451199978590	0.003980960231
0.452799975872	0.004003488459
0.454400002956	0.003850432346
0.456000000238	0.003170896322
0.457599997520	0.004133312497
0.459199994802	0.005376128480
0.460799992085	0.003667952260
0.462399989367	0.002874928294
0.463999986649	0.002912592376
0.465599983931	0.003476048121
0.467199981213	0.003559328383
0.468799978495	0.003343040356
0.470399975777	0.003763936227
0.472000002861	0.005959264468
0.473600000143	0.004537824541
0.475199997425	0.004322848283
0.476799994707	0.002658064244
0.478399991989	0.002243376104
0.479999989271	0.003579424229
0.481599986553	0.004514128435
0.483199983835	0.003116976237
0.484799981117	0.003545200219
0.486399978399	0.004918576218
0.487999975681	0.005521200597
0.489599972963	0.002107456094
0.491200000048	0.003705424257
0.492799997330	0.004720240366
0.494399994612	0.003709600307
0.495999991894	0.002965872176
0.497599989176	0.003316656221
0.499199986458	0.003990624100
0.500800013542	0.003746288363
0.502399981022	0.003422832349
0.504000008106	0.003668704303
0.505599975586	0.002633760218
0.507200002670	0.003293008311
0.508799970150	0.004329568241
0.510399997234	0.003395056352
0.511999964714	0.004656976555
0.513599991798	0.003884080332
0.515199959278	0.004211360123
0.516799986362	0.004653888289
0.518400013447	0.003358224407
0.519999980927	0.002540112240
0.521600008011	0.005744272377
0.523199975491	0.005112992600
0.524800002575	0.003845168278
0.526399970055	0.003315200331
0.527999997139	0.003201392246
0.529599964619	0.004253696185
0.531199991703	0.001895568101
0.532799959183	0.003162160283
0.534399986267	0.003830464324
0.536000013351	0.003012256231
0.537599980831	0.004438320175
0.539200007915	0.003040016163
0.540799975395	0.002670608228
0.542400002480	0.004284784198
0.543999969959	0.004217504524
0.545599997044	0.002699600300
0.547199964523	0.002950368216
0.548799991608	0.003567408305
0.550399959087	0.003335376270
0.551999986172	0.004383440129
0.553600013256	0.001805872191
0.555199980736	0.003201904241
0.556800007820	0.005115296226
0.558399975300	0.002564800205
0.560000002384	0.003374160267
0.561599969864	0.004677280318
0.563199996948	0.003947360441
0.564799964428	0.004196032416
0.566399991512	0.003631136380
0.567999958992	0.002232304309
0.569599986076	0.005973360501
0.571200013161	0.003073328175
0.572799980640	0.003389952239
0.574400007725	0.002065264154
0.575999975204	0.003010016168
0.577600002289	0.003477808321
0.579199969769	0.003028512234
0.580799996853	0.001889888081
0.582399964333	0.003149920376
0.583999991417	0.003527680179
0.585599958897	0.002669680165
0.587199985981	0.001761856140
0.588800013065	0.003419760149
0.590399980545	0.004652304575
0.592000007629	0.004870080389
0.593599975109	0.004671200179
0.595200002193	0.003227008274
0.596799969673	0.004226400517
0.598399996758	0.002918928163
0.599999964237	0.002737888135
0.601599991322	0.002976336284
0.603199958801	0.002173344139
0.604799985886	0.003732304322
0.606400012970	0.004144976381
0.607999980450	0.002428432228
0.609600007534	0.002877264284
0.611199975014	0.002984784311
0.612800002098	0.001935760141
0.614399969578	0.002377232304
0.615999996662	0.003123584203
0.617599964142	0.003824720392
0.619199991226	0.003222256200
0.620799958706	0.005169328302
0.622399985790	0.002381696133
0.624000012875	0.004079920240
0.625599980354	0.003063472221
0.627200007439	0.003833424300
0.628799974918	0.003559424309
0.630400002003	0.001803088118
0.631999969482	0.002630736213
0.633599996567	0.003024256323
0.635199964046	0.002827936318
0.636799991131	0.003770576324
0.638399958611	0.004107328132
0.639999985695	0.003080576193
0.641600012779	0.003322256263
0.643199980259	0.003991120495
0.644800007343	0.004120880272
0.646399974823	0.002162768040
0.648000001907	0.003546160180
0.649599969387	0.002711296314
0.651199996471	0.001596336253
0.652799963951	0.004784912337
0.654399991035	0.000650496106
0.655999958515	0.002078672173
0.657599985600	0.001343776123
0.659200012684	0.004013248254
0.660799980164	0.001615472138
0.662400007248	0.003207968315
0.663999974728	0.003572112182
0.665600001812	0.000912240008
0.667199969292	0.002957616234
0.668799996376	0.002989872126
0.670399963856	0.001494672149
0.671999990940	0.002592288190
0.673599958420	0.002280080225
0.675199985504	0.002225696109
0.676800012589	0.001826416119
0.678399980068	0.003782272339
0.680000007153	0.003907312173
0.681599974632	0.002299312269
0.683200001717	0.003614240326
0.684799969196	0.000655488053
0.686399996281	0.002483712276
0.687999963760	0.002817840315
0.689599990845	0.004500000272
0.691199958324	0.003078736132
0.692799985409	0.003026512219
0.694399952888	0.001701680128
0.695999979973	0.001652160077
0.697600007057	0.002462112112
0.699199974537	0.003079760354
0.700800001621	0.000712512003
0.702399969101	0.001399040106
0.703999996185	0.003408448305
0.705599963665	0.002979936311
0.707199990749	0.002901008353
0.708799958229	0.003700288245
0.710399985313	0.003512800205
0.711999952793	0.001737008104
0.713599979877	0.002886544215
0.715200006962	0.003431312274
0.716799974442	0.002444048179
0.718400001526	0.001545840176
0.719999969006	0.000987168169
0.721599996090	0.001130192075
0.723199963570	0.002580992179
0.724799990654	0.001532528200
0.726399958134	0.002034944016
0.727999985218	0.001371120103
0.729599952698	0.003460272215
0.731199979782	0.002480848227
0.732800006866	0.002556896303
0.734399974346	0.001557344105
0.736000001431	0.003622304182
0.737599968910	0.001852128189
0.739199995995	0.001049600076
0.740799963474	0.002314784098
0.742399990559	0.003756688209
0.743999958038	0.004980416503
0.745599985123	0.001368944068
0.747199952602	0.002398608252
0.748799979687	0.002970432164
0.750400006771	0.003541536164
0.751999974251	0.003115600208
0.753600001335	0.001565904124
0.755199968815	0.003544560401
0.756799995899	0.001922160154
0.758399963379	0.001880384167
0.759999990463	0.002376720309
0.761599957943	0.002632480115
0.763199985027	0.000993984053
0.764799952507	0.003836880205
0.766399979591	0.001956640044
0.768000006676	0.001683440059
0.769599974155	0.003002016107
0.771200001240	0.004909232259
0.772799968719	0.002259632107
0.774399995804	0.001193584059
0.775999963284	-0.000037440012
0.777599990368	0.003626960330
0.779199957848	0.001645136159
0.780799984932	0.003853360191
0.782399952412	0.003743376350
0.783999979496	0.000966480118
0.785600006580	0.004896336235
0.787199974060	0.001153488061
0.788800001144	0.001892448170
0.790399968624	0.001414496102
0.791999995708	0.002532224171
0.793599963188	0.001417808118
0.795199990273	0.002823616145
0.796799957752	-0.000995856128
0.798399984837	0.001195712131
0.799999952316	0.004825536627
0.801599979401	0.002795120236
0.803200006485	0.000982703990
0.804799973965	0.002098592231
0.806400001049	0.002415840281
0.807999968529	0.002859584289
0.809599995613	0.001811136142
0.811199963093	0.001336416113
0.812799990177	0.002190336119
0.814399957657	0.001851568115
0.815999984741	0.001319408184
0.817599952221	0.002562128240
0.819199979305	0.001968992176
0.820800006390	0.001131856116
0.822399973869	0.003465536283
0.824000000954	0.002077856101
0.825599968433	0.002465760102
0.827199995518	0.001563904108
0.828799962997	0.003920224495
0.830399990082	0.003586176317
0.831999957561	-0.001163344132
0.833599984646	0.002322592307
0.835199952126	0.002824656200
0.836799979210	0.002158496063
0.838400006294	0.001304688165
0.839999973774	-0.000206240016
0.841600000858	0.001822352177
0.843199968338	0.000605728070
0.844799995422	0.001575584174
0.846399962902	0.001393216080
0.847999989986	0.002242224291
0.849599957466	0.001541312085
0.851199984550	0.003210864263
0.852799952030	0.001899040188
0.854399979115	0.000554400031
0.856000006199	0.002107920125
0.857599973679	0.002541168127
0.859200000763	0.002504912205
0.860799968243	0.000136432020
0.862399995327	0.001202336047
0.863999962807	0.002809024183
0.865599989891	0.001158384024
0.867199957371	0.000734720030
0.868799984455	0.001495648059
0.870399951935	0.003456624225
0.871999979019	0.002616624115
0.873600006104	-0.000161872042
0.875199973583	0.001303696074
0.876800000668	0.001752864104
0.878399968147	0.002019056119
0.879999995232	0.001425696071
0.881599962711	0.002945312066
0.883199989796	0.001785408123
0.884799957275	-0.000020223984
0.886399984360	0.002986400155
0.887999951839	0.000003552027
0.889599978924	0.002693584189
0.891200006008	0.003257632256
0.892799973488	0.000573536090
0.894400000572	0.001286768122
0.895999968052	0.002584896283
0.897599995136	0.002333136275
0.899199962616	0.002656256082
0.900799989700	0.000646336004
0.902399957180	0.002674016170
0.903999984264	0.002730176318
0.905599951744	0.001450624084
0.907199978828	0.001309264102
0.908800005913	0.000631056027
0.910399973392	0.003182448214
0.912000000477	-0.000167360049
0.913599967957	0.001986976247
0.915199995041	0.000679248013
0.916799962521	0.001464032102
0.918399989605	0.001994144171
0.919999957085	-0.000437872048
0.921599984169	0.000556144048
0.923199951649	-0.000111280024
0.924799978733	0.001596976072
0.926400005817	0.001217424171
0.927999973297	-0.000075680029
0.929600000381	0.001359968097
0.931199967861	0.003688128199
0.932799994946	0.001164720044
0.934399962425	-0.000071552022
0.935999989510	0.001642192132
0.937599956989	0.002931792289
0.939199984074	-0.000247328018
0.940799951553	0.000889040064
0.942399978638	0.000129535969
0.944000005722	-0.000048560025
0.945599973202	0.001373920124
0.947200000286	0.001719408203
0.948799967766	0.000960864127
0.950399994850	0.000786144054
0.951999962330	0.001158272149
0.953599989414	-0.000493440079
0.955199956894	0.002812704304
0.956799983978	0.001624768134
0.958399951458	0.000757168047
0.959999978542	0.000686112035
0.961599946022	0.001867968123
0.963199973106	0.000170960004
0.964800000191	0.001187120099
0.966399967670	0.001617616159
0.967999994755	0.001310432097
0.969599962234	0.000913888041
0.971199989319	0.002495680237
0.972799956799	0.001370192156
0.974399983883	0.001666624099
0.975999951363	0.001751184114
0.977599978447	0.001429936150
0.979199945927	-0.000323808054
0.980799973011	-0.000870704069
0.982400000095	0.001912816195
0.983999967575	0.000803824107
0.985599994659	0.001624400262
0.987199962139	0.000325136032
0.988799989223	0.002792128362
0.990399956703	0.002926784335
0.991999983788	0.000871296041
0.993599951267	0.000426128012
0.995199978352	0.003157632193
0.996799945831	0.001373152132
0.998399972916	-0.000235520012
1.000000000000	0.000447232102
1.001600027084	0.001486240071
1.003199934959	0.001143424073
1.004799962044	0.001230432186
1.006399989128	-0.001535216114
1.008000016212	0.001288704108
1.009599924088	0.001912976149
1.011199951172	0.000845280068
1.012799978256	-0.000601152016
1.014400005341	-0.000811536040
1.016000032425	0.001204448054
1.017599940300	0.002333504148
1.019199967384	0.000305599999
1.020799994469	0.000651200069
1.022400021553	0.001245680149
1.023999929428	0.001221488114
1.025599956512	-0.001002208097
1.027199983597	0.001189648057
1.028800010681	-0.000158736060
1.030399918556	0.001162511995
1.031999945641	0.000412064051
1.033599972725	0.000782416086
1.035199999809	0.002737744246
1.036800026894	0.001550544170
1.038399934769	0.001487024128
1.039999961853	0.001005872036
1.041599988937	0.001229680027
1.043200016022	0.000959792058
1.044799923897	0.001694416162
1.046399950981	0.002797392197
1.047999978065	0.001185296103
1.049600005150	0.001364032039
1.051200032234	0.001555200201
1.052799940109	0.002634752309
1.054399967194	0.000645184075
1.055999994278	0.000373120012
1.057600021362	0.002348112175
1.059199929237	-0.002249424113
1.060799956322	-0.001033440116
1.062399983406	0.001212992123
1.064000010490	0.000905328081
1.065599918365	0.000021536034
1.067199945450	-0.000671168091
1.068799972534	0.003457744140
1.070399999619	0.000489344005
1.072000026703	0.001446320093
1.073599934578	-0.001054544118
1.075199961662	0.002626240253
1.076799988747	0.001381376176
1.078400015831	-0.000814384082
1.079999923706	0.000608896080
1.081599950790	0.000766320096
1.083199977875	0.002013904275
1.084800004959	0.000511824037
1.086400032043	0.002029712079
1.087999939919	-0.000102511971
1.089599967003	-0.000282368041
1.091199994087	0.001207040041
1.092800021172	0.001196544035
1.094399929047	0.000059840015
1.095999956131	0.001820784179
1.097599983215	-0.000641952036
1.099200010300	0.000698160031
1.100799918175	-0.000207151999
1.102399945259	0.003042368218
1.103999972343	-0.000295360049
1.105599999428	0.000396240037
1.107200026512	-0.001237472054
1.108799934387	0.001986799994
1.110399961472	0.001053984161
1.111999988556	0.000590176031
1.113600015640	-0.000939792139
1.115199923515	0.000516480010
1.116799950600	0.002243280178
1.118399977684	-0.000730848114
1.120000004768	0.001435680082
1.121599912643	0.000984864077
1.123199939728	-0.000519952038
1.124799966812	0.000041391955
1.126399993896	0.001101967995
1.128000020981	-0.000646544038
1.129599928856	0.000728208048
1.131199955940	-0.000737920054
1.132799983025	0.000954480085
1.134400010109	-0.000248208002
1.135999917984	0.000737743976
1.137599945068	0.001869600150
1.139199972153	0.000059871985
1.140799999237	-0.000263568014
1.142400026321	0.002671664115
1.143999934196	-0.000522560091
1.145599961281	0.000464864046
1.147199988365	0.001234288095
1.148800015450	0.002512960229
1.150399923325	0.000686608080
1.151999950409	0.000073759962
1.153599977493	0.002364352113
1.155200004578	0.001625408069
1.156799912453	0.002609120216
1.158399939537	-0.001949168160
1.159999966621	0.002665056149
1.161599993706	0.002379760146
1.163200020790	-0.000895824109
1.164799928665	-0.001381088048
1.166399955750	0.001189200091
1.167999982834	0.001415712177
1.169600009918	0.000517024018
1.171199917793	-0.000056640027
1.172799944878	0.000628960028
1.174399971962	0.000118607961
1.175999999046	0.002070704242
1.177600026131	0.000558768050
1.179199934006	-0.000186320001
1.180799961090	0.000323551998
1.182399988174	0.000183199940
1.184000015259	0.000253744016
1.185599923134	-0.001144432114
1.187199950218	0.002072400181
1.188799977303	0.001301952056
1.190400004387	0.001700960216
1.191999912262	-0.000997791998
1.193599939346	-0.000167856022
1.195199966431	0.000817776076
1.196799993515	-0.000106976026
1.198400020599	-0.000292608078
1.199999928474	0.001762080123
1.201599955559	0.000580368098
1.203199982643	0.000423584046
1.204800009727	-0.000836656080
1.206399917603	0.000737328024
1.207999944687	0.000860576110
1.209599971771	-0.000833392085
1.211199998856	-0.000042127973
1.212800025940	0.000627807982
1.214399933815	-0.000735888083
1.215999960899	-0.000494848005
1.217599987984	0.001303856028
1.219200015068	-0.000369264017
1.220799922943	0.000840704073
1.222399950027	-0.000680448022
1.223999977112	-0.000763504126
1.225600004196	0.001021456090
1.227199912071	0.000855248072
1.228799939156	-0.000098832061
1.230399966240	0.000185328041
1.231999993324	0.000450688036
1.233600020409	0.000777120062
1.235199928284	0.000719920092
1.236799955368	0.000088960005
1.238399982452	-0.000334864017
1.240000009537	0.000539983972
1.241599917412	0.001263728016
1.243199944496	0.000339631952
1.244799971581	0.000197583999
1.246399998665	0.000636063982
1.248000025749	0.000493568019
1.249599933624	-0.001355248154
1.251199960709	0.001415280160
1.252799987793	-0.000141375989
1.254400014877	-0.000881760090
1.255999922752	0.000083952029
1.257599949837	0.000282608031
1.259199976921	-0.000262512040
1.260800004005	-0.000894352037
1.262399911880	-0.000459648028
1.263999938965	0.000484032033
1.265599966049	-0.000181488023
1.267199993134	0.001583984122
1.268800020218	-0.002283360111
1.270399928093	-0.000740320073
1.271999955177	0.000958560093
1.273599982262	-0.001268576132
1.275200009346	0.002852912294
1.276799917221	-0.000682000071
1.278399944305	0.000229216050
1.279999971390	-0.000240176058
1.281599998474	-0.000197136033
1.283200025558	-0.000538784079
1.284799933434	-0.000969424029
1.286399960518	-0.000694912043
1.287999987602	0.000447968079
1.289600014687	-0.000347312045
1.291199922562	-0.000117120013
1.292799949646	-0.000721536053
1.294399976730	-0.000152175984
1.296000003815	-0.001479040133
1.297599911690	-0.000039296014
1.299199938774	-0.000878752035
1.300799965858	-0.000049679973
1.302399992943	0.001511456096
1.304000020027	-0.000019823963
1.305599927902	-0.000199056027
1.307199954987	0.000073295996
1.308799982071	0.000937040022
1.310400009155	-0.000251903984
1.311999917030	-0.002104144078
1.313599944115	-0.000653168070
1.315199971199	0.001079104142
1.316799998283	-0.000405600033
1.318400025368	0.001252288115
1.319999933243	-0.000430176064
1.321599960327	-0.000961856043
1.323199987411	-0.002229648177
1.324800014496	0.000358512014
1.326399922371	-0.002316464204
1.327999949455	-0.000938736077
1.329599976540	-0.000329360046
1.331200003624	-0.000005743987
1.332799911499	0.000895680103
1.334399938583	-0.000367456058
1.335999965668	0.001043264056
1.337599992752	-0.000729536114
1.339200019836	-0.000209360034
1.340799927711	-0.002606272232
1.342399954796	-0.000735568115
1.343999981880	0.001696032123
1.345600008965	0.000418192038
1.347199916840	-0.001934448141
1.348799943924	0.000887456117
1.350399971008	-0.000240160036
1.351999998093	-0.001201936044
1.353600025177	0.000416928029
1.355199933052	0.000478176022
1.356799960136	-0.002390048234
1.358399987221	0.000722736004
1.360000014305	0.001392048085
1.361599922180	-0.001684752060
1.363199949265	0.000318496022
1.364799976349	-0.000228784018
1.366400003433	-0.002791472245
1.367999911308	-0.000804544077
1.369599938393	-0.001012480119
1.371199965477	-0.001864544116
1.372799992561	0.000563008012
1.374400019646	-0.000584576046
1.375999927521	-0.003542304272
1.377599954605	-0.000177312031
1.379199981689	-0.000024864017
1.380800008774	-0.000464720040
1.382399916649	-0.002127008047
1.383999943733	0.001022736076
1.385599970818	-0.000977536081
1.387199997902	-0.000040560055
1.388799905777	-0.000169920037
1.390399932861	-0.003033680143
1.391999959946	0.000236175998
1.393599987030	0.000680960075
1.395200014114	-0.000972272072
1.396799921989	-0.001496256096
1.398399949074	-0.000009183996
1.399999976158	0.000294943980
1.401600003242	0.001408880111
1.403199911118	-0.001039856113
1.404799938202	-0.001627456164
1.406399965286	-0.003042672295
1.407999992371	0.001549952198
1.409600019455	-0.001716976054
1.411199927330	-0.001911040163
1.412799954414	0.000390896050
1.414399981499	0.000988896121
1.416000008583	-0.000570144039
1.417599916458	-0.001815376221
1.419199943542	0.000329311995
1.420799970627	-0.001204208122
1.422399997711	-0.000899696141
1.423999905586	0.000125455976
1.425599932671	-0.002937440295
1.427199959755	-0.000200112030
1.428799986839	0.000610784104
1.430400013924	0.001848288113
1.431999921799	-0.001659040106
1.433599948883	-0.000600064057
1.435199975967	-0.001158048050
1.436800003052	0.000327040063
1.438399910927	-0.001279792050
1.439999938011	-0.001292560133
1.441599965096	0.000944848114
1.443199992180	0.001231904142
1.444800019264	-0.001289568143
1.446399927139	-0.001157408115
1.447999954224	0.000275040016
1.449599981308	-0.000125792023
1.451200008392	0.001804416184
1.452799916267	0.000387328037
1.454399943352	-0.001731616212
1.455999970436	-0.002047136193
1.457599997520	0.000603104010
1.459199905396	-0.001780064194
1.460799932480	-0.001699008164
1.462399959564	0.000517152017
1.463999986649	0.000603744062
1.465600013733	-0.000756768044
1.467199921608	0.000193311978
1.468799948692	-0.001810608199
1.470399975777	-0.000281791989
1.472000002861	-0.001666784170
1.473599910736	-0.002068576170
1.475199937820	-0.002298080130
1.476799964905	-0.001216192031
1.478399991989	-0.001130384160
1.480000019073	-0.000646544097
1.481599926949	-0.000427664083
1.483199954033	-0.000654896081
1.484799981117	-0.000790128077
1.486400008202	-0.001989280106
1.487999916077	-0.000072480019
1.489599943161	-0.001042816089
1.491199970245	0.000397616008
1.492799997330	0.000278656022
1.494399905205	-0.002918816172
1.495999932289	-0.002432032255
1.497599959373	-0.001289728098
1.499199986458	-0.002121728146
1.500800013542	-0.002483600285
1.502399921417	0.000471216044
1.503999948502	-0.001999712316
1.505599975586	-0.000881920103
1.507200002670	-0.001682736212
1.508799910545	-0.002314208308
1.510399937630	-0.001412336132
1.511999964714	0.000412000081
1.513599991798	-0.002284432296
1.515200018883	-0.001686048112
1.516799926758	-0.000239552057
1.518399953842	-0.000047392004
1.519999980927	-0.000780288072
1.521600008011	-0.000744704099
1.523199915886	-0.002554240171
1.524799942970	-0.001458560117
1.526399970055	0.000061311977
1.527999997139	-0.000726560014
1.529599905014	-0.001238848083
1.531199932098	0.000686048064
1.532799959183	0.000308960007
1.534399986267	-0.000487488054
1.536000013351	-0.000835344079
1.537599921227	0.000996688032
1.539199948311	0.000239439963
1.540799975395	-0.001324160141
1.542400002480	-0.002255472122
1.543999910355	-0.000487520068
1.545599937439	-0.000044976048
1.547199964523	0.000355759985
1.548799991608	-0.001859568176
1.550400018692	-0.001053376123
1.551999926567	-0.001206400106
1.553599953651	-0.001089840080
1.555199980736	-0.001450768090
1.556800007820	-0.001738080173
1.558399915695	0.000583360088
1.559999942780	-0.000791728089
1.561599969864	-0.000596352038
1.563199996948	-0.001682320144
1.564799904823	-0.001514432137
1.566399931908	-0.000884640147
1.567999958992	-0.002350496128
1.569599986076	-0.003259456251
1.571200013161	0.001098928042
1.572799921036	-0.000422080047
1.574399948120	-0.001801184146
1.575999975204	-0.001606800128
1.577600002289	-0.000959728088
1.579199910164	-0.001010288019
1.580799937248	0.001176336082
1.582399964333	-0.001278416021
1.583999991417	-0.002166704275
1.585600018501	-0.000652976043
1.587199926376	-0.001854080241
1.588799953461	-0.002457120223
1.590399980545	-0.000400128047
1.592000007629	-0.000234256004
1.593599915504	-0.002305968199
1.595199942589	-0.001310432213
1.596799969673	-0.000987088075
1.598399996758	-0.002609872259
1.599999904633	-0.001005776110
1.601599931717	0.001048416016
1.603199958801	-0.000877344108
1.604799985886	-0.002455760259
1.606400012970	-0.002001856221
1.607999920845	0.000191392013
1.609599947929	-0.002111872192
1.611199975014	-0.002197792288
1.612800002098	-0.001813376206
1.614399909973	-0.000675248040
1.615999937057	-0.001130176126
1.617599964142	-0.003171632299
1.619199991226	-0.000374560012
1.620800018311	-0.001009664149
1.622399926186	0.001002464094
1.623999953270	-0.002662800252
1.625599980354	-0.000106224004
1.627200007439	-0.001083440147
1.628799915314	-0.000136895993
1.630399942398	-0.001394016203
1.631999969482	-0.001665792195
1.633599996567	-0.002200288232
1.635199904442	-0.001390192076
1.636799931526	-0.001499568112
1.638399958611	-0.002419664292
1.639999985695	-0.001401136164
1.641600012779	-0.000048496029
1.643199920654	-0.001470016083
1.644799947739	-0.001957392087
1.646399974823	-0.002866288181
1.648000001907	-0.000889184070
1.649599909782	-0.002310112119
1.651199936867	0.000541136076
1.652799963951	-0.002714256290
1.654399991035	0.000438432035
1.655999898911	-0.000688976084
1.657599925995	-0.000666592096
1.659199953079	-0.002065824112
1.660799980164	0.000175375972
1.662400007248	-0.002346144291
1.663999915123	-0.001515600132
1.665599942207	-0.002389040077
1.667199969292	-0.003124432173
1.668799996376	0.000545600080
1.670399904251	-0.000843664049
1.671999931335	0.000332640018
1.673599958420	-0.003730720375
1.675199985504	0.000012432010
1.676800012589	-0.000446784048
1.678399920464	-0.001349856146
1.679999947548	-0.001140432083
1.681599974632	-0.001977520064
1.683200001717	-0.000381696009
1.684799909592	-0.002103392268
1.686399936676	-0.002203360200
1.687999963760	-0.001126640011
1.689599990845	-0.001475328114
1.691199898720	-0.001599680167
1.692799925804	-0.001664880081
1.694399952888	-0.002021712251
1.695999979973	-0.001403520117
1.697600007057	-0.000913600088
1.699199914932	-0.002125760308
1.700799942017	-0.002254464198
1.702399969101	-0.001494448166
1.703999996185	-0.001729728188
1.705599904060	-0.000302352069
1.707199931145	-0.003845968284
1.708799958229	0.000039456012
1.710399985313	-0.002045520116
1.712000012398	-0.002536272164
1.713599920273	-0.001516224118
1.715199947357	-0.001295472146
1.716799974442	-0.002774992259
1.718400001526	-0.000836976105
1.719999909401	-0.001840096200
1.721599936485	-0.000735808047
1.723199963570	-0.000986768049
1.724799990654	-0.000659056066
1.726399898529	-0.000517552078
1.727999925613	-0.003004848259
1.729599952698	-0.001096656080
1.731199979782	-0.003805360291
1.732800006866	0.002197808120
1.734399914742	-0.002205264056
1.735999941826	0.000577264116
1.737599968910	-0.001670832164
1.739199995995	-0.000169823979
1.740799903870	-0.000661024067
1.742399930954	-0.000974880124
1.743999958038	-0.000168367987
1.745599985123	-0.001811712049
1.747200012207	-0.000661536062
1.748799920082	-0.003309920197
1.750399947166	-0.000414864044
1.751999974251	-0.001681824215
1.753600001335	-0.000406240055
1.755199909210	-0.002298768144
1.756799936295	-0.000924528053
1.758399963379	-0.002690880094
1.759999990463	-0.001283664140
1.761599898338	0.000694480026
1.763199925423	-0.002516720211
1.764799952507	-0.002614112105
1.766399979591	-0.002771488158
1.768000006676	-0.000168464045
1.769599914551	0.000021871960
1.771199941635	-0.000756960071
1.772799968719	-0.002344272332
1.774399995804	-0.002582784276
1.775999903679	-0.002832272323
1.777599930763	0.001208576141
1.779199957848	-0.002175488276
1.780799984932	0.000062623985
1.782400012016	-0.003729648190
1.783999919891	-0.001561152167
1.785599946976	-0.001061120071
1.787199974060	-0.002201952273
1.788800001144	-0.002114272211
1.790399909019	-0.001277648145
1.791999936104	-0.002575824270
1.793599963188	-0.003169936361
1.795199990273	-0.000484448043
1.796799898148	-0.000179936033
1.798399925232	-0.002983824350
1.799999952316	-0.003760992317
1.801599979401	-0.000832000049
1.803200006485	-0.001087872079
1.804799914360	-0.000543936039
1.806399941444	-0.002274128143
1.807999968529	-0.002293616068
1.809599995613	-0.001166032045
1.811199903488	-0.000641967985
1.812799930573	-0.000793152081
1.814399957657	-0.003377056215
1.815999984741	-0.002274688100
1.817600011826	-0.002141280100
1.819199919701	-0.001357392175
1.820799946785	-0.003500288352
1.822399973869	-0.000845344039
1.824000000954	-0.001483536093
1.825599908829	-0.000964832085
1.827199935913	-0.004187792540
1.828799962997	-0.002631456358
1.830399990082	-0.000750144070
1.831999897957	-0.000405424013
1.833599925041	-0.002421280136
1.835199952126	-0.002489280188
1.836799979210	-0.001302335993
1.838400006294	-0.002465680242
1.839999914169	-0.000558864034
1.841599941254	-0.002025296213
1.843199968338	-0.002624688204
1.844799995422	-0.003138784319
1.846399903297	-0.000032287990
1.847999930382	-0.002412816277
1.849599957466	-0.000564576068
1.851199984550	-0.002537248190
1.852800011635	-0.000422143989
1.854399919510	-0.002234752290
1.855999946594	-0.004380656406
1.857599973679	-0.001332208049
1.859200000763	-0.001509568072
1.860799908638	-0.000056880028
1.862399935722	-0.002743408084
1.863999962807	-0.002084064065
1.865599989891	-0.002592432313
1.867199897766	0.000306080008
1.868799924850	-0.003085440258
1.870399951935	-0.001798016136
1.871999979019	-0.002199216280
1.873600006104	-0.000785456097
1.875199913979	-0.000932336086
1.876799941063	-0.003667680314
1.878399968147	-0.002426688094
1.879999995232	-0.003352880245
1.881599903107	-0.001091040089
1.883199930191	-0.001450752141
1.884799957275	-0.002515200293
1.886399984360	-0.002539952286
1.888000011444	-0.000878352090
1.889599919319	-0.001863600221
1.891199946404	-0.002360432176
1.892799973488	-0.004601968452
1.894400000572	-0.002133440226
1.895999908447	-0.001282416168
1.897599935532	-0.002308224095
1.899199962616	-0.002001968212
1.900799989700	-0.003286832245
1.902399897575	-0.000678928103
1.903999924660	-0.000473024033
1.905599951744	-0.003034816356
1.907199978828	-0.002336208243
1.908800005913	-0.002788544167
1.910399913788	-0.000708544045
1.911999940872	-0.000871920085
1.913599967957	-0.002750352258
1.915199995041	-0.004824480508
1.916799902916	-0.004613664467
1.918399930000	-0.003086688230
1.919999957085	-0.001351408195
1.921599984169	-0.002191728214
1.923199892044	-0.002377536148
1.924799919128	-0.003585120197
1.926399946213	-0.002179296222
1.927999973297	-0.002662800252
1.929600000381	-0.001327856095
1.931199908257	-0.003840528429
1.932799935341	-0.002970736241
1.934399962425	-0.002516592154
1.935999989510	-0.001874976209
1.937599897385	-0.003282768419
1.939199924469	-0.002865632297
1.940799951553	-0.003788368311
1.942399978638	-0.002038576175
1.944000005722	-0.003336112248
1.945599913597	-0.002040624153
1.947199940681	-0.000419376040
1.948799967766	-0.001849808148
1.950399994850	-0.002515488304
1.951999902725	-0.004141136538
1.953599929810	-0.002117136260
1.955199956894	-0.001070064143
1.956799983978	-0.003758528270
1.958399891853	-0.003162992187
1.959999918938	-0.000993712107
1.961599946022	-0.002929152222
1.963199973106	-0.002815488260
1.964800000191	-0.002168304287
1.966399908066	-0.001344176126
1.967999935150	-0.002083168132
1.969599962234	-0.003844928229
1.971199989319	-0.001404608134
1.972799897194	-0.003952816129
1.974399924278	-0.001925984165
1.975999951363	-0.001166912145
1.977599978447	-0.001799424062
1.979200005531	-0.002027792158
1.980799913406	-0.004781584255
1.982399940491	-0.002702112310
1.983999967575	-0.003063984215
1.985599994659	-0.001037760056
1.987199902534	-0.004120912403
1.988799929619	-0.002018576255
1.990399956703	-0.002339488128
1.991999983788	-0.002382160164
1.993599891663	-0.002363280160
1.995199918747	-0.001851808163
1.996799945831	-0.003830112284
1.998399972916	-0.004461024422
2.000000000000	-0.002689008368
2.001600027084	-0.002873920137
2.003200054169	-0.002734816168
2.004799842834	-0.002537328284
2.006399869919	-0.003739824286
2.007999897003	-0.001571648172
2.009599924088	-0.002472416265
2.011199951172	-0.001369584119
2.012799978256	-0.001930960221
2.014400005341	-0.001440480119
2.016000032425	-0.002755344147
2.017600059509	-0.001731680124
2.019199848175	-0.003678816371
2.020799875259	-0.003339024261
2.022399902344	-0.002132384107
2.023999929428	-0.003586240346
2.025599956512	-0.001430208096
2.027199983597	-0.003487104317
2.028800010681	-0.000294608064
2.030400037766	-0.003110720310
2.032000064850	-0.004714128561
2.033599853516	-0.003306800267
2.035199880600	-0.002985440195
2.036799907684	-0.004679664504
2.038399934769	-0.003144528251
2.039999961853	-0.002509728307
2.041599988937	-0.002256304258
2.043200016022	-0.003013248323
2.044800043106	-0.003577712225
2.046399831772	-0.002365680179
2.047999858856	-0.001869632164
2.049599885941	-0.001610992127
2.051199913025	-0.003077312140
2.052799940109	-0.003064560238
2.054399967194	-0.003025344340
2.055999994278	-0.002118608216
2.057600021362	-0.003369392361
2.059200048447	-0.003353120293
2.060799837112	-0.002678656252
2.062399864197	-0.003128512297
2.063999891281	-0.002440960146
2.065599918365	-0.001276448020
2.067199945450	-0.001737184124
2.068799972534	-0.001799264224
2.070399999619	-0.004095088225
2.072000026703	-0.001643760130
2.073600053787	-0.002882688306
2.075199842453	-0.004073312506
2.076799869537	-0.001897296170
2.078399896622	-0.001347360085
2.079999923706	-0.002358592115
2.081599950790	-0.003113920335
2.083199977875	-0.001558832126
2.084800004959	-0.002803824143
2.086400032043	-0.001948064193
2.088000059128	-0.002966000233
2.089599847794	-0.001507744193
2.091199874878	-0.002415728290
2.092799901962	-0.001783648157
2.094399929047	-0.001109888079
2.095999956131	-0.003739856416
2.097599983215	-0.003248016350
2.099200010300	-0.004192336462
2.100800037384	-0.002213008236
2.102400064468	-0.001542464131
2.103999853134	-0.003160224296
2.105599880219	-0.000403600017
2.107199907303	-0.005517152604
2.108799934387	-0.000593248056
2.110399961472	-0.002247840166
2.111999988556	-0.003168912372
2.113600015640	-0.005107072182
2.115200042725	-0.003507536370
2.116799831390	-0.001313680201
2.118399858475	-0.001384304021
2.119999885559	-0.003227216192
2.121599912643	-0.002952960320
2.123199939728	-0.002289040247
2.124799966812	-0.003072576132
2.126399993896	-0.002288816264
2.128000020981	-0.002361312276
2.129600048065	-0.002207632177
2.131199836731	-0.002207696205
2.132799863815	-0.003237024182
2.134399890900	-0.002393088071
2.135999917984	-0.002629008144
2.137599945068	-0.004054896533
2.139199972153	-0.001768640126
2.140799999237	-0.003324976191
2.142400026321	-0.002984128194
2.144000053406	-0.003469792427
2.145599842072	-0.002784464275
2.147199869156	-0.001464560046
2.148799896240	-0.003010464134
2.150399923325	-0.002862304216
2.151999950409	-0.003137808293
2.153599977493	-0.001408368116
2.155200004578	-0.002509584185
2.156800031662	-0.002974064322
2.158400058746	-0.003684672294
2.159999847412	-0.001778512145
2.161599874496	-0.002983424347
2.163199901581	-0.003010256216
2.164799928665	-0.001883200137
2.166399955750	-0.002518480178
2.167999982834	-0.003251264337
2.169600009918	-0.003566688159
2.171200037003	-0.002934448188
2.172800064087	-0.002992768306
2.174399852753	-0.002022208180
2.175999879837	-0.002249024110
2.177599906921	-0.001995792147
2.179199934006	-0.001613024157
2.180799961090	-0.002633440308
2.182399988174	-0.004754064605
2.184000015259	-0.005216048565
2.185600042343	-0.003518336220
2.187199831009	-0.002226672135
2.188799858093	-0.002207792131
2.190399885178	-0.001771696145
2.191999912262	-0.002856912324
2.193599939346	-0.002390288282
2.195199966431	-0.003246736247
2.196799993515	-0.003654864384
2.198400020599	-0.002005728194
2.200000047684	-0.002786560217
2.201599836349	-0.002918912331
2.203199863434	-0.003733488265
2.204799890518	-0.003788928268
2.206399917603	-0.003584864317
2.207999944687	-0.004018960521
2.209599971771	-0.002667968161
2.211199998856	-0.004080384504
2.212800025940	-0.004636304453
2.214400053024	-0.002770256251
2.215999841690	-0.002058944199
2.217599868774	-0.002941824263
2.219199895859	-0.004967568442
2.220799922943	-0.004436080344
2.222399950027	-0.004938848317
2.223999977112	-0.001392832142
2.225600004196	-0.005052544642
2.227200031281	-0.003313648282
2.228800058365	-0.001967920223
2.230399847031	-0.004499280360
2.231999874115	-0.001912528183
2.233599901199	-0.003250848269
2.235199928284	-0.003688848345
2.236799955368	-0.003918624483
2.238399982452	-0.002178176306
2.240000009537	-0.004446672276
2.241600036621	-0.001760480227
2.243199825287	-0.003033568151
2.244799852371	-0.003214528318
2.246399879456	-0.000813936058
2.247999906540	-0.001652496168
2.249599933624	-0.002195152221
2.251199960709	-0.005232400261
2.252799987793	-0.003159088315
2.254400014877	-0.002429792192
2.256000041962	-0.000402608071
2.257599830627	-0.002302048262
2.259199857712	-0.003793696407
2.260799884796	-0.004825248383
2.262399911880	-0.002396208234
2.263999938965	-0.001968512079
2.265599966049	-0.005794080440
2.267199993134	-0.002441312186
2.268800020218	-0.005168016534
2.270400047302	-0.001835264149
2.271999835968	-0.002893808298
2.273599863052	-0.003306048224
2.275199890137	-0.002488256199
2.276799917221	-0.003695936408
2.278399944305	-0.002630144358
2.279999971390	-0.003049120307
2.281599998474	-0.002747248160
2.283200025558	-0.003670640290
2.284800052643	-0.001195696066
2.286399841309	-0.002583104186
2.287999868393	-0.005345744547
2.289599895477	-0.003803024301
2.291199922562	-0.001589840162
2.292799949646	-0.001709696138
2.294399976730	-0.004426768515
2.296000003815	-0.004101984203
2.297600030899	-0.003034704132
2.299200057983	-0.001839680132
2.300799846649	-0.003513744334
2.302399873734	-0.003764256369
2.303999900818	-0.002258416265
2.305599927902	-0.002440768294
2.307199954987	-0.002020688262
2.308799982071	-0.002149856184
2.310400009155	-0.003311504377
2.312000036240	-0.004483888391
2.313599824905	-0.003793952288
2.315199851990	-0.002392400289
2.316799879074	-0.003192384262
2.318399906158	-0.005260784645
2.319999933243	-0.002851328114
2.321599960327	-0.003524704371
2.323199987411	-0.002163184108
2.324800014496	-0.003581632394
2.326400041580	-0.003353568260
2.327999830246	-0.004198016133
2.329599857330	-0.002458496252
2.331199884415	-0.005020816345
2.332799911499	-0.003827408189
2.334399938583	-0.004074976314
2.335999965668	-0.003205184359
2.337599992752	-0.003666864242
2.339200019836	-0.005318576470
2.340800046921	-0.005062208511
2.342399835587	-0.004518768284
2.343999862671	-0.004147872329
2.345599889755	-0.003877216252
2.347199916840	-0.004872736521
2.348799943924	-0.003836928401
2.350399971008	-0.005031648558
2.351999998093	-0.004049968440
2.353600025177	-0.003086960176
2.355200052261	-0.002936080331
2.356799840927	-0.003983360250
2.358399868011	-0.004829376470
2.359999895096	-0.003500128398
2.361599922180	-0.003597344272
2.363199949265	-0.004256512504
2.364799976349	-0.004237872548
2.366400003433	-0.004311664496
2.368000030518	-0.003710032208
2.369600057602	-0.003462576307
2.371199846268	-0.002633792348
2.372799873352	-0.001118128072
2.374399900436	-0.001897344133
2.375999927521	-0.005330496468
2.377599954605	-0.004464608617
2.379199981689	-0.001299600117
2.380800008774	-0.002977200318
2.382400035858	-0.003445760347
2.383999824524	-0.005923536606
2.385599851608	-0.004911664408
2.387199878693	-0.003535200376
2.388799905777	-0.002014656086
2.390399932861	-0.003658528207
2.391999959946	-0.003917440306
2.393599987030	-0.004450576380
2.395200014114	-0.003401344409
2.396800041199	-0.002998176264
2.398399829865	-0.003026048187
2.399999856949	-0.004020448308
2.401599884033	-0.004917664453
2.403199911118	-0.002972880146
2.404799938202	-0.003661184339
2.406399965286	-0.002659712220
2.407999992371	-0.005006128456
2.409600019455	-0.004918528255
2.411200046539	-0.002986800158
2.412799835205	-0.003073856235
2.414399862289	-0.002787216101
2.415999889374	-0.002698432188
2.417599916458	-0.003201344283
2.419199943542	-0.003448128235
2.420799970627	-0.003813072341
2.422399997711	-0.005128624383
2.424000024796	-0.003795872210
2.425600051880	-0.003492944408
2.427199840546	-0.003287328407
2.428799867630	-0.003126480151
2.430399894714	-0.005673904438
2.431999921799	-0.002951888368
2.433599948883	-0.001493728138
2.435199975967	-0.002952256240
2.436800003052	-0.003923280165
2.438400030136	-0.004607392475
2.440000057220	-0.004336032085
2.441599845886	-0.002460688120
2.443199872971	-0.002581024310
2.444799900055	-0.003949216567
2.446399927139	-0.003131296253
2.447999954224	-0.005787104368
2.449599981308	-0.002455376089
2.451200008392	-0.004030480515
2.452800035477	-0.001211008057
2.454399824142	-0.004762048367
2.455999851227	-0.005254608579
2.457599878311	-0.001390640158
2.459199905396	-0.003229312366
2.460799932480	-0.006210704334
2.462399959564	-0.004730880260
2.463999986649	-0.002531680278
2.465600013733	-0.003396176267
2.467200040817	-0.002918368205
2.468799829483	-0.003976576496
2.470399856567	-0.003479424166
2.471999883652	-0.003755664220
2.473599910736	-0.004264048301
2.475199937820	-0.001657792134
2.476799964905	-0.004172400106
2.478399991989	-0.003559008241
2.480000019073	-0.003960752394
2.481600046158	-0.002276464133
2.483199834824	-0.002787680132
2.484799861908	-0.005035200622
2.486399888992	-0.003743232461
2.487999916077	-0.001358128153
2.489599943161	-0.002383488230
2.491199970245	-0.004859360401
2.492799997330	-0.003611184191
2.494400024414	-0.005238144193
2.496000051498	-0.001754032215
2.497599840164	-0.004274144303
2.499199867249	-0.005069424398
2.500799894333	-0.004573824350
2.502399921417	-0.004169776570
2.503999948502	-0.002736592200
2.505599975586	-0.003638672410
2.507200002670	-0.004082832485
2.508800029755	-0.004883600399
2.510399818420	-0.002704208251
2.511999845505	-0.005682928488
2.513599872589	-0.004098928533
2.515199899673	-0.002999712247
2.516799926758	-0.004353200551
2.518399953842	-0.002897520317
2.519999980927	-0.005081392359
2.521600008011	-0.002017568098
2.523200035095	-0.006078544538
2.524799823761	-0.002077616053
2.526399850845	-0.003344304394
2.527999877930	-0.005173824262
2.529599905014	-0.002186208265
2.531199932098	-0.004454416223
2.532799959183	-0.002854448278
2.534399986267	-0.003269568319
2.536000013351	-0.003124272218
2.537600040436	-0.005977264605
2.539199829102	-0.003195024328
2.540799856186	-0.003451872151
2.542399883270	-0.003282976337
2.543999910355	-0.002965552267
2.545599937439	-0.003795024473
2.547199964523	-0.003947024234
2.548799991608	-0.004203712568
2.550400018692	-0.000943984021
2.552000045776	-0.003229616210
2.553599834442	-0.004624304362
2.555199861526	-0.005389216356
2.556799888611	-0.003428640310
2.558399915695	-0.002542272210
2.559999942780	-0.005631232634
2.561599969864	-0.004653872456
2.563199996948	-0.004997856449
2.564800024033	-0.000355712051
2.566400051117	-0.005615936592
2.567999839783	-0.005775264464
2.569599866867	-0.002930784365
2.571199893951	-0.006264816504
2.572799921036	-0.003057552269
2.574399948120	-0.005249664187
2.575999975204	-0.002218688140
2.577600002289	-0.006993904710
2.579200029373	-0.002043376211
2.580799818039	-0.004456448369
2.582399845123	-0.005207472481
2.583999872208	-0.004334672354
2.585599899292	-0.005752448458
2.587199926376	-0.003211232368
2.588799953461	-0.005290880334
2.590399980545	-0.003330016276
2.592000007629	-0.004580704495
2.593600034714	-0.003951408435
2.595199823380	-0.004955136217
2.596799850464	-0.004902704619
2.598399877548	-0.003195840400
2.599999904633	-0.006416624412
2.601599931717	-0.003007120220
2.603199958801	-0.006022560410
2.604799985886	-0.003737088293
2.606400012970	-0.005031248555
2.608000040054	-0.003572560381
2.609599828720	-0.005402992480
2.611199855804	-0.005251200404
2.612799882889	-0.003886880353
2.614399909973	-0.005183440633
2.615999937057	-0.003415920306
2.617599964142	-0.006974240299
2.619199991226	-0.005066272337
2.620800018311	-0.005241680425
2.622400045395	-0.003264096333
2.623999834061	-0.002075680066
2.625599861145	-0.004144464154
2.627199888229	-0.003542752238
2.628799915314	-0.003256304190
2.630399942398	-0.002917984268
2.631999969482	-0.003346000332
2.633599996567	-0.003782976186
2.635200023651	-0.004509760533
2.636800050735	-0.004079824314
2.638399839401	-0.004291168414
2.639999866486	-0.004398560151
2.641599893570	-0.005142320413
2.643199920654	-0.004411408212
2.644799947739	-0.004710768349
2.646399974823	-0.005418848246
2.648000001907	-0.002841456328
2.649600028992	-0.003986992408
2.651199817657	-0.002691712230
2.652799844742	-0.002787744161
2.654399871826	-0.004416256212
2.655999898911	-0.004458368290
2.657599925995	-0.006254336797
2.659199953079	-0.004016976338
2.660799980164	-0.003220576327
2.662400007248	-0.004318432417
2.664000034332	-0.006546464749
2.665599822998	-0.004734144546
2.667199850082	-0.004395776428
2.668799877167	-0.002344112145
2.670399904251	-0.004505440593
2.671999931335	-0.004307472613
2.673599958420	-0.005086608231
2.675199985504	-0.006647328380
2.676800012589	-0.001934816246
2.678400039673	-0.004687664565
2.679999828339	-0.004548112396
2.681599855423	-0.003973184153
2.683199882507	-0.005460384302
2.684799909592	-0.003003888298
2.686399936676	-0.002711888170
2.687999963760	-0.004939696286
2.689599990845	-0.006828096695
2.691200017929	-0.004638048355
2.692800045013	-0.004990416579
2.694399833679	-0.001905840123
2.695999860764	-0.004122912418
2.697599887848	-0.007604272570
2.699199914932	-0.003252624301
2.700799942017	-0.005890576635
2.702399969101	-0.003518704325
2.703999996185	-0.005489264615
2.705600023270	-0.003392496379
2.707200050354	-0.005445120391
2.708799839020	-0.003826768370
2.710399866104	-0.003738480387
2.711999893188	-0.004778800532
2.713599920273	-0.005218912382
2.715199947357	-0.003526688321
2.716799974442	-0.003391040256
2.718400001526	-0.003614688292
2.720000028610	-0.003664352233
2.721599817276	-0.003320816206
2.723199844360	-0.004785808269
2.724799871445	-0.002656352241
2.726399898529	-0.005391472485
2.727999925613	-0.004543552175
2.729599952698	-0.004999104422
2.731199979782	-0.003852960421
2.732800006866	-0.004759152420
2.734400033951	-0.005838448647
2.735999822617	-0.002841184149
2.737599849701	-0.005738672335
2.739199876785	-0.003892736277
2.740799903870	-0.003420448396
2.742399930954	-0.007134144660
2.743999958038	-0.004813168198
2.745599985123	-0.004678944591
2.747200012207	-0.004073008429
2.748800039291	-0.004696944263
2.750399827957	-0.005035776645
2.751999855042	-0.004732016474
2.753599882126	-0.006702640560
2.755199909210	-0.004961024504
2.756799936295	-0.001975440187
2.758399963379	-0.004135312513
2.759999990463	-0.005986624397
2.761600017548	-0.005475904327
2.763200044632	-0.004571232479
2.764799833298	-0.003229168244
2.766399860382	-0.003789664246
2.767999887466	-0.005204960704
2.769599914551	-0.006583296694
2.771199941635	-0.003507264424
2.772799968719	-0.004680512473
2.774399995804	-0.001389344106
2.776000022888	-0.006033680402
2.777599811554	-0.004251904320
2.779199838638	-0.004428320564
2.780799865723	-0.003225264139
2.782399892807	-0.003949280363
2.783999919891	-0.007445104420
2.785599946976	-0.003495632205
2.787199974060	-0.006081104744
2.788800001144	-0.004056048114
2.790400028229	-0.004566752352
2.791999816895	-0.004665536340
2.793599843979	-0.005410016514
2.795199871063	-0.005904688500
2.796799898148	-0.001024576137
2.798399925232	-0.005459232721
2.799999952316	-0.003617296228
2.801599979401	-0.004863952287
2.803200006485	-0.004355552606
2.804800033569	-0.002759024268
2.806399822235	-0.008320288733
2.807999849319	-0.003835920244
2.809599876404	-0.006342144683
2.811199903488	-0.003271760186
2.812799930573	-0.004290016368
2.814399957657	-0.004702928476
2.815999984741	-0.003881936194
2.817600011826	-0.008345888928
2.819200038910	-0.003112048376
2.820799827576	-0.001961488044
2.822399854660	-0.000639136066
2.823999881744	-0.006325616501
2.825599908829	-0.004258992150
2.827199935913	-0.005905808415
2.828799962997	-0.002110688249
2.830399990082	-0.006038400345
2.832000017166	-0.003513056319
2.833600044250	-0.005776080303
2.835199832916	-0.005471520592
2.836799860001	-0.002994544338
2.838399887085	-0.003227184294
2.839999914169	-0.008257312700
2.841599941254	-0.004965216387
2.843199968338	-0.005301744211
2.844799995422	-0.004025760572
2.846400022507	-0.004642992280
2.847999811172	-0.004290304147
2.849599838257	-0.004724768456
2.851199865341	-0.002924288157
2.852799892426	-0.004721600562
2.854399919510	-0.003253120231
2.855999946594	-0.006334096659
2.857599973679	-0.005355376285
2.859200000763	-0.004640144296
2.860800027847	-0.004025360569
2.862399816513	-0.005270624533
2.863999843597	-0.008871057071
2.865599870682	-0.003757664235
2.867199897766	-0.005503760651
2.868799924850	-0.004748624284
2.870399951935	-0.007165664807
2.871999979019	-0.004394928459
2.873600006104	-0.005809936672
2.875200033188	-0.003865616396
2.876799821854	-0.003648640355
2.878399848938	-0.005988336634
2.879999876022	-0.005675088614
2.881599903107	-0.007652672473
2.883199930191	-0.003932352178
2.884799957275	-0.004758496303
2.886399984360	-0.005947520491
2.888000011444	-0.004149984568
2.889600038528	-0.006844976451
2.891199827194	-0.002860576147
2.892799854279	-0.004791968502
2.894399881363	-0.003295008326
2.895999908447	-0.003903472330
2.897599935532	-0.007540320512
2.899199962616	-0.003333744360
2.900799989700	-0.003403104376
2.902400016785	-0.002965616295
2.904000043869	-0.006246496458
2.905599832535	-0.005991808604
2.907199859619	-0.004918128252
2.908799886703	-0.003722272348
2.910399913788	-0.003048912389
2.911999940872	-0.003658784321
2.913599967957	-0.005750800483
2.915199995041	-0.005622976460
2.916800022125	-0.002747312188
2.918399810791	-0.002886464354
2.919999837875	-0.006485232618
2.921599864960	-0.005431296304
2.923199892044	-0.006277168635
2.924799919128	-0.004184416495
2.926399946213	-0.005223856308
2.927999973297	-0.006593008526
2.929600000381	-0.003994512372
2.931200027466	-0.005614400376
2.932799816132	-0.006309392396
2.934399843216	-0.002552592196
2.935999870300	-0.004592608195
2.937599897385	-0.006692752708
2.939199924469	-0.005281360354
2.940799951553	-0.004086704459
2.942399978638	-0.005692656618
2.944000005722	-0.007828432135
2.945600032806	-0.002884784248
2.947199821472	-0.006013072561
2.948799848557	-0.003300368320
2.950399875641	-0.005288864486
2.951999902725	-0.004885088187
2.953599929810	-0.007351168431
2.955199956894	-0.004388864152
2.956799983978	-0.003698048182
2.958400011063	-0.007397536654
2.960000038147	-0.002288240241
2.961599826813	-0.006366592366
2.963199853897	-0.006701104809
2.964799880981	-0.003356384346
2.966399908066	-0.007162416819
2.967999935150	-0.004708144348
2.969599962234	-0.006004704628
2.971199989319	-0.003790224437
2.972800016403	-0.005752688274
2.974400043488	-0.001067616045
2.975999832153	-0.002819120185
2.977599859238	-0.009811328724
2.979199886322	-0.004910384305
2.980799913406	-0.005414032377
2.982399940491	-0.002308288123
2.983999967575	-0.004756976385
2.985599994659	-0.003008304397
2.987200021744	-0.005861344747
2.988799810410	-0.005860384554
2.990399837494	-0.003473376390
2.991999864578	-0.005981584545
2.993599891663	-0.004739792552
2.995199918747	-0.007108720485
2.996799945831	-0.005299856421
2.998399972916	-0.002909264294
3.000000000000	-0.005494144280
3.001600027084	-0.005161824636
3.003199815750	-0.005140608177
3.004799842834	-0.003739296459
3.006399869919	-0.006445408799
3.007999897003	-0.005874032620
3.009599924088	-0.004768160637
3.011199951172	-0.005081760697
3.012799978256	-0.005902512465
3.014400005341	-0.005000864621
3.016000032425	-0.001347344136
3.017599821091	-0.007192320656
3.019199848175	-0.002783120144
3.020799875259	-0.004583152477
3.022399902344	-0.004935664590
3.023999929428	-0.006783216726
3.025599956512	-0.005933264270
3.027199983597	-0.002976848278
3.028800010681	-0.006420512684
3.030400037766	-0.003937216476
3.031999826431	-0.004360592458
3.033599853516	-0.006128864363
3.035199880600	-0.005281664431
3.036799907684	-0.006398272701
3.038399934769	-0.005558240693
3.039999961853	-0.005931264255
3.041599988937	-0.005877024494
3.043200016022	-0.006006864365
3.044799804687	-0.000485824014
3.046399831772	-0.005960112438
3.047999858856	-0.007214112673
3.049599885941	-0.005102976225
3.051199913025	-0.003505504224
3.052799940109	-0.007188736461
3.054399967194	-0.004917024635
3.055999994278	-0.002127696294
3.057600021362	-0.005139808636
3.059199810028	-0.004682336468
3.060799837112	-0.005917568691
3.062399864197	-0.004655200522
3.063999891281	-0.005824272521
3.065599918365	-0.005654784385
3.067199945450	-0.006556800567
3.068799972534	-0.008339520544
3.070399999619	-0.003750112373
3.072000026703	-0.004322272260
3.073599815369	-0.004048128147
3.075199842453	-0.006641632412
3.076799869537	-0.008352960460
3.078399896622	-0.005479968619
3.079999923706	-0.005994528532
3.081599950790	-0.002724992111
3.083199977875	-0.008278560825
3.084800004959	-0.003781568259
3.086400032043	-0.004231152125
3.087999820709	-0.006452864502
3.089599847794	-0.002967904322
3.091199874878	-0.003629632294
3.092799901962	-0.008637872525
3.094399929047	-0.004657584243
3.095999956131	-0.001978816232
3.097599983215	-0.006168256514
3.099200010300	-0.004254960455
3.100800037384	-0.002772384323
3.102399826050	-0.007470480632
3.103999853134	-0.004614896141
3.105599880219	-0.005019600503
3.107199907303	-0.003984480165
3.108799934387	-0.005198688246
3.110399961472	-0.005430448335
3.111999988556	-0.006621392444
3.113600015640	-0.007047920953
3.115199804306	-0.003645216348
3.116799831390	-0.006884944625
3.118399858475	-0.005388928577
3.119999885559	-0.005135616288
3.121599912643	-0.004996640608
3.123199939728	-0.006291696336
3.124799966812	0.000788032077
3.126399993896	-0.006498736329
3.128000020981	-0.006675200537
3.129599809647	-0.005513104610
3.131199836731	-0.008138096891
3.132799863815	-0.004499152303
3.134399890900	-0.005429264624
3.135999917984	-0.004491984379
3.137599945068	-0.009242496453
3.139199972153	-0.007265120745
3.140799999237	-0.005467024632
3.142400026321	-0.005722016562
3.143999814987	-0.005159888417
3.145599842072	-0.007729216479
3.147199869156	-0.004805472679
3.148799896240	-0.006090320647
3.150399923325	-0.003656640183
3.151999950409	-0.006161424331
3.153599977493	-0.005759792402
3.155200004578	-0.003089472186
3.156800031662	-0.007878480479
3.158399820328	-0.001954720123
3.159999847412	-0.006578240544
3.161599874496	-0.003494816367
3.163199901581	-0.007169008721
3.164799928665	-0.003917072434
3.166399955750	-0.004930400290
3.167999982834	-0.007079984527
3.169600009918	-0.002521680202
3.171200037003	-0.007895409130
3.172799825668	-0.004194720183
3.174399852753	-0.004501216114
3.175999879837	-0.004516336136
3.177599906921	-0.005641696509
3.179199934006	-0.006008752622
3.180799961090	-0.004838416353
3.182399988174	-0.005169136450
3.184000015259	-0.004135088529
3.185599803925	-0.006237440743
3.187199831009	-0.005719616544
3.188799858093	-0.005769904237
3.190399885178	-0.004399376456
3.191999912262	-0.003627472324
3.193599939346	-0.006357136648
3.195199966431	-0.004628736526
3.196799993515	-0.007500608452
3.198400020599	-0.002056912286
3.199999809265	-0.006685632747
3.201599836349	-0.003885440296
3.203199863434	-0.006597072817
3.204799890518	-0.004762464203
3.206399917603	-0.005373584572
3.207999944687	-0.005845024250
3.209599971771	-0.007306688465
3.211199998856	-0.005979360547
3.212800025940	-0.008265776560
3.214399814606	-0.004207088146
3.215999841690	-0.005822304636
3.217599868774	-0.006692544557
3.219199895859	-0.004626544192
3.220799922943	-0.003266368294
3.222399950027	-0.005843872670
3.223999977112	-0.004109696485
3.225600004196	-0.006286656484
3.227200031281	-0.005941504613
3.228799819946	-0.003463600297
3.230399847031	-0.004864800256
3.231999874115	-0.004426624160
3.233599901199	-0.005833120551
3.235199928284	-0.004122992046
3.236799955368	-0.008700880222
3.238399982452	-0.005593472626
3.240000009537	-0.006026304327
3.241600036621	-0.003667456331
3.243199825287	-0.008289232850
3.244799852371	-0.003398176283
3.246399879456	-0.004350992385
3.247999906540	-0.006712928414
3.249599933624	-0.003855072428
3.251199960709	-0.005031744484
3.252799987793	-0.008934672922
3.254400014877	-0.002621264197
3.255999803543	-0.005207952578
3.257599830627	-0.006233824417
3.259199857712	-0.006363216322
3.260799884796	-0.005201792344
3.262399911880	-0.004590576515
3.263999938965	-0.004361424129
3.265599966049	-0.006150464527
3.267199993134	-0.006212896667
3.268800020218	-0.003855440300
3.270399808884	-0.004799744580
3.271999835968	-0.005292368587
3.273599863052	-0.005850176327
3.275199890137	-0.004391808528
3.276799917221	-0.007333232556
3.278399944305	-0.007869296707
3.279999971390	-0.006697168574
3.281599998474	-0.005381760653
3.283200025558	-0.008560161106
3.284799814224	-0.005233088508
3.286399841309	-0.004502464086
3.287999868393	-0.004035888240
3.289599895477	-0.006723520346
3.291199922562	-0.002514144173
3.292799949646	-0.008470832370
3.294399976730	-0.005174512509
3.296000003815	-0.003528496251
3.297600030899	-0.005396544468
3.299199819565	-0.003358304268
3.300799846649	-0.007003808394
3.302399873734	-0.003814368276
3.303999900818	-0.007008272689
3.305599927902	-0.004469648469
3.307199954987	-0.006605008617
3.308799982071	-0.004862880334
3.310400009155	-0.005651936401
3.311999797821	-0.005249744281
3.313599824905	-0.005919840652
3.315199851990	-0.002485440113
3.316799879074	-0.004522576462
3.318399906158	-0.007454672828
3.319999933243	-0.006371600553
3.321599960327	-0.005235168617
3.323199987411	-0.005348176230
3.324800014496	-0.006380464416
3.326399803162	-0.006252208725
3.327999830246	-0.007383632474
3.329599857330	-0.004807824269
3.331199884415	-0.003686048323
3.332799911499	-0.003834720235
3.334399938583	-0.005750560667
3.335999965668	-0.006010976620
3.337599992752	-0.003802608466
3.339200019836	-0.006833232474
3.340799808502	-0.004543824587
3.342399835587	-0.006702928338
3.343999862671	-0.007191360462
3.345599889755	-0.004311152268
3.347199916840	-0.006130864378
3.348799943924	-0.006970720366
3.350399971008	-0.006499168463
3.351999998093	-0.003072272288
3.353600025177	-0.004828672390
3.355199813843	-0.004292400554
3.356799840927	-0.004449904431
3.358399868011	-0.004001184367
3.359999895096	-0.006128080655
3.361599922180	-0.008236465044
3.363199949265	-0.006427712273
3.364799976349	-0.004128752276
3.366400003433	-0.004798416514
3.368000030518	-0.004662512336
3.369599819183	-0.004361424595
3.371199846268	-0.002998144366
3.372799873352	-0.006739792414
3.374399900436	-0.002470352221
3.375999927521	-0.006835360546
3.377599954605	-0.006808992475
3.379199981689	-0.007698416710
3.380800008774	-0.005040448625
3.382399797440	-0.003831920214
3.383999824524	-0.005232960451
3.385599851608	-0.005898912437
3.387199878693	-0.004512528423
3.388799905777	-0.007186752744
3.390399932861	-0.005646288395
3.391999959946	-0.006266672630
3.393599987030	-0.006625440437
3.395200014114	-0.003594160313
3.396799802780	-0.005753920414
3.398399829865	-0.007681568619
3.399999856949	-0.006690768525
3.401599884033	-0.006505072583
3.403199911118	-0.008240672760
3.404799938202	-0.005855712574
3.406399965286	-0.005576576572
3.407999992371	-0.004905760288
3.409600019455	-0.006891728379
3.411199808121	-0.002569216071
3.412799835205	-0.004613088444
3.414399862289	-0.004464528523
3.415999889374	-0.006360480562
3.417599916458	-0.005351360422
3.419199943542	-0.003922880162
3.420799970627	-0.006395904347
3.422399997711	-0.003639648203
3.424000024796	-0.004672784358
3.425599813461	-0.006702688523
3.427199840546	-0.007218720391
3.428799867630	-0.007014288567
3.430399894714	-0.004123360384
3.431999921799	-0.004604816437
3.433599948883	-0.004142928403
3.435199975967	-0.004193952307
3.436800003052	-0.003718320280
3.438400030136	-0.008515968919
3.439999818802	-0.006303216331
3.441599845886	-0.004560560454
3.443199872971	-0.007503264584
3.444799900055	-0.004673376214
3.446399927139	-0.007736736443
3.447999954224	-0.003120464273
3.449599981308	-0.007301984821
3.451200008392	0.005013024434
