0.000000000000	0.013959361240
0.001599999960	0.013746880926
0.003199999919	0.014880545437
0.004799999762	0.013303728774
0.006399999838	0.013330113143
0.007999999449	0.013164897449
0.009599999525	0.013671632856
0.011199999601	0.012785472907
0.012799999677	0.012459521182
0.014399999753	0.013152944855
0.015999998897	0.011830496602
0.017599999905	0.011763201095
0.019199999049	0.012904128991
0.020800000057	0.012453105301
0.022399999201	0.012999856845
0.024000000209	0.011966672726
0.025599999353	0.011620208621
0.027199998498	0.010758848861
0.028799999505	0.011827968992
0.030399998650	0.011022672988
0.031999997795	0.013078993186
0.033599998802	0.011754320934
0.035199999809	0.011277104728
0.036800000817	0.011648865417
0.038399998099	0.011752769351
0.039999999106	0.010040640831
0.041600000113	0.010620704852
0.043199997395	0.011788081378
0.044799998403	0.010249649175
0.046399999410	0.011152384803
0.048000000417	0.011416672729
0.049599997699	0.010209793225
0.051199998707	0.010110112838
0.052799999714	0.009459776804
0.054399996996	0.009199136868
0.055999998003	0.011209201068
0.057599999011	0.010821584612
0.059200000018	0.009048400447
0.060799997300	0.010805488564
0.062399998307	0.009876736440
0.063999995589	0.009905024432
0.065600000322	0.009898448363
0.067199997604	0.008441136219
0.068799994886	0.009352817200
0.070399999619	0.009177456610
0.071999996901	0.009082928300
0.073600001633	0.010576080531
0.075199998915	0.008507153019
0.076799996197	0.009248784743
0.078400000930	0.010452448390
0.079999998212	0.009452464990
0.081599995494	0.010051584803
0.083200000226	0.009816048667
0.084799997509	0.008649905212
0.086399994791	0.008434896357
0.087999999523	0.009866480716
0.089599996805	0.008259376511
0.091199994087	0.008060752414
0.092799998820	0.008546160534
0.094399996102	0.009513792582
0.096000000834	0.008512592874
0.097599998116	0.008976240642
0.099199995399	0.009028176777
0.100800000131	0.008773968555
0.102399997413	0.008472560905
0.103999994695	0.008769584820
0.105599999428	0.008662512526
0.107199996710	0.007953584194
0.108799993992	0.008848465048
0.110399998724	0.009406032972
0.111999996006	0.009080208838
0.113600000739	0.009402592666
0.115199998021	0.008147744462
0.116799995303	0.008364448324
0.118400000036	0.008713824674
0.119999997318	0.008634768426
0.121599994600	0.008076400496
0.123199999332	0.008898801170
0.124799996614	0.007928032428
0.126399993896	0.007421184797
0.127999991179	0.008171360940
0.129600003362	0.007836832665
0.131200000644	0.008853552863
0.132799997926	0.007125968579
0.134399995208	0.008152592927
0.135999992490	0.008067680523
0.137599989772	0.007903249003
0.139200001955	0.006476016715
0.140799999237	0.007804256864
0.142399996519	0.007249712478
0.143999993801	0.007409648504
0.145599991083	0.007859136909
0.147200003266	0.008311856538
0.148800000548	0.008632129058
0.150399997830	0.006536256522
0.151999995112	0.007875776850
0.153599992394	0.007503312547
0.155199989676	0.008183680475
0.156800001860	0.007830016315
0.158399999142	0.007703552488
0.159999996424	0.005861936603
0.161599993706	0.007962432690
0.163199990988	0.007360576652
0.164800003171	0.007346912753
0.166400000453	0.008087968454
0.167999997735	0.007690848783
0.169599995017	0.008405025117
0.171199992299	0.008789184503
0.172799989581	0.008734720759
0.174400001764	0.008018640801
0.175999999046	0.005808192305
0.177599996328	0.007349536754
0.179199993610	0.006481520366
0.180799990892	0.006934320554
0.182399988174	0.006746464409
0.184000000358	0.006838240661
0.185599997640	0.007193488535
0.187199994922	0.007709936704
0.188799992204	0.008358000778
0.190399989486	0.007171712350
0.192000001669	0.006971968804
0.193599998951	0.005888656713
0.195199996233	0.007548144553
0.196799993515	0.006222672295
0.198399990797	0.005921440665
0.199999988079	0.006707776338
0.201600000262	0.005893536378
0.203199997544	0.007115056738
0.204799994826	0.007398768794
0.206399992108	0.007827088237
0.207999989390	0.006985216402
0.209600001574	0.006716576405
0.211199998856	0.005771472584
0.212799996138	0.006908816751
0.214399993420	0.005842976272
0.215999990702	0.006129808258
0.217599987984	0.007702080533
0.219200000167	0.005678928457
0.220799997449	0.005942816380
0.222399994731	0.006449504755
0.223999992013	0.006992448587
0.225599989295	0.006232832558
0.227200001478	0.006481712684
0.228799998760	0.006207408383
0.230399996042	0.006975792348
0.231999993324	0.006179584656
0.233599990606	0.007130480371
0.235199987888	0.007167984731
0.236800000072	0.005889808293
0.238399997354	0.005433648359
0.239999994636	0.007308128756
0.241599991918	0.007247248664
0.243199989200	0.004988944624
0.244799986482	0.007771648467
0.246399998665	0.006506160367
0.247999995947	0.005752848461
0.249599993229	0.005900704302
0.251199990511	0.005364544690
0.252799987793	0.005786704365
0.254399985075	0.004566848278
0.255999982357	0.007541280705
0.257599979639	0.006484304555
0.259200006723	0.005955088418
0.260800004005	0.005099856295
0.262400001287	0.006050048396
0.263999998569	0.006121840328
0.265599995852	0.005935104564
0.267199993134	0.007037472446
0.268799990416	0.005927584600
0.270399987698	0.005177456420
0.271999984980	0.005554928444
0.273599982262	0.005723648705
0.275199979544	0.006275984459
0.276800006628	0.004601216409
0.278400003910	0.006810528692
0.280000001192	0.006561504677
0.281599998474	0.005253120326
0.283199995756	0.006622160785
0.284799993038	0.005852944683
0.286399990320	0.006182912271
0.287999987602	0.004175824113
0.289599984884	0.004889968317
0.291199982166	0.007211664692
0.292799979448	0.004934944212
0.294400006533	0.004787888378
0.296000003815	0.006182736717
0.297600001097	0.004210496321
0.299199998379	0.004717296455
0.300799995661	0.005575408228
0.302399992943	0.005758176558
0.303999990225	0.005697728600
0.305599987507	0.002739136107
0.307199984789	0.005876336712
0.308799982071	0.004720192403
0.310399979353	0.004888448399
0.312000006437	0.006291680504
0.313600003719	0.004180448595
0.315200001001	0.005064576399
0.316799998283	0.004402816296
0.318399995565	0.005820672493
0.319999992847	0.005603344645
0.321599990129	0.003951744176
0.323199987411	0.004381760489
0.324799984694	0.005662576295
0.326399981976	0.004911840428
0.327999979258	0.006084608380
0.329600006342	0.004049680196
0.331200003624	0.005535920616
0.332800000906	0.004504784476
0.334399998188	0.004707040265
0.335999995470	0.005931920372
0.337599992752	0.003916480113
0.339199990034	0.004619408399
0.340799987316	0.005137392320
0.342399984598	0.005543072242
0.343999981880	0.004772352520
0.345599979162	0.003910736181
0.347199976444	0.004257360473
0.348800003529	0.004227440339
0.350400000811	0.003687024349
0.351999998093	0.004829600453
0.353599995375	0.005278032273
0.355199992657	0.003947088495
0.356799989939	0.004889680538
0.358399987221	0.005429376382
0.359999984503	0.004407200497
0.361599981785	0.004299936350
0.363199979067	0.004930704366
0.364799976349	0.005219808314
0.366400003433	0.005268352572
0.368000000715	0.003034832189
0.369599997997	0.004625696223
0.371199995279	0.005392480642
0.372799992561	0.005237904377
0.374399989843	0.005074112210
0.375999987125	0.004381104372
0.377599984407	0.005646496546
0.379199981689	0.004124480300
0.380799978971	0.003897888353
0.382399976254	0.004769632593
0.384000003338	0.005438848399
0.385600000620	0.004060512409
0.387199997902	0.003770912299
0.388799995184	0.004720752593
0.390399992466	0.002942912281
0.391999989748	0.004692048300
0.393599987030	0.004382880405
0.395199984312	0.004252912477
0.396799981594	0.004111024551
0.398399978876	0.003989056218
0.399999976158	0.004499200266
0.401600003242	0.004425056279
0.403200000525	0.004251792561
0.404799997807	0.004248480313
0.406399995089	0.004975584336
0.407999992371	0.004557264503
0.409599989653	0.001892256201
0.411199986935	0.003128848271
0.412799984217	0.004353776108
0.414399981499	0.004190768115
0.415999978781	0.003306064289
0.417599976063	0.005457200576
0.419200003147	0.004823792260
0.420800000429	0.003480576212
0.422399997711	0.005342640448
0.423999994993	0.004733008333
0.425599992275	0.004411728587
0.427199989557	0.004152800422
0.428799986839	0.004283056129
0.430399984121	0.003081520321
0.431999981403	0.004012496211
0.433599978685	0.003778784303
0.435199975967	0.004010368139
0.436800003052	0.004206080455
0.438400000334	0.004577280488
0.439999997616	0.003508128226
0.441599994898	0.004285888281
0.443199992180	0.002723248210
0.444799989462	0.003635312198
0.446399986744	0.001588480081
0.447999984026	0.004728960339
0.449599981308	0.003287264379
0.451199978590	0.003757184371
0.452799975872	0.005199904554
0.454400002956	0.002950624330
0.456000000238	0.002653344302
0.457599997520	0.005269936286
0.459199994802	0.002033120254
0.460799992085	0.004917696584
0.462399989367	0.004221616313
0.463999986649	0.004081040155
0.465599983931	0.004383744206
0.467199981213	0.003181168344
0.468799978495	0.003737424267
0.470399975777	0.003230976174
0.472000002861	0.003198112361
0.473600000143	0.004415712319
0.475199997425	0.004448400345
0.476799994707	0.003566272324
0.478399991989	0.003811728209
0.479999989271	0.002534960164
0.481599986553	0.004625456408
0.483199983835	0.002105280291
0.484799981117	0.004155152477
0.486399978399	0.003460688284
0.487999975681	0.004927168600
0.489599972963	0.003682816168
0.491200000048	0.005136352498
0.492799997330	0.002152416157
0.494399994612	0.002520624083
0.495999991894	0.003547280328
0.497599989176	0.004161792342
0.499199986458	0.005161424633
0.500800013542	0.004537248518
0.502399981022	0.003225920256
0.504000008106	0.004013664555
0.505599975586	0.003674032399
0.507200002670	0.003123456147
0.508799970150	0.003570192261
0.510399997234	0.004394352436
0.511999964714	0.004167648032
0.513599991798	0.004011632409
0.515199959278	0.004020640161
0.516799986362	0.003734048223
0.518400013447	0.003632512176
0.519999980927	0.004293840379
0.521600008011	0.002686528256
0.523199975491	0.003406496253
0.524800002575	0.004302640446
0.526399970055	0.003830160247
0.527999997139	0.004125440493
0.529599964619	0.002725232160
0.531199991703	0.002253776183
0.532799959183	0.004129824229
0.534399986267	0.001877504168
0.536000013351	0.001923632110
0.537599980831	0.002115904121
0.539200007915	0.002493616194
0.540799975395	0.002841104288
0.542400002480	0.004661504179
0.543999969959	0.001979520079
0.545599997044	0.002550784266
0.547199964523	0.003228864167
0.548799991608	0.004670400172
0.550399959087	0.002356496174
0.551999986172	0.003710160265
0.553600013256	0.002538848203
0.555199980736	0.003911280539
0.556800007820	0.003174080281
0.558399975300	0.003264464205
0.560000002384	0.004891200457
0.561599969864	0.003813280258
0.563199996948	0.002575696213
0.564799964428	0.002399040153
0.566399991512	0.002960544312
0.567999958992	0.001518848119
0.569599986076	0.002723552287
0.571200013161	0.004651520401
0.572799980640	0.003951232415
0.574400007725	0.003270448418
0.575999975204	0.002694944153
0.577600002289	0.001523856190
0.579199969769	0.002692896174
0.580799996853	0.003024272155
0.582399964333	0.003306480357
0.583999991417	0.004187456332
0.585599958897	0.003163008252
0.587199985981	0.003504096298
0.588800013065	0.003583792364
0.590399980545	0.001567280153
0.592000007629	0.001095488085
0.593599975109	0.002470560139
0.595200002193	0.002503696363
0.596799969673	0.002684432315
0.598399996758	0.001252208138
0.599999964237	0.003619968193
0.601599991322	0.002291584155
0.603199958801	0.002217968227
0.604799985886	0.003511104267
0.606400012970	0.000871648081
0.607999980450	0.002146800049
0.609600007534	0.003156384220
0.611199975014	0.004053872544
0.612800002098	0.003670784412
0.614399969578	0.001604416175
0.615999996662	0.002556608291
0.617599964142	0.003907888196
0.619199991226	0.002487344202
0.620799958706	0.001414256170
0.622399985790	0.001738992170
0.624000012875	0.000401408004
0.625599980354	0.004031104501
0.627200007439	0.004194800276
0.628799974918	0.002281632274
0.630400002003	0.001092480146
0.631999969482	0.002533552237
0.633599996567	0.001192160067
0.635199964046	0.003551664297
0.636799991131	0.000241088026
0.638399958611	0.002201264258
0.639999985695	0.002963264240
0.641600012779	0.001559568103
0.643199980259	0.003341760254
0.644800007343	0.002635424258
0.646399974823	0.003269824199
0.648000001907	0.001424832153
0.649599969387	0.002164720092
0.651199996471	0.003268928267
0.652799963951	0.002526976401
0.654399991035	0.001092400053
0.655999958515	0.004076224286
0.657599985600	0.001767776092
0.659200012684	0.002228496131
0.660799980164	0.002662624232
0.662400007248	0.001238272176
0.663999974728	0.000952352071
0.665600001812	0.001972256228
0.667199969292	0.002233920153
0.668799996376	0.002685248153
0.670399963856	0.001073712017
0.671999990940	0.001954784151
0.673599958420	0.002120016143
0.675199985504	0.001792384079
0.676800012589	0.003043776145
0.678399980068	0.002206720179
0.680000007153	0.002519360278
0.681599974632	0.002109536203
0.683200001717	0.000868112082
0.684799969196	0.001956032123
0.686399996281	0.002646464156
0.687999963760	0.002736336319
0.689599990845	0.002188768238
0.691199958324	0.003048912156
0.692799985409	0.003993152175
0.694399952888	0.000906688045
0.695999979973	0.003168080235
0.697600007057	0.001628288184
0.699199974537	0.000552592042
0.700800001621	0.000247952034
0.702399969101	0.001817808137
0.703999996185	0.002374544274
0.705599963665	0.002521488117
0.707199990749	0.000614080054
0.708799958229	0.001425264054
0.710399985313	0.003542672144
0.711999952793	-0.000172863991
0.713599979877	0.002526016207
0.715200006962	0.001495744102
0.716799974442	0.002103616251
0.718400001526	0.001359712100
0.719999969006	0.002020848216
0.721599996090	0.001255168114
0.723199963570	0.002213232219
0.724799990654	0.001116720028
0.726399958134	0.001614000066
0.727999985218	0.002826464130
0.729599952698	0.001065856079
0.731199979782	0.002946768189
0.732800006866	0.001528416178
0.734399974346	0.000132271991
0.736000001431	0.000926000066
0.737599968910	0.001249040128
0.739199995995	0.001422784058
0.740799963474	0.002007968258
0.742399990559	0.001795536140
0.743999958038	0.001494928030
0.745599985123	0.000687200052
0.747199952602	0.002308384283
0.748799979687	0.002540528076
0.750400006771	0.001486880123
0.751999974251	0.001754256198
0.753600001335	0.001748144161
0.755199968815	0.001522544189
0.756799995899	0.002128784079
0.758399963379	0.000080559999
0.759999990463	0.001338224043
0.761599957943	0.001439632149
0.763199985027	0.002348352224
0.764799952507	0.000876800099
0.766399979591	0.001955984160
0.768000006676	0.000539632048
0.769599974155	0.002597824205
0.771200001240	0.001065360033
0.772799968719	0.001329952152
0.774399995804	0.001535312156
0.775999963284	0.000714368070
0.777599990368	0.002417648211
0.779199957848	0.002216048306
0.780799984932	0.001414992148
0.782399952412	0.000977520132
0.783999979496	0.004776256625
0.785600006580	0.000620384060
0.787199974060	0.001223264029
0.788800001144	0.001489808084
0.790399968624	0.000830304110
0.791999995708	0.002061072271
0.793599963188	0.001671008184
0.795199990273	0.002667728113
0.796799957752	0.002903280314
0.798399984837	0.000476256042
0.799999952316	0.003754064441
0.801599979401	0.000708544045
0.803200006485	0.002697040327
0.804799973965	0.001826000167
0.806400001049	0.001112320111
0.807999968529	0.002496160101
0.809599995613	0.000540176057
0.811199963093	0.002104928251
0.812799990177	0.000914144097
0.814399957657	0.000793408079
0.815999984741	-0.000772496103
0.817599952221	0.001782304142
0.819199979305	0.002054256154
0.820800006390	0.001267104060
0.822399973869	0.000428415980
0.824000000954	0.002061696257
0.825599968433	0.002346320078
0.827199995518	0.001002432080
0.828799962997	0.001349824131
0.830399990082	0.002294192091
0.831999957561	0.000080848040
0.833599984646	0.001114416053
0.835199952126	0.002251488157
0.836799979210	0.001702800160
0.838400006294	0.001286928076
0.839999973774	0.001522864099
0.841600000858	0.001488864189
0.843199968338	0.001959728077
0.844799995422	0.002033232246
0.846399962902	0.001682080096
0.847999989986	0.001509472146
0.849599957466	-0.000625424029
0.851199984550	0.000810048077
0.852799952030	0.002735344227
0.854399979115	0.001225232147
0.856000006199	0.001924976124
0.857599973679	0.002754848218
0.859200000763	0.001276256167
0.860799968243	0.001169776078
0.862399995327	0.000862656045
0.863999962807	0.003181584179
0.865599989891	-0.000201440038
0.867199957371	-0.000383840030
0.868799984455	0.000900176121
0.870399951935	0.000745680067
0.871999979019	0.000710896100
0.873600006104	0.001384736039
0.875199973583	0.002207440091
0.876800000668	0.001278768061
0.878399968147	0.001291168155
0.879999995232	0.001912640058
0.881599962711	0.000239376022
0.883199989796	0.000068559981
0.884799957275	0.002593104262
0.886399984360	0.000909568102
0.887999951839	0.001088720164
0.889599978924	0.001257840078
0.891200006008	0.001005840139
0.892799973488	0.000338592014
0.894400000572	0.001404304057
0.895999968052	0.001018064097
0.897599995136	0.002520464128
0.899199962616	0.001066224067
0.900799989700	0.000997744035
0.902399957180	0.002179680159
0.903999984264	-0.000077152021
0.905599951744	0.000239168017
0.907199978828	-0.000845136063
0.908800005913	0.000834880106
0.910399973392	0.000358768011
0.912000000477	0.000747008075
0.913599967957	0.001551616122
0.915199995041	0.000914752076
0.916799962521	0.001750160125
0.918399989605	0.001235120115
0.919999957085	0.000374687981
0.921599984169	0.000734128058
0.923199951649	0.000600896019
0.924799978733	0.000785552082
0.926400005817	0.000228559991
0.927999973297	-0.000293600024
0.929600000381	-0.000517824024
0.931199967861	0.002488400089
0.932799994946	0.001401216141
0.934399962425	0.000971408037
0.935999989510	-0.000239903995
0.937599956989	-0.001268704073
0.939199984074	0.002231328050
0.940799951553	0.000998864067
0.942399978638	-0.000110144050
0.944000005722	0.000078335972
0.945599973202	-0.000618128106
0.947200000286	0.000925824046
0.948799967766	0.000005551975
0.950399994850	0.001886560116
0.951999962330	0.000464368059
0.953599989414	0.000815120118
0.955199956894	0.001523872139
0.956799983978	-0.000701856043
0.958399951458	-0.000448736071
0.959999978542	0.000957264099
0.961599946022	0.000739680079
0.963199973106	-0.000968576060
0.964800000191	0.000027087957
0.966399967670	0.000629840011
0.967999994755	0.001028192113
0.969599962234	0.000701504061
0.971199989319	0.000524352072
0.972799956799	0.001605376136
0.974399983883	-0.000019360014
0.975999951363	-0.000560432032
0.977599978447	-0.000321520085
0.979199945927	0.000412624009
0.980799973011	-0.000403824059
0.982400000095	0.000937664125
0.983999967575	0.001482368098
0.985599994659	0.000585600035
0.987199962139	0.000459408038
0.988799989223	0.000032975971
0.990399956703	0.001532928087
0.991999983788	0.000295792037
0.993599951267	0.000167967999
0.995199978352	0.002144336235
0.996799945831	0.000370448019
0.998399972916	-0.001425824128
1.000000000000	0.000048848004
1.001600027084	0.001087184064
1.003199934959	-0.000084112020
1.004799962044	0.000308256014
1.006399989128	0.000143104000
1.008000016212	0.000812608050
1.009599924088	0.000797984074
1.011199951172	0.000769440026
1.012799978256	0.000332496071
1.014400005341	-0.000776032044
1.016000032425	-0.000071920011
1.017599940300	0.000353792013
1.019199967384	0.000704464037
1.020799994469	0.000013823977
1.022400021553	-0.000321328000
1.023999929428	-0.000004848028
1.025599956512	0.000256624015
1.027199983597	0.000546288036
1.028800010681	0.001343136071
1.030399918556	0.000368959998
1.031999945641	0.000024991976
1.033599972725	-0.000569104101
1.035199999809	-0.000928832043
1.036800026894	-0.000774160028
1.038399934769	-0.001466192072
1.039999961853	-0.000186048026
1.041599988937	0.000436256028
1.043200016022	-0.000192848005
1.044799923897	-0.000004863990
1.046399950981	0.001372624072
1.047999978065	-0.001275984105
1.049600005150	-0.000799808069
1.051200032234	0.001747856149
1.052799940109	-0.000150992040
1.054399967194	-0.000466560043
1.055999994278	0.001454912126
1.057600021362	-0.000011231986
1.059199929237	0.000053663989
1.060799956322	-0.000100016019
1.062399983406	0.001270160079
1.064000010490	0.000937920064
1.065599918365	-0.000991968089
1.067199945450	-0.000149136016
1.068799972534	-0.000497488014
1.070399999619	0.000577344035
1.072000026703	-0.000842848094
1.073599934578	0.000325984001
1.075199961662	0.002257600194
1.076799988747	-0.000276544044
1.078400015831	-0.000499520043
1.079999923706	0.000408271997
1.081599950790	-0.001586160157
1.083199977875	-0.000451136089
1.084800004959	-0.000308048009
1.086400032043	0.001624000142
1.087999939919	0.000773488078
1.089599967003	-0.000919712125
1.091199994087	-0.000051456009
1.092800021172	0.000954624091
1.094399929047	-0.000763152028
1.095999956131	0.000612912059
1.097599983215	-0.000057327990
1.099200010300	0.000942752056
1.100799918175	0.000577680010
1.102399945259	0.000490048085
1.103999972343	0.000019135989
1.105599999428	0.001441104105
1.107200026512	-0.000310144038
1.108799934387	0.001920256182
1.110399961472	-0.000705104030
1.111999988556	0.000542176014
1.113600015640	0.000935984077
1.115199923515	-0.000022512009
1.116799950600	0.000002224010
1.118399977684	-0.001766832196
1.120000004768	0.000770528102
1.121599912643	0.000144224003
1.123199939728	-0.000440832024
1.124799966812	-0.001949968166
1.126399993896	0.000518544053
1.128000020981	-0.000027792010
1.129599928856	-0.000848832133
1.131199955940	-0.000459488074
1.132799983025	0.000399360055
1.134400010109	0.000244832016
1.135999917984	-0.000046992020
1.137599945068	0.000250368001
1.139199972153	0.000814112020
1.140799999237	-0.001438832143
1.142400026321	-0.000305232039
1.143999934196	-0.000400720048
1.145599961281	0.000078160010
1.147199988365	0.001389392186
1.148800015450	0.000101424026
1.150399923325	-0.000447312021
1.151999950409	-0.000964576087
1.153599977493	0.000178304021
1.155200004578	0.000301200023
1.156799912453	-0.000747424085
1.158399939537	0.000350832008
1.159999966621	0.000121648001
1.161599993706	-0.000637120043
1.163200020790	-0.000656784046
1.164799928665	-0.000615440076
1.166399955750	-0.002257856308
1.167999982834	-0.002279920271
1.169600009918	0.000201840041
1.171199917793	0.000031312025
1.172799944878	0.000048575981
1.174399971962	0.000296608021
1.175999999046	-0.000041536008
1.177600026131	0.001548624132
1.179199934006	-0.000661248050
1.180799961090	-0.000629264046
1.182399988174	0.000028448008
1.184000015259	0.000038095968
1.185599923134	-0.000088368019
1.187199950218	-0.000903984066
1.188799977303	0.000425200036
1.190400004387	-0.000249312056
1.191999912262	-0.001225312124
1.193599939346	0.001907536178
1.195199966431	-0.000525600044
1.196799993515	0.000826112053
1.198400020599	-0.001200192026
1.199999928474	-0.000029360031
1.201599955559	-0.001733536134
1.203199982643	-0.000342112035
1.204800009727	-0.000223296025
1.206399917603	-0.000509600039
1.207999944687	-0.000227551995
1.209599971771	-0.000068624016
1.211199998856	-0.000636464101
1.212800025940	-0.000959904108
1.214399933815	-0.000504992029
1.215999960899	-0.001536112046
1.217599987984	-0.000395120092
1.219200015068	-0.000627456058
1.220799922943	-0.000918128062
1.222399950027	0.001949776080
1.223999977112	-0.000309952011
1.225600004196	-0.000950864051
1.227199912071	-0.000313328055
1.228799939156	-0.001940816175
1.230399966240	-0.000549072050
1.231999993324	-0.000910048082
1.233600020409	-0.000158239985
1.235199928284	-0.000897936057
1.236799955368	-0.003547136206
1.238399982452	0.000603712047
1.240000009537	0.001032176078
1.241599917412	-0.000447344093
1.243199944496	-0.000782160088
1.244799971581	-0.000487952057
1.246399998665	-0.001031232066
1.248000025749	-0.001664512092
1.249599933624	0.000125135979
1.251199960709	-0.001478496124
1.252799987793	-0.001693360158
1.254400014877	-0.001850272180
1.255999922752	0.001096624066
1.257599949837	-0.000081888007
1.259199976921	0.000645008055
1.260800004005	-0.000932208088
1.262399911880	-0.000059855985
1.263999938965	-0.000115456023
1.265599966049	-0.001097616157
1.267199993134	-0.001668624114
1.268800020218	-0.001077456051
1.270399928093	-0.000696112053
1.271999955177	-0.001003312063
1.273599982262	-0.001745712128
1.275200009346	-0.001709264121
1.276799917221	-0.000676112017
1.278399944305	-0.001600032207
1.279999971390	0.000472848013
1.281599998474	-0.000971536152
1.283200025558	-0.000702912104
1.284799933434	-0.000875024067
1.286399960518	-0.000301088032
1.287999987602	-0.000264528033
1.289600014687	-0.001286688144
1.291199922562	-0.002460320247
1.292799949646	-0.000733568100
1.294399976730	-0.000853568024
1.296000003815	0.000748144055
1.297599911690	-0.001422960078
1.299199938774	0.001199760125
1.300799965858	-0.001128480071
1.302399992943	-0.002058128128
1.304000020027	0.001139104133
1.305599927902	-0.000331648014
1.307199954987	-0.000205776043
1.308799982071	-0.001292000175
1.310400009155	-0.000639760052
1.311999917030	0.000026399981
1.313599944115	-0.000092287999
1.315199971199	0.000519040041
1.316799998283	-0.000936432043
1.318400025368	-0.000317856029
1.319999933243	-0.001155056176
1.321599960327	-0.000878064078
1.323199987411	-0.000554272032
1.324800014496	-0.000848640047
1.326399922371	-0.000286096067
1.327999949455	-0.000521008042
1.329599976540	-0.000728368061
1.331200003624	-0.000274847989
1.332799911499	-0.000653600029
1.334399938583	-0.000427712017
1.335999965668	-0.001065344084
1.337599992752	-0.001844704268
1.339200019836	0.000899472041
1.340799927711	-0.001255552052
1.342399954796	-0.002204896184
1.343999981880	-0.000487840065
1.345600008965	-0.000527904020
1.347199916840	0.000040528001
1.348799943924	-0.001821680111
1.350399971008	-0.000496384047
1.351999998093	0.001348912134
1.353600025177	-0.002048464259
1.355199933052	-0.000005712006
1.356799960136	-0.001163120149
1.358399987221	-0.002205424244
1.360000014305	-0.001263216138
1.361599922180	-0.001624512137
1.363199949265	-0.001757520135
1.364799976349	-0.001029904117
1.366400003433	-0.001762176165
1.367999911308	-0.001373424195
1.369599938393	0.001088400139
1.371199965477	-0.000292992016
1.372799992561	-0.000089263987
1.374400019646	-0.001622656127
1.375999927521	0.000314464007
1.377599954605	0.000363616011
1.379199981689	-0.000782912073
1.380800008774	-0.002221680246
1.382399916649	-0.002783792093
1.383999943733	-0.000959568075
1.385599970818	0.000675200019
1.387199997902	-0.001255744137
1.388799905777	-0.000973360089
1.390399932861	-0.001436368097
1.391999959946	-0.000107951993
1.393599987030	-0.002151744207
1.395200014114	-0.001172256074
1.396799921989	-0.001528560184
1.398399949074	-0.001522144186
1.399999976158	-0.000253087986
1.401600003242	-0.000962512102
1.403199911118	-0.000174256027
1.404799938202	-0.000872336095
1.406399965286	-0.002105520107
1.407999992371	-0.000926288078
1.409600019455	0.000529856072
1.411199927330	-0.000302800006
1.412799954414	-0.000423984020
1.414399981499	-0.000870224088
1.416000008583	-0.000629328017
1.417599916458	0.000953184091
1.419199943542	-0.001364640077
1.420799970627	-0.001732272096
1.422399997711	-0.001244768151
1.423999905586	-0.001062128111
1.425599932671	-0.001242336002
1.427199959755	-0.001178112114
1.428799986839	-0.001439504093
1.430400013924	-0.002308304189
1.431999921799	-0.000511616061
1.433599948883	-0.002026368165
1.435199975967	-0.003052208340
1.436800003052	-0.001049584127
1.438399910927	-0.000422304060
1.439999938011	-0.003511792282
1.441599965096	0.000510064012
1.443199992180	-0.000607200083
1.444800019264	-0.002155680209
1.446399927139	-0.001963264076
1.447999954224	-0.001391200116
1.449599981308	-0.001326416153
1.451200008392	-0.002277088119
1.452799916267	-0.001277968055
1.454399943352	-0.000711824046
1.455999970436	-0.001457408071
1.457599997520	-0.000623456086
1.459199905396	-0.000982544036
1.460799932480	-0.003002880141
1.462399959564	-0.002139056101
1.463999986649	-0.000448128063
1.465600013733	-0.002172992099
1.467199921608	-0.003008368192
1.468799948692	-0.000995088136
1.470399975777	-0.000822400034
1.472000002861	-0.000810352038
1.473599910736	-0.000182528034
1.475199937820	-0.002076944103
1.476799964905	-0.001962288283
1.478399991989	-0.001540208119
1.480000019073	-0.001896944130
1.481599926949	-0.002281696303
1.483199954033	-0.002326048212
1.484799981117	-0.001848496147
1.486400008202	-0.003221232211
1.487999916077	0.000930128037
1.489599943161	-0.002350544324
1.491199970245	-0.000139248004
1.492799997330	-0.001967584249
1.494399905205	-0.001699152170
1.495999932289	-0.001506352099
1.497599959373	0.000714336056
1.499199986458	-0.001835840172
1.500800013542	-0.000408128020
1.502399921417	-0.001174944104
1.503999948502	-0.000475952082
1.505599975586	-0.001774416189
1.507200002670	-0.000635152101
1.508799910545	0.000295471982
1.510399937630	-0.002043776214
1.511999964714	-0.000589472067
1.513599991798	0.001955920132
1.515200018883	-0.001853888156
1.516799926758	-0.001124896109
1.518399953842	-0.000335632067
1.519999980927	-0.001004496124
1.521600008011	-0.002426512307
1.523199915886	-0.001201264095
1.524799942970	-0.000605824054
1.526399970055	-0.002489408245
1.527999997139	-0.000543952046
1.529599905014	-0.000262944028
1.531199932098	-0.000592816039
1.532799959183	-0.004538048524
1.534399986267	-0.000586800044
1.536000013351	-0.000001744008
1.537599921227	-0.001949504134
1.539199948311	-0.001328624086
1.540799975395	-0.000126928033
1.542400002480	-0.001159232110
1.543999910355	-0.001779984101
1.545599937439	-0.001903584111
1.547199964523	0.001390080084
1.548799991608	-0.001479648054
1.550400018692	-0.000688112050
1.551999926567	-0.001390672172
1.553599953651	-0.001679520123
1.555199980736	-0.002380592283
1.556800007820	-0.000282816094
1.558399915695	-0.001260096091
1.559999942780	-0.002302000299
1.561599969864	-0.001514176140
1.563199996948	-0.001125552109
1.564799904823	-0.001470576157
1.566399931908	0.000017487975
1.567999958992	-0.001381888054
1.569599986076	-0.001006000093
1.571200013161	-0.001395920175
1.572799921036	-0.003198896302
1.574399948120	-0.000819136039
1.575999975204	-0.002249968238
1.577600002289	-0.001250304165
1.579199910164	-0.000454000052
1.580799937248	-0.002827072283
1.582399964333	-0.001763872104
1.583999991417	0.000095488016
1.585600018501	-0.001873552101
1.587199926376	-0.001597632072
1.588799953461	-0.001499488135
1.590399980545	-0.000219312045
1.592000007629	-0.002155184280
1.593599915504	-0.001753232093
1.595199942589	-0.000756352034
1.596799969673	-0.002651520306
1.598399996758	-0.001181632048
1.599999904633	-0.000183424068
1.601599931717	-0.002212960273
1.603199958801	-0.002451072214
1.604799985886	0.000924672117
1.606400012970	-0.002363952110
1.607999920845	-0.001478320104
1.609599947929	-0.001834832132
1.611199975014	-0.001520768157
1.612800002098	-0.002067184309
1.614399909973	-0.000771872059
1.615999937057	-0.000817328051
1.617599964142	-0.001851200126
1.619199991226	-0.002797840163
1.620800018311	-0.001369408099
1.622399926186	-0.003349424340
1.623999953270	-0.000660176040
1.625599980354	-0.001189696137
1.627200007439	-0.001034032088
1.628799915314	-0.001123536029
1.630399942398	-0.001254256116
1.631999969482	-0.002000208246
1.633599996567	-0.001492176089
1.635199904442	-0.001587856095
1.636799931526	-0.001313472050
1.638399958611	-0.000968480075
1.639999985695	-0.001011056127
1.641600012779	-0.002276592189
1.643199920654	-0.000775328081
1.644799947739	-0.002805232303
1.646399974823	-0.002046016278
1.648000001907	-0.002469744300
1.649599909782	-0.002457168186
1.651199936867	-0.003051824169
1.652799963951	-0.001138720079
1.654399991035	-0.000864768110
1.655999898911	-0.002611664357
1.657599925995	-0.002281664172
1.659199953079	-0.002975744195
1.660799980164	-0.001747168135
1.662400007248	-0.001494320109
1.663999915123	-0.001374464133
1.665599942207	-0.000934272131
1.667199969292	-0.002538192319
1.668799996376	-0.002417248208
1.670399904251	-0.000981680118
1.671999931335	-0.001636112109
1.673599958420	-0.003098912304
1.675199985504	0.000248655997
1.676800012589	-0.000740784046
1.678399920464	-0.001002112054
1.679999947548	-0.001826976193
1.681599974632	-0.000916448073
1.683200001717	-0.002362848260
1.684799909592	-0.002092144219
1.686399936676	-0.000910352101
1.687999963760	-0.000953632116
1.689599990845	-0.002206688281
1.691199898720	-0.001168528106
1.692799925804	-0.001698944136
1.694399952888	-0.003736400278
1.695999979973	-0.001714176149
1.697600007057	-0.002480928320
1.699199914932	-0.003602256300
1.700799942017	-0.001097296015
1.702399969101	-0.001888528117
1.703999996185	-0.004087440204
1.705599904060	-0.002166080289
1.707199931145	-0.002200096147
1.708799958229	-0.002011840232
1.710399985313	-0.002207648242
1.712000012398	-0.001928032143
1.713599920273	-0.002100832062
1.715199947357	-0.002098480240
1.716799974442	-0.001523520099
1.718400001526	-0.001928704209
1.719999909401	-0.004514304455
1.721599936485	-0.001842784230
1.723199963570	-0.002442048164
1.724799990654	-0.001764240093
1.726399898529	-0.001991376281
1.727999925613	-0.000739152078
1.729599952698	-0.001244112034
1.731199979782	-0.001357360161
1.732800006866	-0.002848912263
1.734399914742	-0.001712400117
1.735999941826	-0.002092560288
1.737599968910	-0.002224848140
1.739199995995	-0.002198976232
1.740799903870	-0.002615344245
1.742399930954	-0.004548944533
1.743999958038	-0.003387264209
1.745599985123	-0.003062400268
1.747200012207	-0.001567376079
1.748799920082	-0.001874960144
1.750399947166	-0.002826880198
1.751999974251	-0.002525104210
1.753600001335	-0.002329120180
1.755199909210	-0.001463696128
1.756799936295	-0.002630976262
1.758399963379	-0.002577536274
1.759999990463	-0.001157312072
1.761599898338	-0.000958944089
1.763199925423	-0.004608928226
1.764799952507	-0.002578096231
1.766399979591	-0.001549552195
1.768000006676	-0.002947232220
1.769599914551	-0.000854608079
1.771199941635	-0.002259776229
1.772799968719	-0.002077440266
1.774399995804	-0.003520672210
1.775999903679	-0.001353568165
1.777599930763	-0.001353472122
1.779199957848	-0.002216576133
1.780799984932	-0.003211312229
1.782400012016	-0.002832368249
1.783999919891	-0.002133440226
1.785599946976	-0.002558992244
1.787199974060	-0.000537664047
1.788800001144	-0.003332032356
1.790399909019	-0.002870128257
1.791999936104	-0.002508032136
1.793599963188	-0.002350224182
1.795199990273	-0.002939968137
1.796799898148	-0.003498688340
1.798399925232	-0.001808752189
1.799999952316	-0.003348400351
1.801599979401	-0.002262448194
1.803200006485	-0.000517568085
1.804799914360	-0.002147104125
1.806399941444	-0.003718496300
1.807999968529	-0.000852944097
1.809599995613	-0.003196448321
1.811199903488	-0.001323168166
1.812799930573	-0.002445776248
1.814399957657	-0.003611632390
1.815999984741	-0.002234432148
1.817600011826	-0.002807168290
1.819199919701	-0.001979648136
1.820799946785	-0.001830688212
1.822399973869	-0.002533040242
1.824000000954	-0.001401120098
1.825599908829	-0.002343472326
1.827199935913	-0.002446688246
1.828799962997	-0.001624832163
1.830399990082	-0.002239776310
1.831999897957	-0.002667504363
1.833599925041	-0.001865600119
1.835199952126	-0.002495536115
1.836799979210	-0.002144896192
1.838400006294	-0.002151568187
1.839999914169	-0.003290912369
1.841599941254	-0.002581728157
1.843199968338	-0.002222688170
1.844799995422	-0.003346592421
1.846399903297	-0.002850992372
1.847999930382	-0.001835056115
1.849599957466	-0.003329472383
1.851199984550	-0.002714816248
1.852800011635	-0.000480240007
1.854399919510	-0.002134192036
1.855999946594	-0.002037872095
1.857599973679	-0.001744064153
1.859200000763	-0.002945840126
1.860799908638	-0.000653632043
1.862399935722	-0.000839104061
1.863999962807	-0.002056288067
1.865599989891	-0.003692752449
1.867199897766	-0.002941776300
1.868799924850	-0.001913680229
1.870399951935	-0.001534928102
1.871999979019	-0.003195008263
1.873600006104	-0.002618496073
1.875199913979	-0.003361408133
1.876799941063	-0.003026464256
1.878399968147	-0.001900784206
1.879999995232	-0.003130704165
1.881599903107	-0.003425296163
1.883199930191	-0.001232096110
1.884799957275	-0.002600336215
1.886399984360	-0.001712464145
1.888000011444	-0.000244303956
1.889599919319	-0.000361968065
1.891199946404	-0.001912064152
1.892799973488	-0.002354912227
1.894400000572	-0.002384896157
1.895999908447	-0.003176656319
1.897599935532	-0.003248400288
1.899199962616	-0.001675616135
1.900799989700	-0.002683472121
1.902399897575	-0.003595600370
1.903999924660	-0.003142400179
1.905599951744	-0.002164384117
1.907199978828	-0.002084304113
1.908800005913	-0.002910160227
1.910399913788	-0.001766496105
1.911999940872	-0.003927488346
1.913599967957	-0.002310592216
1.915199995041	-0.004443872254
1.916799902916	-0.002166560153
1.918399930000	-0.001756944112
1.919999957085	-0.004095296375
1.921599984169	-0.002977248281
1.923199892044	-0.001066784142
1.924799919128	-0.002575392136
1.926399946213	-0.002185648307
1.927999973297	-0.003431680379
1.929600000381	-0.001915824134
1.931199908257	-0.002028528135
1.932799935341	-0.002526176162
1.934399962425	-0.002885088325
1.935999989510	-0.002525536111
1.937599897385	-0.001673920196
1.939199924469	-0.002453072229
1.940799951553	-0.002767168218
1.942399978638	-0.002100112149
1.944000005722	-0.003545216285
1.945599913597	-0.002991072368
1.947199940681	-0.002582208253
1.948799967766	-0.003687744262
1.950399994850	-0.003561648307
1.951999902725	-0.003794384189
1.953599929810	-0.001965344185
1.955199956894	-0.001946016098
1.956799983978	-0.002178544179
1.958399891853	-0.005199008621
1.959999918938	-0.004244176205
1.961599946022	-0.004387952387
1.963199973106	-0.001969568199
1.964800000191	-0.001691744081
1.966399908066	-0.003825424239
1.967999935150	-0.003686320269
1.969599962234	-0.000766432087
1.971199989319	-0.002628304297
1.972799897194	-0.003133856226
1.974399924278	-0.001984512201
1.975999951363	-0.005246224348
1.977599978447	-0.001896432135
1.979200005531	-0.001827024156
1.980799913406	-0.003936288413
1.982399940491	-0.002936128294
1.983999967575	-0.002900896128
1.985599994659	-0.002760816365
1.987199902534	-0.003505712375
1.988799929619	-0.002157952171
1.990399956703	-0.003583424259
1.991999983788	-0.003867504420
1.993599891663	-0.001921968185
1.995199918747	-0.001995632192
1.996799945831	-0.004851344507
1.998399972916	-0.004519296344
2.000000000000	-0.001679152134
2.001600027084	-0.003579360433
2.003200054169	-0.003698096378
2.004799842834	-0.003257648321
2.006399869919	-0.003380416194
2.007999897003	-0.002685152227
2.009599924088	-0.001717264182
2.011199951172	-0.002463616198
2.012799978256	-0.002837632317
2.014400005341	-0.003986480180
2.016000032425	-0.003940064460
2.017600059509	-0.004056928214
2.019199848175	-0.002410512185
2.020799875259	-0.001723856083
2.022399902344	-0.003296832321
2.023999929428	-0.001648272155
2.025599956512	-0.002310432261
2.027199983597	-0.003977824468
2.028800010681	-0.001877392177
2.030400037766	-0.002318720100
2.032000064850	-0.003521840321
2.033599853516	-0.002943024272
2.035199880600	-0.002921856241
2.036799907684	-0.003862384241
2.038399934769	-0.002890336327
2.039999961853	-0.003038912313
2.041599988937	-0.002433344256
2.043200016022	-0.003492432181
2.044800043106	-0.001363008167
2.046399831772	-0.002555424115
2.047999858856	-0.003261520294
2.049599885941	-0.003585136263
2.051199913025	-0.002401888138
2.052799940109	-0.001787232119
2.054399967194	-0.003127952339
2.055999994278	-0.000685152074
2.057600021362	-0.003510192269
2.059200048447	-0.002658112207
2.060799837112	-0.001554192160
2.062399864197	-0.002448992338
2.063999891281	-0.003075056244
2.065599918365	-0.002156256232
2.067199945450	-0.003147024196
2.068799972534	-0.002266416326
2.070399999619	-0.002239680151
2.072000026703	-0.002037600148
2.073600053787	-0.003180192318
2.075199842453	-0.002982960315
2.076799869537	-0.002454912290
2.078399896622	-0.002677008277
2.079999923706	-0.002102880273
2.081599950790	-0.003300688230
2.083199977875	-0.003699296387
2.084800004959	-0.003523616353
2.086400032043	-0.003504512366
2.088000059128	-0.002045824192
2.089599847794	-0.004184816498
2.091199874878	-0.003752672346
2.092799901962	-0.002818384208
2.094399929047	-0.003719936358
2.095999956131	-0.002292624209
2.097599983215	-0.002595520345
2.099200010300	-0.004974944517
2.100800037384	-0.000488928054
2.102400064468	-0.002571968362
2.103999853134	-0.004766880535
2.105599880219	-0.002372736111
2.107199907303	-0.000294464058
2.108799934387	-0.003077744273
2.110399961472	-0.003814496333
2.111999988556	-0.004583728500
2.113600015640	-0.004071968142
2.115200042725	-0.003862560261
2.116799831390	-0.003036544193
2.118399858475	-0.003797008423
2.119999885559	-0.002900944091
2.121599912643	-0.002845600247
2.123199939728	-0.001197520061
2.124799966812	-0.003013168229
2.126399993896	-0.001426304108
2.128000020981	-0.003849760396
2.129600048065	-0.003504688386
2.131199836731	-0.002813712228
2.132799863815	-0.002964400221
2.134399890900	-0.002939600265
2.135999917984	-0.004381664563
2.137599945068	-0.003147504292
2.139199972153	-0.002528208308
2.140799999237	-0.002630720148
2.142400026321	-0.003442368237
2.144000053406	-0.002622880274
2.145599842072	-0.003782576416
2.147199869156	-0.003217152320
2.148799896240	-0.005258016288
2.150399923325	-0.003642272437
2.151999950409	-0.003511232324
2.153599977493	-0.005257648416
2.155200004578	-0.003546896158
2.156800031662	-0.001595952199
2.158400058746	-0.003503488377
2.159999847412	-0.003565456253
2.161599874496	-0.002174512250
2.163199901581	-0.004631440155
2.164799928665	-0.002319728257
2.166399955750	-0.001825088053
2.167999982834	-0.002272544196
2.169600009918	-0.003994240426
2.171200037003	-0.004881408531
2.172800064087	-0.002885456197
2.174399852753	-0.003419664223
2.175999879837	-0.003166128183
2.177599906921	-0.002493200125
2.179199934006	-0.004260192160
2.180799961090	-0.002909552306
2.182399988174	-0.002014304278
2.184000015259	-0.003220448270
2.185600042343	-0.002847216325
2.187199831009	-0.001476736157
2.188799858093	-0.003984512296
2.190399885178	-0.003544064239
2.191999912262	-0.002042576205
2.193599939346	-0.003585776314
2.195199966431	-0.004321312532
2.196799993515	-0.001309920102
2.198400020599	-0.004264192190
2.200000047684	-0.003067968180
2.201599836349	-0.002864768263
2.203199863434	-0.005451728590
2.204799890518	-0.003704368370
2.206399917603	-0.004280368332
2.207999944687	-0.002627712209
2.209599971771	-0.003304016311
2.211199998856	-0.003558288328
2.212800025940	-0.003646352328
2.214400053024	-0.005151696503
2.215999841690	-0.004547120538
2.217599868774	-0.002582832240
2.219199895859	-0.003202144289
2.220799922943	-0.003807008266
2.222399950027	-0.003604960395
2.223999977112	-0.004285072442
2.225600004196	-0.003112960141
2.227200031281	-0.002772272332
2.228800058365	-0.003142672358
2.230399847031	-0.003277760232
2.231999874115	-0.004095264245
2.233599901199	-0.004233808257
2.235199928284	-0.003564160317
2.236799955368	-0.004459216259
2.238399982452	-0.001421712106
2.240000009537	-0.003721568268
2.241600036621	-0.003381888382
2.243199825287	-0.002665088279
2.244799852371	-0.005136208609
2.246399879456	-0.004707216285
2.247999906540	-0.003513856325
2.249599933624	-0.003744928399
2.251199960709	-0.004796704277
2.252799987793	-0.002466368256
2.254400014877	-0.004491920583
2.256000041962	-0.003837200347
2.257599830627	-0.003668192308
2.259199857712	-0.002995200222
2.260799884796	-0.004107664339
2.262399911880	-0.003277296200
2.263999938965	-0.002655536169
2.265599966049	-0.004696784541
2.267199993134	-0.002717200201
2.268800020218	-0.003862448270
2.270400047302	-0.004664528649
2.271999835968	-0.004242896102
2.273599863052	-0.003836704185
2.275199890137	-0.003377008252
2.276799917221	-0.003755744314
2.278399944305	-0.001694864128
2.279999971390	-0.002774544293
2.281599998474	-0.005506464280
2.283200025558	-0.004111664370
2.284800052643	-0.003783008317
2.286399841309	-0.002951632254
2.287999868393	-0.003505344270
2.289599895477	-0.003866672283
2.291199922562	-0.002907072194
2.292799949646	-0.003756448394
2.294399976730	-0.004844288342
2.296000003815	-0.004736080300
2.297600030899	-0.003851920366
2.299200057983	-0.003473776160
2.300799846649	-0.003272976261
2.302399873734	-0.004648816306
2.303999900818	-0.003669120371
2.305599927902	-0.004121232312
2.307199954987	-0.004031584598
2.308799982071	-0.004281296395
2.310400009155	-0.002356528305
2.312000036240	-0.002272464102
2.313599824905	-0.004114096519
2.315199851990	-0.002812016290
2.316799879074	-0.005296976306
2.318399906158	-0.002547840355
2.319999933243	-0.002986448351
2.321599960327	-0.004161408637
2.323199987411	-0.003763104323
2.324800014496	-0.003246480133
2.326400041580	-0.003643952310
2.327999830246	-0.003410112346
2.329599857330	-0.002329824260
2.331199884415	-0.003223616397
2.332799911499	-0.003118960187
2.334399938583	-0.003938352223
2.335999965668	-0.004209088627
2.337599992752	-0.004224640317
2.339200019836	-0.002265488263
2.340800046921	-0.003671504324
2.342399835587	-0.003437920241
2.343999862671	-0.003503024345
2.345599889755	-0.003338496201
2.347199916840	-0.003476176178
2.348799943924	-0.003760064254
2.350399971008	-0.002479904098
2.351999998093	-0.003517840290
2.353600025177	-0.002075840253
2.355200052261	-0.003410976380
2.356799840927	-0.004090800416
2.358399868011	-0.004468608182
2.359999895096	-0.004351952113
2.361599922180	-0.003366272198
2.363199949265	-0.003291360335
2.364799976349	-0.003169824369
2.366400003433	-0.003858704353
2.368000030518	-0.004164848477
2.369600057602	-0.001872640220
2.371199846268	-0.003636848181
2.372799873352	-0.004793488421
2.374399900436	-0.003723392263
2.375999927521	-0.003778576385
2.377599954605	-0.003222576343
2.379199981689	-0.004756448325
2.380800008774	-0.003055248177
2.382400035858	-0.003467856208
2.383999824524	-0.004189024214
2.385599851608	-0.002726176288
2.387199878693	-0.002653008327
2.388799905777	-0.003933504224
2.390399932861	-0.003068000311
2.391999959946	-0.003158096224
2.393599987030	-0.003068352351
2.395200014114	-0.004108592402
2.396800041199	-0.004919168539
2.398399829865	-0.004148320295
2.399999856949	-0.002677920274
2.401599884033	-0.003160400316
2.403199911118	-0.005521456245
2.404799938202	-0.003823600244
2.406399965286	-0.004280208144
2.407999992371	-0.002846848220
2.409600019455	-0.003653280204
2.411200046539	-0.004572224338
2.412799835205	-0.003876256291
2.414399862289	-0.003361216281
2.415999889374	-0.003122608177
2.417599916458	-0.004544320516
2.419199943542	-0.004853072576
2.420799970627	-0.003384816227
2.422399997711	-0.003284080187
2.424000024796	-0.002778768307
2.425600051880	-0.003706080373
2.427199840546	-0.003504944267
2.428799867630	-0.005411648657
2.430399894714	-0.004044768400
2.431999921799	-0.003407872282
2.433599948883	-0.003944688477
2.435199975967	-0.004562608432
2.436800003052	-0.004865728319
2.438400030136	-0.003511360381
2.440000057220	-0.003513264237
2.441599845886	-0.004820592236
2.443199872971	-0.003547152271
2.444799900055	-0.004251008388
2.446399927139	-0.004112640396
2.447999954224	-0.003370592138
2.449599981308	-0.004324160516
2.451200008392	-0.004256464541
2.452800035477	-0.003526896238
2.454399824142	-0.003120112233
2.455999851227	-0.002875744132
2.457599878311	-0.003166560316
2.459199905396	-0.003964768257
2.460799932480	-0.004942848347
2.462399959564	-0.002717888216
2.463999986649	-0.004001760390
2.465600013733	-0.003920960240
2.467200040817	-0.004330480471
2.468799829483	-0.003986032214
2.470399856567	-0.003774848301
2.471999883652	-0.004431616515
2.473599910736	-0.003111456288
2.475199937820	-0.003334592329
2.476799964905	-0.004114064388
2.478399991989	-0.004578032531
2.480000019073	-0.005553312600
2.481600046158	-0.005115664564
2.483199834824	-0.004224624485
2.484799861908	-0.004570032470
2.486399888992	-0.003784128465
2.487999916077	-0.005147712305
2.489599943161	-0.004860688467
2.491199970245	-0.004948432557
2.492799997330	-0.005153280217
2.494400024414	-0.003038576338
2.496000051498	-0.004518496338
2.497599840164	-0.005817552563
2.499199867249	-0.003804896260
2.500799894333	-0.004950176459
2.502399921417	-0.004500720650
2.503999948502	-0.005529296584
2.505599975586	-0.003588928375
2.507200002670	-0.003320688382
2.508800029755	-0.002942832187
2.510399818420	-0.004671312403
2.511999845505	-0.003593456233
2.513599872589	-0.003479568288
2.515199899673	-0.003526448272
2.516799926758	-0.003685280215
2.518399953842	-0.005335712340
2.519999980927	-0.005140320398
2.521600008011	-0.002511568135
2.523200035095	-0.002954000141
2.524799823761	-0.005048528314
2.526399850845	-0.002839808352
2.527999877930	-0.004673008341
2.529599905014	-0.001873840112
2.531199932098	-0.004021536559
2.532799959183	-0.003667488229
2.534399986267	-0.004650864284
2.536000013351	-0.003671104321
2.537600040436	-0.004976912402
2.539199829102	-0.005738720298
2.540799856186	-0.004335792270
2.542399883270	-0.004868288524
2.543999910355	-0.003257680219
2.545599937439	-0.005251792260
2.547199964523	-0.004832816310
2.548799991608	-0.004334336612
2.550400018692	-0.002915392164
2.552000045776	-0.002469920320
2.553599834442	-0.005144160707
2.555199861526	-0.003984256182
2.556799888611	-0.005072384607
2.558399915695	-0.003292624373
2.559999942780	-0.002439648146
2.561599969864	-0.002842720132
2.563199996948	-0.004581776448
2.564800024033	-0.003522608196
2.566400051117	-0.001418400090
2.567999839783	-0.005259328522
2.569599866867	-0.004398560151
2.571199893951	-0.004480528180
2.572799921036	-0.004522368312
2.574399948120	-0.001403440139
2.575999975204	-0.004657936282
2.577600002289	-0.002723728307
2.579200029373	-0.003433328355
2.580799818039	-0.003628944280
2.582399845123	-0.002428848296
2.583999872208	-0.005860368721
2.585599899292	-0.006336560473
2.587199926376	-0.002884784248
2.588799953461	-0.004105968401
2.590399980545	-0.003725440241
2.592000007629	-0.004126768094
2.593600034714	-0.004556752276
2.595199823380	-0.002973888302
2.596799850464	-0.005869040266
2.598399877548	-0.003174896352
2.599999904633	-0.002296432154
2.601599931717	-0.005573200528
2.603199958801	-0.002439200180
2.604799985886	-0.003389760153
2.606400012970	-0.004670544527
2.608000040054	-0.004411488306
2.609599828720	-0.002802688163
2.611199855804	-0.005342032295
2.612799882889	-0.005300400313
2.614399909973	-0.004592704587
2.615999937057	-0.003513888223
2.617599964142	-0.002627200214
2.619199991226	-0.003344080178
2.620800018311	-0.003532720264
2.622400045395	-0.004411136266
2.623999834061	-0.003137120279
2.625599861145	-0.003955616150
2.627199888229	-0.004148560110
2.628799915314	-0.004917360377
2.630399942398	-0.004394624382
2.631999969482	-0.003620064352
2.633599996567	-0.002861568239
2.635200023651	-0.004391200375
2.636800050735	-0.004353056196
2.638399839401	-0.003120352281
2.639999866486	-0.002584176371
2.641599893570	-0.004433472175
2.643199920654	-0.003296128241
2.644799947739	-0.003326016245
2.646399974823	-0.004469680134
2.648000001907	-0.004546048585
2.649600028992	-0.002742368262
2.651199817657	-0.005197664257
2.652799844742	-0.005526944529
2.654399871826	-0.004653328564
2.655999898911	-0.003467840375
2.657599925995	-0.005739168730
2.659199953079	-0.004231392406
2.660799980164	-0.003797488287
2.662400007248	-0.005270528607
2.664000034332	-0.004269664176
2.665599822998	-0.004418528173
2.667199850082	-0.005402240437
2.668799877167	-0.001956192078
2.670399904251	-0.004167616367
2.671999931335	-0.005350672640
2.673599958420	-0.003705664305
2.675199985504	-0.004809008446
2.676800012589	-0.002484688303
2.678400039673	-0.003452256322
2.679999828339	-0.002765824320
2.681599855423	-0.004783200566
2.683199882507	-0.004859696608
2.684799909592	-0.002044624183
2.686399936676	-0.004936304409
2.687999963760	-0.006556592416
2.689599990845	-0.002834480256
2.691200017929	-0.004213504493
2.692800045013	-0.004685040563
2.694399833679	-0.003144304268
2.695999860764	-0.003295008326
2.697599887848	-0.004149008077
2.699199914932	-0.005494016688
2.700799942017	-0.004107824527
2.702399969101	-0.005655472632
2.703999996185	-0.004529136233
2.705600023270	-0.003365024226
2.707200050354	-0.005833472591
2.708799839020	-0.006675248500
2.710399866104	-0.004470400512
2.711999893188	-0.004354736302
2.713599920273	-0.003473152174
2.715199947357	-0.002552736318
2.716799974442	-0.004037760198
2.718400001526	-0.004352192394
2.720000028610	-0.003052880289
2.721599817276	-0.005523328669
2.723199844360	-0.006263376679
2.724799871445	-0.002421760233
2.726399898529	-0.004665856250
2.727999925613	-0.006411984563
2.729599952698	-0.003873728216
2.731199979782	-0.004021664150
2.732800006866	-0.005245632492
2.734400033951	-0.003352416214
2.735999822617	-0.003662336385
2.737599849701	-0.005393824540
2.739199876785	-0.004654544406
2.740799903870	-0.002361088293
2.742399930954	-0.004518368281
2.743999958038	-0.006462208461
2.745599985123	-0.004151760135
2.747200012207	-0.003597584320
2.748800039291	-0.006069872528
2.750399827957	-0.005057936534
2.751999855042	-0.005664512515
2.753599882126	-0.005170592573
2.755199909210	-0.006050656550
2.756799936295	-0.004355504178
2.758399963379	-0.004880480468
2.759999990463	-0.005392224528
2.761600017548	-0.004307664465
2.763200044632	-0.006603904534
2.764799833298	-0.004934384488
2.766399860382	-0.003927168436
2.767999887466	-0.004646240268
2.769599914551	-0.003562240163
2.771199941635	-0.005222848617
2.772799968719	-0.006342800334
2.774399995804	-0.003047648119
2.776000022888	-0.003667840268
2.777599811554	-0.005436160602
2.779199838638	-0.005261440296
2.780799865723	-0.005011488218
2.782399892807	-0.002737456234
2.783999919891	-0.004442608450
2.785599946976	-0.003680576338
2.787199974060	-0.004885792267
2.788800001144	-0.006610752549
2.790400028229	-0.004827280529
2.791999816895	-0.005219808314
2.793599843979	-0.005478016566
2.795199871063	-0.003131456207
2.796799898148	-0.005060544237
2.798399925232	-0.005375936627
2.799999952316	-0.003216368146
2.801599979401	-0.007637088653
2.803200006485	-0.005671344232
2.804800033569	-0.004212208558
2.806399822235	-0.003417120315
2.807999849319	-0.004673952237
2.809599876404	-0.003648736281
2.811199903488	-0.004066512454
2.812799930573	-0.004781136289
2.814399957657	-0.005231776275
2.815999984741	-0.005465888418
2.817600011826	-0.006343088578
2.819200038910	-0.006128496490
2.820799827576	-0.004596448503
2.822399854660	-0.005185504444
2.823999881744	-0.004341392312
2.825599908829	-0.003908048384
2.827199935913	-0.006161152385
2.828799962997	-0.004494720604
2.830399990082	-0.003465376329
2.832000017166	-0.005275744479
2.833600044250	-0.003922528122
2.835199832916	-0.004556304310
2.836799860001	-0.004967904184
2.838399887085	-0.003894816386
2.839999914169	-0.004067248199
2.841599941254	-0.005487856455
2.843199968338	-0.004620336462
2.844799995422	-0.005466960371
2.846400022507	-0.003517984180
2.847999811172	-0.005178224295
2.849599838257	-0.004235040396
2.851199865341	-0.003916272428
2.852799892426	-0.003933744505
2.854399919510	-0.004597184248
2.855999946594	-0.003354128217
2.857599973679	-0.006373008713
2.859200000763	-0.005707488395
2.860800027847	-0.003847504267
2.862399816513	-0.006146704312
2.863999843597	-0.004246896133
2.865599870682	-0.004050832242
2.867199897766	-0.006531840656
2.868799924850	-0.003228656249
2.870399951935	-0.006084512454
2.871999979019	-0.004555008374
2.873600006104	-0.003903712379
2.875200033188	-0.002013568068
2.876799821854	-0.005072608590
2.878399848938	-0.005602064542
2.879999876022	-0.005722672679
2.881599903107	-0.003979456145
2.883199930191	-0.005763584282
2.884799957275	-0.005272464361
2.886399984360	-0.004651040304
2.888000011444	-0.004205360543
2.889600038528	-0.004425296560
2.891199827194	-0.004902528599
2.892799854279	-0.005762304645
2.894399881363	-0.003563056234
2.895999908447	-0.005049776286
2.897599935532	-0.005889984313
2.899199962616	-0.003496496240
2.900799989700	-0.006944928784
2.902400016785	-0.004582784139
2.904000043869	-0.003325200174
2.905599832535	-0.005484688561
2.907199859619	-0.005361936521
2.908799886703	-0.003924128599
2.910399913788	-0.003453584388
2.911999940872	-0.004565760493
2.913599967957	-0.003304672427
2.915199995041	-0.005535184406
2.916800022125	-0.004181328230
2.918399810791	-0.004925760441
2.919999837875	-0.004791328218
2.921599864960	-0.003959184512
2.923199892044	-0.003864752362
2.924799919128	-0.003839136334
2.926399946213	-0.005229296628
2.927999973297	-0.005705456249
2.929600000381	-0.001724176109
2.931200027466	-0.003837984288
2.932799816132	-0.007133328356
2.934399843216	-0.004975712392
2.935999870300	-0.005214608274
2.937599897385	-0.005207600538
2.939199924469	-0.003022464225
2.940799951553	-0.006674240343
2.942399978638	-0.004103040323
2.944000005722	-0.005314032547
2.945600032806	-0.005667232443
2.947199821472	-0.006008944474
2.948799848557	-0.004770384636
2.950399875641	-0.004429904278
2.951999902725	-0.006543872412
2.953599929810	-0.005856672302
2.955199956894	-0.004630528390
2.956799983978	-0.005156880245
2.958400011063	-0.004856128246
2.960000038147	-0.007406352554
2.961599826813	-0.006395632401
2.963199853897	-0.005012016278
2.964799880981	-0.004564992152
2.966399908066	-0.004621184431
2.967999935150	-0.005002224352
2.969599962234	-0.003974832129
2.971199989319	-0.004870048258
2.972800016403	-0.004561952315
2.974400043488	-0.004545808304
2.975999832153	-0.004770496394
2.977599859238	-0.004020672292
2.979199886322	-0.003314864356
2.980799913406	-0.004739600234
2.982399940491	-0.004851952195
2.983999967575	-0.003487216309
2.985599994659	-0.005051952321
2.987200021744	-0.005855216645
2.988799810410	-0.004936672281
2.990399837494	-0.005425712559
2.991999864578	-0.004901456647
2.993599891663	-0.005171552300
2.995199918747	-0.004008080345
2.996799945831	-0.006146944594
2.998399972916	-0.004829904530
3.000000000000	-0.003954992164
3.001600027084	-0.006302448455
3.003199815750	-0.005484848283
3.004799842834	-0.005279408302
3.006399869919	-0.006494592410
3.007999897003	-0.004521440249
3.009599924088	-0.004295488354
3.011199951172	-0.005684848409
3.012799978256	-0.004067008384
3.014400005341	-0.003427808406
3.016000032425	-0.007555424701
3.017599821091	-0.005019424483
3.019199848175	-0.004135520197
3.020799875259	-0.005383088719
3.022399902344	-0.005212128628
3.023999929428	-0.003224960295
3.025599956512	-0.004139520228
3.027199983597	-0.006249152590
3.028800010681	-0.004337888211
3.030400037766	-0.005190240219
3.031999826431	-0.004982112441
3.033599853516	-0.004242976196
3.035199880600	-0.004094096366
3.036799907684	-0.006771760527
3.038399934769	-0.003595600370
3.039999961853	-0.004703136627
3.041599988937	-0.005026560277
3.043200016022	-0.004857376218
3.044799804687	-0.004298608284
3.046399831772	-0.003922304139
3.047999858856	-0.005195200443
3.049599885941	-0.006435936317
3.051199913025	-0.005987776443
3.052799940109	-0.001905088197
3.054399967194	-0.004287232179
3.055999994278	-0.005702480674
3.057600021362	-0.005304464605
3.059199810028	-0.004700096324
3.060799837112	-0.004649296403
3.062399864197	-0.006655520294
3.063999891281	-0.006293424405
3.065599918365	-0.005947264377
3.067199945450	-0.005734176375
3.068799972534	-0.004264736548
3.070399999619	-0.005004656501
3.072000026703	-0.005248784553
3.073599815369	-0.004054416437
3.075199842453	-0.004088176414
3.076799869537	-0.004529648460
3.078399896622	-0.004591136239
3.079999923706	-0.006139760371
3.081599950790	-0.004660336301
3.083199977875	-0.003178944113
3.084800004959	-0.005458320491
3.086400032043	-0.007123760413
3.087999820709	-0.004499648232
3.089599847794	-0.005723952316
3.091199874878	-0.003131344216
3.092799901962	-0.004255056381
3.094399929047	-0.005109904334
3.095999956131	-0.004235744476
3.097599983215	-0.004985776264
3.099200010300	-0.003359824186
3.100800037384	-0.005800976418
3.102399826050	-0.004950672388
3.103999853134	-0.003992384300
3.105599880219	-0.004784640390
3.107199907303	-0.004732576199
3.108799934387	-0.002861136338
3.110399961472	-0.005818192381
3.111999988556	-0.003693552222
3.113600015640	-0.006272816565
3.115199804306	-0.004796096589
3.116799831390	-0.004968992434
3.118399858475	-0.004732640460
3.119999885559	-0.005777520593
3.121599912643	-0.005396048538
3.123199939728	-0.004990128335
3.124799966812	-0.004019760527
3.126399993896	-0.006357504521
3.128000020981	-0.004966144450
3.129599809647	-0.003917936236
3.131199836731	-0.004832128529
3.132799863815	-0.003816912416
3.134399890900	-0.005420384463
3.135999917984	-0.006682896521
3.137599945068	-0.003805424320
3.139199972153	-0.004056416452
3.140799999237	-0.004964896478
3.142400026321	-0.004990944639
3.143999814987	-0.006337248720
3.145599842072	-0.005661664531
3.147199869156	-0.006341536529
3.148799896240	-0.005615200382
3.150399923325	-0.006159040611
3.151999950409	-0.004653536249
3.153599977493	-0.003293136368
3.155200004578	-0.006392224692
3.156800031662	-0.004709088244
3.158399820328	-0.005141472444
3.159999847412	-0.005200320389
3.161599874496	-0.006318144500
3.163199901581	-0.004370512441
3.164799928665	-0.003782672342
3.166399955750	-0.004555888474
3.167999982834	-0.005135344341
3.169600009918	-0.003821120365
3.171200037003	-0.005964272656
3.172799825668	-0.004811968654
3.174399852753	-0.004961136263
3.175999879837	-0.004240384325
3.177599906921	-0.005716688465
3.179199934006	-0.006145920604
3.180799961090	-0.004739232361
3.182399988174	-0.004529360216
3.184000015259	-0.005381072406
3.185599803925	-0.005447184667
3.187199831009	-0.003638176247
3.188799858093	-0.006649168674
3.190399885178	-0.006118992344
3.191999912262	-0.006234352477
3.193599939346	-0.005176080391
3.195199966431	-0.004168272484
3.196799993515	-0.003414160339
3.198400020599	-0.005409168545
3.199999809265	-0.005604784470
3.201599836349	-0.004460416269
3.203199863434	-0.005518032704
3.204799890518	-0.005254864693
3.206399917603	-0.007158144377
3.207999944687	-0.004514064174
3.209599971771	-0.003552624257
3.211199998856	-0.004819568247
3.212800025940	-0.006214304361
3.214399814606	-0.005577808246
3.215999841690	-0.003822832368
3.217599868774	-0.005029200576
3.219199895859	-0.004477648530
3.220799922943	-0.005467584357
3.222399950027	-0.005025104620
3.223999977112	-0.005366944242
3.225600004196	-0.003592608264
3.227200031281	-0.006194432266
3.228799819946	-0.006371696480
3.230399847031	-0.004552064463
3.231999874115	-0.005779744592
3.233599901199	-0.004953600466
3.235199928284	-0.004450416192
3.236799955368	-0.003458736232
3.238399982452	-0.005023504607
3.240000009537	-0.004339584615
3.241600036621	-0.004526944365
3.243199825287	-0.004544336349
3.244799852371	-0.006100096740
3.246399879456	-0.006621920504
3.247999906540	-0.005310368259
3.249599933624	-0.004212096334
3.251199960709	-0.005962992553
3.252799987793	-0.005673424341
3.254400014877	-0.004694912583
3.255999803543	-0.004734512419
3.257599830627	-0.004490432329
3.259199857712	-0.005154528189
3.260799884796	-0.003828752320
3.262399911880	-0.005083376542
3.263999938965	-0.004982880317
3.265599966049	-0.005268272478
3.267199993134	-0.006844224408
3.268800020218	-0.005207216367
3.270399808884	-0.003330352250
3.271999835968	-0.006441552658
3.273599863052	-0.005590656307
3.275199890137	-0.005825744476
3.276799917221	-0.003433200298
3.278399944305	-0.004448064603
3.279999971390	-0.006515280344
3.281599998474	-0.004966224544
3.283200025558	-0.002243472263
3.284799814224	-0.005619120318
3.286399841309	-0.004467360210
3.287999868393	-0.005434192251
3.289599895477	-0.006040272303
3.291199922562	-0.002727040322
3.292799949646	-0.003696592292
3.294399976730	-0.003692352446
3.296000003815	-0.005744224414
3.297600030899	-0.006584144663
3.299199819565	-0.004575504456
3.300799846649	-0.003611232387
3.302399873734	-0.006250608712
3.303999900818	-0.005774304736
3.305599927902	-0.004043264315
3.307199954987	-0.004459616262
3.308799982071	-0.003441888141
3.310400009155	-0.006326880306
3.311999797821	-0.004101936240
3.313599824905	-0.005507616326
3.315199851990	-0.005561264232
3.316799879074	-0.007575856522
3.318399906158	-0.004780864343
3.319999933243	-0.005581744481
3.321599960327	-0.002230160171
3.323199987411	-0.005372400396
3.324800014496	-0.004582080524
3.326399803162	-0.005015456583
3.327999830246	-0.003831184236
3.329599857330	-0.003560480429
3.331199884415	-0.004954608623
3.332799911499	-0.004545728210
3.334399938583	-0.005764928181
3.335999965668	-0.005081856623
3.337599992752	-0.007341600489
3.339200019836	-0.006105440203
3.340799808502	-0.005288128275
3.342399835587	-0.005154832266
3.343999862671	-0.004220944364
3.345599889755	-0.006022288464
3.347199916840	-0.007509248797
3.348799943924	-0.004589648452
3.350399971008	-0.005667088553
3.351999998093	-0.006567680743
3.353600025177	-0.006944384426
3.355199813843	-0.004814160522
3.356799840927	-0.005248560570
3.358399868011	-0.005371744279
3.359999895096	-0.005441808607
3.361599922180	-0.006078208331
3.363199949265	-0.004610272590
3.364799976349	-0.004535376560
3.366400003433	-0.005160032306
3.368000030518	-0.003849104280
3.369599819183	-0.005740560591
3.371199846268	-0.005936912727
3.372799873352	-0.005880864337
3.374399900436	-0.005570256617
3.375999927521	-0.006116768345
3.377599954605	-0.005327408202
3.379199981689	-0.006302672438
3.380800008774	-0.005425760522
3.382399797440	-0.004226352554
3.383999824524	-0.003806656227
3.385599851608	-0.004817936569
3.387199878693	-0.005331296474
3.388799905777	-0.005007552449
3.390399932861	-0.005292704329
3.391999959946	-0.005665184464
3.393599987030	-0.005571440328
3.395200014114	-0.005176976323
3.396799802780	-0.005538416561
3.398399829865	-0.005969504360
3.399999856949	-0.003761888249
3.401599884033	-0.005002192222
3.403199911118	-0.005119840614
3.404799938202	-0.006720016710
3.406399965286	-0.003640128300
3.407999992371	-0.004396496341
3.409600019455	-0.006301216315
3.411199808121	-0.006348848343
3.412799835205	-0.004620048217
3.414399862289	-0.004336624406
3.415999889374	-0.007084032521
3.417599916458	-0.006132720504
3.419199943542	-0.004238192458
3.420799970627	-0.005076640286
3.422399997711	-0.004902144428
3.424000024796	-0.003329712199
3.425599813461	-0.005808240734
3.427199840546	-0.006579200737
3.428799867630	-0.005776832346
3.430399894714	-0.005003424361
3.431999921799	-0.005994464271
3.433599948883	-0.005808784626
3.435199975967	-0.004353168420
3.436800003052	-0.006611584686
3.438400030136	-0.004314128309
3.439999818802	-0.003396256361
3.441599845886	-0.007247616537
3.443199872971	-0.005672704428
3.444799900055	-0.006143248640
3.446399927139	-0.005639456678
3.447999954224	-0.004184256308
3.449599981308	-0.006526944693
3.451200008392	0.004672880284
