0.000000000000	0.014773185365
0.001599999960	0.013637760654
0.003199999919	0.014721969143
0.004799999762	0.014463089406
0.006399999838	0.013596513309
0.007999999449	0.014686481096
0.009599999525	0.013267313130
0.011199999601	0.013600689359
0.012799999677	0.013867185451
0.014399999753	0.014144849032
0.015999998897	0.012711920775
0.017599999905	0.013250225224
0.019199999049	0.012392576784
0.020800000057	0.013554384932
0.022399999201	0.011283056810
0.024000000209	0.012359073386
0.025599999353	0.011739169247
0.027199998498	0.012353905477
0.028799999505	0.010107489303
0.030399998650	0.012157552876
0.031999997795	0.012420369312
0.033599998802	0.011624961160
0.035199999809	0.011196064763
0.036800000817	0.011589600705
0.038399998099	0.010303536430
0.039999999106	0.012481104583
0.041600000113	0.011108673178
0.043199997395	0.011611425318
0.044799998403	0.010372448713
0.046399999410	0.010373792611
0.048000000417	0.013298848644
0.049599997699	0.010780529119
0.051199998707	0.009822577238
0.052799999714	0.011257888749
0.054399996996	0.011262369342
0.055999998003	0.009993473068
0.057599999011	0.009334656410
0.059200000018	0.010517872870
0.060799997300	0.009484512731
0.062399998307	0.010385056958
0.063999995589	0.010743040591
0.065600000322	0.008818816394
0.067199997604	0.011704113334
0.068799994886	0.011614897288
0.070399999619	0.009657808580
0.071999996901	0.008433824405
0.073600001633	0.008203584701
0.075199998915	0.009933840483
0.076799996197	0.009650880471
0.078400000930	0.009140401147
0.079999998212	0.009469969198
0.081599995494	0.011136016808
0.083200000226	0.009538737126
0.084799997509	0.009738161229
0.086399994791	0.008741952479
0.087999999523	0.011361072771
0.089599996805	0.007904192433
0.091199994087	0.009206417017
0.092799998820	0.009013888426
0.094399996102	0.007569792680
0.096000000834	0.008952160366
0.097599998116	0.009642320685
0.099199995399	0.009035936557
0.100800000131	0.009762224741
0.102399997413	0.007736272644
0.103999994695	0.009968528524
0.105599999428	0.009227217175
0.107199996710	0.007973249070
0.108799993992	0.009693793021
0.110399998724	0.010739056394
0.111999996006	0.009082160890
0.113600000739	0.009669233114
0.115199998021	0.009104369208
0.116799995303	0.007111840416
0.118400000036	0.009240144864
0.119999997318	0.009834928438
0.121599994600	0.008948480710
0.123199999332	0.007854752243
0.124799996614	0.009419936687
0.126399993896	0.009207297117
0.127999991179	0.010183297098
0.129600003362	0.009196192957
0.131200000644	0.010231376626
0.132799997926	0.008725200780
0.134399995208	0.007009056397
0.135999992490	0.009984416887
0.137599989772	0.009348512627
0.139200001955	0.008242593147
0.140799999237	0.009774944745
0.142399996519	0.008514512330
0.143999993801	0.008610032499
0.145599991083	0.008795424365
0.147200003266	0.008017664775
0.148800000548	0.008083920926
0.150399997830	0.009330352768
0.151999995112	0.007329584565
0.153599992394	0.009940208867
0.155199989676	0.008147936314
0.156800001860	0.007325504441
0.158399999142	0.010685441084
0.159999996424	0.007383776829
0.161599993706	0.007826160640
0.163199990988	0.009673505090
0.164800003171	0.006745600607
0.166400000453	0.010530225001
0.167999997735	0.007544512860
0.169599995017	0.008639616892
0.171199992299	0.007308928762
0.172799989581	0.008015968837
0.174400001764	0.008086736314
0.175999999046	0.008117136545
0.177599996328	0.006725200452
0.179199993610	0.006797872484
0.180799990892	0.008454192430
0.182399988174	0.008013264276
0.184000000358	0.006345200352
0.185599997640	0.007543360814
0.187199994922	0.008215840906
0.188799992204	0.006638560444
0.190399989486	0.007430304773
0.192000001669	0.006006416399
0.193599998951	0.007133792620
0.195199996233	0.008500608616
0.196799993515	0.007819056511
0.198399990797	0.007623216603
0.199999988079	0.007326816674
0.201600000262	0.006879776716
0.203199997544	0.008078768849
0.204799994826	0.005653920583
0.206399992108	0.007162864786
0.207999989390	0.006244864315
0.209600001574	0.006213680375
0.211199998856	0.005496704485
0.212799996138	0.006604560651
0.214399993420	0.006414832547
0.215999990702	0.009648080915
0.217599987984	0.006133344490
0.219200000167	0.006575344596
0.220799997449	0.005023072474
0.222399994731	0.006922752596
0.223999992013	0.006304624490
0.225599989295	0.007279424462
0.227200001478	0.008126208559
0.228799998760	0.006416784599
0.230399996042	0.006547648460
0.231999993324	0.007669328712
0.233599990606	0.005902352277
0.235199987888	0.006607920397
0.236800000072	0.006756400689
0.238399997354	0.005197072402
0.239999994636	0.007708128542
0.241599991918	0.005961936433
0.243199989200	0.005613072310
0.244799986482	0.007128112484
0.246399998665	0.006048064679
0.247999995947	0.006961472798
0.249599993229	0.006735136732
0.251199990511	0.006426784676
0.252799987793	0.006358432584
0.254399985075	0.005499680527
0.255999982357	0.006741312798
0.257599979639	0.006354688667
0.259200006723	0.005932528526
0.260800004005	0.006924640387
0.262400001287	0.007474512793
0.263999998569	0.007382240612
0.265599995852	0.006782736629
0.267199993134	0.006042304449
0.268799990416	0.004946576431
0.270399987698	0.005251744296
0.271999984980	0.006522576325
0.273599982262	0.005818208680
0.275199979544	0.008024401031
0.276800006628	0.007090224419
0.278400003910	0.004547824152
0.280000001192	0.005382768344
0.281599998474	0.005285536405
0.283199995756	0.005339968484
0.284799993038	0.007431152742
0.286399990320	0.006673952565
0.287999987602	0.005363904405
0.289599984884	0.005199440289
0.291199982166	0.006742416415
0.292799979448	0.005573328584
0.294400006533	0.006279632449
0.296000003815	0.004815568216
0.297600001097	0.005030672532
0.299199998379	0.005677952431
0.300799995661	0.006330288481
0.302399992943	0.005714864470
0.303999990225	0.005230496638
0.305599987507	0.005531376228
0.307199984789	0.005037568510
0.308799982071	0.005480512511
0.310399979353	0.005147376563
0.312000006437	0.004844624549
0.313600003719	0.005243136548
0.315200001001	0.006514304318
0.316799998283	0.005120544229
0.318399995565	0.004402944352
0.319999992847	0.004799088463
0.321599990129	0.005481712520
0.323199987411	0.005647392478
0.324799984694	0.003996672109
0.326399981976	0.005868016277
0.327999979258	0.006895760540
0.329600006342	0.004644144326
0.331200003624	0.005264384206
0.332800000906	0.004615248181
0.334399998188	0.006216192618
0.335999995470	0.005793136545
0.337599992752	0.003224768210
0.339199990034	0.005176560488
0.340799987316	0.003981296439
0.342399984598	0.004869312514
0.343999981880	0.005133328494
0.345599979162	0.005924560595
0.347199976444	0.003991920501
0.348800003529	0.005063312594
0.350400000811	0.005059936550
0.351999998093	0.005617520306
0.353599995375	0.004775072448
0.355199992657	0.005443664268
0.356799989939	0.003713280195
0.358399987221	0.004595936276
0.359999984503	0.005254800431
0.361599981785	0.005617504474
0.363199979067	0.005328192376
0.364799976349	0.006014672574
0.366400003433	0.005468192510
0.368000000715	0.003838864388
0.369599997997	0.003855632385
0.371199995279	0.004388256464
0.372799992561	0.004309440497
0.374399989843	0.004196832422
0.375999987125	0.004744512495
0.377599984407	0.004186560400
0.379199981689	0.005538944621
0.380799978971	0.005154816434
0.382399976254	0.003093232168
0.384000003338	0.004911552183
0.385600000620	0.003637808375
0.387199997902	0.005162816495
0.388799995184	0.004791696556
0.390399992466	0.004372096155
0.391999989748	0.005084208213
0.393599987030	0.005956416484
0.395199984312	0.004588624462
0.396799981594	0.004677056335
0.398399978876	0.004856512416
0.399999976158	0.005123184528
0.401600003242	0.004376800265
0.403200000525	0.004822912626
0.404799997807	0.005896112416
0.406399995089	0.003210432362
0.407999992371	0.003468544222
0.409599989653	0.004904816393
0.411199986935	0.004646432586
0.412799984217	0.004805408418
0.414399981499	0.004187248182
0.415999978781	0.005281232297
0.417599976063	0.004650768358
0.419200003147	0.004526096396
0.420800000429	0.004848864395
0.422399997711	0.003475040197
0.423999994993	0.006354960613
0.425599992275	0.003490096191
0.427199989557	0.005149072502
0.428799986839	0.004262080416
0.430399984121	0.004919024184
0.431999981403	0.003408320248
0.433599978685	0.005115680397
0.435199975967	0.004042256158
0.436800003052	0.004318048246
0.438400000334	0.002841968089
0.439999997616	0.003640288254
0.441599994898	0.003203344299
0.443199992180	0.003166688140
0.444799989462	0.003534352174
0.446399986744	0.004437552299
0.447999984026	0.004069552291
0.449599981308	0.004444560502
0.451199978590	0.003429408418
0.452799975872	0.003111776197
0.454400002956	0.003620288335
0.456000000238	0.004230192397
0.457599997520	0.003400512272
0.459199994802	0.004831168335
0.460799992085	0.003400448244
0.462399989367	0.004273312166
0.463999986649	0.004575248342
0.465599983931	0.003546464257
0.467199981213	0.003946768586
0.468799978495	0.005287696607
0.470399975777	0.004571952391
0.472000002861	0.002874208381
0.473600000143	0.004488896579
0.475199997425	0.005299184471
0.476799994707	0.004151920322
0.478399991989	0.003827840323
0.479999989271	0.003832000308
0.481599986553	0.003592208261
0.483199983835	0.004495136440
0.484799981117	0.004765888210
0.486399978399	0.001317440066
0.487999975681	0.003368560225
0.489599972963	0.003205568297
0.491200000048	0.003402816365
0.492799997330	0.002689040266
0.494399994612	0.003825312247
0.495999991894	0.003531120252
0.497599989176	0.003206576221
0.499199986458	0.003134320257
0.500800013542	0.003533680225
0.502399981022	0.004255248234
0.504000008106	0.003577024210
0.505599975586	0.003062720178
0.507200002670	0.003349504201
0.508799970150	0.003875696333
0.510399997234	0.004046016373
0.511999964714	0.003455088241
0.513599991798	0.003128688317
0.515199959278	0.003318928182
0.516799986362	0.002822576091
0.518400013447	0.003461424261
0.519999980927	0.002899664221
0.521600008011	0.001986048184
0.523199975491	0.003583136247
0.524800002575	0.003322448116
0.526399970055	0.003294352209
0.527999997139	0.002249248326
0.529599964619	0.003547552275
0.531199991703	0.003073776374
0.532799959183	0.002695760224
0.534399986267	0.004002336413
0.536000013351	0.003579872195
0.537599980831	0.002555328188
0.539200007915	0.002416864270
0.540799975395	0.002415392315
0.542400002480	0.003388016252
0.543999969959	0.003669232363
0.545599997044	0.003266752232
0.547199964523	0.002830656245
0.548799991608	0.002493184060
0.550399959087	0.003460784210
0.551999986172	0.002343344269
0.553600013256	0.004808544647
0.555199980736	0.001984832110
0.556800007820	0.002953424118
0.558399975300	0.002964320360
0.560000002384	0.002892480232
0.561599969864	0.002923376160
0.563199996948	0.003758304287
0.564799964428	0.002639632206
0.566399991512	0.004355680197
0.567999958992	0.002114128089
0.569599986076	0.003958880436
0.571200013161	0.003039440140
0.572799980640	0.003903504228
0.574400007725	0.002332240110
0.575999975204	0.002539792098
0.577600002289	0.001076752087
0.579199969769	0.004327040166
0.580799996853	0.002319568070
0.582399964333	0.002112752292
0.583999991417	0.002607216127
0.585599958897	0.002552400110
0.587199985981	0.002573696198
0.588800013065	0.003553776303
0.590399980545	0.002605280140
0.592000007629	0.003324032295
0.593599975109	0.002590272110
0.595200002193	0.004299088381
0.596799969673	0.002227504039
0.598399996758	0.002259744098
0.599999964237	0.002583088120
0.601599991322	0.002228800207
0.603199958801	0.004405696411
0.604799985886	0.002352720127
0.606400012970	0.003604416270
0.607999980450	0.002767408267
0.609600007534	0.001566640101
0.611199975014	0.003261072095
0.612800002098	0.003648992395
0.614399969578	0.000916784105
0.615999996662	0.001682976144
0.617599964142	0.002016624203
0.619199991226	0.003113504266
0.620799958706	0.003581280354
0.622399985790	0.003455728292
0.624000012875	0.003082832322
0.625599980354	0.003082080279
0.627200007439	0.003864736296
0.628799974918	0.003617952345
0.630400002003	0.001615648158
0.631999969482	0.002251488157
0.633599996567	0.002849456156
0.635199964046	0.002370288130
0.636799991131	0.002869552234
0.638399958611	0.002361056162
0.639999985695	0.001889952109
0.641600012779	0.002677456243
0.643199980259	0.002694528317
0.644800007343	0.002952192212
0.646399974823	0.001291152090
0.648000001907	0.002328336239
0.649599969387	0.002135488205
0.651199996471	0.003180416301
0.652799963951	0.003535104217
0.654399991035	0.002909232164
0.655999958515	0.001938096131
0.657599985600	0.003721776186
0.659200012684	0.002203648211
0.660799980164	0.001946048229
0.662400007248	0.002250080230
0.663999974728	0.002556688152
0.665600001812	0.000636480050
0.667199969292	0.000585488044
0.668799996376	0.003326560371
0.670399963856	0.002284400165
0.671999990940	0.002289184136
0.673599958420	0.002132608090
0.675199985504	0.001710528159
0.676800012589	0.004056096543
0.678399980068	0.002233008156
0.680000007153	0.002264128067
0.681599974632	0.002591888187
0.683200001717	0.002715120325
0.684799969196	0.002462512115
0.686399996281	0.002530880272
0.687999963760	0.003241024213
0.689599990845	0.002890416188
0.691199958324	0.003633840242
0.692799985409	0.002305536298
0.694399952888	0.002693776274
0.695999979973	0.003547216300
0.697600007057	0.002250992227
0.699199974537	0.002382144099
0.700800001621	0.003515184391
0.702399969101	0.002930432325
0.703999996185	0.002435408067
0.705599963665	0.002904848196
0.707199990749	0.002262816066
0.708799958229	0.002255520085
0.710399985313	0.002180608222
0.711999952793	0.002820896218
0.713599979877	0.003340800293
0.715200006962	0.002364912303
0.716799974442	0.000659312063
0.718400001526	0.002233392093
0.719999969006	0.000235279978
0.721599996090	0.003365792334
0.723199963570	0.001749488059
0.724799990654	0.002305200091
0.726399958134	0.001484192209
0.727999985218	0.002335936064
0.729599952698	0.001127712079
0.731199979782	0.002165632090
0.732800006866	0.000337695994
0.734399974346	0.001747728209
0.736000001431	0.002334000077
0.737599968910	0.001524832100
0.739199995995	0.001194448094
0.740799963474	0.001619472052
0.742399990559	0.002681936137
0.743999958038	0.002516336273
0.745599985123	0.002283280250
0.747199952602	0.002162032295
0.748799979687	0.002099440200
0.750400006771	0.000277472020
0.751999974251	0.001797840116
0.753600001335	0.001869392116
0.755199968815	0.001470208168
0.756799995899	0.002716256306
0.758399963379	0.001158224070
0.759999990463	0.001843472128
0.761599957943	0.002673648298
0.763199985027	0.001909520128
0.764799952507	0.002153296256
0.766399979591	0.001107680146
0.768000006676	0.001805376145
0.769599974155	0.001433168189
0.771200001240	0.002712816233
0.772799968719	0.001607296173
0.774399995804	0.001450192183
0.775999963284	0.002325216075
0.777599990368	0.000638303987
0.779199957848	0.001534992130
0.780799984932	0.002920880215
0.782399952412	0.000168064027
0.783999979496	0.002256000182
0.785600006580	0.000749728060
0.787199974060	0.000169280029
0.788800001144	0.001315648085
0.790399968624	0.001452688128
0.791999995708	0.001637616078
0.793599963188	0.001121888054
0.795199990273	0.002622576198
0.796799957752	0.001713584177
0.798399984837	0.001683760085
0.799999952316	0.002138272161
0.801599979401	0.001414832077
0.803200006485	0.003046352183
0.804799973965	0.000147439991
0.806400001049	0.003302048193
0.807999968529	0.000696272007
0.809599995613	0.001920144190
0.811199963093	0.001767312177
0.812799990177	0.001517904107
0.814399957657	0.001749392133
0.815999984741	0.001630672137
0.817599952221	0.002578496234
0.819199979305	0.002346912166
0.820800006390	0.000972416077
0.822399973869	0.002648848109
0.824000000954	0.001091760118
0.825599968433	0.001527200104
0.827199995518	0.000129184016
0.828799962997	0.002256288193
0.830399990082	0.001488576178
0.831999957561	0.001279888093
0.833599984646	0.002911184216
0.835199952126	0.000896368059
0.836799979210	0.000088448011
0.838400006294	-0.000094480041
0.839999973774	0.001763040083
0.841600000858	-0.000304463989
0.843199968338	0.000746624079
0.844799995422	0.000622576044
0.846399962902	0.001212816103
0.847999989986	-0.000375056028
0.849599957466	0.000907696085
0.851199984550	0.001086576143
0.852799952030	0.000283967995
0.854399979115	0.001431856188
0.856000006199	0.000043951979
0.857599973679	0.000705440005
0.859200000763	0.001718192128
0.860799968243	0.000781984068
0.862399995327	0.002911280142
0.863999962807	0.000449168059
0.865599989891	0.001205376117
0.867199957371	0.001556176110
0.868799984455	0.000762576063
0.870399951935	0.001651456114
0.871999979019	0.002309312113
0.873600006104	0.002091152128
0.875199973583	0.001477904036
0.876800000668	0.000874672027
0.878399968147	0.000649008085
0.879999995232	0.000729232037
0.881599962711	0.000516880013
0.883199989796	0.001180080115
0.884799957275	0.001445024158
0.886399984360	0.001801696140
0.887999951839	0.000357216020
0.889599978924	0.001087984070
0.891200006008	0.001647888101
0.892799973488	0.000628752052
0.894400000572	0.002085088287
0.895999968052	0.000256064028
0.897599995136	0.000935568125
0.899199962616	0.000095935990
0.900799989700	0.001494832104
0.902399957180	0.001593360095
0.903999984264	0.001189600094
0.905599951744	0.002659360180
0.907199978828	0.000594224024
0.908800005913	0.001554864109
0.910399973392	0.000621872023
0.912000000477	0.000213488005
0.913599967957	0.001573072164
0.915199995041	0.000402016012
0.916799962521	0.001910704188
0.918399989605	0.000973344082
0.919999957085	0.001822576160
0.921599984169	0.000810336089
0.923199951649	0.001598928124
0.924799978733	-0.000131568013
0.926400005817	0.000080751990
0.927999973297	0.000734144007
0.929600000381	0.001314752037
0.931199967861	0.001269328059
0.932799994946	-0.000035807985
0.934399962425	0.001543920138
0.935999989510	0.001594928093
0.937599956989	0.000140208023
0.939199984074	0.001621648087
0.940799951553	0.001253856113
0.942399978638	0.000532192003
0.944000005722	0.001181488042
0.945599973202	0.000793776067
0.947200000286	0.000926608103
0.948799967766	0.000890544034
0.950399994850	0.001497984049
0.951999962330	0.000964000064
0.953599989414	0.000941104139
0.955199956894	0.002340784296
0.956799983978	-0.000237904038
0.958399951458	0.000871632074
0.959999978542	-0.000263424008
0.961599946022	0.001106736017
0.963199973106	0.000468512037
0.964800000191	0.000735696056
0.966399967670	0.002548512304
0.967999994755	0.000463872042
0.969599962234	0.000329264032
0.971199989319	0.000094047988
0.972799956799	0.000629344082
0.974399983883	0.000866896124
0.975999951363	-0.000293616060
0.977599978447	0.000109935980
0.979199945927	0.001142400084
0.980799973011	-0.000743248034
0.982400000095	0.000755824032
0.983999967575	0.000754256034
0.985599994659	0.000221920040
0.987199962139	0.001020832104
0.988799989223	0.000206608034
0.990399956703	0.001036960050
0.991999983788	0.000089135981
0.993599951267	0.001010464155
0.995199978352	0.001800960163
0.996799945831	0.000779248076
0.998399972916	0.000447328028
1.000000000000	0.002082624240
1.001600027084	0.000793584040
1.003199934959	-0.000451456028
1.004799962044	0.001723936060
1.006399989128	0.001864128164
1.008000016212	0.001542944112
1.009599924088	0.001214880031
1.011199951172	-0.000325472007
1.012799978256	-0.000234560051
1.014400005341	0.000980944023
1.016000032425	0.000198064037
1.017599940300	-0.000687104068
1.019199967384	0.000106544001
1.020799994469	0.001243648119
1.022400021553	-0.000084704036
1.023999929428	0.001928192098
1.025599956512	-0.000128335989
1.027199983597	0.000384943996
1.028800010681	0.000466544036
1.030399918556	0.000016175994
1.031999945641	0.000005199998
1.033599972725	0.001154512051
1.035199999809	-0.000156320006
1.036800026894	0.000894496101
1.038399934769	0.000483424024
1.039999961853	0.000268944015
1.041599988937	-0.001208896050
1.043200016022	0.000478544040
1.044799923897	0.001136400038
1.046399950981	-0.000117008029
1.047999978065	0.000188912003
1.049600005150	0.001114048064
1.051200032234	0.000126352010
1.052799940109	-0.000461168063
1.054399967194	-0.000385024032
1.055999994278	-0.000184320001
1.057600021362	0.001353536150
1.059199929237	0.000819424109
1.060799956322	0.001376976143
1.062399983406	0.001296048169
1.064000010490	0.000731088105
1.065599918365	0.000866192102
1.067199945450	0.000802784110
1.068799972534	0.001486496069
1.070399999619	0.000675360032
1.072000026703	0.002097808290
1.073599934578	0.000389952038
1.075199961662	0.000969264074
1.076799988747	0.000754896086
1.078400015831	0.000627296045
1.079999923706	0.000465920049
1.081599950790	-0.000260416040
1.083199977875	0.000686256040
1.084800004959	0.001305392128
1.086400032043	0.000260575995
1.087999939919	-0.000360992010
1.089599967003	0.001511648064
1.091199994087	-0.001129824086
1.092800021172	0.000724832062
1.094399929047	0.001984608127
1.095999956131	-0.001054176129
1.097599983215	0.000472368061
1.099200010300	0.000419008051
1.100799918175	0.000081712009
1.102399945259	0.000012704031
1.103999972343	0.000406960055
1.105599999428	0.001094832085
1.107200026512	0.000267648022
1.108799934387	0.000233839994
1.110399961472	0.000109456007
1.111999988556	0.000158928000
1.113600015640	-0.000079392004
1.115199923515	0.000003552009
1.116799950600	0.000494496082
1.118399977684	0.000197312009
1.120000004768	-0.000800912094
1.121599912643	0.001359504065
1.123199939728	0.000152080029
1.124799966812	-0.000261904032
1.126399993896	0.000239808025
1.128000020981	0.000498528010
1.129599928856	-0.000981920166
1.131199955940	0.001798656187
1.132799983025	0.000758192036
1.134400010109	-0.000145968006
1.135999917984	-0.000579792017
1.137599945068	-0.000265056035
1.139199972153	0.000939856109
1.140799999237	0.000009055984
1.142400026321	0.000817952096
1.143999934196	0.000882576103
1.145599961281	-0.000603472057
1.147199988365	0.001336624147
1.148800015450	0.000185664016
1.150399923325	0.000058688012
1.151999950409	-0.001498512109
1.153599977493	0.000319312036
1.155200004578	0.000243632006
1.156799912453	-0.000706960098
1.158399939537	-0.000942256127
1.159999966621	0.000362608029
1.161599993706	-0.000182079966
1.163200020790	0.000613888027
1.164799928665	-0.000488496036
1.166399955750	0.000868736068
1.167999982834	0.000356928009
1.169600009918	0.001201696112
1.171199917793	0.001017200062
1.172799944878	0.000420512020
1.174399971962	-0.001303152181
1.175999999046	0.000678688055
1.177600026131	-0.000645424065
1.179199934006	0.000543296046
1.180799961090	-0.000377072021
1.182399988174	0.000155488000
1.184000015259	-0.000044127995
1.185599923134	0.000915648066
1.187199950218	0.000805936055
1.188799977303	0.000428528030
1.190400004387	-0.000960496080
1.191999912262	0.000606000016
1.193599939346	0.000540928042
1.195199966431	-0.001010320149
1.196799993515	0.000244976021
1.198400020599	-0.000691616035
1.199999928474	0.001268976135
1.201599955559	0.002202032134
1.203199982643	0.000833424041
1.204800009727	0.001297872048
1.206399917603	0.000603856053
1.207999944687	-0.001400512177
1.209599971771	0.000963168044
1.211199998856	0.000845280068
1.212800025940	0.000022000007
1.214399933815	0.001693728147
1.215999960899	0.000481872034
1.217599987984	0.000470592029
1.219200015068	0.000086544031
1.220799922943	-0.000155664020
1.222399950027	0.002270256169
1.223999977112	-0.000627328060
1.225600004196	0.000936832046
1.227199912071	0.000379744015
1.228799939156	0.001411200152
1.230399966240	0.000123280013
1.231999993324	0.000362032006
1.233600020409	0.000489536033
1.235199928284	0.000042096017
1.236799955368	0.000858544023
1.238399982452	0.001404736191
1.240000009537	0.000372912036
1.241599917412	-0.001025472069
1.243199944496	0.000364943990
1.244799971581	0.000736208051
1.246399998665	-0.000902512053
1.248000025749	-0.000417648058
1.249599933624	0.000171376028
1.251199960709	0.000731472101
1.252799987793	-0.000057504014
1.254400014877	-0.000013664024
1.255999922752	-0.000839872053
1.257599949837	-0.000627248024
1.259199976921	-0.000266928051
1.260800004005	0.000437744020
1.262399911880	-0.000509631995
1.263999938965	0.000758464041
1.265599966049	-0.000851008052
1.267199993134	0.000529040059
1.268800020218	-0.000734048022
1.270399928093	-0.000644464046
1.271999955177	0.000612752046
1.273599982262	-0.000041152016
1.275200009346	0.000779200054
1.276799917221	0.000959024066
1.278399944305	-0.000759408053
1.279999971390	-0.000123360005
1.281599998474	0.001035456080
1.283200025558	-0.000075807991
1.284799933434	-0.000507472025
1.286399960518	0.000558800006
1.287999987602	0.000690816029
1.289600014687	0.000231584054
1.291199922562	-0.000236448032
1.292799949646	-0.000251168036
1.294399976730	-0.000693824084
1.296000003815	-0.001431664103
1.297599911690	0.000731088046
1.299199938774	0.000061791994
1.300799965858	0.000212175975
1.302399992943	0.000885040034
1.304000020027	-0.000553456077
1.305599927902	0.000278751977
1.307199954987	-0.001289200154
1.308799982071	0.000662208069
1.310400009155	-0.000483360054
1.311999917030	-0.001016496099
1.313599944115	-0.000728288025
1.315199971199	-0.000815872045
1.316799998283	-0.000927152054
1.318400025368	-0.001086832141
1.319999933243	0.000563520065
1.321599960327	0.000305712019
1.323199987411	-0.000772224099
1.324800014496	-0.000326880021
1.326399922371	0.000535439991
1.327999949455	-0.002561008092
1.329599976540	-0.000497024041
1.331200003624	-0.000211824037
1.332799911499	-0.001676912187
1.334399938583	-0.001718112151
1.335999965668	-0.000610192074
1.337599992752	0.000333840027
1.339200019836	-0.001433696132
1.340799927711	-0.001820384176
1.342399954796	0.000170928033
1.343999981880	0.000357824028
1.345600008965	-0.001555072144
1.347199916840	0.000996048097
1.348799943924	-0.000396464078
1.350399971008	-0.000633648073
1.351999998093	-0.000241088026
1.353600025177	-0.000111728019
1.355199933052	0.000210768005
1.356799960136	-0.001787696150
1.358399987221	-0.001346352161
1.360000014305	0.000179840004
1.361599922180	0.000451552041
1.363199949265	-0.000891648058
1.364799976349	-0.000787680037
1.366400003433	0.000616768084
1.367999911308	-0.001082624076
1.369599938393	0.000202384021
1.371199965477	0.000665520027
1.372799992561	-0.000682400074
1.374400019646	-0.000890176045
1.375999927521	-0.001665952150
1.377599954605	-0.000545104034
1.379199981689	-0.000913440075
1.380800008774	-0.001345488126
1.382399916649	-0.000052159994
1.383999943733	0.001407200121
1.385599970818	-0.001546912128
1.387199997902	0.000695872004
1.388799905777	-0.000385168009
1.390399932861	-0.000400064047
1.391999959946	-0.000226480013
1.393599987030	-0.000069568043
1.395200014114	0.000206463970
1.396799921989	0.000998368138
1.398399949074	-0.001570928143
1.399999976158	0.000576000079
1.401600003242	-0.000762592128
1.403199911118	-0.000720192038
1.404799938202	-0.001047472120
1.406399965286	-0.000730800093
1.407999992371	-0.000449552026
1.409600019455	-0.000131360022
1.411199927330	-0.000335088029
1.412799954414	-0.000086671993
1.414399981499	0.000559008040
1.416000008583	-0.000301199994
1.417599916458	-0.000632688054
1.419199943542	0.000097168020
1.420799970627	0.000438592018
1.422399997711	-0.000908464077
1.423999905586	-0.000375744043
1.425599932671	-0.001196288038
1.427199959755	0.000196191992
1.428799986839	-0.000455360045
1.430400013924	-0.002018352272
1.431999921799	-0.000218704008
1.433599948883	-0.000095999974
1.435199975967	-0.000293808029
1.436800003052	0.000634960074
1.438399910927	-0.000092736023
1.439999938011	-0.001500048093
1.441599965096	-0.001223680098
1.443199992180	-0.000969584042
1.444800019264	0.000776112021
1.446399927139	-0.000871488010
1.447999954224	-0.000902112108
1.449599981308	0.000641056045
1.451200008392	-0.000557568041
1.452799916267	0.000308496034
1.454399943352	0.000061296007
1.455999970436	-0.000560832035
1.457599997520	-0.000913520053
1.459199905396	-0.000105359992
1.460799932480	0.000513552048
1.462399959564	0.001427216106
1.463999986649	-0.001431120094
1.465600013733	-0.001223456115
1.467199921608	-0.000373776071
1.468799948692	0.000145312020
1.470399975777	-0.000410992070
1.472000002861	0.000022287963
1.473599910736	-0.001693712198
1.475199937820	0.001295392169
1.476799964905	-0.000496720080
1.478399991989	-0.000359296042
1.480000019073	0.000003295988
1.481599926949	-0.000205967983
1.483199954033	-0.001525840140
1.484799981117	-0.001303376164
1.486400008202	-0.001207712106
1.487999916077	-0.001463712077
1.489599943161	-0.000359040045
1.491199970245	0.000202752009
1.492799997330	0.000665888074
1.494399905205	-0.001109152101
1.495999932289	-0.001071376144
1.497599959373	0.000314336037
1.499199986458	-0.000609376060
1.500800013542	-0.000536064035
1.502399921417	-0.000637472083
1.503999948502	-0.000224160016
1.505599975586	-0.001543248072
1.507200002670	0.000838992069
1.508799910545	-0.000817360065
1.510399937630	-0.000451712054
1.511999964714	-0.000194655993
1.513599991798	-0.000293664023
1.515200018883	0.000101216014
1.516799926758	-0.000670288049
1.518399953842	-0.002666880144
1.519999980927	-0.000747488113
1.521600008011	-0.001817456214
1.523199915886	-0.002864384325
1.524799942970	-0.000435888011
1.526399970055	0.000542640046
1.527999997139	-0.000514928077
1.529599905014	-0.001460304135
1.531199932098	-0.001420576125
1.532799959183	-0.001261632075
1.534399986267	-0.001420864137
1.536000013351	-0.001125984127
1.537599921227	-0.001769648166
1.539199948311	-0.001546256128
1.540799975395	-0.001297664014
1.542400002480	-0.001890400192
1.543999910355	-0.000916352088
1.545599937439	-0.001071056118
1.547199964523	-0.000424016063
1.548799991608	-0.001115920139
1.550400018692	-0.002077328274
1.551999926567	-0.000300063984
1.553599953651	-0.001590560190
1.555199980736	-0.001955136191
1.556800007820	-0.001076560118
1.558399915695	-0.002485248260
1.559999942780	-0.001166608068
1.561599969864	0.000830144039
1.563199996948	-0.001391504076
1.564799904823	0.000522032031
1.566399931908	-0.000736448099
1.567999958992	-0.001164800138
1.569599986076	-0.000820048037
1.571200013161	-0.002051232150
1.572799921036	-0.000648688059
1.574399948120	-0.000389888010
1.575999975204	-0.002396336058
1.577600002289	-0.000567360024
1.579199910164	-0.002030416159
1.580799937248	-0.000506896060
1.582399964333	-0.000503952033
1.583999991417	-0.001429504133
1.585600018501	-0.001544752158
1.587199926376	-0.002490352141
1.588799953461	-0.000538864057
1.590399980545	-0.000765376026
1.592000007629	-0.001538688201
1.593599915504	-0.001037024078
1.595199942589	-0.001358608133
1.596799969673	-0.002703008242
1.598399996758	-0.001346560079
1.599999904633	-0.001389712095
1.601599931717	-0.002179344185
1.603199958801	-0.002715280280
1.604799985886	-0.001368752099
1.606400012970	-0.001208912116
1.607999920845	-0.001664960175
1.609599947929	-0.001814720104
1.611199975014	-0.001425216091
1.612800002098	-0.002100768266
1.614399909973	-0.000925728120
1.615999937057	-0.001315568108
1.617599964142	-0.000576032035
1.619199991226	-0.002263840055
1.620800018311	-0.002270848257
1.622399926186	-0.001068352023
1.623999953270	-0.001595888170
1.625599980354	-0.001601792173
1.627200007439	-0.001423184061
1.628799915314	-0.002074848162
1.630399942398	-0.000543696049
1.631999969482	-0.002173568122
1.633599996567	-0.001825712156
1.635199904442	-0.000226895994
1.636799931526	-0.001146160183
1.638399958611	-0.000895952049
1.639999985695	-0.000181504016
1.641600012779	-0.001727872179
1.643199920654	-0.001390112098
1.644799947739	-0.002279296285
1.646399974823	-0.002956896322
1.648000001907	-0.000420544064
1.649599909782	-0.000227552024
1.651199936867	-0.000418448035
1.652799963951	-0.001242368133
1.654399991035	-0.001798304147
1.655999898911	-0.001695120125
1.657599925995	-0.000753232045
1.659199953079	-0.001474192133
1.660799980164	-0.001715712133
1.662400007248	-0.001323344070
1.663999915123	-0.001697520143
1.665599942207	-0.003492544405
1.667199969292	-0.000904560089
1.668799996376	-0.001809184207
1.670399904251	-0.002156224102
1.671999931335	-0.000601040025
1.673599958420	-0.002518240130
1.675199985504	-0.002089408226
1.676800012589	-0.000728224113
1.678399920464	-0.002397360280
1.679999947548	-0.000281488057
1.681599974632	-0.002105632098
1.683200001717	-0.001888944185
1.684799909592	-0.001054464141
1.686399936676	-0.002026432194
1.687999963760	-0.000296032027
1.689599990845	-0.002388320165
1.691199898720	-0.001413008082
1.692799925804	-0.001305952086
1.694399952888	-0.001270240056
1.695999979973	-0.001111664111
1.697600007057	-0.002504432108
1.699199914932	-0.000315552024
1.700799942017	-0.001501680119
1.702399969101	-0.002154720249
1.703999996185	-0.002068528207
1.705599904060	-0.000990944100
1.707199931145	-0.002140288241
1.708799958229	-0.002146160230
1.710399985313	-0.001775024110
1.712000012398	-0.001203680178
1.713599920273	-0.000915136072
1.715199947357	-0.002272800310
1.716799974442	-0.001629280159
1.718400001526	-0.000772560074
1.719999909401	-0.002495568246
1.721599936485	0.000221039998
1.723199963570	-0.002078256104
1.724799990654	-0.002217584290
1.726399898529	-0.003300240263
1.727999925613	-0.001639568130
1.729599952698	0.000048656038
1.731199979782	-0.002649168251
1.732800006866	-0.002784592332
1.734399914742	-0.002646912122
1.735999941826	-0.001688624150
1.737599968910	-0.002712784335
1.739199995995	-0.002176912269
1.740799903870	-0.003213696182
1.742399930954	-0.001279008109
1.743999958038	-0.002125632251
1.745599985123	-0.002960368292
1.747200012207	-0.002129520290
1.748799920082	-0.001114640152
1.750399947166	-0.001284400001
1.751999974251	-0.000976800104
1.753600001335	-0.001623344142
1.755199909210	-0.000864096044
1.756799936295	-0.000965840067
1.758399963379	-0.002353760181
1.759999990463	-0.000980704091
1.761599898338	-0.002693504328
1.763199925423	-0.002246544231
1.764799952507	-0.001714752172
1.766399979591	-0.000967616099
1.768000006676	-0.001511168201
1.769599914551	-0.001647776226
1.771199941635	-0.001545488136
1.772799968719	-0.000851136050
1.774399995804	-0.002298384206
1.775999903679	-0.001105296076
1.777599930763	-0.002090848051
1.779199957848	-0.001597008202
1.780799984932	-0.000713120098
1.782400012016	-0.002283696085
1.783999919891	-0.001392192091
1.785599946976	-0.002213440137
1.787199974060	-0.002490416169
1.788800001144	-0.001502816216
1.790399909019	-0.002953168238
1.791999936104	-0.001138896099
1.793599963188	-0.001514096046
1.795199990273	-0.001476800186
1.796799898148	-0.002199632116
1.798399925232	-0.001988960197
1.799999952316	-0.001502064173
1.801599979401	-0.001892464119
1.803200006485	-0.001855488168
1.804799914360	-0.002091120230
1.806399941444	-0.002608208219
1.807999968529	-0.003185744397
1.809599995613	-0.000669392117
1.811199903488	-0.001627056161
1.812799930573	-0.001074000145
1.814399957657	-0.001595872105
1.815999984741	-0.001640080125
1.817600011826	-0.001259216107
1.819199919701	-0.000099247984
1.820799946785	-0.002740752185
1.822399973869	-0.002529408317
1.824000000954	-0.001067568082
1.825599908829	-0.001924816170
1.827199935913	-0.001536496100
1.828799962997	-0.002805312164
1.830399990082	-0.002177056158
1.831999897957	-0.001581424149
1.833599925041	-0.003401616355
1.835199952126	-0.002843296155
1.836799979210	-0.002740192227
1.838400006294	-0.001691696118
1.839999914169	-0.001187968068
1.841599941254	-0.000426656014
1.843199968338	-0.003507040208
1.844799995422	-0.001954384148
1.846399903297	-0.003658992238
1.847999930382	-0.001459488180
1.849599957466	-0.001623168122
1.851199984550	-0.001612816122
1.852800011635	-0.001391280093
1.854399919510	-0.001995600294
1.855999946594	-0.002641424304
1.857599973679	-0.002942640334
1.859200000763	-0.002693568124
1.860799908638	-0.002066128189
1.862399935722	-0.002310800133
1.863999962807	-0.001882192213
1.865599989891	-0.002473664237
1.867199897766	-0.001072352054
1.868799924850	-0.002792656189
1.870399951935	-0.002362560248
1.871999979019	-0.002285296097
1.873600006104	-0.003027248196
1.875199913979	-0.002042016247
1.876799941063	-0.003365568351
1.878399968147	-0.002690864261
1.879999995232	-0.002168784151
1.881599903107	-0.003438384272
1.883199930191	-0.002987952204
1.884799957275	-0.001257120050
1.886399984360	-0.001855408191
1.888000011444	-0.002259552246
1.889599919319	-0.001474128105
1.891199946404	-0.004198624287
1.892799973488	-0.003320080228
1.894400000572	-0.000939632067
1.895999908447	-0.002370400121
1.897599935532	-0.002507904312
1.899199962616	-0.001566112158
1.900799989700	-0.001417184132
1.902399897575	-0.002658160171
1.903999924660	-0.002413104288
1.905599951744	-0.003208064241
1.907199978828	-0.002489232225
1.908800005913	-0.003230352188
1.910399913788	-0.001859792159
1.911999940872	-0.001826336142
1.913599967957	-0.002550640143
1.915199995041	-0.002687904285
1.916799902916	-0.003563744249
1.918399930000	-0.003308480373
1.919999957085	-0.001664640149
1.921599984169	-0.003418976208
1.923199892044	-0.002135120099
1.924799919128	-0.003014976392
1.926399946213	-0.002550192177
1.927999973297	-0.001912320149
1.929600000381	-0.003327648388
1.931199908257	-0.002417328302
1.932799935341	-0.001801264123
1.934399962425	-0.002009824151
1.935999989510	-0.002073008101
1.937599897385	-0.002506608143
1.939199924469	-0.002557936357
1.940799951553	-0.002753008157
1.942399978638	-0.001765120192
1.944000005722	-0.002921984298
1.945599913597	-0.001587376115
1.947199940681	-0.003073296277
1.948799967766	-0.002742176177
1.950399994850	-0.001711104065
1.951999902725	-0.003247776302
1.953599929810	-0.003336848225
1.955199956894	-0.001906000078
1.956799983978	-0.002796560293
1.958399891853	-0.002379216254
1.959999918938	-0.002619584091
1.961599946022	-0.001391392085
1.963199973106	-0.003781888401
1.964800000191	-0.004423568491
1.966399908066	-0.003885728307
1.967999935150	-0.002314400161
1.969599962234	-0.001310800086
1.971199989319	-0.001671920181
1.972799897194	-0.003063808195
1.974399924278	-0.002837968292
1.975999951363	-0.004246096127
1.977599978447	-0.002858176129
1.979200005531	-0.002140512224
1.980799913406	-0.002241776092
1.982399940491	-0.001433184138
1.983999967575	-0.000689840002
1.985599994659	-0.002059632214
1.987199902534	-0.001662528142
1.988799929619	-0.003954352345
1.990399956703	-0.002837072127
1.991999983788	-0.002725424245
1.993599891663	-0.001892624074
1.995199918747	-0.000696032075
1.996799945831	-0.002761520213
1.998399972916	-0.002114512259
2.000000000000	-0.001479168073
2.001600027084	-0.002663264284
2.003200054169	-0.003349824343
2.004799842834	-0.003967776429
2.006399869919	-0.002671136288
2.007999897003	-0.003095600288
2.009599924088	-0.001748496201
2.011199951172	-0.002689024201
2.012799978256	-0.003993408289
2.014400005341	-0.000514144020
2.016000032425	-0.001830944093
2.017600059509	-0.002841552254
2.019199848175	-0.002745856298
2.020799875259	-0.002076672157
2.022399902344	-0.002178816125
2.023999929428	-0.001910400111
2.025599956512	-0.002682512160
2.027199983597	-0.002639888087
2.028800010681	-0.003151952289
2.030400037766	-0.002126496052
2.032000064850	-0.003021824174
2.033599853516	-0.003661184339
2.035199880600	-0.004662368447
2.036799907684	-0.005162512418
2.038399934769	-0.002936448203
2.039999961853	-0.002004464157
2.041599988937	-0.003023936180
2.043200016022	-0.001775296172
2.044800043106	-0.002773872111
2.046399831772	-0.002706784289
2.047999858856	-0.003487152280
2.049599885941	-0.002058384242
2.051199913025	-0.005004432518
2.052799940109	-0.002429744229
2.054399967194	-0.003565184306
2.055999994278	-0.001751200180
2.057600021362	-0.001609136118
2.059200048447	-0.001257472089
2.060799837112	-0.004054000136
2.062399864197	-0.003683296265
2.063999891281	-0.003159360262
2.065599918365	-0.003840304213
2.067199945450	-0.002654736163
2.068799972534	-0.003441968234
2.070399999619	-0.002297136234
2.072000026703	-0.003346368205
2.073600053787	-0.005040848628
2.075199842453	-0.002450240077
2.076799869537	-0.003859680379
2.078399896622	-0.003436880186
2.079999923706	-0.002460608259
2.081599950790	-0.001930544153
2.083199977875	-0.003427136224
2.084800004959	-0.002281600144
2.086400032043	-0.002094672062
2.088000059128	-0.001536624157
2.089599847794	-0.002960560378
2.091199874878	-0.004018832464
2.092799901962	-0.003656528192
2.094399929047	-0.003323280253
2.095999956131	-0.004298736341
2.097599983215	-0.002303248039
2.099200010300	-0.003148144344
2.100800037384	-0.001902240212
2.102400064468	-0.001409472083
2.103999853134	-0.002554752165
2.105599880219	-0.003484000219
2.107199907303	-0.003993520513
2.108799934387	-0.003817888442
2.110399961472	-0.003486304311
2.111999988556	-0.003259984311
2.113600015640	-0.002441888209
2.115200042725	-0.002363264095
2.116799831390	-0.003273872193
2.118399858475	-0.004223472439
2.119999885559	-0.002016736194
2.121599912643	-0.002075680299
2.123199939728	-0.003371360246
2.124799966812	-0.004046592396
2.126399993896	-0.003629632294
2.128000020981	-0.003712400328
2.129600048065	-0.003814992262
2.131199836731	-0.002317168284
2.132799863815	-0.003824416315
2.134399890900	-0.002913008211
2.135999917984	-0.002755824244
2.137599945068	-0.002204864286
2.139199972153	-0.003421840258
2.140799999237	-0.002655088203
2.142400026321	-0.002813632134
2.144000053406	-0.004086864181
2.145599842072	-0.002464928199
2.147199869156	-0.002523920266
2.148799896240	-0.004124640487
2.150399923325	-0.002289200202
2.151999950409	-0.003288048320
2.153599977493	-0.002425424289
2.155200004578	-0.002456416143
2.156800031662	-0.002797584282
2.158400058746	-0.004543376155
2.159999847412	-0.003571760375
2.161599874496	-0.001992592122
2.163199901581	-0.001748336130
2.164799928665	-0.003606000217
2.166399955750	-0.002503072144
2.167999982834	-0.003078384325
2.169600009918	-0.002731200308
2.171200037003	-0.003423808375
2.172800064087	-0.002292192075
2.174399852753	-0.003856864292
2.175999879837	-0.002662624232
2.177599906921	-0.002037888160
2.179199934006	-0.002616128186
2.180799961090	-0.001876704162
2.182399988174	-0.003153584199
2.184000015259	-0.002772016218
2.185600042343	-0.002322352258
2.187199831009	-0.002490608254
2.188799858093	-0.003153760219
2.190399885178	-0.001501824125
2.191999912262	-0.003730432363
2.193599939346	-0.004633968230
2.195199966431	-0.004226768389
2.196799993515	-0.004234640393
2.198400020599	-0.005023856182
2.200000047684	-0.002973744180
2.201599836349	-0.002858128166
2.203199863434	-0.002306640148
2.204799890518	-0.003971136175
2.206399917603	-0.004049024545
2.207999944687	-0.001891536172
2.209599971771	-0.002656816272
2.211199998856	-0.004097040277
2.212800025940	-0.002629760187
2.214400053024	-0.003150656354
2.215999841690	-0.003135168226
2.217599868774	-0.003399312263
2.219199895859	-0.003985680174
2.220799922943	-0.001574448077
2.222399950027	-0.001188400085
2.223999977112	-0.002366096247
2.225600004196	-0.003688816447
2.227200031281	-0.002928832313
2.228800058365	-0.004721920472
2.230399847031	-0.003682784270
2.231999874115	-0.002053536242
2.233599901199	-0.002898640232
2.235199928284	-0.002683792263
2.236799955368	-0.003431296209
2.238399982452	-0.003055616282
2.240000009537	-0.003205088200
2.241600036621	-0.004205712583
2.243199825287	-0.003218960250
2.244799852371	-0.003369008191
2.246399879456	-0.003079456277
2.247999906540	-0.003571872367
2.249599933624	-0.001710224198
2.251199960709	-0.002986560343
2.252799987793	-0.003602448385
2.254400014877	-0.002551168203
2.256000041962	-0.004878704436
2.257599830627	-0.003663696349
2.259199857712	-0.003982960247
2.260799884796	-0.003701648209
2.262399911880	-0.002994624199
2.263999938965	-0.004961936269
2.265599966049	-0.004669344518
2.267199993134	-0.003437984269
2.268800020218	-0.003154704347
2.270400047302	-0.002482080134
2.271999835968	-0.002520480193
2.273599863052	-0.003821456339
2.275199890137	-0.003705632174
2.276799917221	-0.003008432221
2.278399944305	-0.004561648238
2.279999971390	-0.001970464131
2.281599998474	-0.003465664340
2.283200025558	-0.003920416348
2.284800052643	-0.002514880151
2.286399841309	-0.001389312092
2.287999868393	-0.001900464180
2.289599895477	-0.004074528348
2.291199922562	-0.003896464361
2.292799949646	-0.002799776150
2.294399976730	-0.003037536284
2.296000003815	-0.001858128118
2.297600030899	-0.003950640559
2.299200057983	-0.003655536333
2.300799846649	-0.002392304130
2.302399873734	-0.003070992185
2.303999900818	-0.003597296309
2.305599927902	-0.004105888307
2.307199954987	-0.003920736257
2.308799982071	-0.003589136293
2.310400009155	-0.003466048278
2.312000036240	-0.003042896278
2.313599824905	-0.004278320353
2.315199851990	-0.003300064243
2.316799879074	-0.004955248442
2.318399906158	-0.003337776288
2.319999933243	-0.002819472225
2.321599960327	-0.003361808136
2.323199987411	-0.003211360192
2.324800014496	-0.002664944157
2.326400041580	-0.004850208294
2.327999830246	-0.004445600323
2.329599857330	-0.004314224236
2.331199884415	-0.002396400087
2.332799911499	-0.004726560321
2.334399938583	-0.003904592479
2.335999965668	-0.002198736183
2.337599992752	-0.002627152251
2.339200019836	-0.004995200317
2.340800046921	-0.004014736507
2.342399835587	-0.002785328310
2.343999862671	-0.004229120445
2.345599889755	-0.002358960221
2.347199916840	-0.003446352202
2.348799943924	-0.003901056480
2.350399971008	-0.002968256362
2.351999998093	-0.002963760169
2.353600025177	-0.003373616375
2.355200052261	-0.004297280218
2.356799840927	-0.003532832256
2.358399868011	-0.002980992198
2.359999895096	-0.003418944310
2.361599922180	-0.003060944146
2.363199949265	-0.003139312146
2.364799976349	-0.004890688695
2.366400003433	-0.003427424235
2.368000030518	-0.002368832240
2.369600057602	-0.003014064161
2.371199846268	-0.002986416221
2.372799873352	-0.003652304178
2.374399900436	-0.002550096251
2.375999927521	-0.003756800201
2.377599954605	-0.002859056229
2.379199981689	-0.004662368447
2.380800008774	-0.002999536227
2.382400035858	-0.003052080283
2.383999824524	-0.003095504362
2.385599851608	-0.003141168272
2.387199878693	-0.002015968086
2.388799905777	-0.003514160169
2.390399932861	-0.002088336274
2.391999959946	-0.004403168336
2.393599987030	-0.003854864277
2.395200014114	-0.002894464182
2.396800041199	-0.003189792391
2.398399829865	-0.004842896480
2.399999856949	-0.003092896193
2.401599884033	-0.004582336172
2.403199911118	-0.002783392323
2.404799938202	-0.003812288400
2.406399965286	-0.001425392111
2.407999992371	-0.003622880206
2.409600019455	-0.002807504265
2.411200046539	-0.003652352374
2.412799835205	-0.002660672180
2.414399862289	-0.003301328281
2.415999889374	-0.002552672056
2.417599916458	-0.003342304379
2.419199943542	-0.002864912152
2.420799970627	-0.003696528263
2.422399997711	-0.003882320365
2.424000024796	-0.003003600286
2.425600051880	-0.003430528333
2.427199840546	-0.003417136148
2.428799867630	-0.004912672564
2.430399894714	-0.003503136337
2.431999921799	-0.003245088272
2.433599948883	-0.004390688147
2.435199975967	-0.004678496160
2.436800003052	-0.005418736488
2.438400030136	-0.004500080366
2.440000057220	-0.001619088114
2.441599845886	-0.003503840417
2.443199872971	-0.005888640415
2.444799900055	-0.003282896243
2.446399927139	-0.004897632170
2.447999954224	-0.003678864334
2.449599981308	-0.005175776314
2.451200008392	-0.003467216389
2.452800035477	-0.003835136304
2.454399824142	-0.004249392543
2.455999851227	-0.004417376127
2.457599878311	-0.003121328307
2.459199905396	-0.004576432519
2.460799932480	-0.004130432382
2.462399959564	-0.002090944210
2.463999986649	-0.004447056446
2.465600013733	-0.003265216248
2.467200040817	-0.003467552131
2.468799829483	-0.003170080250
2.470399856567	-0.004368768539
2.471999883652	-0.003015696304
2.473599910736	-0.003417680273
2.475199937820	-0.003384672338
2.476799964905	-0.004494304303
2.478399991989	-0.004000128247
2.480000019073	-0.003044032259
2.481600046158	-0.003694544313
2.483199834824	-0.005232112482
2.484799861908	-0.003537632292
2.486399888992	-0.004998928402
2.487999916077	-0.003827072447
2.489599943161	-0.004010000266
2.491199970245	-0.003016464179
2.492799997330	-0.004428496584
2.494400024414	-0.005215824582
2.496000051498	-0.003472752403
2.497599840164	-0.003847920336
2.499199867249	-0.005329152569
2.500799894333	-0.003772736294
2.502399921417	-0.001564688166
2.503999948502	-0.002719408134
2.505599975586	-0.002928416245
2.507200002670	-0.004138192162
2.508800029755	-0.004521664232
2.510399818420	-0.003625488374
2.511999845505	-0.004598272499
2.513599872589	-0.003995520528
2.515199899673	-0.003366224235
2.516799926758	-0.004088432528
2.518399953842	-0.003210192313
2.519999980927	-0.004559216555
2.521600008011	-0.003625936341
2.523200035095	-0.004057760350
2.524799823761	-0.004718416370
2.526399850845	-0.002441296121
2.527999877930	-0.004009952303
2.529599905014	-0.003026720369
2.531199932098	-0.002761808224
2.532799959183	-0.004609920550
2.534399986267	-0.004455840215
2.536000013351	-0.003350400366
2.537600040436	-0.003941424191
2.539199829102	-0.003759456333
2.540799856186	-0.004432416521
2.542399883270	-0.003166160313
2.543999910355	-0.003993440419
2.545599937439	-0.003582816338
2.547199964523	-0.003531472292
2.548799991608	-0.002060544211
2.550400018692	-0.004215824418
2.552000045776	-0.002767296275
2.553599834442	-0.003409728175
2.555199861526	-0.003664320335
2.556799888611	-0.004577840213
2.558399915695	-0.003578752279
2.559999942780	-0.003422160167
2.561599969864	-0.004174080212
2.563199996948	-0.004304384347
2.564800024033	-0.004182768520
2.566400051117	-0.004069248214
2.567999839783	-0.003887792351
2.569599866867	-0.004534896463
2.571199893951	-0.003585136263
2.572799921036	-0.003832032438
2.574399948120	-0.004933008458
2.575999975204	-0.004632704426
2.577600002289	-0.004300592467
2.579200029373	-0.004546176177
2.580799818039	-0.005939312279
2.582399845123	-0.002977328142
2.583999872208	-0.003437216394
2.585599899292	-0.003494624281
2.587199926376	-0.005950576626
2.588799953461	-0.002932784148
2.590399980545	-0.003631520318
2.592000007629	-0.005451040342
2.593600034714	-0.003918768372
2.595199823380	-0.004595488310
2.596799850464	-0.003538848367
2.598399877548	-0.002582560293
2.599999904633	-0.003186416347
2.601599931717	-0.001976880245
2.603199958801	-0.004379040562
2.604799985886	-0.004722288344
2.606400012970	-0.003558528377
2.608000040054	-0.003434368176
2.609599828720	-0.004704528488
2.611199855804	-0.003385456279
2.612799882889	-0.004572192207
2.614399909973	-0.003833376337
2.615999937057	-0.004312112462
2.617599964142	-0.002904528286
2.619199991226	-0.004826432560
2.620800018311	-0.003572144313
2.622400045395	-0.004263600335
2.623999834061	-0.005019664299
2.625599861145	-0.004670400172
2.627199888229	-0.005370160565
2.628799915314	-0.004043664318
2.630399942398	-0.006000240333
2.631999969482	-0.004582096357
2.633599996567	-0.004793040454
2.635200023651	-0.005547936540
2.636800050735	-0.003655440407
2.638399839401	-0.003468112322
2.639999866486	-0.003893296234
2.641599893570	-0.005494672339
2.643199920654	-0.004851568490
2.644799947739	-0.004140960518
2.646399974823	-0.005085968412
2.648000001907	-0.003975904547
2.649600028992	-0.004041952547
2.651199817657	-0.002255952219
2.652799844742	-0.003508336376
2.654399871826	-0.005325904582
2.655999898911	-0.003940320574
2.657599925995	-0.005438128486
2.659199953079	-0.004723888356
2.660799980164	-0.004990496207
2.662400007248	-0.004932512529
2.664000034332	-0.005065264646
2.665599822998	-0.004182112403
2.667199850082	-0.003803040367
2.668799877167	-0.003152064281
2.670399904251	-0.003950976301
2.671999931335	-0.004404320382
2.673599958420	-0.003987424541
2.675199985504	-0.004175136331
2.676800012589	-0.005332768429
2.678400039673	-0.004168096464
2.679999828339	-0.004927904345
2.681599855423	-0.005086544435
2.683199882507	-0.004677584395
2.684799909592	-0.004041680135
2.686399936676	-0.004611808341
2.687999963760	-0.004072320182
2.689599990845	-0.003879184369
2.691200017929	-0.004790192470
2.692800045013	-0.004926000256
2.694399833679	-0.004972416442
2.695999860764	-0.004117520526
2.697599887848	-0.003985024523
2.699199914932	-0.004971872550
2.700799942017	-0.005040640477
2.702399969101	-0.003253872273
2.703999996185	-0.003979904111
2.705600023270	-0.003330000211
2.707200050354	-0.004816720262
2.708799839020	-0.004308336414
2.710399866104	-0.002725088270
2.711999893188	-0.003828480374
2.713599920273	-0.004133312497
2.715199947357	-0.004260736518
2.716799974442	-0.004960896447
2.718400001526	-0.003003200283
2.720000028610	-0.003125968389
2.721599817276	-0.003829168389
2.723199844360	-0.003578224219
2.724799871445	-0.004271632526
2.726399898529	-0.004105712287
2.727999925613	-0.003158928361
2.729599952698	-0.005905808415
2.731199979782	-0.003282944206
2.732800006866	-0.003847504267
2.734400033951	-0.004200528376
2.735999822617	-0.004623328336
2.737599849701	-0.003726864234
2.739199876785	-0.004603536334
2.740799903870	-0.004694528412
2.742399930954	-0.005938592367
2.743999958038	-0.005304352380
2.745599985123	-0.004678816535
2.747200012207	-0.004521056544
2.748800039291	-0.002610592172
2.750399827957	-0.005298384465
2.751999855042	-0.004761904478
2.753599882126	-0.003764416324
2.755199909210	-0.004252944142
2.756799936295	-0.004023536108
2.758399963379	-0.003533936338
2.759999990463	-0.004106688313
2.761600017548	-0.004374768119
2.763200044632	-0.005185360555
2.764799833298	-0.004468448460
2.766399860382	-0.003806784283
2.767999887466	-0.004229952116
2.769599914551	-0.005328656640
2.771199941635	-0.004493408371
2.772799968719	-0.004073584452
2.774399995804	-0.004973088391
2.776000022888	-0.003662176430
2.777599811554	-0.005307168234
2.779199838638	-0.004562624265
2.780799865723	-0.004218720365
2.782399892807	-0.004846448544
2.783999919891	-0.004136592150
2.785599946976	-0.005345328245
2.787199974060	-0.004810304381
2.788800001144	-0.003265952226
2.790400028229	-0.004415968433
2.791999816895	-0.005275920499
2.793599843979	-0.004078128375
2.795199871063	-0.004136288539
2.796799898148	-0.005039472599
2.798399925232	-0.003923648503
2.799999952316	-0.004224800505
2.801599979401	-0.003497760277
2.803200006485	-0.003035200294
2.804800033569	-0.004377648234
2.806399822235	-0.004971424583
2.807999849319	-0.004524256568
2.809599876404	-0.004701568279
2.811199903488	-0.005573840346
2.812799930573	-0.004435520153
2.814399957657	-0.005488224328
2.815999984741	-0.005255984608
2.817600011826	-0.006363120396
2.819200038910	-0.004925232381
2.820799827576	-0.003978208173
2.822399854660	-0.003649888327
2.823999881744	-0.005020448472
2.825599908829	-0.004696032498
2.827199935913	-0.004567216150
2.828799962997	-0.005314752460
2.830399990082	-0.006067264359
2.832000017166	-0.004539808258
2.833600044250	-0.005167584401
2.835199832916	-0.004914848600
2.836799860001	-0.004800624214
2.838399887085	-0.004431264475
2.839999914169	-0.004626144189
2.841599941254	-0.005809360649
2.843199968338	-0.006981072482
2.844799995422	-0.004755584523
2.846400022507	-0.004296624567
2.847999811172	-0.006258208305
2.849599838257	-0.004818608519
2.851199865341	-0.005256928504
2.852799892426	-0.003371776314
2.854399919510	-0.004679440521
2.855999946594	-0.004847808275
2.857599973679	-0.005072656553
2.859200000763	-0.007017120719
2.860800027847	-0.006383360364
2.862399816513	-0.005122848321
2.863999843597	-0.005559792276
2.865599870682	-0.004044080153
2.867199897766	-0.004449344240
2.868799924850	-0.003633824410
2.870399951935	-0.004542320501
2.871999979019	-0.005173504353
2.873600006104	-0.004794848617
2.875200033188	-0.004128784407
2.876799821854	-0.004729328211
2.878399848938	-0.004523744341
2.879999876022	-0.004870688543
2.881599903107	-0.004404048435
2.883199930191	-0.003669984406
2.884799957275	-0.003604704281
2.886399984360	-0.005516624544
2.888000011444	-0.004986208398
2.889600038528	-0.003802816384
2.891199827194	-0.005444080569
2.892799854279	-0.005084624514
2.894399881363	-0.006419312675
2.895999908447	-0.005980064627
2.897599935532	-0.004893504549
2.899199962616	-0.004834240302
2.900799989700	-0.005616192706
2.902400016785	-0.005201312248
2.904000043869	-0.004849840421
2.905599832535	-0.003365040291
2.907199859619	-0.004490304273
2.908799886703	-0.004766592290
2.910399913788	-0.003903680248
2.911999940872	-0.005890784319
2.913599967957	-0.005850448273
2.915199995041	-0.003493952332
2.916800022125	-0.005481920671
2.918399810791	-0.005176032428
2.919999837875	-0.005241792649
2.921599864960	-0.004823744297
2.923199892044	-0.005056400318
2.924799919128	-0.004924912471
2.926399946213	-0.003792688251
2.927999973297	-0.005561296362
2.929600000381	-0.005340944510
2.931200027466	-0.005037904251
2.932799816132	-0.003523712279
2.934399843216	-0.005250272341
2.935999870300	-0.004972016439
2.937599897385	-0.004822272342
2.939199924469	-0.004381456412
2.940799951553	-0.004185056314
2.942399978638	-0.005836368538
2.944000005722	-0.005609616637
2.945600032806	-0.004020096269
2.947199821472	-0.005881248508
2.948799848557	-0.003456032369
2.950399875641	-0.005651680287
2.951999902725	-0.005535136443
2.953599929810	-0.006365648471
2.955199956894	-0.003627536353
2.956799983978	-0.005126992241
2.958400011063	-0.004703616258
2.960000038147	-0.004437680356
2.961599826813	-0.004395456519
2.963199853897	-0.004894704558
2.964799880981	-0.004566032439
2.966399908066	-0.005227104295
2.967999935150	-0.006376720499
2.969599962234	-0.005314448383
2.971199989319	-0.003907952458
2.972800016403	-0.005946928635
2.974400043488	-0.005660608411
2.975999832153	-0.005210880656
2.977599859238	-0.003533936338
2.979199886322	-0.004245552234
2.980799913406	-0.005443504546
2.982399940491	-0.004658864345
2.983999967575	-0.004480608273
2.985599994659	-0.006429264322
2.987200021744	-0.005650592502
2.988799810410	-0.005255712196
2.990399837494	-0.004189168569
2.991999864578	-0.004283872433
2.993599891663	-0.004862400237
2.995199918747	-0.003425424220
2.996799945831	-0.004418448545
2.998399972916	-0.006787744351
3.000000000000	-0.005454528611
3.001600027084	-0.005021024495
3.003199815750	-0.005625760648
3.004799842834	-0.006064400543
3.006399869919	-0.004028192256
3.007999897003	-0.005004336592
3.009599924088	-0.004152288195
3.011199951172	-0.004767088220
3.012799978256	-0.003358336398
3.014400005341	-0.006621280685
3.016000032425	-0.006932944525
3.017599821091	-0.004321232438
3.019199848175	-0.003790720366
3.020799875259	-0.005494336598
3.022399902344	-0.005684736650
3.023999929428	-0.006004240364
3.025599956512	-0.005028832238
3.027199983597	-0.006370736752
3.028800010681	-0.004096640274
3.030400037766	-0.004354816396
3.031999826431	-0.006749776658
3.033599853516	-0.005197120365
3.035199880600	-0.005529712420
3.036799907684	-0.005073712207
3.038399934769	-0.005284304265
3.039999961853	-0.006030048709
3.041599988937	-0.005233632401
3.043200016022	-0.005226752255
3.044799804687	-0.005108944606
3.046399831772	-0.003535824362
3.047999858856	-0.005760688335
3.049599885941	-0.005245648324
3.051199913025	-0.005586112384
3.052799940109	-0.004194528330
3.054399967194	-0.004573856480
3.055999994278	-0.004327856470
3.057600021362	-0.007281472441
3.059199810028	-0.003656656248
3.060799837112	-0.006211008411
3.062399864197	-0.003850640263
3.063999891281	-0.004820192233
3.065599918365	-0.006436032709
3.067199945450	-0.004367696121
3.068799972534	-0.004860768560
3.070399999619	-0.004349376541
3.072000026703	-0.004990016576
3.073599815369	-0.005640464369
3.075199842453	-0.005355648231
3.076799869537	-0.005547248293
3.078399896622	-0.005117936525
3.079999923706	-0.003899344243
3.081599950790	-0.003768400289
3.083199977875	-0.005751712248
3.084800004959	-0.003372192383
3.086400032043	-0.003864224302
3.087999820709	-0.005140336230
3.089599847794	-0.004358704202
3.091199874878	-0.005069616251
3.092799901962	-0.004527232144
3.094399929047	-0.005572032649
3.095999956131	-0.005322592333
3.097599983215	-0.005709424615
3.099200010300	-0.005464944523
3.100800037384	-0.006170976441
3.102399826050	-0.005384480581
3.103999853134	-0.004671744537
3.105599880219	-0.004594032187
3.107199907303	-0.005886592437
3.108799934387	-0.005943568423
3.110399961472	-0.004858240485
3.111999988556	-0.006708928384
3.113600015640	-0.005585776642
3.115199804306	-0.004373872187
3.116799831390	-0.006629008334
3.118399858475	-0.003956416156
3.119999885559	-0.005267744418
3.121599912643	-0.006732304581
3.123199939728	-0.004447072279
3.124799966812	-0.003951296210
3.126399993896	-0.005803536624
3.128000020981	-0.004957808182
3.129599809647	-0.003781936364
3.131199836731	-0.003851936432
3.132799863815	-0.004384688567
3.134399890900	-0.006175264716
3.135999917984	-0.005043312442
3.137599945068	-0.006772768684
3.139199972153	-0.005684496369
3.140799999237	-0.006146288477
3.142400026321	-0.006839888636
3.143999814987	-0.005002576392
3.145599842072	-0.007350528613
3.147199869156	-0.005410656333
3.148799896240	-0.005444112234
3.150399923325	-0.005452912301
3.151999950409	-0.004444112536
3.153599977493	-0.004565504380
3.155200004578	-0.006291632541
3.156800031662	-0.005522816442
3.158399820328	-0.005162496585
3.159999847412	-0.004613472614
3.161599874496	-0.006177024450
3.163199901581	-0.005403920542
3.164799928665	-0.006570672616
3.166399955750	-0.004104528576
3.167999982834	-0.006776752416
3.169600009918	-0.004807568621
3.171200037003	-0.004931104369
3.172799825668	-0.006616832688
3.174399852753	-0.006074704695
3.175999879837	-0.004705168307
3.177599906921	-0.005367568228
3.179199934006	-0.006357776467
3.180799961090	-0.005625520367
3.182399988174	-0.004654112272
3.184000015259	-0.005047712475
3.185599803925	-0.005050912499
3.187199831009	-0.005223824643
3.188799858093	-0.006713360548
3.190399885178	-0.007587440778
3.191999912262	-0.007295360789
3.193599939346	-0.005092800595
3.195199966431	-0.004166800529
3.196799993515	-0.006617680658
3.198400020599	-0.005644016434
3.199999809265	-0.005779008381
3.201599836349	-0.006268736441
3.203199863434	-0.004900656641
3.204799890518	-0.005125296302
3.206399917603	-0.005100080278
3.207999944687	-0.005149568431
3.209599971771	-0.005835232325
3.211199998856	-0.004411824513
3.212800025940	-0.006115584634
3.214399814606	-0.004327920265
3.215999841690	-0.006814560387
3.217599868774	-0.006812880747
3.219199895859	-0.005718944594
3.220799922943	-0.002959872130
3.222399950027	-0.005285184365
3.223999977112	-0.005195216276
3.225600004196	-0.006716128439
3.227200031281	-0.003899744479
3.228799819946	-0.004419056233
3.230399847031	-0.006538304500
3.231999874115	-0.005274416413
3.233599901199	-0.004686352331
3.235199928284	-0.005317072384
3.236799955368	-0.005389472470
3.238399982452	-0.005619520321
3.240000009537	-0.005991376471
3.241600036621	-0.005527760368
3.243199825287	-0.006230640691
3.244799852371	-0.004447536543
3.246399879456	-0.006133600604
3.247999906540	-0.005980896298
3.249599933624	-0.004720448516
3.251199960709	-0.005891648587
3.252799987793	-0.007393488660
3.254400014877	-0.004829952493
3.255999803543	-0.007321920712
3.257599830627	-0.005386592355
3.259199857712	-0.007600208744
3.260799884796	-0.005632912274
3.262399911880	-0.004557344597
3.263999938965	-0.005823536310
3.265599966049	-0.005640096497
3.267199993134	-0.006468848325
3.268800020218	-0.006851584651
3.270399808884	-0.004750896245
3.271999835968	-0.004571312573
3.273599863052	-0.005314880516
3.275199890137	-0.006388752721
3.276799917221	-0.005542240571
3.278399944305	-0.006286448799
3.279999971390	-0.006134528667
3.281599998474	-0.006588032469
3.283200025558	-0.005649232306
3.284799814224	-0.005593456328
3.286399841309	-0.006292384584
3.287999868393	-0.006248816382
3.289599895477	-0.004180464428
3.291199922562	-0.005078512244
3.292799949646	-0.006821120623
3.294399976730	-0.005753680598
3.296000003815	-0.006233408581
3.297600030899	-0.005004128441
3.299199819565	-0.007364224643
3.300799846649	-0.002895312151
3.302399873734	-0.005495728459
3.303999900818	-0.005742528476
3.305599927902	-0.005050912499
3.307199954987	-0.005619568285
3.308799982071	-0.004145120271
3.310400009155	-0.006534432527
3.311999797821	-0.005560416728
3.313599824905	-0.005383424461
3.315199851990	-0.006464272738
3.316799879074	-0.005587152671
3.318399906158	-0.004807440564
3.319999933243	-0.006399824750
3.321599960327	-0.005591152702
3.323199987411	-0.005082864314
3.324800014496	-0.004236816429
3.326399803162	-0.007547184825
3.327999830246	-0.005524784327
3.329599857330	-0.003980288282
3.331199884415	-0.006284688599
3.332799911499	-0.006759824697
3.334399938583	-0.005209184252
3.335999965668	-0.006312976591
3.337599992752	-0.006324128713
3.339200019836	-0.006320976652
3.340799808502	-0.007016576361
3.342399835587	-0.005960880313
3.343999862671	-0.006429616362
3.345599889755	-0.005692544393
3.347199916840	-0.004902048502
3.348799943924	-0.006962800398
3.350399971008	-0.005413632374
3.351999998093	-0.005572448485
3.353600025177	-0.004533776548
3.355199813843	-0.005819216371
3.356799840927	-0.006933280732
3.358399868011	-0.005712960381
3.359999895096	-0.005011504516
3.361599922180	-0.005198048428
3.363199949265	-0.004922640510
3.364799976349	-0.005537376273
3.366400003433	-0.005441648420
3.368000030518	-0.004972976632
3.369599819183	-0.007329728454
3.371199846268	-0.005913888570
3.372799873352	-0.006267712452
3.374399900436	-0.005825168453
3.375999927521	-0.005406832322
3.377599954605	-0.004652304575
3.379199981689	-0.005558656529
3.380800008774	-0.005855072290
3.382399797440	-0.006800080650
3.383999824524	-0.005905680358
3.385599851608	-0.004479168449
3.387199878693	-0.005951856263
3.388799905777	-0.005189360585
3.390399932861	-0.007725376636
3.391999959946	-0.005762128625
3.393599987030	-0.003969760612
3.395200014114	-0.006412688643
3.396799802780	-0.005097424611
3.398399829865	-0.005243488587
3.399999856949	-0.006936832797
3.401599884033	-0.004885888193
3.403199911118	-0.005661280360
3.404799938202	-0.004880768247
3.406399965286	-0.005261840299
3.407999992371	-0.005148496479
3.409600019455	-0.006402144674
3.411199808121	-0.005992784631
3.412799835205	-0.005960240494
3.414399862289	-0.005635360256
3.415999889374	-0.006425952539
3.417599916458	-0.007045536768
3.419199943542	-0.004853728227
3.420799970627	-0.006355040707
3.422399997711	-0.003404416377
3.424000024796	-0.006965120323
3.425599813461	-0.007177200634
3.427199840546	-0.007273904514
3.428799867630	-0.006683840416
3.430399894714	-0.007507776842
3.431999921799	-0.004378272220
3.433599948883	-0.005753744394
3.435199975967	-0.006230336614
3.436800003052	-0.006574192550
3.438400030136	-0.004267408513
3.439999818802	-0.004870000295
3.441599845886	-0.005681808572
3.443199872971	-0.006996080745
3.444799900055	-0.006399376784
3.446399927139	-0.006446048617
3.447999954224	-0.004368912429
3.449599981308	-0.004693216179
3.451200008392	0.006641488522
