0.000000000000	0.016567345709
0.001599999960	0.015986848623
0.003199999919	0.014543089084
0.004799999762	0.014509505592
0.006399999838	0.013199361041
0.007999999449	0.014930257574
0.009599999525	0.015207617544
0.011199999601	0.014481873251
0.012799999677	0.014104017057
0.014399999753	0.014825393446
0.015999998897	0.013159712777
0.017599999905	0.013129024766
0.019199999049	0.013372241519
0.020800000057	0.013255313039
0.022399999201	0.013886577450
0.024000000209	0.014198592864
0.025599999353	0.012154241093
0.027199998498	0.010184848681
0.028799999505	0.011830224656
0.030399998650	0.012220976874
0.031999997795	0.013053520583
0.033599998802	0.012043841183
0.035199999809	0.013798369095
0.036800000817	0.012316273525
0.038399998099	0.010414833203
0.039999999106	0.011170544662
0.041600000113	0.012924849056
0.043199997395	0.011251744814
0.044799998403	0.012025057338
0.046399999410	0.012473344803
0.048000000417	0.010756288655
0.049599997699	0.011967488565
0.051199998707	0.012371473014
0.052799999714	0.010015280917
0.054399996996	0.009609536268
0.055999998003	0.011387648992
0.057599999011	0.010817713104
0.059200000018	0.009923920967
0.060799997300	0.010973504744
0.062399998307	0.009984673001
0.063999995589	0.011502448469
0.065600000322	0.012021824718
0.067199997604	0.010254256427
0.068799994886	0.009553857148
0.070399999619	0.011276609264
0.071999996901	0.010241921060
0.073600001633	0.010397648439
0.075199998915	0.010780752636
0.076799996197	0.009850576520
0.078400000930	0.009697840549
0.079999998212	0.009651488625
0.081599995494	0.009810112417
0.083200000226	0.011168224737
0.084799997509	0.007985521108
0.086399994791	0.009392304346
0.087999999523	0.007999328896
0.089599996805	0.009572128765
0.091199994087	0.009264416993
0.092799998820	0.011366304941
0.094399996102	0.009932529181
0.096000000834	0.008478016593
0.097599998116	0.008792112581
0.099199995399	0.011038240977
0.100800000131	0.009404288605
0.102399997413	0.006580016576
0.103999994695	0.008352928795
0.105599999428	0.010728176683
0.107199996710	0.009205760434
0.108799993992	0.009470352903
0.110399998724	0.009663441218
0.111999996006	0.009616608731
0.113600000739	0.009544065222
0.115199998021	0.008733376861
0.116799995303	0.009084080346
0.118400000036	0.010333840735
0.119999997318	0.008653616533
0.121599994600	0.007408528589
0.123199999332	0.009736305103
0.124799996614	0.008022320457
0.126399993896	0.006710016634
0.127999991179	0.008958016522
0.129600003362	0.008807312697
0.131200000644	0.009141280316
0.132799997926	0.007940912619
0.134399995208	0.008555552922
0.135999992490	0.008145553060
0.137599989772	0.007684784476
0.139200001955	0.010039424524
0.140799999237	0.007899296470
0.142399996519	0.007952816784
0.143999993801	0.007783712819
0.145599991083	0.009301616810
0.147200003266	0.007651152555
0.148800000548	0.009932912886
0.150399997830	0.008022304624
0.151999995112	0.008675520308
0.153599992394	0.007419136818
0.155199989676	0.007715872489
0.156800001860	0.008354320191
0.158399999142	0.007293360773
0.159999996424	0.009369264357
0.161599993706	0.007220144384
0.163199990988	0.009868864901
0.164800003171	0.008140960708
0.166400000453	0.007791024633
0.167999997735	0.008295568638
0.169599995017	0.009572897106
0.171199992299	0.006899808533
0.172799989581	0.004579008557
0.174400001764	0.009222016670
0.175999999046	0.007091552485
0.177599996328	0.007979824208
0.179199993610	0.007642352488
0.180799990892	0.006967536639
0.182399988174	0.006784112658
0.184000000358	0.005853248294
0.185599997640	0.008425920270
0.187199994922	0.008499776945
0.188799992204	0.006835248787
0.190399989486	0.007572960574
0.192000001669	0.008033488877
0.193599998951	0.005970784463
0.195199996233	0.005757952575
0.196799993515	0.006804272532
0.198399990797	0.008378288709
0.199999988079	0.007606640458
0.201600000262	0.008454480208
0.203199997544	0.007579776458
0.204799994826	0.006718432531
0.206399992108	0.006171360612
0.207999989390	0.007740000729
0.209600001574	0.006512400694
0.211199998856	0.007091328502
0.212799996138	0.007828336209
0.214399993420	0.008661841042
0.215999990702	0.007398176473
0.217599987984	0.006334512495
0.219200000167	0.005411936436
0.220799997449	0.006628816482
0.222399994731	0.005680640228
0.223999992013	0.005911312532
0.225599989295	0.006181744393
0.227200001478	0.006248896476
0.228799998760	0.005767840426
0.230399996042	0.006109568290
0.231999993324	0.005842624232
0.233599990606	0.006187344436
0.235199987888	0.006463744678
0.236800000072	0.006976864766
0.238399997354	0.007843136787
0.239999994636	0.006815776695
0.241599991918	0.003954224288
0.243199989200	0.006102896761
0.244799986482	0.005771552678
0.246399998665	0.004574176390
0.247999995947	0.007137280423
0.249599993229	0.008853216656
0.251199990511	0.004898720421
0.252799987793	0.005307040177
0.254399985075	0.007203168701
0.255999982357	0.007455536630
0.257599979639	0.006203584373
0.259200006723	0.005687760655
0.260800004005	0.006184000522
0.262400001287	0.004979856312
0.263999998569	0.005783472676
0.265599995852	0.006345376372
0.267199993134	0.004247360397
0.268799990416	0.006595472805
0.270399987698	0.006202528719
0.271999984980	0.005185648333
0.273599982262	0.005277136341
0.275199979544	0.006180128548
0.276800006628	0.004727136344
0.278400003910	0.007290448528
0.280000001192	0.008199216798
0.281599998474	0.005662592594
0.283199995756	0.006945568603
0.284799993038	0.005453904625
0.286399990320	0.005544928368
0.287999987602	0.004025600385
0.289599984884	0.004735200200
0.291199982166	0.006187648512
0.292799979448	0.003642304335
0.294400006533	0.007308432367
0.296000003815	0.004488704260
0.297600001097	0.005695664324
0.299199998379	0.007281696424
0.300799995661	0.006295856554
0.302399992943	0.003708048258
0.303999990225	0.004594384227
0.305599987507	0.005560176447
0.307199984789	0.003404000308
0.308799982071	0.005725376308
0.310399979353	0.005431008525
0.312000006437	0.005721344613
0.313600003719	0.006124512292
0.315200001001	0.003667184385
0.316799998283	0.005468912423
0.318399995565	0.005288096610
0.319999992847	0.004983280320
0.321599990129	0.005419968627
0.323199987411	0.003713920247
0.324799984694	0.005626512691
0.326399981976	0.004834416322
0.327999979258	0.005654000677
0.329600006342	0.006916304585
0.331200003624	0.004700192250
0.332800000906	0.003799584229
0.334399998188	0.005123136565
0.335999995470	0.006171872374
0.337599992752	0.003549136221
0.339199990034	0.004901392385
0.340799987316	0.004712336231
0.342399984598	0.004500496201
0.343999981880	0.004935568199
0.345599979162	0.004736912437
0.347199976444	0.004318720195
0.348800003529	0.003718688386
0.350400000811	0.004467056599
0.351999998093	0.004531552549
0.353599995375	0.002980784280
0.355199992657	0.005447328556
0.356799989939	0.004405024461
0.358399987221	0.004613424186
0.359999984503	0.004671680275
0.361599981785	0.004425856285
0.363199979067	0.004010208417
0.364799976349	0.005999712273
0.366400003433	0.005342448596
0.368000000715	0.004270128440
0.369599997997	0.005672576372
0.371199995279	0.005981200375
0.372799992561	0.004520096350
0.374399989843	0.005413872655
0.375999987125	0.004917648155
0.377599984407	0.004350208212
0.379199981689	0.006050224416
0.380799978971	0.006170448381
0.382399976254	0.004758064169
0.384000003338	0.005178128369
0.385600000620	0.004797136411
0.387199997902	0.004408432171
0.388799995184	0.002604544163
0.390399992466	0.004033072386
0.391999989748	0.004986400250
0.393599987030	0.005469216499
0.395199984312	0.005766656250
0.396799981594	0.003847456304
0.398399978876	0.005428144243
0.399999976158	0.005770528689
0.401600003242	0.005521120504
0.403200000525	0.004736608360
0.404799997807	0.006256576627
0.406399995089	0.003796048230
0.407999992371	0.003400480142
0.409599989653	0.004218400456
0.411199986935	0.003916720394
0.412799984217	0.004592768382
0.414399981499	0.004057872575
0.415999978781	0.001865376136
0.417599976063	0.004590448458
0.419200003147	0.005782368593
0.420800000429	0.005284512416
0.422399997711	0.004107680172
0.423999994993	0.005050448235
0.425599992275	0.004807408433
0.427199989557	0.005894144531
0.428799986839	0.005261152517
0.430399984121	0.004179504234
0.431999981403	0.002749552252
0.433599978685	0.003547680331
0.435199975967	0.006566256750
0.436800003052	0.001582128112
0.438400000334	0.005654256325
0.439999997616	0.004865712486
0.441599994898	0.004993312526
0.443199992180	0.005956560373
0.444799989462	0.005597232375
0.446399986744	0.004612992518
0.447999984026	0.002455456182
0.449599981308	0.004958672449
0.451199978590	0.005134560168
0.452799975872	0.006049648393
0.454400002956	0.003210496390
0.456000000238	0.003634192282
0.457599997520	0.003407392418
0.459199994802	0.004178400151
0.460799992085	0.005521936342
0.462399989367	0.002453504130
0.463999986649	0.005114656407
0.465599983931	0.002747360151
0.467199981213	0.002753632143
0.468799978495	0.004338096362
0.470399975777	0.002556288149
0.472000002861	0.003218608210
0.473600000143	0.004476224538
0.475199997425	0.002654736163
0.476799994707	0.002109808149
0.478399991989	0.004105504137
0.479999989271	0.004484576173
0.481599986553	0.003707952332
0.483199983835	0.002041552216
0.484799981117	0.004690272268
0.486399978399	0.004480976146
0.487999975681	0.001115360064
0.489599972963	0.004837552551
0.491200000048	0.002362704137
0.492799997330	0.002688352251
0.494399994612	0.003128624288
0.495999991894	0.003676992375
0.497599989176	0.002983696293
0.499199986458	0.003053824184
0.500800013542	0.003120928304
0.502399981022	0.002278800122
0.504000008106	0.003794912249
0.505599975586	0.003573808121
0.507200002670	0.007105936762
0.508799970150	0.002201696159
0.510399997234	0.002011984121
0.511999964714	0.001920720213
0.513599991798	0.002692672191
0.515199959278	0.006365696434
0.516799986362	0.000785088050
0.518400013447	0.002942448249
0.519999980927	0.002939120168
0.521600008011	0.003781936364
0.523199975491	0.003902352182
0.524800002575	0.003962672316
0.526399970055	0.005346432328
0.527999997139	0.002513824264
0.529599964619	0.004806976300
0.531199991703	0.003416320309
0.532799959183	0.004501920193
0.534399986267	0.003996048123
0.536000013351	0.001069104066
0.537599980831	0.004447520245
0.539200007915	0.002799632261
0.540799975395	0.003943904303
0.542400002480	0.001458624145
0.543999969959	0.005008016247
0.545599997044	0.002790848259
0.547199964523	0.001638160087
0.548799991608	0.003997440450
0.550399959087	0.002608848270
0.551999986172	0.003061136231
0.553600013256	0.001516672201
0.555199980736	0.003256080439
0.556800007820	0.000543104019
0.558399975300	0.002714368282
0.560000002384	0.004433968104
0.561599969864	0.003534304211
0.563199996948	0.002721744124
0.564799964428	0.002305952134
0.566399991512	0.003228368238
0.567999958992	0.003601744305
0.569599986076	0.004117024131
0.571200013161	0.003778576385
0.572799980640	0.002940288279
0.574400007725	0.002359024249
0.575999975204	0.001073056133
0.577600002289	0.003023840254
0.579199969769	0.001651808154
0.580799996853	0.003499088343
0.582399964333	0.002135168063
0.583999991417	0.003763408167
0.585599958897	0.004745808430
0.587199985981	0.002457984257
0.588800013065	0.002769856248
0.590399980545	0.002285824157
0.592000007629	0.003687600372
0.593599975109	-0.001054911991
0.595200002193	0.002418112243
0.596799969673	0.001319728093
0.598399996758	0.000624640030
0.599999964237	0.002280848334
0.601599991322	0.002874800237
0.603199958801	0.002464736113
0.604799985886	0.002845696174
0.606400012970	0.003815536387
0.607999980450	0.003297200194
0.609600007534	0.002127008280
0.611199975014	0.003417568281
0.612800002098	0.002756528324
0.614399969578	0.004038656130
0.615999996662	0.002498224145
0.617599964142	0.002221200150
0.619199991226	0.000579088053
0.620799958706	0.003440784290
0.622399985790	0.003145392286
0.624000012875	0.000859632040
0.625599980354	0.001994048245
0.627200007439	0.001748400158
0.628799974918	0.004821296316
0.630400002003	0.003872288391
0.631999969482	0.002548880177
0.633599996567	0.002051552059
0.635199964046	0.001792928088
0.636799991131	0.004289136268
0.638399958611	0.001229248010
0.639999985695	0.002157168230
0.641600012779	0.002691504313
0.643199980259	0.001752256183
0.644800007343	0.002387040295
0.646399974823	0.004974256270
0.648000001907	0.001790320151
0.649599969387	0.001046704128
0.651199996471	0.002095056232
0.652799963951	0.003983264323
0.654399991035	0.001894144109
0.655999958515	0.002568928292
0.657599985600	0.002455536276
0.659200012684	0.002467376180
0.660799980164	0.003336640308
0.662400007248	0.002850480378
0.663999974728	0.001493872143
0.665600001812	0.002657728270
0.667199969292	0.002939568367
0.668799996376	0.002607728122
0.670399963856	0.002200000221
0.671999990940	0.001983072143
0.673599958420	-0.000007087961
0.675199985504	0.002717584139
0.676800012589	0.002882352099
0.678399980068	0.001701856148
0.680000007153	0.001566672116
0.681599974632	0.000753184082
0.683200001717	0.001964464085
0.684799969196	0.001345888129
0.686399996281	0.000988752116
0.687999963760	0.003196480218
0.689599990845	0.000593344099
0.691199958324	0.000556656043
0.692799985409	0.003919040319
0.694399952888	0.003115520347
0.695999979973	0.000636848039
0.697600007057	0.003733680351
0.699199974537	0.002482704120
0.700800001621	0.002031936310
0.702399969101	0.000848016061
0.703999996185	0.001910016173
0.705599963665	0.001916464185
0.707199990749	0.002179536270
0.708799958229	0.002633056138
0.710399985313	0.003242608393
0.711999952793	0.002155072056
0.713599979877	0.002607456176
0.715200006962	0.000091328002
0.716799974442	0.002898144303
0.718400001526	0.002804416232
0.719999969006	-0.000120080054
0.721599996090	-0.000136224015
0.723199963570	0.004162768368
0.724799990654	0.001718416112
0.726399958134	0.003793152282
0.727999985218	0.004124544095
0.729599952698	0.000619808037
0.731199979782	0.001645696117
0.732800006866	0.003724960377
0.734399974346	0.002757024253
0.736000001431	0.002857344225
0.737599968910	0.002184976125
0.739199995995	0.002016272163
0.740799963474	0.002013584133
0.742399990559	0.001931008184
0.743999958038	0.000923440093
0.745599985123	0.002671504160
0.747199952602	-0.000273568061
0.748799979687	0.000445343991
0.750400006771	0.003421696136
0.751999974251	0.004219888244
0.753600001335	0.003004784230
0.755199968815	0.002681200160
0.756799995899	0.000737519993
0.758399963379	0.001594160101
0.759999990463	0.002151584253
0.761599957943	0.002388128312
0.763199985027	0.001508096117
0.764799952507	-0.000318464008
0.766399979591	0.001963824267
0.768000006676	0.002185024088
0.769599974155	0.002391872229
0.771200001240	0.000731264066
0.772799968719	0.001364768133
0.774399995804	0.001348752063
0.775999963284	0.001470608171
0.777599990368	0.001756704180
0.779199957848	-0.001088640071
0.780799984932	0.002301440109
0.782399952412	0.001644672127
0.783999979496	0.000192224048
0.785600006580	-0.000395696028
0.787199974060	0.001212448115
0.788800001144	0.000924704073
0.790399968624	-0.000104672035
0.791999995708	0.001850752160
0.793599963188	0.001416512066
0.795199990273	0.001894032117
0.796799957752	0.001464752131
0.798399984837	0.002497616224
0.799999952316	-0.000017520009
0.801599979401	0.002391552087
0.803200006485	0.001813408104
0.804799973965	0.000971344067
0.806400001049	0.001538848155
0.807999968529	0.000292800047
0.809599995613	0.002137936186
0.811199963093	0.003196496284
0.812799990177	0.002672272269
0.814399957657	0.002586096292
0.815999984741	0.001403168077
0.817599952221	0.001895824214
0.819199979305	0.000535504019
0.820800006390	0.001863280195
0.822399973869	0.001243856153
0.824000000954	0.001015584101
0.825599968433	0.001860496122
0.827199995518	0.001242176164
0.828799962997	-0.000053551998
0.830399990082	0.002155152149
0.831999957561	0.004052720498
0.833599984646	-0.001224912121
0.835199952126	0.001098608016
0.836799979210	0.002357936231
0.838400006294	0.003321376164
0.839999973774	0.001424336107
0.841600000858	0.001480384148
0.843199968338	0.002158112125
0.844799995422	0.001014144160
0.846399962902	0.000393312075
0.847999989986	0.000615712081
0.849599957466	0.001007968094
0.851199984550	0.000266592018
0.852799952030	0.002640016144
0.854399979115	0.001227088156
0.856000006199	0.000889824063
0.857599973679	0.001963583985
0.859200000763	0.001025376143
0.860799968243	0.002079712227
0.862399995327	0.000612032018
0.863999962807	0.000850384007
0.865599989891	0.001584032201
0.867199957371	0.001646800083
0.868799984455	0.001234192168
0.870399951935	0.001561568119
0.871999979019	0.000397440075
0.873600006104	-0.000168128026
0.875199973583	0.002065264154
0.876800000668	0.001828496228
0.878399968147	0.001853568130
0.879999995232	0.000100575984
0.881599962711	0.000266448013
0.883199989796	0.001626288053
0.884799957275	0.001294560032
0.886399984360	0.001966048265
0.887999951839	0.001948624151
0.889599978924	0.000463440083
0.891200006008	0.000113871989
0.892799973488	0.001507616136
0.894400000572	0.000574928010
0.895999968052	0.000622543972
0.897599995136	0.002112272196
0.899199962616	0.001915120170
0.900799989700	0.001987760188
0.902399957180	0.000927136047
0.903999984264	0.002809632104
0.905599951744	0.001001536031
0.907199978828	0.001548224129
0.908800005913	-0.000090607973
0.910399973392	0.001842544181
0.912000000477	0.003223808249
0.913599967957	0.003413824365
0.915199995041	0.000688608096
0.916799962521	0.001739088213
0.918399989605	0.001065184013
0.919999957085	0.000679776014
0.921599984169	0.002263056347
0.923199951649	-0.000526032003
0.924799978733	0.001337696100
0.926400005817	0.000267167925
0.927999973297	0.002626160160
0.929600000381	0.000941808103
0.931199967861	0.002906928305
0.932799994946	-0.001373968204
0.934399962425	0.000691008056
0.935999989510	0.002547824290
0.937599956989	-0.001018928015
0.939199984074	0.000770368089
0.940799951553	0.000371872069
0.942399978638	0.000478688075
0.944000005722	0.001378064044
0.945599973202	0.001700432156
0.947200000286	0.002808688208
0.948799967766	0.000739584037
0.950399994850	0.000102032027
0.951999962330	-0.000409808039
0.953599989414	0.002053648233
0.955199956894	-0.000289056043
0.956799983978	0.000460176088
0.958399951458	0.002959216246
0.959999978542	0.001087168115
0.961599946022	0.001774752163
0.963199973106	0.000264095986
0.964800000191	0.001758688129
0.966399967670	0.002277616179
0.967999994755	0.001007488114
0.969599962234	0.001727840165
0.971199989319	0.001591392094
0.972799956799	0.000782320043
0.974399983883	-0.001853200141
0.975999951363	0.001430448145
0.977599978447	0.000362640043
0.979199945927	0.000743504032
0.980799973011	0.000329504022
0.982400000095	-0.000312896067
0.983999967575	0.001915984205
0.985599994659	-0.000122656013
0.987199962139	0.000895760080
0.988799989223	0.001058592112
0.990399956703	0.000666272070
0.991999983788	0.003475552425
0.993599951267	0.001009104075
0.995199978352	-0.000673696049
0.996799945831	-0.000637968013
0.998399972916	-0.001237056102
1.000000000000	0.001347824116
1.001600027084	0.002299568150
1.003199934959	-0.001456768136
1.004799962044	0.001172640128
1.006399989128	0.001710464130
1.008000016212	0.001206048066
1.009599924088	0.002167344093
1.011199951172	0.000843344082
1.012799978256	0.001226784079
1.014400005341	0.000193279993
1.016000032425	0.001951536164
1.017599940300	-0.000337472011
1.019199967384	-0.001684128074
1.020799994469	0.000440720032
1.022400021553	0.001437472063
1.023999929428	-0.000082143990
1.025599956512	0.001157584134
1.027199983597	0.001341456082
1.028800010681	0.001135376049
1.030399918556	-0.000123872000
1.031999945641	-0.000071824012
1.033599972725	0.000536656065
1.035199999809	0.002440656070
1.036800026894	-0.000083264043
1.038399934769	0.001228288049
1.039999961853	-0.000473632041
1.041599988937	0.000883248111
1.043200016022	0.000406416046
1.044799923897	-0.000969728047
1.046399950981	-0.000124784041
1.047999978065	0.000082223996
1.049600005150	0.000088991968
1.051200032234	0.002016176237
1.052799940109	0.001754368073
1.054399967194	-0.001591824112
1.055999994278	0.001808416215
1.057600021362	-0.000645536056
1.059199929237	-0.000411728048
1.060799956322	0.000561072025
1.062399983406	-0.001207120134
1.064000010490	0.001133696060
1.065599918365	0.000520432077
1.067199945450	0.000464144017
1.068799972534	0.000236000022
1.070399999619	0.000680528115
1.072000026703	-0.000095872034
1.073599934578	0.001063296106
1.075199961662	0.000733072113
1.076799988747	-0.001059152070
1.078400015831	0.000684047991
1.079999923706	-0.001025376027
1.081599950790	0.001011423999
1.083199977875	-0.000111440015
1.084800004959	-0.001347360085
1.086400032043	0.002906720387
1.087999939919	0.000809664081
1.089599967003	0.000204223979
1.091199994087	-0.001321296091
1.092800021172	0.002206992125
1.094399929047	-0.001388256089
1.095999956131	0.000669760106
1.097599983215	0.001877888106
1.099200010300	-0.000564432063
1.100799918175	0.000289711985
1.102399945259	0.000000831986
1.103999972343	0.001170496107
1.105599999428	-0.001486432040
1.107200026512	0.000640224025
1.108799934387	-0.000571968034
1.110399961472	0.000720400072
1.111999988556	0.000612256059
1.113600015640	-0.000609248003
1.115199923515	0.000229215977
1.116799950600	-0.000545007992
1.118399977684	-0.000562960049
1.120000004768	-0.000448784063
1.121599912643	0.002035072306
1.123199939728	0.002338256221
1.124799966812	-0.001056944020
1.126399993896	-0.000092832008
1.128000020981	-0.001227600151
1.129599928856	0.001570208115
1.131199955940	0.000847888063
1.132799983025	0.001162960194
1.134400010109	-0.001183488057
1.135999917984	0.000250272016
1.137599945068	0.000473760068
1.139199972153	0.001336992020
1.140799999237	-0.000935040123
1.142400026321	-0.000526240037
1.143999934196	-0.002252784092
1.145599961281	-0.000312383985
1.147199988365	0.000765360019
1.148800015450	-0.000085263993
1.150399923325	-0.000279120053
1.151999950409	0.000492848048
1.153599977493	-0.000851280114
1.155200004578	-0.000265136070
1.156799912453	0.000128464031
1.158399939537	-0.000189392013
1.159999966621	0.000326240028
1.161599993706	0.001959072193
1.163200020790	-0.002016368089
1.164799928665	-0.000084224004
1.166399955750	0.001182464068
1.167999982834	0.000146336009
1.169600009918	0.000020527981
1.171199917793	-0.000114912022
1.172799944878	-0.000466976024
1.174399971962	0.001994416118
1.175999999046	0.000783088093
1.177600026131	0.000290448050
1.179199934006	-0.000335152028
1.180799961090	0.000275840051
1.182399988174	0.001055136090
1.184000015259	-0.000724784040
1.185599923134	-0.000048719983
1.187199950218	-0.000694112096
1.188799977303	-0.001800960163
1.190400004387	0.001010016073
1.191999912262	0.000117295996
1.193599939346	0.000676832045
1.195199966431	-0.000368560082
1.196799993515	0.001224528067
1.198400020599	-0.000838224078
1.199999928474	0.001707776100
1.201599955559	-0.000861312146
1.203199982643	-0.000785408076
1.204800009727	0.001345712109
1.206399917603	0.000800320064
1.207999944687	0.000949056121
1.209599971771	-0.000600624015
1.211199998856	0.000497808098
1.212800025940	-0.000985536026
1.214399933815	0.000639472040
1.215999960899	0.000555087987
1.217599987984	-0.001673600171
1.219200015068	0.000193663989
1.220799922943	0.000545680115
1.222399950027	-0.000788624049
1.223999977112	0.000004191932
1.225600004196	0.000384512008
1.227199912071	-0.003770656418
1.228799939156	-0.000859408057
1.230399966240	-0.000440112082
1.231999993324	-0.001399344066
1.233600020409	0.000370672031
1.235199928284	-0.001330400002
1.236799955368	-0.000899568084
1.238399982452	0.000231680038
1.240000009537	0.000372352020
1.241599917412	-0.003219440347
1.243199944496	0.001005296130
1.244799971581	0.000800784095
1.246399998665	-0.001592448098
1.248000025749	0.000343056046
1.249599933624	-0.002097920049
1.251199960709	-0.001176400110
1.252799987793	0.000231936006
1.254400014877	0.000881408108
1.255999922752	0.000261824025
1.257599949837	0.001114048064
1.259199976921	0.000503152027
1.260800004005	-0.000347520021
1.262399911880	0.000414144015
1.263999938965	0.000167887963
1.265599966049	0.000230959995
1.267199993134	-0.000224080068
1.268800020218	0.000601696025
1.270399928093	-0.001968016149
1.271999955177	0.000168079976
1.273599982262	0.000515344087
1.275200009346	0.000526528107
1.276799917221	-0.000196816036
1.278399944305	0.000916400109
1.279999971390	-0.000151567961
1.281599998474	0.000058944006
1.283200025558	0.001115536084
1.284799933434	-0.001209328184
1.286399960518	-0.002252784092
1.287999987602	-0.001884832163
1.289600014687	-0.000207792036
1.291199922562	0.000851168064
1.292799949646	-0.000963008148
1.294399976730	-0.001439424115
1.296000003815	-0.001653040177
1.297599911690	0.001423440059
1.299199938774	-0.001159872045
1.300799965858	-0.000422144047
1.302399992943	-0.000040448031
1.304000020027	0.000978016062
1.305599927902	-0.001054112101
1.307199954987	-0.001477936166
1.308799982071	-0.000165776029
1.310400009155	-0.002944400301
1.311999917030	-0.001560544129
1.313599944115	0.001697744243
1.315199971199	-0.000390304049
1.316799998283	0.000130336033
1.318400025368	-0.000551280042
1.319999933243	0.000176767993
1.321599960327	0.000857680105
1.323199987411	0.000765696110
1.324800014496	-0.000448192033
1.326399922371	-0.001593584195
1.327999949455	0.000794752035
1.329599976540	-0.000724992075
1.331200003624	-0.000284784008
1.332799911499	-0.001003984129
1.334399938583	-0.001520416117
1.335999965668	-0.000073552015
1.337599992752	0.000119600001
1.339200019836	-0.000013311975
1.340799927711	0.000028271990
1.342399954796	0.000810528058
1.343999981880	-0.001107936027
1.345600008965	-0.001716320170
1.347199916840	-0.000502672046
1.348799943924	-0.002720464254
1.350399971008	0.000139440031
1.351999998093	-0.000580576016
1.353600025177	0.001536160125
1.355199933052	-0.000968576118
1.356799960136	-0.000782688032
1.358399987221	0.000550944067
1.360000014305	-0.000660992053
1.361599922180	-0.001603328157
1.363199949265	-0.001179760206
1.364799976349	-0.000643904030
1.366400003433	-0.000695712049
1.367999911308	-0.000180607982
1.369599938393	-0.001560560195
1.371199965477	-0.001242480124
1.372799992561	-0.000500752009
1.374400019646	-0.000727360020
1.375999927521	0.000256464002
1.377599954605	-0.002638832200
1.379199981689	-0.001401616144
1.380800008774	-0.001664464129
1.382399916649	0.001621152158
1.383999943733	-0.000537712069
1.385599970818	-0.002374912146
1.387199997902	-0.001262736158
1.388799905777	-0.000278112071
1.390399932861	0.000382528058
1.391999959946	0.000131904017
1.393599987030	0.000911664101
1.395200014114	-0.001833456103
1.396799921989	-0.000665376021
1.398399949074	-0.001026208047
1.399999976158	0.002016496146
1.401600003242	-0.001319824136
1.403199911118	-0.001465616166
1.404799938202	0.000728928077
1.406399965286	-0.000768480066
1.407999992371	-0.000309872063
1.409600019455	-0.000243951974
1.411199927330	0.000395568059
1.412799954414	-0.001995296218
1.414399981499	-0.000234448031
1.416000008583	-0.000612112053
1.417599916458	-0.001654672087
1.419199943542	-0.000340320024
1.420799970627	-0.000593760051
1.422399997711	0.000114719965
1.423999905586	-0.001718688174
1.425599932671	-0.001790336100
1.427199959755	-0.000262640067
1.428799986839	0.000378416007
1.430400013924	-0.001414000173
1.431999921799	-0.002470240230
1.433599948883	0.000608048053
1.435199975967	0.001337824157
1.436800003052	-0.001144896145
1.438399910927	-0.002100704238
1.439999938011	0.001003840123
1.441599965096	-0.001422704081
1.443199992180	-0.000595712045
1.444800019264	-0.001565664192
1.446399927139	-0.000676448108
1.447999954224	-0.001314544119
1.449599981308	0.000619135972
1.451200008392	-0.001081488095
1.452799916267	-0.001549568144
1.454399943352	-0.000795952103
1.455999970436	0.000158239985
1.457599997520	-0.001036608126
1.459199905396	-0.002453968162
1.460799932480	0.000202896030
1.462399959564	-0.000672880036
1.463999986649	-0.000477008056
1.465600013733	-0.001588992076
1.467199921608	-0.002359200269
1.468799948692	-0.000034656037
1.470399975777	-0.001732544159
1.472000002861	0.000031296000
1.473599910736	-0.001216096105
1.475199937820	-0.001333824126
1.476799964905	-0.001430512057
1.478399991989	-0.001302112127
1.480000019073	-0.000373584015
1.481599926949	-0.002398176119
1.483199954033	-0.000032368000
1.484799981117	-0.003016912146
1.486400008202	0.000582944020
1.487999916077	-0.002228080062
1.489599943161	-0.001273584086
1.491199970245	-0.001314064139
1.492799997330	-0.001344048069
1.494399905205	0.000162096039
1.495999932289	-0.001843552105
1.497599959373	-0.000407696032
1.499199986458	-0.002434384311
1.500800013542	-0.001793632051
1.502399921417	0.000071136004
1.503999948502	-0.000848576077
1.505599975586	-0.000185775993
1.507200002670	-0.002276304178
1.508799910545	-0.001131920144
1.510399937630	-0.000029216042
1.511999964714	0.000001759984
1.513599991798	-0.002174864290
1.515200018883	-0.001849152148
1.516799926758	-0.001199984108
1.518399953842	-0.002379872138
1.519999980927	0.000233648083
1.521600008011	-0.001769104158
1.523199915886	-0.002607088303
1.524799942970	-0.000582991983
1.526399970055	-0.000358880061
1.527999997139	-0.001299968106
1.529599905014	-0.001334320172
1.531199932098	0.000243008035
1.532799959183	0.000019872003
1.534399986267	-0.000477440015
1.536000013351	0.000077855977
1.537599921227	-0.002283408307
1.539199948311	-0.002573312260
1.540799975395	-0.000004896022
1.542400002480	-0.002257904271
1.543999910355	-0.001500832033
1.545599937439	-0.000855808030
1.547199964523	-0.000671936024
1.548799991608	-0.001527808141
1.550400018692	0.000548576063
1.551999926567	-0.001435056096
1.553599953651	-0.002030480187
1.555199980736	0.001457200153
1.556800007820	-0.004277872387
1.558399915695	-0.002626928268
1.559999942780	-0.000335856079
1.561599969864	-0.000503872056
1.563199996948	-0.001939904178
1.564799904823	-0.000387488020
1.566399931908	-0.002006496070
1.567999958992	-0.002745888196
1.569599986076	-0.000033200016
1.571200013161	-0.000245600066
1.572799921036	-0.000245216041
1.574399948120	-0.001883488148
1.575999975204	-0.000689440058
1.577600002289	-0.001743808156
1.579199910164	0.000218607995
1.580799937248	-0.002088016132
1.582399964333	-0.003210768336
1.583999991417	-0.000095696007
1.585600018501	-0.001364688156
1.587199926376	-0.001817280077
1.588799953461	-0.002716752235
1.590399980545	0.000915120123
1.592000007629	-0.001695632120
1.593599915504	-0.000860624132
1.595199942589	-0.000335296005
1.596799969673	-0.001100912108
1.598399996758	-0.000839280081
1.599999904633	-0.001494272146
1.601599931717	-0.000410496024
1.603199958801	-0.001080576098
1.604799985886	-0.000061792016
1.606400012970	-0.001104768133
1.607999920845	-0.000637232035
1.609599947929	0.000507040066
1.611199975014	-0.001576752169
1.612800002098	-0.000666384061
1.614399909973	0.000678944052
1.615999937057	-0.001738064107
1.617599964142	0.000061472034
1.619199991226	-0.001381168142
1.620800018311	-0.003908240236
1.622399926186	-0.000409759989
1.623999953270	-0.001517168130
1.625599980354	0.000374352094
1.627200007439	-0.002926064190
1.628799915314	-0.001082464121
1.630399942398	-0.000646432047
1.631999969482	-0.001419856097
1.633599996567	-0.001179360086
1.635199904442	-0.002026320202
1.636799931526	-0.001113040140
1.638399958611	-0.002022880130
1.639999985695	-0.001578096184
1.641600012779	-0.002178448252
1.643199920654	-0.000465424033
1.644799947739	-0.002507264260
1.646399974823	-0.000948704081
1.648000001907	-0.000524592120
1.649599909782	-0.001741760178
1.651199936867	-0.000387792068
1.652799963951	0.000168383966
1.654399991035	-0.001780688181
1.655999898911	-0.003608032363
1.657599925995	-0.001980416244
1.659199953079	-0.002901200205
1.660799980164	-0.001409520162
1.662400007248	0.000036592006
1.663999915123	-0.000541488058
1.665599942207	-0.003487792332
1.667199969292	-0.001368640107
1.668799996376	-0.000193280037
1.670399904251	-0.002889520256
1.671999931335	-0.001011856017
1.673599958420	-0.002636560239
1.675199985504	-0.000569168071
1.676800012589	-0.001942192204
1.678399920464	-0.000979120028
1.679999947548	-0.001749872114
1.681599974632	-0.003585792147
1.683200001717	0.001170304138
1.684799909592	-0.004245984368
1.686399936676	0.000115952062
1.687999963760	-0.002414048184
1.689599990845	-0.002214960288
1.691199898720	-0.002114576288
1.692799925804	-0.001756736194
1.694399952888	-0.000674432085
1.695999979973	-0.003165872302
1.697600007057	0.000323904038
1.699199914932	-0.001876144204
1.700799942017	-0.000006639985
1.702399969101	-0.001220080070
1.703999996185	-0.002019456122
1.705599904060	-0.001017888077
1.707199931145	0.000523840019
1.708799958229	-0.001313968096
1.710399985313	-0.003915088251
1.712000012398	-0.001780032180
1.713599920273	-0.000184928023
1.715199947357	-0.001124256058
1.716799974442	-0.002193872118
1.718400001526	-0.002446944127
1.719999909401	-0.003005664097
1.721599936485	-0.000244863972
1.723199963570	-0.000659584068
1.724799990654	-0.001404240145
1.726399898529	-0.002208096208
1.727999925613	-0.001856384100
1.729599952698	-0.002516768174
1.731199979782	0.000094704032
1.732800006866	-0.001086496166
1.734399914742	-0.004148496315
1.735999941826	-0.001968192169
1.737599968910	-0.001461072126
1.739199995995	-0.000461376039
1.740799903870	-0.001847504056
1.742399930954	-0.002134848153
1.743999958038	-0.002202720148
1.745599985123	-0.001031712163
1.747200012207	0.000350912043
1.748799920082	-0.001702848123
1.750399947166	-0.002505040262
1.751999974251	-0.001525024185
1.753600001335	-0.001797664212
1.755199909210	-0.002326080110
1.756799936295	-0.002242512302
1.758399963379	0.000016848009
1.759999990463	-0.004077200312
1.761599898338	-0.000006480027
1.763199925423	-0.001243840088
1.764799952507	-0.002500656061
1.766399979591	-0.000372608018
1.768000006676	-0.001638784190
1.769599914551	-0.001375408145
1.771199941635	-0.001417648164
1.772799968719	-0.000889536052
1.774399995804	-0.002999728313
1.775999903679	-0.000327504007
1.777599930763	-0.001208752161
1.779199957848	-0.003829360241
1.780799984932	-0.000834864099
1.782400012016	-0.001970128156
1.783999919891	-0.001319392119
1.785599946976	-0.001778864185
1.787199974060	-0.001422032132
1.788800001144	-0.002173312241
1.790399909019	-0.002703120233
1.791999936104	-0.001822176157
1.793599963188	-0.001733040204
1.795199990273	-0.002531744074
1.796799898148	-0.002909040311
1.798399925232	-0.002932496369
1.799999952316	-0.001279600197
1.801599979401	-0.002866016235
1.803200006485	-0.001766064088
1.804799914360	-0.002991344314
1.806399941444	-0.000647728040
1.807999968529	-0.001841344056
1.809599995613	-0.001751744188
1.811199903488	-0.001773280092
1.812799930573	-0.002059984021
1.814399957657	-0.002348048147
1.815999984741	-0.003221856197
1.817600011826	-0.001561520156
1.819199919701	-0.002451120177
1.820799946785	-0.001745808171
1.822399973869	-0.000544607989
1.824000000954	-0.004385920241
1.825599908829	-0.000372768031
1.827199935913	0.000523392111
1.828799962997	-0.002257360145
1.830399990082	-0.001233664108
1.831999897957	-0.003971200436
1.833599925041	-0.000720416079
1.835199952126	-0.003590976354
1.836799979210	-0.000181056006
1.838400006294	-0.002333152108
1.839999914169	-0.003525072243
1.841599941254	-0.002859744243
1.843199968338	-0.000286720053
1.844799995422	-0.002028128132
1.846399903297	-0.003247008193
1.847999930382	-0.002428624313
1.849599957466	-0.002586544259
1.851199984550	-0.001577792107
1.852800011635	-0.000207840014
1.854399919510	-0.002474144101
1.855999946594	-0.000049471993
1.857599973679	-0.003034272231
1.859200000763	-0.003004672239
1.860799908638	-0.002154288115
1.862399935722	-0.001332064043
1.863999962807	-0.003435120219
1.865599989891	-0.001088592107
1.867199897766	-0.003165008267
1.868799924850	-0.002601936227
1.870399951935	-0.000262464047
1.871999979019	-0.002424592152
1.873600006104	-0.001684368122
1.875199913979	-0.003084544325
1.876799941063	-0.003275168128
1.878399968147	-0.000927632092
1.879999995232	-0.001352592022
1.881599903107	-0.000996752060
1.883199930191	-0.001075248118
1.884799957275	-0.002769488376
1.886399984360	-0.001062400057
1.888000011444	-0.000618048070
1.889599919319	-0.001320288051
1.891199946404	-0.001203712076
1.892799973488	-0.002106528264
1.894400000572	-0.001132367994
1.895999908447	-0.000385888008
1.897599935532	-0.002656672150
1.899199962616	-0.002959120320
1.900799989700	-0.002140880097
1.902399897575	-0.002015840262
1.903999924660	-0.000886672060
1.905599951744	-0.004164672457
1.907199978828	-0.003804080421
1.908800005913	-0.002374000149
1.910399913788	-0.001297568204
1.911999940872	-0.000336400000
1.913599967957	-0.001086928067
1.915199995041	-0.003210208379
1.916799902916	-0.003200640203
1.918399930000	-0.000241584072
1.919999957085	-0.000333184027
1.921599984169	-0.000527344062
1.923199892044	-0.002797024092
1.924799919128	-0.000516416098
1.926399946213	-0.001551712048
1.927999973297	-0.002388672205
1.929600000381	-0.000028688004
1.931199908257	-0.001946608187
1.932799935341	-0.002776016248
1.934399962425	-0.002317600185
1.935999989510	-0.002834960120
1.937599897385	-0.001229472109
1.939199924469	-0.000319568033
1.940799951553	-0.002259968081
1.942399978638	-0.004030320328
1.944000005722	-0.003769168397
1.945599913597	-0.002534704283
1.947199940681	-0.001332784188
1.948799967766	-0.001012288034
1.950399994850	-0.001982560148
1.951999902725	-0.001699584187
1.953599929810	-0.002646432258
1.955199956894	-0.001265648054
1.956799983978	0.000711056055
1.958399891853	-0.002971488284
1.959999918938	-0.001784736174
1.961599946022	-0.004177904222
1.963199973106	-0.002074096119
1.964800000191	-0.002345120069
1.966399908066	-0.002310960088
1.967999935150	-0.002080112230
1.969599962234	-0.003548176261
1.971199989319	0.001049232087
1.972799897194	-0.001812304137
1.974399924278	-0.002268768148
1.975999951363	-0.001926432131
1.977599978447	-0.004273184109
1.979200005531	-0.001727616065
1.980799913406	-0.004484608304
1.982399940491	-0.003155536251
1.983999967575	-0.000234928084
1.985599994659	-0.002229328267
1.987199902534	-0.001695440151
1.988799929619	-0.001999888103
1.990399956703	-0.001287392108
1.991999983788	-0.002486192388
1.993599891663	-0.001629488077
1.995199918747	-0.002734320238
1.996799945831	-0.004150576424
1.998399972916	-0.002836640226
2.000000000000	-0.002097024117
2.001600027084	0.000031151954
2.003200054169	-0.002220192226
2.004799842834	-0.002752992325
2.006399869919	-0.002884496236
2.007999897003	-0.003837632248
2.009599924088	-0.002552448306
2.011199951172	-0.002402496291
2.012799978256	-0.002894640202
2.014400005341	-0.003697152250
2.016000032425	-0.002463616198
2.017600059509	-0.000917168043
2.019199848175	-0.002994592302
2.020799875259	-0.002902592300
2.022399902344	-0.004816272296
2.023999929428	-0.002113616094
2.025599956512	0.000142127959
2.027199983597	-0.003449056298
2.028800010681	-0.002266112249
2.030400037766	-0.003914240282
2.032000064850	-0.002649632283
2.033599853516	-0.003553808201
2.035199880600	-0.000833520084
2.036799907684	-0.003242016304
2.038399934769	-0.002523664152
2.039999961853	-0.002168176230
2.041599988937	-0.001404688112
2.043200016022	-0.002229072154
2.044800043106	-0.003467296250
2.046399831772	-0.001965664094
2.047999858856	-0.002296720166
2.049599885941	-0.001941664261
2.051199913025	-0.002045552246
2.052799940109	-0.004610320553
2.054399967194	-0.002132208087
2.055999994278	-0.002910016105
2.057600021362	-0.002383152256
2.059200048447	-0.001398960128
2.060799837112	-0.003187552327
2.062399864197	-0.003741488326
2.063999891281	-0.001690064208
2.065599918365	-0.002812528284
2.067199945450	-0.004692752380
2.068799972534	-0.002440496115
2.070399999619	-0.002396096243
2.072000026703	-0.003359552240
2.073600053787	-0.000365536049
2.075199842453	-0.002506080084
2.076799869537	-0.002056864090
2.078399896622	-0.003160080174
2.079999923706	-0.001249696128
2.081599950790	-0.002936928300
2.083199977875	-0.002661184175
2.084800004959	-0.002675920259
2.086400032043	-0.002818928333
2.088000059128	-0.002314128214
2.089599847794	-0.004256528337
2.091199874878	-0.002945664339
2.092799901962	-0.003332080320
2.094399929047	-0.004532384221
2.095999956131	-0.003462512279
2.097599983215	-0.000637344026
2.099200010300	-0.001615472138
2.100800037384	-0.003573600203
2.102400064468	-0.002096832031
2.103999853134	-0.001796176191
2.105599880219	-0.002528768266
2.107199907303	-0.003975504544
2.108799934387	-0.002504608128
2.110399961472	-0.004489008337
2.111999988556	-0.002869936405
2.113600015640	-0.001909792190
2.115200042725	-0.002060512314
2.116799831390	-0.002520160284
2.118399858475	-0.003429680131
2.119999885559	-0.003573712194
2.121599912643	-0.002462624107
2.123199939728	-0.002630112227
2.124799966812	-0.003632592270
2.126399993896	-0.003784896340
2.128000020981	-0.002409760142
2.129600048065	-0.005100592505
2.131199836731	-0.003526928369
2.132799863815	-0.003215376288
2.134399890900	-0.003330208361
2.135999917984	-0.003848208347
2.137599945068	-0.003809632268
2.139199972153	-0.003236880293
2.140799999237	-0.005414112471
2.142400026321	-0.000679984048
2.144000053406	-0.002065344248
2.145599842072	-0.003325408325
2.147199869156	-0.002494288143
2.148799896240	-0.006103568710
2.150399923325	-0.002944272244
2.151999950409	0.000299696025
2.153599977493	-0.001980384113
2.155200004578	-0.003507136367
2.156800031662	-0.004753392190
2.158400058746	0.000114944014
2.159999847412	-0.003050208092
2.161599874496	-0.001684960211
2.163199901581	-0.001683632028
2.164799928665	-0.005100816488
2.166399955750	-0.001542528160
2.167999982834	-0.001417152118
2.169600009918	-0.001871056156
2.171200037003	-0.003523264313
2.172800064087	-0.004227584228
2.174399852753	-0.002978432225
2.175999879837	-0.004126064479
2.177599906921	-0.002133760136
2.179199934006	-0.003251312301
2.180799961090	-0.001368656172
2.182399988174	-0.002346304245
2.184000015259	-0.003952512518
2.185600042343	-0.002428256208
2.187199831009	-0.003126128344
2.188799858093	-0.002826256212
2.190399885178	-0.002619840205
2.191999912262	-0.002364704153
2.193599939346	-0.002087120200
2.195199966431	-0.004040816333
2.196799993515	-0.001049072132
2.198400020599	-0.005936944392
2.200000047684	-0.001747536124
2.201599836349	-0.003390128259
2.203199863434	-0.000821040128
2.204799890518	-0.001225648099
2.206399917603	-0.002697504126
2.207999944687	-0.001412416110
2.209599971771	-0.004586960655
2.211199998856	-0.002010080265
2.212800025940	-0.003189760260
2.214400053024	-0.003389504272
2.215999841690	-0.002448320156
2.217599868774	-0.003042592201
2.219199895859	-0.000922096078
2.220799922943	-0.005427360535
2.222399950027	-0.000830512086
2.223999977112	-0.003968544304
2.225600004196	-0.003113632323
2.227200031281	-0.003904016223
2.228800058365	-0.004778880626
2.230399847031	-0.003172304248
2.231999874115	-0.003949968610
2.233599901199	-0.001625168137
2.235199928284	-0.003951376304
2.236799955368	-0.002165472135
2.238399982452	-0.001962832175
2.240000009537	-0.002678928198
2.241600036621	-0.002540112240
2.243199825287	-0.002734560287
2.244799852371	-0.004301184323
2.246399879456	-0.003683328396
2.247999906540	-0.003208096372
2.249599933624	-0.002446800238
2.251199960709	-0.002883808222
2.252799987793	-0.001435280079
2.254400014877	-0.002788048238
2.256000041962	-0.002389568137
2.257599830627	-0.001882960205
2.259199857712	-0.003183840308
2.260799884796	-0.002175312256
2.262399911880	-0.001959360205
2.263999938965	-0.002861536108
2.265599966049	-0.002934464253
2.267199993134	-0.004689936526
2.268800020218	-0.003609648207
2.270400047302	-0.002824192168
2.271999835968	-0.003082688199
2.273599863052	-0.003382256255
2.275199890137	-0.004491776228
2.276799917221	-0.001985696144
2.278399944305	-0.001719712163
2.279999971390	-0.004135776311
2.281599998474	-0.003759376239
2.283200025558	-0.004730224144
2.284800052643	-0.005426320247
2.286399841309	-0.003875200404
2.287999868393	-0.003614224261
2.289599895477	-0.003093712265
2.291199922562	-0.002217984060
2.292799949646	-0.003365680343
2.294399976730	-0.003651072271
2.296000003815	-0.003991760314
2.297600030899	-0.001820160192
2.299200057983	-0.004307856318
2.300799846649	-0.004400640260
2.302399873734	-0.003348512342
2.303999900818	-0.002256784122
2.305599927902	-0.002492944244
2.307199954987	-0.002851360245
2.308799982071	-0.002165728249
2.310400009155	-0.004136048257
2.312000036240	-0.001519904239
2.313599824905	-0.005122128408
2.315199851990	-0.001836192212
2.316799879074	-0.002484704135
2.318399906158	-0.003906160360
2.319999933243	-0.003918336239
2.321599960327	-0.005269712303
2.323199987411	-0.002396880183
2.324800014496	-0.004123120103
2.326400041580	-0.002530176193
2.327999830246	-0.003787760390
2.329599857330	-0.006531536579
2.331199884415	-0.002085168147
2.332799911499	-0.003736928338
2.334399938583	-0.001624432160
2.335999965668	-0.003093648236
2.337599992752	-0.003494720208
2.339200019836	-0.003368528327
2.340800046921	-0.002963824198
2.342399835587	-0.001392192091
2.343999862671	-0.004651968367
2.345599889755	-0.004067568574
2.347199916840	-0.003538592253
2.348799943924	-0.004445824306
2.350399971008	-0.003041184274
2.351999998093	-0.001986144111
2.353600025177	-0.001238160068
2.355200052261	-0.004453744274
2.356799840927	-0.003157456173
2.358399868011	-0.003788048401
2.359999895096	-0.003686576383
2.361599922180	-0.001241904101
2.363199949265	-0.004491056316
2.364799976349	-0.004249440506
2.366400003433	-0.002607760252
2.368000030518	-0.003863024293
2.369600057602	-0.002959808335
2.371199846268	-0.001309200190
2.372799873352	-0.003602688434
2.374399900436	-0.005715920590
2.375999927521	-0.000472096057
2.377599954605	-0.003216048237
2.379199981689	-0.003329632338
2.380800008774	-0.005700976588
2.382400035858	-0.004419776145
2.383999824524	-0.003601360368
2.385599851608	-0.002722912235
2.387199878693	-0.001184224151
2.388799905777	-0.005394640379
2.390399932861	-0.004420880228
2.391999959946	-0.002458624309
2.393599987030	-0.003750080243
2.395200014114	-0.004432944581
2.396800041199	-0.002879760228
2.398399829865	-0.004298192449
2.399999856949	-0.003262384329
2.401599884033	-0.001397456042
2.403199911118	-0.003617344424
2.404799938202	-0.004252672195
2.406399965286	-0.004247168545
2.407999992371	-0.003669472411
2.409600019455	-0.003557552351
2.411200046539	-0.001664576121
2.412799835205	-0.002482592128
2.414399862289	-0.003913536202
2.415999889374	-0.003060960211
2.417599916458	-0.003479952225
2.419199943542	-0.003801824292
2.420799970627	-0.002071152208
2.422399997711	-0.002818944165
2.424000024796	-0.004250368103
2.425600051880	-0.002510368126
2.427199840546	-0.002532320097
2.428799867630	-0.002606144175
2.430399894714	-0.003040256212
2.431999921799	-0.003225792199
2.433599948883	-0.005630608648
2.435199975967	-0.004875840619
2.436800003052	0.000162207987
2.438400030136	-0.003339328337
2.440000057220	-0.003110176185
2.441599845886	-0.001246992149
2.443199872971	-0.005161008332
2.444799900055	-0.003993824124
2.446399927139	-0.002686976222
2.447999954224	-0.001723008230
2.449599981308	-0.002125632251
2.451200008392	-0.004157920368
2.452800035477	-0.001461696113
2.454399824142	-0.005671296269
2.455999851227	-0.002123472281
2.457599878311	-0.004006560426
2.459199905396	-0.003527152352
2.460799932480	-0.004186784383
2.462399959564	-0.004790512379
2.463999986649	-0.001741056098
2.465600013733	-0.002784256125
2.467200040817	-0.003420176217
2.468799829483	-0.005548192654
2.470399856567	-0.003774480196
2.471999883652	-0.004386400338
2.473599910736	-0.004224384204
2.475199937820	-0.003996304236
2.476799964905	-0.003898928408
2.478399991989	-0.002038192237
2.480000019073	-0.006195088383
2.481600046158	-0.002687920351
2.483199834824	-0.004189536441
2.484799861908	-0.004567376338
2.486399888992	-0.002382896142
2.487999916077	-0.001999632223
2.489599943161	-0.003002816346
2.491199970245	-0.004741072655
2.492799997330	-0.003835184267
2.494400024414	-0.002174656140
2.496000051498	-0.002150304150
2.497599840164	-0.005168112461
2.499199867249	-0.004791296553
2.500799894333	-0.005083408207
2.502399921417	-0.003046608297
2.503999948502	-0.002783088246
2.505599975586	-0.003579968354
2.507200002670	-0.003988512326
2.508800029755	-0.004312432371
2.510399818420	-0.004140016623
2.511999845505	-0.003206928261
2.513599872589	-0.002390592126
2.515199899673	-0.004132480361
2.516799926758	-0.005880000535
2.518399953842	-0.004513664171
2.519999980927	-0.004451504443
2.521600008011	-0.004016720224
2.523200035095	-0.000732688000
2.524799823761	-0.003629520303
2.526399850845	-0.004961568397
2.527999877930	-0.002771840198
2.529599905014	-0.003560016165
2.531199932098	-0.003337664297
2.532799959183	-0.003490592353
2.534399986267	-0.001817456097
2.536000013351	-0.006219248753
2.537600040436	-0.002691936214
2.539199829102	-0.003753856290
2.540799856186	-0.003142864211
2.542399883270	-0.001159728155
2.543999910355	-0.003727968317
2.545599937439	-0.004576816224
2.547199964523	-0.003066944191
2.548799991608	-0.003016208299
2.550400018692	-0.002264144132
2.552000045776	-0.004456128459
2.553599834442	-0.002293936210
2.555199861526	-0.004802832380
2.556799888611	-0.004642576445
2.558399915695	-0.002644960070
2.559999942780	-0.006114304531
2.561599969864	-0.003713104408
2.563199996948	-0.002894976409
2.564800024033	-0.005804736633
2.566400051117	-0.001645456185
2.567999839783	-0.002967520384
2.569599866867	-0.005764832720
2.571199893951	-0.006160576362
2.572799921036	-0.002222432056
2.574399948120	-0.001815376221
2.575999975204	-0.005372320302
2.577600002289	-0.002801120281
2.579200029373	-0.006079920568
2.580799818039	-0.005381440278
2.582399845123	-0.001044224133
2.583999872208	-0.003347456222
2.585599899292	-0.004205552395
2.587199926376	-0.004271968268
2.588799953461	-0.004463680554
2.590399980545	-0.004263152368
2.592000007629	-0.001768880174
2.593600034714	-0.001178032137
2.595199823380	-0.003657712368
2.596799850464	-0.004870064557
2.598399877548	-0.004906384274
2.599999904633	-0.006232112646
2.601599931717	-0.001363376155
2.603199958801	-0.001482096151
2.604799985886	-0.004990528338
2.606400012970	-0.007116688415
2.608000040054	-0.002768096281
2.609599828720	-0.003780656261
2.611199855804	-0.004621376283
2.612799882889	-0.001237504068
2.614399909973	-0.004833712243
2.615999937057	-0.004358288366
2.617599964142	-0.002232480096
2.619199991226	-0.001971376128
2.620800018311	-0.003896688344
2.622400045395	-0.002485808218
2.623999834061	-0.006773440633
2.625599861145	-0.004642240237
2.627199888229	-0.003521584207
2.628799915314	-0.001093824045
2.630399942398	-0.003196592210
2.631999969482	-0.004468992352
2.633599996567	-0.003614848247
2.635200023651	-0.005524592474
2.636800050735	-0.004801408388
2.638399839401	-0.001784896129
2.639999866486	-0.002011280274
2.641599893570	-0.003713456448
2.643199920654	-0.004253920168
2.644799947739	-0.006961904466
2.646399974823	-0.003242336214
2.648000001907	-0.002745072357
2.649600028992	-0.003590928391
2.651199817657	-0.003507744288
2.652799844742	-0.004441024270
2.654399871826	-0.002954288386
2.655999898911	-0.003224704182
2.657599925995	-0.003623472294
2.659199953079	-0.003194464371
2.660799980164	-0.006300752517
2.662400007248	-0.005333520472
2.664000034332	-0.002807296347
2.665599822998	-0.004530352075
2.667199850082	-0.001802192186
2.668799877167	-0.003547344357
2.670399904251	-0.006238352507
2.671999931335	-0.003548128298
2.673599958420	-0.003022656310
2.675199985504	-0.005277664401
2.676800012589	-0.004501760472
2.678400039673	-0.000340752013
2.679999828339	-0.004146896303
2.681599855423	-0.005917728413
2.683199882507	-0.003069712315
2.684799909592	-0.004962160252
2.686399936676	-0.004778768402
2.687999963760	-0.004425168503
2.689599990845	-0.003176352242
2.691200017929	-0.004724688362
2.692800045013	-0.003297152231
2.694399833679	-0.004391760565
2.695999860764	-0.006116096396
2.697599887848	-0.004215296358
2.699199914932	-0.003092288272
2.700799942017	-0.002854800317
2.702399969101	-0.004307824187
2.703999996185	-0.001916496200
2.705600023270	-0.004754448310
2.707200050354	-0.003236400196
2.708799839020	-0.001906912192
2.710399866104	-0.004890992306
2.711999893188	-0.003605488222
2.713599920273	-0.003515360411
2.715199947357	-0.003888944397
2.716799974442	-0.003874832299
2.718400001526	-0.003612656379
2.720000028610	-0.003096944187
2.721599817276	-0.006132336799
2.723199844360	-0.003662240226
2.724799871445	-0.003442080226
2.726399898529	-0.002768608276
2.727999925613	-0.002329952316
2.729599952698	-0.004136592615
2.731199979782	-0.004284128547
2.732800006866	-0.005526864436
2.734400033951	-0.004657456651
2.735999822617	-0.002406192245
2.737599849701	-0.003700880334
2.739199876785	-0.001873024157
2.740799903870	-0.005189552438
2.742399930954	-0.005015584175
2.743999958038	-0.001607056125
2.745599985123	-0.005642416421
2.747200012207	-0.004655504599
2.748800039291	-0.002036912134
2.750399827957	-0.007185744587
2.751999855042	-0.003237616271
2.753599882126	-0.003714640392
2.755199909210	-0.003402096452
2.756799936295	-0.003602512414
2.758399963379	-0.002109456109
2.759999990463	-0.002770688152
2.761600017548	-0.004632800352
2.763200044632	-0.003840480465
2.764799833298	-0.005477744620
2.766399860382	-0.006568448618
2.767999887466	-0.002105952241
2.769599914551	-0.005841520615
2.771199941635	-0.003598528216
2.772799968719	-0.004267696291
2.774399995804	-0.004976576660
2.776000022888	-0.004368896596
2.777599811554	-0.004774816334
2.779199838638	-0.002550832229
2.780799865723	-0.006384672597
2.782399892807	-0.003601904260
2.783999919891	-0.002754768357
2.785599946976	-0.007759536617
2.787199974060	-0.003870144254
2.788800001144	-0.003961712122
2.790400028229	-0.005458080210
2.791999816895	-0.004294976592
2.793599843979	-0.004632480443
2.795199871063	-0.004054880235
2.796799898148	-0.005484560505
2.798399925232	-0.004697792232
2.799999952316	-0.003565296298
2.801599979401	-0.004529024474
2.803200006485	-0.003869536333
2.804800033569	-0.005701360293
2.806399822235	-0.003934096545
2.807999849319	-0.002269600285
2.809599876404	-0.006341776345
2.811199903488	-0.004005696625
2.812799930573	-0.004780144431
2.814399957657	-0.003868320258
2.815999984741	-0.005569472443
2.817600011826	-0.003418064211
2.819200038910	-0.003222240368
2.820799827576	-0.004357456230
2.822399854660	-0.003445840208
2.823999881744	-0.007385824807
2.825599908829	-0.003156944411
2.827199935913	-0.003094864311
2.828799962997	-0.004154208582
2.830399990082	-0.004044960253
2.832000017166	-0.007166384719
2.833600044250	-0.003419616260
2.835199832916	-0.005132992286
2.836799860001	-0.004190176260
2.838399887085	-0.004570608493
2.839999914169	-0.005806992296
2.841599941254	-0.002674304182
2.843199968338	-0.004041984212
2.844799995422	-0.005453072488
2.846400022507	-0.003795088269
2.847999811172	-0.006942672655
2.849599838257	-0.002433456248
2.851199865341	-0.005087696481
2.852799892426	-0.003446384333
2.854399919510	-0.006454160437
2.855999946594	-0.003857040312
2.857599973679	-0.001590560074
2.859200000763	-0.003464816138
2.860800027847	-0.005507408641
2.862399816513	-0.004491376225
2.863999843597	-0.004680560436
2.865599870682	-0.002265632153
2.867199897766	-0.005854192656
2.868799924850	-0.004117792472
2.870399951935	-0.003780496307
2.871999979019	-0.005272336304
2.873600006104	-0.002957696328
2.875200033188	-0.002356208162
2.876799821854	-0.002082320163
2.878399848938	-0.003168320283
2.879999876022	-0.003514624201
2.881599903107	-0.003460864304
2.883199930191	-0.007686304394
2.884799957275	-0.003754128236
2.886399984360	-0.002578368178
2.888000011444	-0.005019376520
2.889600038528	-0.004209616221
2.891199827194	-0.008140305057
2.892799854279	-0.003015680239
2.894399881363	-0.003556928365
2.895999908447	-0.005528304726
2.897599935532	-0.003627904225
2.899199962616	-0.005704288371
2.900799989700	-0.006272176746
2.902400016785	-0.003938384354
2.904000043869	-0.003516000230
2.905599832535	-0.001024240046
2.907199859619	-0.006247232668
2.908799886703	-0.004526320379
2.910399913788	-0.003510784358
2.911999940872	-0.005042400211
2.913599967957	-0.002995424205
2.915199995041	-0.004441328347
2.916800022125	-0.002543952083
2.918399810791	-0.006512176711
2.919999837875	-0.005697216373
2.921599864960	-0.002795280190
2.923199892044	-0.004062784370
2.924799919128	-0.001741872169
2.926399946213	-0.004781104159
2.927999973297	-0.004580736626
2.929600000381	-0.004727888387
2.931200027466	-0.005614720285
2.932799816132	-0.000629024114
2.934399843216	-0.005451840349
2.935999870300	-0.003622720251
2.937599897385	-0.006265744567
2.939199924469	-0.004461680539
2.940799951553	-0.001749616233
2.942399978638	-0.006119920406
2.944000005722	-0.001975632273
2.945600032806	-0.004116848577
2.947199821472	-0.004739840515
2.948799848557	-0.004412240349
2.950399875641	-0.005136112217
2.951999902725	-0.002352560172
2.953599929810	-0.005089584272
2.955199956894	-0.004360432271
2.956799983978	-0.003235296346
2.958400011063	-0.004920704290
2.960000038147	-0.004529392347
2.961599826813	-0.004735424183
2.963199853897	-0.004426752217
2.964799880981	-0.005193152465
2.966399908066	-0.006166944280
2.967999935150	-0.003742224304
2.969599962234	-0.005043408368
2.971199989319	-0.006353248376
2.972800016403	-0.005706352647
2.974400043488	-0.003297856310
2.975999832153	-0.004630272277
2.977599859238	-0.006688704714
2.979199886322	-0.003435872262
2.980799913406	-0.004721968435
2.982399940491	-0.005629904568
2.983999967575	-0.005076448433
2.985599994659	-0.004421904217
2.987200021744	-0.004613600206
2.988799810410	-0.004454016220
2.990399837494	-0.008274400607
2.991999864578	-0.003476848360
2.993599891663	-0.004983424209
2.995199918747	-0.005060944241
2.996799945831	-0.003797792364
2.998399972916	-0.005388768390
3.000000000000	-0.004480352160
3.001600027084	-0.005613776390
3.003199815750	-0.002214768203
3.004799842834	-0.004632208496
3.006399869919	-0.004042496439
3.007999897003	-0.003190048272
3.009599924088	-0.006366368383
3.011199951172	-0.004576592240
3.012799978256	-0.005676400382
3.014400005341	-0.004211760592
3.016000032425	-0.005085712299
3.017599821091	-0.006487840787
3.019199848175	-0.003902160330
3.020799875259	-0.005430144258
3.022399902344	-0.002432976151
3.023999929428	-0.005004496314
3.025599956512	-0.003889984218
3.027199983597	-0.004060160369
3.028800010681	-0.006901632529
3.030400037766	-0.003720176173
3.031999826431	-0.005619792733
3.033599853516	-0.004071888514
3.035199880600	-0.005350288469
3.036799907684	-0.006276032422
3.038399934769	-0.000807264063
3.039999961853	-0.007046112791
3.041599988937	-0.006302128546
3.043200016022	-0.003173248144
3.044799804687	-0.007640336640
3.046399831772	-0.003170080250
3.047999858856	-0.007450208534
3.049599885941	-0.004083488137
3.051199913025	-0.005267776549
3.052799940109	-0.005888800602
3.054399967194	-0.004195696209
3.055999994278	-0.004384320229
3.057600021362	-0.003667424433
3.059199810028	-0.005727264564
3.060799837112	-0.005721936468
3.062399864197	-0.004509600345
3.063999891281	-0.003995520528
3.065599918365	-0.004666160326
3.067199945450	-0.004359744489
3.068799972534	-0.004068464506
3.070399999619	-0.004293136299
3.072000026703	-0.005029168446
3.073599815369	-0.002541280119
3.075199842453	-0.006869392470
3.076799869537	-0.003680160269
3.078399896622	-0.005770288408
3.079999923706	-0.004635568243
3.081599950790	-0.004623056389
3.083199977875	-0.004833712243
3.084800004959	-0.004889664240
3.086400032043	-0.005547312554
3.087999820709	-0.004202656448
3.089599847794	-0.005623184610
3.091199874878	-0.006541712675
3.092799901962	-0.005132880528
3.094399929047	-0.004499600269
3.095999956131	-0.005191376433
3.097599983215	-0.005463328678
3.099200010300	-0.004917088430
3.100800037384	-0.005806656554
3.102399826050	-0.006009136327
3.103999853134	-0.003936032299
3.105599880219	-0.005247184541
3.107199907303	-0.006034144666
3.108799934387	-0.005898832344
3.110399961472	-0.005128128454
3.111999988556	-0.004029168282
3.113600015640	-0.004057568498
3.115199804306	-0.006398816593
3.116799831390	-0.005893680733
3.118399858475	-0.004604160320
3.119999885559	-0.004258976318
3.121599912643	-0.004984608386
3.123199939728	-0.004130832385
3.124799966812	-0.007264064625
3.126399993896	-0.005888944492
3.128000020981	-0.004450384527
3.129599809647	-0.003288896289
3.131199836731	-0.002607456176
3.132799863815	-0.007093888707
3.134399890900	-0.003292960348
3.135999917984	-0.005434064195
3.137599945068	-0.005833280738
3.139199972153	-0.003674960230
3.140799999237	-0.004632816184
3.142400026321	-0.006153488532
3.143999814987	-0.003659136361
3.145599842072	-0.005537760444
3.147199869156	-0.005176288541
3.148799896240	-0.003484224202
3.150399923325	-0.004804816563
3.151999950409	-0.004586192314
3.153599977493	-0.005131216254
3.155200004578	-0.005910528358
3.156800031662	-0.003808864392
3.158399820328	-0.005757200532
3.159999847412	-0.004074240103
3.161599874496	-0.003997536376
3.163199901581	-0.005465200637
3.164799928665	-0.004786480218
3.166399955750	-0.004484000150
3.167999982834	-0.006831056438
3.169600009918	-0.003083712189
3.171200037003	-0.004807440564
3.172799825668	-0.004461296368
3.174399852753	-0.003993296530
3.175999879837	-0.006459216587
3.177599906921	-0.004491840489
3.179199934006	-0.005665792618
3.180799961090	-0.004958000500
3.182399988174	-0.005125568248
3.184000015259	-0.005901408382
3.185599803925	-0.004320800304
3.187199831009	-0.004580096342
3.188799858093	-0.006664288696
3.190399885178	-0.002774784341
3.191999912262	-0.004062672611
3.193599939346	-0.003982688300
3.195199966431	-0.004004336428
3.196799993515	-0.005002640653
3.198400020599	-0.006187168416
3.199999809265	-0.002709552180
3.201599836349	-0.004166352563
3.203199863434	-0.006506592501
3.204799890518	-0.004749968182
3.206399917603	-0.006229808554
3.207999944687	-0.003619632218
3.209599971771	-0.003903376404
3.211199998856	-0.004934752360
3.212800025940	-0.002414000221
3.214399814606	-0.006277136505
3.215999841690	-0.003335456364
3.217599868774	-0.003325456288
3.219199895859	-0.005381120369
3.220799922943	-0.002025888069
3.222399950027	-0.005423728377
3.223999977112	-0.007014160510
3.225600004196	-0.003127024276
3.227200031281	-0.006577760447
3.228799819946	-0.003797760233
3.230399847031	-0.007679696660
3.231999874115	-0.005206368398
3.233599901199	-0.002417680342
3.235199928284	-0.007337648887
3.236799955368	-0.001239376143
3.238399982452	-0.006322752684
3.240000009537	-0.004970896523
3.241600036621	-0.004215936176
3.243199825287	-0.008730672300
3.244799852371	-0.003632128472
3.246399879456	-0.003438928397
3.247999906540	-0.005093856249
3.249599933624	-0.005560432561
3.251199960709	-0.005310848355
3.252799987793	-0.003989216406
3.254400014877	-0.005480272230
3.255999803543	-0.004430384375
3.257599830627	-0.003863104386
3.259199857712	-0.007445216645
3.260799884796	-0.003523968160
3.262399911880	-0.005993936677
3.263999938965	-0.004993872251
3.265599966049	-0.004368832335
3.267199993134	-0.004716272466
3.268800020218	-0.006824240554
3.270399808884	-0.005568784662
3.271999835968	-0.004160640296
3.273599863052	-0.002367696259
3.275199890137	-0.005095936358
3.276799917221	-0.004075088538
3.278399944305	-0.004902624525
3.279999971390	-0.005802432541
3.281599998474	-0.005669296253
3.283200025558	-0.007733184844
3.284799814224	-0.005421488546
3.286399841309	-0.004938512575
3.287999868393	-0.007568336558
3.289599895477	-0.005721664522
3.291199922562	-0.003475776175
3.292799949646	-0.006068112329
3.294399976730	-0.004231808241
3.296000003815	-0.003409616183
3.297600030899	-0.004027136136
3.299199819565	-0.007963744923
3.300799846649	-0.007468448486
3.302399873734	-0.004310832359
3.303999900818	-0.005536192562
3.305599927902	-0.008494816720
3.307199954987	-0.005657808390
3.308799982071	-0.004647392314
3.310400009155	-0.003933008295
3.311999797821	-0.005196640268
3.313599824905	-0.006372304633
3.315199851990	-0.006047776435
3.316799879074	-0.006294704508
3.318399906158	-0.005984880496
3.319999933243	-0.003895200323
3.321599960327	-0.006029392593
3.323199987411	-0.006054032594
3.324800014496	-0.005732480437
3.326399803162	-0.005062064622
3.327999830246	-0.005142480601
3.329599857330	-0.007226368412
3.331199884415	-0.002986784326
3.332799911499	-0.008335680701
3.334399938583	-0.003238672391
3.335999965668	-0.003437744221
3.337599992752	-0.004380944185
3.339200019836	-0.003518160200
3.340799808502	-0.005854192190
3.342399835587	-0.004959840328
3.343999862671	-0.005763440393
3.345599889755	-0.006527216639
3.347199916840	-0.003265680280
3.348799943924	-0.005498048384
3.350399971008	-0.005872976501
3.351999998093	-0.003258096287
3.353600025177	-0.006500624586
3.355199813843	-0.003367184196
3.356799840927	-0.007491856813
3.358399868011	-0.006142320577
3.359999895096	-0.004568672273
3.361599922180	-0.006320848595
3.363199949265	-0.001449184143
3.364799976349	-0.006063072477
3.366400003433	-0.004831440281
3.368000030518	-0.005079232622
3.369599819183	-0.006210624706
3.371199846268	-0.004495072179
3.372799873352	-0.007372128777
3.374399900436	-0.005571728572
3.375999927521	-0.003587520216
3.377599954605	-0.007873344235
3.379199981689	-0.005850512534
3.380800008774	-0.006412640680
3.382399797440	-0.003720720299
3.383999824524	-0.006508800667
3.385599851608	-0.006926672533
3.387199878693	-0.003959024325
3.388799905777	-0.005417760462
3.390399932861	-0.004787600599
3.391999959946	-0.003365808167
3.393599987030	-0.006985952612
3.395200014114	-0.007055264432
3.396799802780	-0.005224336404
3.398399829865	-0.004928240553
3.399999856949	-0.003983776085
3.401599884033	-0.004441168159
3.403199911118	-0.003571584355
3.404799938202	-0.006292384584
3.406399965286	-0.004597232211
3.407999992371	-0.004783216398
3.409600019455	-0.006161600351
3.411199808121	-0.005875312723
3.412799835205	-0.004027360119
3.414399862289	-0.006005728617
3.415999889374	-0.004977776203
3.417599916458	-0.006767888553
3.419199943542	-0.004292144440
3.420799970627	-0.003237136174
3.422399997711	-0.006223600358
3.424000024796	-0.005183984526
3.425599813461	-0.005097216461
3.427199840546	-0.004915312398
3.428799867630	-0.003318848321
3.430399894714	-0.004407296423
3.431999921799	-0.005946576595
3.433599948883	-0.006383264437
3.435199975967	-0.006756528746
3.436800003052	-0.003710832447
3.438400030136	-0.007579264697
3.439999818802	-0.003821264254
3.441599845886	-0.004719264340
3.443199872971	-0.008099776693
3.444799900055	-0.004542400595
3.446399927139	-0.006503376644
3.447999954224	-0.006150448695
3.449599981308	-0.006679408718
3.451200008392	0.007079312578
