0.000000000000	0.016194241121
0.001599999960	0.015097969212
0.003199999919	0.016176769510
0.004799999762	0.014504688792
0.006399999838	0.015830432996
0.007999999449	0.016291072592
0.009599999525	0.015846338123
0.011199999601	0.015686128289
0.012799999677	0.014332273044
0.014399999753	0.013572209515
0.015999998897	0.014615905471
0.017599999905	0.016216529533
0.019199999049	0.014332368970
0.020800000057	0.014602465555
0.022399999201	0.013694944791
0.024000000209	0.013008625247
0.025599999353	0.012351920828
0.027199998498	0.013488801196
0.028799999505	0.011990976520
0.030399998650	0.014558864757
0.031999997795	0.014168401249
0.033599998802	0.011808608659
0.035199999809	0.012284641154
0.036800000817	0.013521873392
0.038399998099	0.013356065378
0.039999999106	0.011027504690
0.041600000113	0.011632736772
0.043199997395	0.012612881139
0.044799998403	0.013041472994
0.046399999410	0.012050624937
0.048000000417	0.011687489226
0.049599997699	0.012188305147
0.051199998707	0.011380928569
0.052799999714	0.009900000878
0.054399996996	0.010793264955
0.055999998003	0.010273921303
0.057599999011	0.011556833051
0.059200000018	0.011518305168
0.060799997300	0.011121297255
0.062399998307	0.012076385319
0.063999995589	0.010123376735
0.065600000322	0.012065744959
0.067199997604	0.011315313168
0.068799994886	0.010250400752
0.070399999619	0.011170833372
0.071999996901	0.011054912582
0.073600001633	0.012360272929
0.075199998915	0.010116929188
0.076799996197	0.010495296679
0.078400000930	0.012284001336
0.079999998212	0.010017872788
0.081599995494	0.010385393165
0.083200000226	0.010088448413
0.084799997509	0.009637825191
0.086399994791	0.008792096749
0.087999999523	0.009601024911
0.089599996805	0.010133665055
0.091199994087	0.011282976717
0.092799998820	0.010739888996
0.094399996102	0.010349936783
0.096000000834	0.010437488556
0.097599998116	0.010869649239
0.099199995399	0.010329425335
0.100800000131	0.007139632478
0.102399997413	0.011397857219
0.103999994695	0.010744945146
0.105599999428	0.010155392811
0.107199996710	0.010178769007
0.108799993992	0.010071056895
0.110399998724	0.010420177132
0.111999996006	0.010225009173
0.113600000739	0.008471792564
0.115199998021	0.008278224617
0.116799995303	0.009596128948
0.118400000036	0.008181408979
0.119999997318	0.008943664841
0.121599994600	0.008678576909
0.123199999332	0.009870112874
0.124799996614	0.009786672890
0.126399993896	0.008896416984
0.127999991179	0.009678640403
0.129600003362	0.009329488501
0.131200000644	0.008909473196
0.132799997926	0.010809136555
0.134399995208	0.009865201078
0.135999992490	0.008760976605
0.137599989772	0.009770369157
0.139200001955	0.009140512906
0.140799999237	0.009866912849
0.142399996519	0.008809040301
0.143999993801	0.009462448768
0.145599991083	0.008791104890
0.147200003266	0.008393936791
0.148800000548	0.010519392788
0.150399997830	0.009371280670
0.151999995112	0.008251632564
0.153599992394	0.008130224422
0.155199989676	0.009441329166
0.156800001860	0.008241344243
0.158399999142	0.008897584863
0.159999996424	0.009700880386
0.161599993706	0.007665856741
0.163199990988	0.007991632447
0.164800003171	0.009174240753
0.166400000453	0.008509968407
0.167999997735	0.008287920617
0.169599995017	0.009515953250
0.171199992299	0.008462288417
0.172799989581	0.007807232440
0.174400001764	0.006472960580
0.175999999046	0.009313200600
0.177599996328	0.009164417163
0.179199993610	0.008339568973
0.180799990892	0.007484464440
0.182399988174	0.007913904265
0.184000000358	0.008919824846
0.185599997640	0.007157456595
0.187199994922	0.009222896770
0.188799992204	0.006461920682
0.190399989486	0.005652448628
0.192000001669	0.008929088712
0.193599998951	0.008458432741
0.195199996233	0.006462640595
0.196799993515	0.006981840823
0.198399990797	0.008421728387
0.199999988079	0.008908865042
0.201600000262	0.007985888980
0.203199997544	0.008170336485
0.204799994826	0.006987072527
0.206399992108	0.009550913237
0.207999989390	0.006763296667
0.209600001574	0.009165200405
0.211199998856	0.008459377103
0.212799996138	0.007570944726
0.214399993420	0.007047424559
0.215999990702	0.006605456583
0.217599987984	0.007770208642
0.219200000167	0.008666752838
0.220799997449	0.008143552579
0.222399994731	0.006468880456
0.223999992013	0.006631008349
0.225599989295	0.008584992960
0.227200001478	0.005761968438
0.228799998760	0.006564400624
0.230399996042	0.008247232996
0.231999993324	0.007724544499
0.233599990606	0.007695584558
0.235199987888	0.006903616711
0.236800000072	0.006973760668
0.238399997354	0.007534944452
0.239999994636	0.006250944454
0.241599991918	0.006183264311
0.243199989200	0.005984528456
0.244799986482	0.007401696406
0.246399998665	0.005024640355
0.247999995947	0.007272496819
0.249599993229	0.007392688654
0.251199990511	0.006744944490
0.252799987793	0.005753504578
0.254399985075	0.006588928401
0.255999982357	0.007384864613
0.257599979639	0.006552752573
0.259200006723	0.006325440481
0.260800004005	0.005803120323
0.262400001287	0.006373792421
0.263999998569	0.007385200821
0.265599995852	0.006314832717
0.267199993134	0.008004272357
0.268799990416	0.007105936762
0.270399987698	0.006581088528
0.271999984980	0.006414528470
0.273599982262	0.006295824423
0.275199979544	0.007592976559
0.276800006628	0.004343840294
0.278400003910	0.005374848377
0.280000001192	0.007152304519
0.281599998474	0.007412192412
0.283199995756	0.005810768344
0.284799993038	0.006343472749
0.286399990320	0.007354704663
0.287999987602	0.006182160694
0.289599984884	0.007246832829
0.291199982166	0.007255744655
0.292799979448	0.004777408205
0.294400006533	0.005845312495
0.296000003815	0.006376816425
0.297600001097	0.006183008663
0.299199998379	0.005916704424
0.300799995661	0.006394368596
0.302399992943	0.004237888381
0.303999990225	0.005414448213
0.305599987507	0.006024096627
0.307199984789	0.005513792392
0.308799982071	0.005366656464
0.310399979353	0.004937696271
0.312000006437	0.005995536689
0.313600003719	0.004286976531
0.315200001001	0.005958208349
0.316799998283	0.005842128303
0.318399995565	0.007805760484
0.319999992847	0.005097152200
0.321599990129	0.005152576137
0.323199987411	0.005026736297
0.324799984694	0.006043968722
0.326399981976	0.005971792620
0.327999979258	0.005800032523
0.329600006342	0.004696368240
0.331200003624	0.004970624577
0.332800000906	0.005039648153
0.334399998188	0.005918432493
0.335999995470	0.006183728576
0.337599992752	0.002398384269
0.339199990034	0.005264448468
0.340799987316	0.006192256697
0.342399984598	0.006915392354
0.343999981880	0.005753856618
0.345599979162	0.004406448454
0.347199976444	0.006372256670
0.348800003529	0.007296944503
0.350400000811	0.006411424372
0.351999998093	0.004731888417
0.353599995375	0.005427824333
0.355199992657	0.005122896284
0.356799989939	0.005612672307
0.358399987221	0.005607424304
0.359999984503	0.004477744456
0.361599981785	0.005788416602
0.363199979067	0.005120176356
0.364799976349	0.005257952493
0.366400003433	0.003772512311
0.368000000715	0.004883216228
0.369599997997	0.005403856281
0.371199995279	0.004763808567
0.372799992561	0.004845344462
0.374399989843	0.003964800388
0.375999987125	0.004790656269
0.377599984407	0.006326896604
0.379199981689	0.004742576275
0.380799978971	0.004939952400
0.382399976254	0.004768160172
0.384000003338	0.005736384541
0.385600000620	0.003923136275
0.387199997902	0.004285136238
0.388799995184	0.005341200624
0.390399992466	0.003766304348
0.391999989748	0.005335568450
0.393599987030	0.005225184374
0.395199984312	0.005175168626
0.396799981594	0.004407584202
0.398399978876	0.004548320547
0.399999976158	0.006607488729
0.401600003242	0.004394496325
0.403200000525	0.004386400338
0.404799997807	0.005767392460
0.406399995089	0.004321488552
0.407999992371	0.005408288445
0.409599989653	0.006014864426
0.411199986935	0.005927408580
0.412799984217	0.004680112470
0.414399981499	0.005722624250
0.415999978781	0.003793120384
0.417599976063	0.005493936595
0.419200003147	0.005211264361
0.420800000429	0.004796480294
0.422399997711	0.005322992336
0.423999994993	0.003298000433
0.425599992275	0.003855312476
0.427199989557	0.003427056363
0.428799986839	0.003249856178
0.430399984121	0.004303776193
0.431999981403	0.004545760341
0.433599978685	0.005636864342
0.435199975967	0.004356784280
0.436800003052	0.004837344401
0.438400000334	0.003995552193
0.439999997616	0.003530272283
0.441599994898	0.004239824135
0.443199992180	0.005327408668
0.444799989462	0.004929232411
0.446399986744	0.003704848234
0.447999984026	0.004100256134
0.449599981308	0.005161088426
0.451199978590	0.002793488326
0.452799975872	0.004241056275
0.454400002956	0.005248992238
0.456000000238	0.005059312563
0.457599997520	0.004244912416
0.459199994802	0.004517632537
0.460799992085	0.005294560455
0.462399989367	0.002954128198
0.463999986649	0.003584416350
0.465599983931	0.004710960202
0.467199981213	0.005030576605
0.468799978495	0.004529248457
0.470399975777	0.004587872420
0.472000002861	0.003701328300
0.473600000143	0.002988384338
0.475199997425	0.005622688681
0.476799994707	0.004490864463
0.478399991989	0.003137152176
0.479999989271	0.005407104269
0.481599986553	0.002566832118
0.483199983835	0.003929824103
0.484799981117	0.004903008230
0.486399978399	0.004634688608
0.487999975681	0.002479520161
0.489599972963	0.002601760207
0.491200000048	0.004792816471
0.492799997330	0.003506352194
0.494399994612	0.003831408219
0.495999991894	0.004310768563
0.497599989176	0.003249824280
0.499199986458	0.002723648213
0.500800013542	0.005352448206
0.502399981022	0.004538272507
0.504000008106	0.003990816418
0.505599975586	0.002143664286
0.507200002670	0.003475952195
0.508799970150	0.003434320446
0.510399997234	0.002850464312
0.511999964714	0.003594272304
0.513599991798	0.005217136350
0.515199959278	0.005869632587
0.516799986362	0.003526272252
0.518400013447	0.005130736623
0.519999980927	0.006354240701
0.521600008011	0.003142560367
0.523199975491	0.003056560177
0.524800002575	0.004083728418
0.526399970055	0.004644160159
0.527999997139	0.003203088185
0.529599964619	0.004247424193
0.531199991703	0.002477952279
0.532799959183	0.004401520360
0.534399986267	0.002679648343
0.536000013351	0.002078192076
0.537599980831	0.003920016345
0.539200007915	0.003549616318
0.540799975395	0.003986992408
0.542400002480	0.002961632330
0.543999969959	0.003780928208
0.545599997044	0.002734080190
0.547199964523	0.003978160210
0.548799991608	0.002870336175
0.550399959087	0.004216944333
0.551999986172	0.002209360246
0.553600013256	0.004396512173
0.555199980736	0.003196864389
0.556800007820	0.004408512264
0.558399975300	0.004880800378
0.560000002384	0.004313264508
0.561599969864	0.002730288310
0.563199996948	0.002379696118
0.564799964428	0.003736272221
0.566399991512	0.005261152517
0.567999958992	0.001052672043
0.569599986076	0.004963488318
0.571200013161	0.001698112115
0.572799980640	0.002661152277
0.574400007725	0.004907168448
0.575999975204	0.002838448156
0.577600002289	0.001687104232
0.579199969769	0.001592400135
0.580799996853	0.003674208419
0.582399964333	0.003137856256
0.583999991417	0.003270816291
0.585599958897	0.003389088204
0.587199985981	0.004365424160
0.588800013065	0.004857872147
0.590399980545	0.002596544102
0.592000007629	0.002922336105
0.593599975109	0.003452016274
0.595200002193	0.004437392112
0.596799969673	0.003682688344
0.598399996758	0.004597456194
0.599999964237	0.002580112312
0.601599991322	0.002271584235
0.603199958801	0.003964912146
0.604799985886	0.004616048187
0.606400012970	0.001595888170
0.607999980450	0.001590112108
0.609600007534	0.003578768345
0.611199975014	0.002859008266
0.612800002098	0.004343440291
0.614399969578	0.001981344074
0.615999996662	0.002759632189
0.617599964142	0.005145296454
0.619199991226	0.001818464138
0.620799958706	0.003975008149
0.622399985790	0.002637344180
0.624000012875	0.001922528143
0.625599980354	0.002300128108
0.627200007439	0.003986944444
0.628799974918	0.002170368098
0.630400002003	0.002647424117
0.631999969482	0.002644336317
0.633599996567	0.002401232254
0.635199964046	0.003248512279
0.636799991131	0.003305088263
0.638399958611	0.003121520160
0.639999985695	0.002597408136
0.641600012779	0.002793072257
0.643199980259	0.001951136161
0.644800007343	0.003870112356
0.646399974823	0.002819056157
0.648000001907	0.002301904140
0.649599969387	0.003698432352
0.651199996471	0.001832944108
0.652799963951	0.000799168076
0.654399991035	0.003634608351
0.655999958515	0.002997568343
0.657599985600	0.003490624251
0.659200012684	0.002338384278
0.660799980164	0.001458432060
0.662400007248	0.001951744198
0.663999974728	0.002737856237
0.665600001812	0.002055872232
0.667199969292	0.002452992136
0.668799996376	0.001486496069
0.670399963856	0.004380112514
0.671999990940	0.002407664200
0.673599958420	0.001169232070
0.675199985504	0.000233952014
0.676800012589	0.003322752193
0.678399980068	0.000986928120
0.680000007153	0.003229536116
0.681599974632	0.002322928049
0.683200001717	0.002777920337
0.684799969196	0.000879760075
0.686399996281	0.005198160186
0.687999963760	0.003763216315
0.689599990845	0.000796800072
0.691199958324	0.002899296349
0.692799985409	0.002629232127
0.694399952888	0.003884192323
0.695999979973	0.003496160265
0.697600007057	0.001086896053
0.699199974537	0.002823344199
0.700800001621	0.002676448086
0.702399969101	0.001287904102
0.703999996185	0.001559504075
0.705599963665	0.002631920157
0.707199990749	0.002110928297
0.708799958229	0.001487984089
0.710399985313	0.002385856118
0.711999952793	0.002381952247
0.713599979877	0.000275344064
0.715200006962	0.002052000025
0.716799974442	0.001948016114
0.718400001526	0.001982944086
0.719999969006	0.003518352285
0.721599996090	0.002120752120
0.723199963570	0.002916112309
0.724799990654	0.002728928113
0.726399958134	0.002795392182
0.727999985218	0.002981408266
0.729599952698	0.002171696164
0.731199979782	0.002754768124
0.732800006866	0.002170592081
0.734399974346	0.003576176241
0.736000001431	0.001029824023
0.737599968910	0.003165408270
0.739199995995	0.002194192261
0.740799963474	0.002531968290
0.742399990559	0.001397776068
0.743999958038	0.002016880084
0.745599985123	0.002183328150
0.747199952602	0.002872976242
0.748799979687	0.002930272371
0.750400006771	0.002915504156
0.751999974251	0.001415776089
0.753600001335	0.001603488112
0.755199968815	0.003560288344
0.756799995899	0.001461888081
0.758399963379	0.001324368175
0.759999990463	0.002469360130
0.761599957943	0.001189552131
0.763199985027	0.002374176169
0.764799952507	0.003546944354
0.766399979591	0.002425920218
0.768000006676	0.001011232031
0.769599974155	0.002492464148
0.771200001240	0.004171760287
0.772799968719	0.003023472149
0.774399995804	0.001762256143
0.775999963284	0.002987152198
0.777599990368	0.002114112256
0.779199957848	0.002730912296
0.780799984932	0.002586208284
0.782399952412	0.002585136332
0.783999979496	0.003362512216
0.785600006580	0.002042400185
0.787199974060	0.000914336066
0.788800001144	0.001225568121
0.790399968624	0.002007232280
0.791999995708	0.001156016137
0.793599963188	0.003571232315
0.795199990273	0.002425584244
0.796799957752	-0.000081631981
0.798399984837	0.001216816134
0.799999952316	0.003320368240
0.801599979401	0.002170000225
0.803200006485	0.002127696062
0.804799973965	0.001187776099
0.806400001049	0.002045264235
0.807999968529	0.001904352219
0.809599995613	0.003418416250
0.811199963093	0.001822256134
0.812799990177	0.001759168110
0.814399957657	0.001874288078
0.815999984741	0.001914240187
0.817599952221	0.002266784199
0.819199979305	0.001437680214
0.820800006390	0.002539120149
0.822399973869	-0.000903296052
0.824000000954	0.000576240069
0.825599968433	0.002707376145
0.827199995518	0.000872176082
0.828799962997	0.000882000080
0.830399990082	0.001527600107
0.831999957561	0.000453808025
0.833599984646	0.002897952218
0.835199952126	0.003123664297
0.836799979210	0.001496992190
0.838400006294	0.000289440010
0.839999973774	0.001916944166
0.841600000858	0.000842320092
0.843199968338	0.000246991956
0.844799995422	0.001988208154
0.846399962902	0.001452928176
0.847999989986	0.000388688000
0.849599957466	0.002422096208
0.851199984550	0.002078400226
0.852799952030	0.000003424007
0.854399979115	0.002927952213
0.856000006199	-0.000159199990
0.857599973679	0.001576240174
0.859200000763	0.001524848049
0.860799968243	0.002500560135
0.862399995327	0.001182000036
0.863999962807	0.002527440200
0.865599989891	0.000301440043
0.867199957371	0.001494032098
0.868799984455	0.001215024153
0.870399951935	0.001989408163
0.871999979019	0.001451296150
0.873600006104	-0.000709840097
0.875199973583	0.000846176001
0.876800000668	0.000819248031
0.878399968147	0.000413088070
0.879999995232	0.002885264345
0.881599962711	0.001142400084
0.883199989796	0.001943504089
0.884799957275	0.001121552079
0.886399984360	0.000423424004
0.887999951839	0.001874880167
0.889599978924	0.000256560015
0.891200006008	0.001718288171
0.892799973488	0.001759280218
0.894400000572	0.002577456180
0.895999968052	0.002538480330
0.897599995136	0.001633472159
0.899199962616	0.000649216061
0.900799989700	0.000800240028
0.902399957180	0.000766960089
0.903999984264	0.000338192011
0.905599951744	0.000449696032
0.907199978828	0.002078048186
0.908800005913	0.000215360036
0.910399973392	0.002587088151
0.912000000477	-0.001268528053
0.913599967957	0.000780640054
0.915199995041	0.001458368031
0.916799962521	0.001264448161
0.918399989605	0.001249344088
0.919999957085	0.001894864137
0.921599984169	0.001793824136
0.923199951649	-0.000142592035
0.924799978733	0.003793792333
0.926400005817	0.002962208353
0.927999973297	0.000189599989
0.929600000381	0.001312832115
0.931199967861	0.001481824205
0.932799994946	0.001272816095
0.934399962425	0.001996400300
0.935999989510	0.000228256031
0.937599956989	0.001533440198
0.939199984074	0.000860944041
0.940799951553	0.002159904223
0.942399978638	0.001699280110
0.944000005722	-0.000269136071
0.945599973202	0.002902928274
0.947200000286	0.001094080042
0.948799967766	0.000264800066
0.950399994850	0.001409728080
0.951999962330	0.001259120065
0.953599989414	0.000061679995
0.955199956894	0.002438624157
0.956799983978	0.001289536129
0.958399951458	-0.000496352033
0.959999978542	0.001369664096
0.961599946022	0.002096592216
0.963199973106	0.000377248041
0.964800000191	0.001708656084
0.966399967670	0.001936928136
0.967999994755	0.000229152050
0.969599962234	0.001593328081
0.971199989319	0.000738240022
0.972799956799	0.000907424081
0.974399983883	0.000280784006
0.975999951363	0.000931136077
0.977599978447	0.001732960111
0.979199945927	0.000879968109
0.980799973011	0.002278128173
0.982400000095	0.001235952135
0.983999967575	-0.000911200128
0.985599994659	0.000875648053
0.987199962139	0.000132320012
0.988799989223	0.001925856224
0.990399956703	-0.000974432041
0.991999983788	0.000681344070
0.993599951267	0.002641648287
0.995199978352	0.001796208089
0.996799945831	-0.002151952125
0.998399972916	0.001985728275
1.000000000000	0.000895344070
1.001600027084	-0.000022991986
1.003199934959	0.001940272166
1.004799962044	0.002542464295
1.006399989128	0.001214783988
1.008000016212	0.000166816026
1.009599924088	0.002536400221
1.011199951172	0.000884832116
1.012799978256	0.001727072173
1.014400005341	-0.000023536020
1.016000032425	0.001583728124
1.017599940300	0.002328240080
1.019199967384	-0.000556800107
1.020799994469	0.000100544014
1.022400021553	0.000401680009
1.023999929428	0.000822400034
1.025599956512	0.001679792069
1.027199983597	0.000489184051
1.028800010681	0.000602560060
1.030399918556	0.000245088013
1.031999945641	0.001034112065
1.033599972725	0.001481392188
1.035199999809	0.000962896098
1.036800026894	0.001455312129
1.038399934769	-0.000352064002
1.039999961853	0.000957328069
1.041599988937	0.000030496007
1.043200016022	0.001691056183
1.044799923897	0.003030800261
1.046399950981	-0.000752144028
1.047999978065	0.001768640126
1.049600005150	0.001352672116
1.051200032234	0.000068399982
1.052799940109	0.001015360001
1.054399967194	-0.000550655997
1.055999994278	0.001923168194
1.057600021362	-0.001287344145
1.059199929237	0.000125280014
1.060799956322	0.000787856057
1.062399983406	0.000734288071
1.064000010490	-0.000835200073
1.065599918365	-0.000402367994
1.067199945450	-0.000068624038
1.068799972534	0.001016480033
1.070399999619	0.002789216116
1.072000026703	0.000712816080
1.073599934578	0.000707952073
1.075199961662	0.000050176011
1.076799988747	0.000244848023
1.078400015831	0.002611168195
1.079999923706	0.001157872030
1.081599950790	-0.000152080014
1.083199977875	-0.000776560046
1.084800004959	-0.000020944000
1.086400032043	-0.000027008029
1.087999939919	0.000221071983
1.089599967003	0.002892176155
1.091199994087	-0.000798992056
1.092800021172	0.000147264029
1.094399929047	0.001408544136
1.095999956131	0.001148352050
1.097599983215	0.000696912059
1.099200010300	-0.000712800073
1.100799918175	0.000678224023
1.102399945259	0.000375552045
1.103999972343	0.000629376038
1.105599999428	0.000840992085
1.107200026512	0.003125792369
1.108799934387	-0.000462383992
1.110399961472	0.000100592049
1.111999988556	0.001471680123
1.113600015640	0.000919376092
1.115199923515	0.000808624085
1.116799950600	-0.000020592033
1.118399977684	0.001190928044
1.120000004768	-0.000819536042
1.121599912643	-0.000861056091
1.123199939728	0.001320880139
1.124799966812	0.002108768094
1.126399993896	0.000815568084
1.128000020981	0.000277824030
1.129599928856	0.000254127983
1.131199955940	0.001975808060
1.132799983025	0.000020447998
1.134400010109	-0.001392192091
1.135999917984	0.000511904014
1.137599945068	-0.000739184034
1.139199972153	0.000047855949
1.140799999237	0.000405440020
1.142400026321	0.001478544087
1.143999934196	-0.000773472071
1.145599961281	-0.001308224048
1.147199988365	0.001763440203
1.148800015450	0.000545488030
1.150399923325	0.001559776138
1.151999950409	-0.001077232067
1.153599977493	0.002335136291
1.155200004578	-0.000457296032
1.156799912453	0.001325808116
1.158399939537	0.001554224174
1.159999966621	0.000356960023
1.161599993706	0.002190976171
1.163200020790	0.000478704023
1.164799928665	0.000123840015
1.166399955750	0.001612528111
1.167999982834	0.001235856093
1.169600009918	-0.000484832039
1.171199917793	-0.000662800041
1.172799944878	-0.000420272030
1.174399971962	0.000711312052
1.175999999046	0.002308656229
1.177600026131	0.000356208067
1.179199934006	-0.002090448281
1.180799961090	0.000923664018
1.182399988174	-0.000054575976
1.184000015259	-0.000138639996
1.185599923134	0.000832176069
1.187199950218	0.000004271972
1.188799977303	0.000096703989
1.190400004387	0.000969520072
1.191999912262	0.000188592036
1.193599939346	0.000045215977
1.195199966431	-0.001095312065
1.196799993515	-0.000058944021
1.198400020599	-0.001256784191
1.199999928474	0.002139312215
1.201599955559	-0.000559136039
1.203199982643	0.000263296010
1.204800009727	0.000394752045
1.206399917603	0.001018848037
1.207999944687	-0.000470224011
1.209599971771	0.001050528139
1.211199998856	0.000574144011
1.212800025940	-0.000600192056
1.214399933815	-0.000145087964
1.215999960899	0.000273647980
1.217599987984	-0.001398096094
1.219200015068	-0.000548928045
1.220799922943	0.000094751987
1.222399950027	0.000420896045
1.223999977112	-0.001399840112
1.225600004196	0.000905920111
1.227199912071	-0.000218448025
1.228799939156	-0.001918704133
1.230399966240	0.000649600057
1.231999993324	0.000976928044
1.233600020409	-0.000637728081
1.235199928284	-0.000077328004
1.236799955368	-0.000838848122
1.238399982452	0.000597280043
1.240000009537	0.000311952055
1.241599917412	0.000847296033
1.243199944496	-0.000033551987
1.244799971581	-0.000332272029
1.246399998665	0.000954560062
1.248000025749	0.000516880071
1.249599933624	0.000537824060
1.251199960709	-0.000292688026
1.252799987793	0.000486928067
1.254400014877	-0.000409840053
1.255999922752	0.001035504043
1.257599949837	-0.000658976031
1.259199976921	-0.000349968002
1.260800004005	-0.000453312037
1.262399911880	-0.001792096184
1.263999938965	0.000974016148
1.265599966049	0.000462208031
1.267199993134	0.000814800034
1.268800020218	0.001640752074
1.270399928093	-0.000278384017
1.271999955177	-0.001012560097
1.273599982262	-0.001443312154
1.275200009346	0.000297568011
1.276799917221	0.000670288049
1.278399944305	-0.001295264112
1.279999971390	0.000441456010
1.281599998474	0.000566432078
1.283200025558	-0.000288592040
1.284799933434	0.001436256221
1.286399960518	0.002562432084
1.287999987602	-0.001282992074
1.289600014687	-0.001802896149
1.291199922562	-0.000594896032
1.292799949646	0.000578592008
1.294399976730	0.001055568107
1.296000003815	-0.002056352096
1.297599911690	-0.001454064157
1.299199938774	-0.002022368135
1.300799965858	0.001350832172
1.302399992943	-0.002274128143
1.304000020027	0.000307408016
1.305599927902	-0.001272848109
1.307199954987	-0.002220240189
1.308799982071	-0.000551264035
1.310400009155	0.002368304180
1.311999917030	-0.001067936071
1.313599944115	0.000022159988
1.315199971199	0.001098896144
1.316799998283	-0.001856064191
1.318400025368	0.000770752027
1.319999933243	0.002181808231
1.321599960327	-0.000357648038
1.323199987411	-0.001275104121
1.324800014496	-0.000297759980
1.326399922371	0.000387312029
1.327999949455	-0.000231152022
1.329599976540	0.001942672185
1.331200003624	0.000774640066
1.332799911499	-0.001268048072
1.334399938583	-0.001260864083
1.335999965668	0.000822400034
1.337599992752	-0.001411824021
1.339200019836	-0.000300528074
1.340799927711	0.000135391965
1.342399954796	0.000358240010
1.343999981880	-0.001782464213
1.345600008965	-0.000730224128
1.347199916840	-0.000397120049
1.348799943924	-0.001001584111
1.350399971008	-0.000419024058
1.351999998093	0.000387311971
1.353600025177	0.000319648039
1.355199933052	-0.000444896024
1.356799960136	-0.000137615993
1.358399987221	0.001746544149
1.360000014305	-0.001375088119
1.361599922180	-0.000513216073
1.363199949265	-0.002624000190
1.364799976349	-0.000193328000
1.366400003433	0.001143696136
1.367999911308	-0.001437680097
1.369599938393	-0.000470576051
1.371199965477	0.000142976016
1.372799992561	-0.001031968161
1.374400019646	-0.000334432058
1.375999927521	-0.000121200013
1.377599954605	-0.000680976023
1.379199981689	0.000380944024
1.380800008774	-0.000103151986
1.382399916649	0.000935920107
1.383999943733	-0.000273920014
1.385599970818	0.000538496010
1.387199997902	-0.000427952094
1.388799905777	-0.000449888030
1.390399932861	0.000454191992
1.391999959946	-0.002512608189
1.393599987030	0.000863504072
1.395200014114	-0.000157120012
1.396799921989	-0.001524016145
1.398399949074	0.000357248035
1.399999976158	-0.000420192024
1.401600003242	-0.000610928051
1.403199911118	-0.001152832177
1.404799938202	0.000672560069
1.406399965286	-0.001934064203
1.407999992371	-0.001085504075
1.409600019455	0.000910736038
1.411199927330	-0.000019775956
1.412799954414	0.000735440117
1.414399981499	-0.000242096008
1.416000008583	0.000906384084
1.417599916458	-0.000194944034
1.419199943542	0.000658544013
1.420799970627	0.000815056032
1.422399997711	-0.001777184196
1.423999905586	0.000116223986
1.425599932671	0.000068607987
1.427199959755	-0.000166976009
1.428799986839	-0.001142976107
1.430400013924	-0.000896800077
1.431999921799	-0.001717328094
1.433599948883	0.001485184068
1.435199975967	0.000919744081
1.436800003052	-0.001536896103
1.438399910927	-0.000266959978
1.439999938011	-0.000240528054
1.441599965096	-0.000488320075
1.443199992180	-0.001511040144
1.444800019264	-0.002165856073
1.446399927139	-0.001055952045
1.447999954224	-0.000618352031
1.449599981308	-0.000253391976
1.451200008392	-0.001875952235
1.452799916267	-0.002145392122
1.454399943352	-0.000313712022
1.455999970436	0.000464192010
1.457599997520	-0.001663664123
1.459199905396	-0.001070800121
1.460799932480	-0.001086368109
1.462399959564	-0.000343984022
1.463999986649	-0.001139536151
1.465600013733	-0.000622800086
1.467199921608	-0.000219696027
1.468799948692	-0.001000192133
1.470399975777	-0.000721568067
1.472000002861	-0.000308432005
1.473599910736	-0.000562352070
1.475199937820	-0.000872336095
1.476799964905	-0.001761440188
1.478399991989	-0.000073712014
1.480000019073	-0.000016911988
1.481599926949	0.000812784070
1.483199954033	-0.002496592235
1.484799981117	-0.001451968099
1.486400008202	-0.001176752034
1.487999916077	-0.000203088057
1.489599943161	-0.000649264024
1.491199970245	-0.001138256048
1.492799997330	-0.000226127988
1.494399905205	-0.000766224053
1.495999932289	-0.001392704085
1.497599959373	-0.000271184050
1.499199986458	-0.002290256089
1.500800013542	-0.001074608066
1.502399921417	0.000008447994
1.503999948502	-0.000239120040
1.505599975586	0.000852000085
1.507200002670	-0.000167632024
1.508799910545	-0.001962288283
1.510399937630	-0.001120576053
1.511999964714	-0.000502448063
1.513599991798	-0.001027280116
1.515200018883	-0.000969616114
1.516799926758	-0.002655616263
1.518399953842	-0.000427488092
1.519999980927	-0.000104928054
1.521600008011	0.000156095994
1.523199915886	-0.000954608084
1.524799942970	0.000211199978
1.526399970055	-0.000516816042
1.527999997139	-0.001094176085
1.529599905014	-0.000040864019
1.531199932098	-0.001003936050
1.532799959183	-0.000393232069
1.534399986267	-0.000491408049
1.536000013351	-0.000206096011
1.537599921227	-0.000390976056
1.539199948311	-0.001918128110
1.540799975395	0.000814736064
1.542400002480	-0.000523472030
1.543999910355	-0.001035312074
1.545599937439	-0.000110895984
1.547199964523	-0.001041744137
1.548799991608	-0.000109567976
1.550400018692	-0.001150784083
1.551999926567	0.000116527997
1.553599953651	0.000145488055
1.555199980736	-0.001846368192
1.556800007820	0.000288064039
1.558399915695	0.000329807983
1.559999942780	0.001986768097
1.561599969864	-0.001230640104
1.563199996948	-0.001325456193
1.564799904823	-0.000364336011
1.566399931908	-0.000976896030
1.567999958992	0.000208752012
1.569599986076	-0.002218352165
1.571200013161	-0.000250480021
1.572799921036	-0.002323920140
1.574399948120	-0.000452096050
1.575999975204	0.000169839986
1.577600002289	-0.001055088127
1.579199910164	-0.001167952083
1.580799937248	-0.001153536141
1.582399964333	0.000271199999
1.583999991417	-0.001148784067
1.585600018501	-0.000948112109
1.587199926376	-0.000987136038
1.588799953461	-0.001094128122
1.590399980545	0.000425680046
1.592000007629	-0.000445808022
1.593599915504	-0.000203632022
1.595199942589	-0.002672960283
1.596799969673	-0.000237392072
1.598399996758	0.002082736231
1.599999904633	-0.001952192164
1.601599931717	-0.001560208155
1.603199958801	-0.001708832104
1.604799985886	-0.002298720181
1.606400012970	-0.000608992064
1.607999920845	0.001481696148
1.609599947929	-0.000634736090
1.611199975014	-0.003326496342
1.612800002098	-0.001722896122
1.614399909973	-0.000361984043
1.615999937057	-0.000006735967
1.617599964142	-0.000748688122
1.619199991226	-0.001642704126
1.620800018311	-0.000606240064
1.622399926186	0.000870128104
1.623999953270	-0.001416224171
1.625599980354	-0.000038591988
1.627200007439	-0.000174672023
1.628799915314	-0.000889872143
1.630399942398	-0.001122720074
1.631999969482	-0.000956448086
1.633599996567	-0.002221712144
1.635199904442	-0.002839872148
1.636799931526	-0.000480592047
1.638399958611	-0.001465456095
1.639999985695	-0.001550736139
1.641600012779	0.000068192028
1.643199920654	-0.000235904052
1.644799947739	-0.000817584107
1.646399974823	-0.002096560085
1.648000001907	0.000042272051
1.649599909782	-0.002447568113
1.651199936867	0.001116640051
1.652799963951	-0.001485264045
1.654399991035	-0.001740368083
1.655999898911	-0.000460336072
1.657599925995	-0.000610800053
1.659199953079	-0.002413536189
1.660799980164	-0.000144480029
1.662400007248	-0.001564144157
1.663999915123	-0.001291136141
1.665599942207	-0.002679088153
1.667199969292	-0.001982544083
1.668799996376	-0.001493536169
1.670399904251	-0.001491312054
1.671999931335	-0.000879312109
1.673599958420	-0.003271024209
1.675199985504	-0.000190495994
1.676800012589	-0.001433936064
1.678399920464	-0.000702944060
1.679999947548	-0.002059872262
1.681599974632	-0.001201408100
1.683200001717	-0.001248288085
1.684799909592	-0.001777728205
1.686399936676	-0.000339696009
1.687999963760	-0.000802768045
1.689599990845	-0.001400336158
1.691199898720	-0.000415744056
1.692799925804	-0.003054864239
1.694399952888	-0.001668992103
1.695999979973	-0.004098192323
1.697600007057	-0.001083904062
1.699199914932	0.000549823977
1.700799942017	-0.000960272097
1.702399969101	-0.000268400065
1.703999996185	-0.000582000066
1.705599904060	-0.000427008054
1.707199931145	-0.001164992107
1.708799958229	-0.000097407981
1.710399985313	-0.002239120193
1.712000012398	-0.001790880109
1.713599920273	-0.001380800037
1.715199947357	0.000165376012
1.716799974442	-0.001891328138
1.718400001526	-0.001643696101
1.719999909401	-0.001423472073
1.721599936485	-0.001050000079
1.723199963570	-0.002862816211
1.724799990654	-0.000646176108
1.726399898529	-0.001032208093
1.727999925613	-0.000176351998
1.729599952698	-0.002843888244
1.731199979782	-0.000457392045
1.732800006866	-0.002208896214
1.734399914742	-0.001595888170
1.735999941826	-0.000272592006
1.737599968910	-0.000458704017
1.739199995995	-0.001976112137
1.740799903870	-0.001789584174
1.742399930954	-0.001783328131
1.743999958038	-0.002178080147
1.745599985123	-0.001824096078
1.747200012207	-0.000751472020
1.748799920082	-0.001022976125
1.750399947166	-0.001891424181
1.751999974251	-0.000142431963
1.753600001335	-0.001619088114
1.755199909210	-0.003431296209
1.756799936295	-0.003818400437
1.758399963379	-0.001195024117
1.759999990463	-0.001314096036
1.761599898338	-0.001196256140
1.763199925423	-0.001126352116
1.764799952507	-0.000040016035
1.766399979591	-0.001540976111
1.768000006676	-0.001897728187
1.769599914551	-0.001197072095
1.771199941635	0.000047871978
1.772799968719	-0.003315712325
1.774399995804	-0.001566320192
1.775999903679	-0.001196640078
1.777599930763	-0.001238080091
1.779199957848	-0.000496160064
1.780799984932	0.000928688038
1.782400012016	-0.000490736042
1.783999919891	-0.002879488282
1.785599946976	-0.001221824088
1.787199974060	-0.001508672140
1.788800001144	-0.000796000066
1.790399909019	-0.002116368152
1.791999936104	-0.002930048155
1.793599963188	-0.003068624297
1.795199990273	0.000096240074
1.796799898148	-0.000355520024
1.798399925232	-0.002647696296
1.799999952316	-0.002031808253
1.801599979401	-0.004168800544
1.803200006485	0.000894160068
1.804799914360	-0.001146704075
1.806399941444	-0.001441696077
1.807999968529	-0.000684000028
1.809599995613	-0.002114640083
1.811199903488	-0.002167856088
1.812799930573	-0.002138128271
1.814399957657	-0.000122896017
1.815999984741	0.000642432075
1.817600011826	-0.001066272031
1.819199919701	-0.001655504107
1.820799946785	-0.000481152092
1.822399973869	-0.000319920044
1.824000000954	-0.001529680099
1.825599908829	-0.000230928068
1.827199935913	-0.001093696104
1.828799962997	-0.001307344181
1.830399990082	-0.002050256124
1.831999897957	-0.002518816153
1.833599925041	-0.002028848045
1.835199952126	-0.002147184219
1.836799979210	-0.000810112047
1.838400006294	-0.002157680225
1.839999914169	-0.001805824111
1.841599941254	-0.001182640088
1.843199968338	-0.003304912243
1.844799995422	-0.001113408129
1.846399903297	-0.001310832100
1.847999930382	-0.001736464095
1.849599957466	-0.002045728266
1.851199984550	-0.002714592265
1.852800011635	-0.001450256095
1.854399919510	-0.001093456056
1.855999946594	-0.001389136072
1.857599973679	-0.002232320141
1.859200000763	-0.000177536000
1.860799908638	-0.001990560209
1.862399935722	-0.002066816203
1.863999962807	0.000445152022
1.865599989891	-0.001820624107
1.867199897766	-0.002303392161
1.868799924850	-0.003792128293
1.870399951935	-0.001231712056
1.871999979019	-0.002405648120
1.873600006104	-0.000319328014
1.875199913979	-0.001287184074
1.876799941063	-0.001823184080
1.878399968147	-0.002494656248
1.879999995232	-0.002825136296
1.881599903107	-0.002300848253
1.883199930191	-0.002794768196
1.884799957275	-0.001575184171
1.886399984360	-0.002652832307
1.888000011444	-0.000577840081
1.889599919319	-0.002660960192
1.891199946404	-0.000942288083
1.892799973488	-0.001090784092
1.894400000572	-0.002548704157
1.895999908447	-0.002276032232
1.897599935532	-0.002307024319
1.899199962616	-0.002014832105
1.900799989700	-0.001385136158
1.902399897575	-0.000230912017
1.903999924660	-0.002711616224
1.905599951744	-0.002576000290
1.907199978828	0.000025072030
1.908800005913	-0.002236816334
1.910399913788	-0.001723744208
1.911999940872	-0.003829728346
1.913599967957	-0.001293584122
1.915199995041	-0.001497056102
1.916799902916	-0.001960912254
1.918399930000	-0.003094192129
1.919999957085	-0.001753056073
1.921599984169	-0.000552112062
1.923199892044	-0.003543008352
1.924799919128	-0.002659040270
1.926399946213	-0.002885664348
1.927999973297	-0.000950223999
1.929600000381	-0.000942880055
1.931199908257	-0.001577888150
1.932799935341	-0.000545504095
1.934399962425	-0.000128207990
1.935999989510	-0.000553360034
1.937599897385	-0.002388000255
1.939199924469	-0.003310144180
1.940799951553	-0.003375392407
1.942399978638	-0.001062624040
1.944000005722	-0.001104224124
1.945599913597	-0.002890880220
1.947199940681	-0.003237552242
1.948799967766	-0.001600688091
1.950399994850	-0.001405072166
1.951999902725	-0.001309632091
1.953599929810	-0.000619040045
1.955199956894	-0.004443632439
1.956799983978	-0.000812272076
1.958399891853	-0.002244848292
1.959999918938	-0.002628720133
1.961599946022	-0.000063488042
1.963199973106	-0.001384448144
1.964800000191	-0.001773712225
1.966399908066	-0.002273312071
1.967999935150	-0.001939952141
1.969599962234	-0.000298032013
1.971199989319	-0.003205760149
1.972799897194	-0.001700000139
1.974399924278	-0.001753024175
1.975999951363	-0.001257680124
1.977599978447	-0.000390592002
1.979200005531	-0.002516880166
1.980799913406	-0.002691376256
1.982399940491	-0.004245920572
1.983999967575	-0.002286656294
1.985599994659	-0.002482032171
1.987199902534	-0.002657680307
1.988799929619	-0.001707648160
1.990399956703	-0.003220560262
1.991999983788	-0.001544016181
1.993599891663	-0.000768752070
1.995199918747	-0.003490768373
1.996799945831	-0.003333232366
1.998399972916	-0.001757552149
2.000000000000	-0.001020016032
2.001600027084	-0.004691648297
2.003200054169	-0.001361728064
2.004799842834	-0.002503408119
2.006399869919	-0.002317216247
2.007999897003	-0.001778976177
2.009599924088	-0.001857632189
2.011199951172	-0.001755184145
2.012799978256	-0.002109552268
2.014400005341	-0.000797568064
2.016000032425	-0.001907168189
2.017600059509	-0.002621024149
2.019199848175	-0.002445648191
2.020799875259	-0.000162896031
2.022399902344	-0.002127968241
2.023999929428	-0.001283840043
2.025599956512	-0.003884992329
2.027199983597	-0.002356048208
2.028800010681	-0.003361072391
2.030400037766	-0.002873872174
2.032000064850	-0.001974320272
2.033599853516	-0.000975424075
2.035199880600	-0.001782032079
2.036799907684	-0.001421952154
2.038399934769	-0.003364672419
2.039999961853	-0.001940496149
2.041599988937	-0.004298224114
2.043200016022	-0.001910032122
2.044800043106	-0.003115888219
2.046399831772	-0.001307344064
2.047999858856	-0.001895184163
2.049599885941	-0.001443888061
2.051199913025	-0.000105728061
2.052799940109	-0.003210064257
2.054399967194	-0.001656624139
2.055999994278	-0.002032112097
2.057600021362	-0.001314880094
2.059200048447	-0.001346672187
2.060799837112	-0.002340720268
2.062399864197	-0.001206864137
2.063999891281	-0.003787040245
2.065599918365	-0.002350000199
2.067199945450	0.000205567980
2.068799972534	0.000138576012
2.070399999619	-0.001841696212
2.072000026703	-0.003009456210
2.073600053787	-0.001130944118
2.075199842453	-0.003135856241
2.076799869537	-0.000692480127
2.078399896622	-0.002090704162
2.079999923706	-0.002430480206
2.081599950790	-0.002344560111
2.083199977875	-0.001040816074
2.084800004959	-0.002633152297
2.086400032043	-0.002327584196
2.088000059128	-0.003452576231
2.089599847794	-0.003118816298
2.091199874878	-0.002121616155
2.092799901962	-0.001129888115
2.094399929047	-0.001814192161
2.095999956131	-0.000410816021
2.097599983215	-0.003284768201
2.099200010300	-0.002083376283
2.100800037384	-0.001695424085
2.102400064468	-0.003429248231
2.103999853134	-0.000613600074
2.105599880219	-0.004067344125
2.107199907303	-0.003446720308
2.108799934387	-0.001898816205
2.110399961472	-0.002399728168
2.111999988556	-0.000800000038
2.113600015640	-0.002347280039
2.115200042725	-0.003089712234
2.116799831390	-0.003092288272
2.118399858475	-0.001837136107
2.119999885559	-0.001946336124
2.121599912643	-0.002624832327
2.123199939728	-0.002869056305
2.124799966812	-0.002191504231
2.126399993896	-0.002810528269
2.128000020981	-0.002607264090
2.129600048065	-0.002500976203
2.131199836731	-0.001323328121
2.132799863815	-0.002613024320
2.134399890900	-0.003208000213
2.135999917984	-0.002523808274
2.137599945068	-0.001534656156
2.139199972153	-0.003000672208
2.140799999237	-0.000315776007
2.142400026321	-0.001888832194
2.144000053406	-0.002419440309
2.145599842072	-0.003515872173
2.147199869156	-0.002786320169
2.148799896240	-0.001779344166
2.150399923325	-0.001382288057
2.151999950409	-0.003096912289
2.153599977493	-0.002740464173
2.155200004578	-0.002088992158
2.156800031662	-0.003448432311
2.158400058746	-0.000675440067
2.159999847412	-0.002940608189
2.161599874496	-0.003457296174
2.163199901581	-0.002716160379
2.164799928665	-0.003234016243
2.166399955750	-0.002372144256
2.167999982834	-0.003028800245
2.169600009918	-0.001010000124
2.171200037003	-0.002674496267
2.172800064087	-0.001283296151
2.174399852753	-0.002472480293
2.175999879837	-0.003053776221
2.177599906921	-0.003490368370
2.179199934006	-0.002394512296
2.180799961090	-0.003515024204
2.182399988174	-0.000778720074
2.184000015259	-0.002065904206
2.185600042343	-0.003844400169
2.187199831009	-0.002381984144
2.188799858093	-0.002537440276
2.190399885178	-0.000738336064
2.191999912262	-0.003743360285
2.193599939346	-0.002195808105
2.195199966431	-0.002449248219
2.196799993515	-0.005267280620
2.198400020599	0.000166047961
2.200000047684	-0.003537120298
2.201599836349	-0.003065040335
2.203199863434	-0.001243472099
2.204799890518	-0.002584560076
2.206399917603	-0.002606816124
2.207999944687	-0.002799104201
2.209599971771	-0.001643888187
2.211199998856	-0.002877872204
2.212800025940	-0.002316384111
2.214400053024	-0.001466608141
2.215999841690	-0.002363632200
2.217599868774	-0.002361520194
2.219199895859	-0.001170448028
2.220799922943	-0.001129376120
2.222399950027	-0.004035280552
2.223999977112	-0.001891248161
2.225600004196	-0.003182800254
2.227200031281	-0.001819584053
2.228800058365	-0.001906448160
2.230399847031	-0.003751856275
2.231999874115	-0.001407232136
2.233599901199	-0.001830608118
2.235199928284	-0.003769712290
2.236799955368	-0.002780128270
2.238399982452	-0.002789312275
2.240000009537	-0.005283088423
2.241600036621	-0.001439712127
2.243199825287	-0.002798672300
2.244799852371	-0.003293600166
2.246399879456	-0.001692688209
2.247999906540	-0.001995056169
2.249599933624	-0.003687392222
2.251199960709	-0.001835008152
2.252799987793	-0.001225568121
2.254400014877	-0.003476720303
2.256000041962	-0.002116304124
2.257599830627	-0.001958320150
2.259199857712	-0.000586416048
2.260799884796	-0.001990496181
2.262399911880	-0.002454896225
2.263999938965	-0.003999728244
2.265599966049	-0.003897920251
2.267199993134	-0.001470560092
2.268800020218	-0.000965104147
2.270400047302	-0.002078160178
2.271999835968	-0.003241040278
2.273599863052	-0.002304144204
2.275199890137	-0.004174976144
2.276799917221	-0.003069232218
2.278399944305	-0.003730800236
2.279999971390	-0.001613840112
2.281599998474	-0.002451216104
2.283200025558	-0.003100272268
2.284800052643	-0.000854304119
2.286399841309	-0.003133008257
2.287999868393	-0.002010672120
2.289599895477	-0.002334544202
2.291199922562	-0.003113664221
2.292799949646	-0.003532192437
2.294399976730	-0.002829248318
2.296000003815	-0.002173936227
2.297600030899	-0.003207760397
2.299200057983	-0.000664032006
2.300799846649	-0.001492112176
2.302399873734	-0.001764592133
2.303999900818	-0.002126416191
2.305599927902	-0.003847728251
2.307199954987	-0.003527376335
2.308799982071	-0.001766080153
2.310400009155	-0.003335888265
2.312000036240	-0.005308880471
2.313599824905	-0.002274528146
2.315199851990	-0.004235520493
2.316799879074	-0.003767840331
2.318399906158	-0.001170640113
2.319999933243	-0.002467536135
2.321599960327	-0.002693216084
2.323199987411	-0.003787600202
2.324800014496	-0.001770864124
2.326400041580	-0.003949952312
2.327999830246	-0.002992464229
2.329599857330	-0.001616544090
2.331199884415	-0.004356144462
2.332799911499	-0.002108304063
2.334399938583	-0.000600864005
2.335999965668	-0.004414960276
2.337599992752	-0.001856496208
2.339200019836	-0.002665520180
2.340800046921	-0.003951264080
2.342399835587	-0.004882032517
2.343999862671	-0.001715104096
2.345599889755	-0.003136672312
2.347199916840	-0.005827856716
2.348799943924	-0.003490528325
2.350399971008	-0.001786064240
2.351999998093	-0.004754784517
2.353600025177	-0.004412688315
2.355200052261	-0.004040608183
2.356799840927	-0.002629632130
2.358399868011	-0.001013248111
2.359999895096	-0.002931456082
2.361599922180	-0.001434672042
2.363199949265	-0.003583664307
2.364799976349	-0.002869200194
2.366400003433	-0.001437488012
2.368000030518	-0.003129728371
2.369600057602	-0.005089376587
2.371199846268	-0.004951792303
2.372799873352	-0.003276352305
2.374399900436	0.000128480009
2.375999927521	-0.003147440264
2.377599954605	-0.001579056145
2.379199981689	-0.003616208211
2.380800008774	-0.003844864434
2.382400035858	-0.002379648155
2.383999824524	-0.003323376179
2.385599851608	-0.001985696144
2.387199878693	-0.004728752188
2.388799905777	-0.001971600112
2.390399932861	-0.003336032154
2.391999959946	-0.004048448522
2.393599987030	-0.003309952328
2.395200014114	-0.002953280229
2.396800041199	-0.003905488411
2.398399829865	-0.003060768358
2.399999856949	-0.002928352216
2.401599884033	-0.004816640168
2.403199911118	-0.002883008216
2.404799938202	-0.002438672120
2.406399965286	-0.002894496312
2.407999992371	-0.004526784178
2.409600019455	-0.004446384497
2.411200046539	-0.000804480107
2.412799835205	-0.004343984183
2.414399862289	-0.003194864374
2.415999889374	-0.002786800265
2.417599916458	-0.004435296170
2.419199943542	-0.001516752178
2.420799970627	-0.002524112118
2.422399997711	-0.003567072330
2.424000024796	-0.003024928272
2.425600051880	-0.002294960199
2.427199840546	-0.004048272502
2.428799867630	-0.000569552067
2.430399894714	-0.003907136153
2.431999921799	-0.005021648481
2.433599948883	-0.003139456268
2.435199975967	-0.001456256141
2.436800003052	-0.003101392183
2.438400030136	-0.005181616638
2.440000057220	-0.001987248193
2.441599845886	-0.004183200188
2.443199872971	-0.003841216210
2.444799900055	-0.001556832111
2.446399927139	-0.002517168177
2.447999954224	-0.003227648325
2.449599981308	-0.003434016369
2.451200008392	-0.003493120195
2.452800035477	-0.002429616172
2.454399824142	-0.003243328072
2.455999851227	-0.002063696273
2.457599878311	-0.002659568330
2.459199905396	-0.001445888192
2.460799932480	-0.002887536306
2.462399959564	-0.002170320135
2.463999986649	-0.002856624313
2.465600013733	-0.003959264141
2.467200040817	-0.005945360288
2.468799829483	-0.002985104220
2.470399856567	-0.000829776109
2.471999883652	-0.004575632513
2.473599910736	-0.002501632320
2.475199937820	-0.002112512244
2.476799964905	-0.002112656133
2.478399991989	-0.004403520375
2.480000019073	-0.003248880384
2.481600046158	-0.001659344067
2.483199834824	-0.005642864387
2.484799861908	-0.002550352132
2.486399888992	-0.003652832238
2.487999916077	-0.003083536169
2.489599943161	-0.002259712201
2.491199970245	-0.003739248263
2.492799997330	-0.002763424302
2.494400024414	-0.003760416294
2.496000051498	-0.004655936267
2.497599840164	-0.003409184283
2.499199867249	-0.002079536207
2.500799894333	-0.002477888251
2.502399921417	-0.003932928201
2.503999948502	-0.002444496145
2.505599975586	-0.002655104268
2.507200002670	-0.004897152539
2.508800029755	-0.003337232163
2.510399818420	-0.003173088422
2.511999845505	-0.004742384423
2.513599872589	-0.004366384353
2.515199899673	-0.003826832399
2.516799926758	-0.002141008154
2.518399953842	-0.003391584381
2.519999980927	-0.002447008155
2.521600008011	-0.005141600501
2.523200035095	-0.002272720216
2.524799823761	-0.003106880235
2.526399850845	-0.004511280451
2.527999877930	-0.003933968488
2.529599905014	-0.004221696407
2.531199932098	-0.003684656229
2.532799959183	-0.002193584107
2.534399986267	-0.002204624237
2.536000013351	-0.003703968367
2.537600040436	-0.002331712283
2.539199829102	-0.004531296436
2.540799856186	-0.003847216256
2.542399883270	-0.003800432198
2.543999910355	-0.004593248479
2.545599937439	-0.003281184239
2.547199964523	-0.003854672192
2.548799991608	-0.002261952264
2.550400018692	-0.004607088398
2.552000045776	-0.002552800346
2.553599834442	-0.003124032402
2.555199861526	-0.003357200185
2.556799888611	-0.002689376241
2.558399915695	-0.002038832288
2.559999942780	-0.004280736204
2.561599969864	-0.001826432184
2.563199996948	-0.003408192424
2.564800024033	-0.003132320242
2.566400051117	-0.002014048165
2.567999839783	-0.004436208401
2.569599866867	-0.004088416230
2.571199893951	-0.004425824620
2.572799921036	-0.002521616174
2.574399948120	-0.003039104166
2.575999975204	-0.003944704309
2.577600002289	-0.002214480191
2.579200029373	-0.003033632180
2.580799818039	-0.003236336401
2.582399845123	-0.002594992286
2.583999872208	-0.003229616210
2.585599899292	-0.003627664410
2.587199926376	-0.002151424065
2.588799953461	-0.002584912349
2.590399980545	-0.004081552383
2.592000007629	-0.003753312398
2.593600034714	-0.004405520391
2.595199823380	-0.003557360265
2.596799850464	-0.004651856609
2.598399877548	-0.002277312102
2.599999904633	-0.001557232114
2.601599931717	-0.004691184498
2.603199958801	-0.004188960418
2.604799985886	-0.005202768371
2.606400012970	-0.004385920241
2.608000040054	-0.001970432233
2.609599828720	-0.005282144528
2.611199855804	-0.005614848342
2.612799882889	-0.003769840347
2.614399909973	-0.002373392228
2.615999937057	-0.003303472186
2.617599964142	-0.004218080547
2.619199991226	-0.002671136288
2.620800018311	-0.004399440251
2.622400045395	-0.003562672297
2.623999834061	-0.002216064138
2.625599861145	-0.004617216531
2.627199888229	-0.003770128358
2.628799915314	-0.005750784650
2.630399942398	-0.002449424239
2.631999969482	-0.004349440336
2.633599996567	-0.002010208089
2.635200023651	-0.003418912413
2.636800050735	-0.002652560128
2.638399839401	-0.002878848230
2.639999866486	-0.005199024454
2.641599893570	-0.003199168248
2.643199920654	-0.004998928402
2.644799947739	-0.004002208356
2.646399974823	-0.002834560117
2.648000001907	-0.003327776212
2.649600028992	-0.005578704644
2.651199817657	-0.002916672267
2.652799844742	-0.002579472261
2.654399871826	-0.004288016353
2.655999898911	-0.003704880364
2.657599925995	-0.004225808196
2.659199953079	-0.002488960279
2.660799980164	0.000032432003
2.662400007248	-0.002066224115
2.664000034332	-0.003581424244
2.665599822998	-0.004628880415
2.667199850082	-0.002227360150
2.668799877167	-0.003161568195
2.670399904251	-0.003886304330
2.671999931335	-0.001555792172
2.673599958420	-0.004334448371
2.675199985504	-0.004864224698
2.676800012589	-0.002415600233
2.678400039673	-0.002917216159
2.679999828339	-0.002722560195
2.681599855423	-0.003717264393
2.683199882507	-0.002612064127
2.684799909592	-0.002449552296
2.686399936676	-0.006059760228
2.687999963760	-0.002486896235
2.689599990845	-0.003070368199
2.691200017929	-0.004578736611
2.692800045013	-0.003321920289
2.694399833679	-0.002647392219
2.695999860764	-0.005297312513
2.697599887848	-0.002538640285
2.699199914932	-0.003507536370
2.700799942017	-0.003918048460
2.702399969101	-0.002634528326
2.703999996185	-0.004015744198
2.705600023270	-0.000799712026
2.707200050354	-0.004951888230
2.708799839020	-0.003669968341
2.710399866104	-0.003782704240
2.711999893188	-0.003120400244
2.713599920273	-0.004663312342
2.715199947357	-0.004477344453
2.716799974442	-0.002231824212
2.718400001526	-0.003344320226
2.720000028610	-0.001881424105
2.721599817276	-0.004767088220
2.723199844360	-0.004052912351
2.724799871445	-0.004260080401
2.726399898529	-0.004554912448
2.727999925613	-0.002669648267
2.729599952698	-0.003888896201
2.731199979782	-0.003084384138
2.732800006866	-0.004809680395
2.734400033951	-0.003777840175
2.735999822617	-0.003837824333
2.737599849701	-0.004725024570
2.739199876785	-0.003309696214
2.740799903870	-0.003987888340
2.742399930954	-0.004428960383
2.743999958038	-0.002623872133
2.745599985123	-0.004177296534
2.747200012207	-0.002915424295
2.748800039291	-0.003136880230
2.750399827957	-0.002467712155
2.751999855042	-0.004859408364
2.753599882126	-0.005438720342
2.755199909210	-0.003414768260
2.756799936295	-0.004963056650
2.758399963379	-0.003058048198
2.759999990463	-0.004251264501
2.761600017548	-0.004145952407
2.763200044632	-0.003005632199
2.764799833298	-0.003280720208
2.766399860382	-0.003124816343
2.767999887466	-0.003712928388
2.769599914551	-0.003808688372
2.771199941635	-0.005557040684
2.772799968719	-0.005589072593
2.774399995804	-0.003662496340
2.776000022888	-0.003420128254
2.777599811554	-0.002518960275
2.779199838638	-0.003536640201
2.780799865723	-0.003503248328
2.782399892807	-0.002140320139
2.783999919891	-0.002182400087
2.785599946976	-0.004156224430
2.787199974060	-0.004008720163
2.788800001144	-0.002550704172
2.790400028229	-0.003866272280
2.791999816895	-0.004967344459
2.793599843979	-0.005068144295
2.795199871063	-0.003141504247
2.796799898148	-0.003350464394
2.798399925232	-0.003940960392
2.799999952316	-0.005146432202
2.801599979401	-0.005701632705
2.803200006485	-0.002482592128
2.804800033569	-0.001512576127
2.806399822235	-0.005169232376
2.807999849319	-0.001310080173
2.809599876404	-0.003442112356
2.811199903488	-0.004006112460
2.812799930573	-0.004794352222
2.814399957657	-0.005014976487
2.815999984741	-0.004052864388
2.817600011826	-0.003667472396
2.819200038910	-0.003692800412
2.820799827576	-0.002801424125
2.822399854660	-0.004202288110
2.823999881744	-0.002880928339
2.825599908829	-0.006706240587
2.827199935913	-0.003626496298
2.828799962997	-0.003116512205
2.830399990082	-0.004315280356
2.832000017166	-0.002668464324
2.833600044250	-0.007147248834
2.835199832916	-0.003762640292
2.836799860001	-0.005097824614
2.838399887085	-0.002395904157
2.839999914169	-0.003490240313
2.841599941254	-0.005708592478
2.843199968338	-0.005512656644
2.844799995422	-0.002474960173
2.846400022507	-0.003781456267
2.847999811172	-0.004275280517
2.849599838257	-0.002676368225
2.851199865341	-0.006109488662
2.852799892426	-0.004725440405
2.854399919510	-0.004302848596
2.855999946594	-0.002986208303
2.857599973679	-0.004430512432
2.859200000763	-0.005245408509
2.860800027847	-0.004598432221
2.862399816513	-0.003848736407
2.863999843597	-0.002063024091
2.865599870682	-0.005956912413
2.867199897766	-0.003869648324
2.868799924850	-0.004342704080
2.870399951935	-0.002628176240
2.871999979019	-0.005058432464
2.873600006104	-0.003747696290
2.875200033188	-0.003811504226
2.876799821854	-0.005250000395
2.878399848938	-0.003141344292
2.879999876022	-0.003619472263
2.881599903107	-0.006973712705
2.883199930191	-0.005115040578
2.884799957275	-0.003435312305
2.886399984360	-0.002688368317
2.888000011444	-0.003513664240
2.889600038528	-0.005021552555
2.891199827194	-0.003772080410
2.892799854279	-0.004769632593
2.894399881363	-0.000788912061
2.895999908447	-0.002679008292
2.897599935532	-0.003536272328
2.899199962616	-0.003787456313
2.900799989700	-0.004115552176
2.902400016785	-0.003721024375
2.904000043869	-0.004640848376
2.905599832535	-0.004470816348
2.907199859619	-0.005740384571
2.908799886703	-0.003661600174
2.910399913788	-0.003923616372
2.911999940872	-0.006788016297
2.913599967957	-0.003467664355
2.915199995041	-0.006704208441
2.916800022125	-0.004738832358
2.918399810791	-0.004190768581
2.919999837875	-0.004441344179
2.921599864960	-0.003974464256
2.923199892044	-0.005659424700
2.924799919128	-0.001710160170
2.926399946213	-0.003044352168
2.927999973297	-0.003923632205
2.929600000381	-0.003484688234
2.931200027466	-0.003136352170
2.932799816132	-0.004746304359
2.934399843216	-0.002349216258
2.935999870300	-0.004667328205
2.937599897385	-0.004264608491
2.939199924469	-0.003153488273
2.940799951553	-0.005485536531
2.942399978638	-0.004394112155
2.944000005722	-0.004409744404
2.945600032806	-0.004881408531
2.947199821472	-0.004964864347
2.948799848557	-0.005035488401
2.950399875641	-0.004536528606
2.951999902725	-0.005571696442
2.953599929810	-0.004412512295
2.955199956894	-0.004355632234
2.956799983978	-0.006275056396
2.958400011063	-0.002760928124
2.960000038147	-0.005263856612
2.961599826813	-0.005579920486
2.963199853897	-0.003442976391
2.964799880981	-0.003776368219
2.966399908066	-0.003579952288
2.967999935150	-0.004838192370
2.969599962234	-0.004600816406
2.971199989319	-0.003265776206
2.972800016403	-0.003926144447
2.974400043488	-0.001870224136
2.975999832153	-0.004016912077
2.977599859238	-0.004231888335
2.979199886322	-0.004424368497
2.980799913406	-0.003677840345
2.982399940491	-0.003515296383
2.983999967575	-0.004898944404
2.985599994659	-0.003713520244
2.987200021744	-0.006755584385
2.988799810410	-0.007025056519
2.990399837494	-0.005256048404
2.991999864578	-0.004448816180
2.993599891663	-0.003472976387
2.995199918747	-0.004073424265
2.996799945831	-0.003916816320
2.998399972916	-0.002349280287
3.000000000000	-0.005114944186
3.001600027084	-0.003595984308
3.003199815750	-0.004802416544
3.004799842834	-0.002772480249
3.006399869919	-0.005699840374
3.007999897003	-0.003988336306
3.009599924088	-0.002363776322
3.011199951172	-0.002958784346
3.012799978256	-0.004049936309
3.014400005341	-0.003273840295
3.016000032425	-0.005726256408
3.017599821091	-0.001985920127
3.019199848175	-0.004329376388
3.020799875259	-0.004417344462
3.022399902344	-0.005037392490
3.023999929428	-0.004038624465
3.025599956512	-0.005063360557
3.027199983597	-0.004219840281
3.028800010681	-0.004124992527
3.030400037766	-0.005874192342
3.031999826431	-0.002729376312
3.033599853516	-0.003621584270
3.035199880600	-0.002301232191
3.036799907684	-0.004962736275
3.038399934769	-0.003911040258
3.039999961853	-0.001973216189
3.041599988937	-0.006112656556
3.043200016022	-0.004654144403
3.044799804687	-0.002998880344
3.046399831772	-0.005769776646
3.047999858856	-0.004010176286
3.049599885941	-0.003730208380
3.051199913025	-0.002781664254
3.052799940109	-0.003453872399
3.054399967194	-0.005036096554
3.055999994278	-0.004287808202
3.057600021362	-0.003403120441
3.059199810028	-0.007696160581
3.060799837112	-0.004589008633
3.062399864197	-0.003751248354
3.063999891281	-0.005816256627
3.065599918365	-0.004464736208
3.067199945450	-0.006926688831
3.068799972534	-0.003976656124
3.070399999619	-0.004618096165
3.072000026703	-0.004351920448
3.073599815369	-0.003768240334
3.075199842453	-0.004518096335
3.076799869537	-0.003992448561
3.078399896622	-0.004515168257
3.079999923706	-0.004244048148
3.081599950790	-0.003049888182
3.083199977875	-0.004855440464
3.084800004959	-0.002298032166
3.086400032043	-0.004619552288
3.087999820709	-0.006871216465
3.089599847794	-0.002358256141
3.091199874878	-0.005371232517
3.092799901962	-0.004338016268
3.094399929047	-0.003806416411
3.095999956131	-0.005083456635
3.097599983215	-0.003715664381
3.099200010300	-0.004474064335
3.100800037384	-0.004753184505
3.102399826050	-0.003318000352
3.103999853134	-0.005320384167
3.105599880219	-0.005779920612
3.107199907303	-0.004676576238
3.108799934387	-0.004583248403
3.110399961472	-0.003379296279
3.111999988556	-0.005642400589
3.113600015640	-0.004864432383
3.115199804306	-0.006296848413
3.116799831390	-0.005770624615
3.118399858475	-0.003338080132
3.119999885559	-0.005325424485
3.121599912643	-0.004901488312
3.123199939728	-0.007364880759
3.124799966812	-0.006309824530
3.126399993896	-0.004976624623
3.128000020981	-0.006481424440
3.129599809647	-0.005480896216
3.131199836731	-0.005468560383
3.132799863815	-0.001642016112
3.134399890900	-0.001825856161
3.135999917984	-0.006600752473
3.137599945068	-0.002738560317
3.139199972153	-0.006158720702
3.140799999237	-0.004083184525
3.142400026321	-0.002474928275
3.143999814987	-0.005033040419
3.145599842072	-0.003171328222
3.147199869156	-0.005301360507
3.148799896240	-0.004792544525
3.150399923325	-0.003744768212
3.151999950409	-0.004668096546
3.153599977493	-0.004031056538
3.155200004578	-0.004412560258
3.156800031662	-0.006232096348
3.158399820328	-0.003359632334
3.159999847412	-0.003880576463
3.161599874496	-0.005185904447
3.163199901581	-0.003590432229
3.164799928665	-0.005985360593
3.166399955750	-0.004295104183
3.167999982834	-0.006214800291
3.169600009918	-0.006088528316
3.171200037003	-0.001360592199
3.172799825668	-0.006323504727
3.174399852753	-0.005534336437
3.175999879837	-0.004782272503
3.177599906921	-0.004582016263
3.179199934006	-0.006053232588
3.180799961090	-0.004011184443
3.182399988174	-0.003390864236
3.184000015259	-0.006161536556
3.185599803925	-0.003464672249
3.187199831009	-0.003549856367
3.188799858093	-0.006678336766
3.190399885178	-0.004038656130
3.191999912262	-0.005172384437
3.193599939346	-0.003872176399
3.195199966431	-0.004793584347
3.196799993515	-0.004280544352
3.198400020599	-0.001795040211
3.199999809265	-0.004634720273
3.201599836349	-0.004531232174
3.203199863434	-0.007261392660
3.204799890518	-0.004456496332
3.206399917603	-0.002849296201
3.207999944687	-0.006021776702
3.209599971771	-0.001666592201
3.211199998856	-0.005399344489
3.212800025940	-0.004185760394
3.214399814606	-0.006547376513
3.215999841690	-0.006073856726
3.217599868774	-0.000831104117
3.219199895859	-0.006753536407
3.220799922943	-0.004621600267
3.222399950027	-0.004035344347
3.223999977112	-0.004386208486
3.225600004196	-0.001634848071
3.227200031281	-0.006269424688
3.228799819946	-0.004637136590
3.230399847031	-0.005311248358
3.231999874115	-0.004506944213
3.233599901199	-0.003397632157
3.235199928284	-0.003982976079
3.236799955368	-0.002039280254
3.238399982452	-0.006885360461
3.240000009537	-0.004102112260
3.241600036621	-0.002934080316
3.243199825287	-0.004733488429
3.244799852371	-0.004700704478
3.246399879456	-0.005684384611
3.247999906540	-0.004596128128
3.249599933624	-0.002979008248
3.251199960709	-0.004497600254
3.252799987793	-0.003399520181
3.254400014877	-0.006022368558
3.255999803543	-0.005820016377
3.257599830627	-0.004204832483
3.259199857712	-0.007025024388
3.260799884796	-0.001429200056
3.262399911880	-0.005765888374
3.263999938965	-0.005300320219
3.265599966049	-0.006026176736
3.267199993134	-0.005818432663
3.268800020218	-0.005528368521
3.270399808884	-0.006522864569
3.271999835968	-0.003718848340
3.273599863052	-0.004220816307
3.275199890137	-0.005170560442
3.276799917221	-0.004064752255
3.278399944305	-0.004132816568
3.279999971390	-0.004405360203
3.281599998474	-0.004636720289
3.283200025558	-0.005598272663
3.284799814224	-0.006362896413
3.286399841309	-0.004712160211
3.287999868393	-0.005165264476
3.289599895477	-0.002616992220
3.291199922562	-0.003583664307
3.292799949646	-0.006200608332
3.294399976730	-0.005509776529
3.296000003815	-0.002759392140
3.297600030899	-0.002218880225
3.299199819565	-0.004946512636
3.300799846649	-0.006434560288
3.302399873734	-0.004743344616
3.303999900818	-0.005487328395
3.305599927902	-0.006024784409
3.307199954987	-0.004892864265
3.308799982071	-0.004207824357
3.310400009155	-0.007473440841
3.311999797821	-0.005725392606
3.313599824905	-0.003564320272
3.315199851990	-0.005715888459
3.316799879074	-0.005756048486
3.318399906158	-0.004440736491
3.319999933243	-0.003444176167
3.321599960327	-0.006518928800
3.323199987411	-0.005856688600
3.324800014496	-0.004154160153
3.326399803162	-0.006633760408
3.327999830246	-0.004140848294
3.329599857330	-0.006311024539
3.331199884415	-0.005322240293
3.332799911499	-0.005030064378
3.334399938583	-0.006436768454
3.335999965668	-0.004538976587
3.337599992752	-0.001727520139
3.339200019836	-0.002990400186
3.340799808502	-0.004691680428
3.342399835587	-0.004970496520
3.343999862671	-0.005936848465
3.345599889755	-0.004790944513
3.347199916840	-0.004153728485
3.348799943924	-0.003593904199
3.350399971008	-0.004486656282
3.351999998093	-0.004794784356
3.353600025177	-0.005499504507
3.355199813843	-0.006322384812
3.356799840927	-0.003605136182
3.358399868011	-0.005503984634
3.359999895096	-0.004480624571
3.361599922180	-0.005614352413
3.363199949265	-0.004981360398
3.364799976349	-0.004358688369
3.366400003433	-0.003886688268
3.368000030518	-0.003514432348
3.369599819183	-0.005557168741
3.371199846268	-0.006529328413
3.372799873352	-0.002757056151
3.374399900436	-0.006333600730
3.375999927521	-0.004884832539
3.377599954605	-0.004364096560
3.379199981689	-0.005209072493
3.380800008774	-0.005249920301
3.382399797440	-0.004226528574
3.383999824524	-0.003316640388
3.385599851608	-0.005016928539
3.387199878693	-0.002900864230
3.388799905777	-0.004892880563
3.390399932861	-0.006422896404
3.391999959946	-0.005746480543
3.393599987030	-0.003969424404
3.395200014114	-0.005170224234
3.396799802780	-0.003761776257
3.398399829865	-0.004677392542
3.399999856949	-0.003504272318
3.401599884033	-0.006471552420
3.403199911118	-0.003484432353
3.404799938202	-0.003986800089
3.406399965286	-0.005436880514
3.407999992371	-0.003697312437
3.409600019455	-0.004914528225
3.411199808121	-0.003098320216
3.412799835205	-0.005376800429
3.414399862289	-0.005927808583
3.415999889374	-0.004515632521
3.417599916458	-0.004611248616
3.419199943542	-0.005094160326
3.420799970627	-0.003465040354
3.422399997711	-0.004539200570
3.424000024796	-0.004300672561
3.425599813461	-0.004881824367
3.427199840546	-0.005642432254
3.428799867630	-0.005854512565
3.430399894714	-0.002686576219
3.431999921799	-0.005289680324
3.433599948883	-0.006638896652
3.435199975967	-0.004312528297
3.436800003052	-0.006552672479
3.438400030136	-0.003766176291
3.439999818802	-0.004243376199
3.441599845886	-0.005186384544
3.443199872971	-0.004256112501
3.444799900055	-0.005954928696
3.446399927139	-0.003234560369
3.447999954224	-0.006384816486
3.449599981308	-0.005666160490
3.451200008392	0.004806992598
