0.000000000000	0.015392929316
0.001599999960	0.014882529154
0.003199999919	0.017106257379
0.004799999762	0.017967185006
0.006399999838	0.016147442162
0.007999999449	0.014512177557
0.009599999525	0.013735393062
0.011199999601	0.014492513612
0.012799999677	0.014733200893
0.014399999753	0.015256625600
0.015999998897	0.013541584834
0.017599999905	0.012960880995
0.019199999049	0.013842561282
0.020800000057	0.014227969572
0.022399999201	0.013576257043
0.024000000209	0.011086144485
0.025599999353	0.014517361298
0.027199998498	0.010691761039
0.028799999505	0.014731121249
0.030399998650	0.013251408935
0.031999997795	0.011237937026
0.033599998802	0.012874417007
0.035199999809	0.009516080841
0.036800000817	0.013455073349
0.038399998099	0.010989792645
0.039999999106	0.012079088949
0.041600000113	0.012376128696
0.043199997395	0.012252865359
0.044799998403	0.011884288862
0.046399999410	0.009567456320
0.048000000417	0.010496225208
0.049599997699	0.011340368539
0.051199998707	0.010807088576
0.052799999714	0.011006432585
0.054399996996	0.010396241210
0.055999998003	0.010819761083
0.057599999011	0.011398608796
0.059200000018	0.011130193248
0.060799997300	0.011677744798
0.062399998307	0.010664672591
0.063999995589	0.009666000493
0.065600000322	0.011528560892
0.067199997604	0.010150913149
0.068799994886	0.011230688542
0.070399999619	0.010401872918
0.071999996901	0.010168320499
0.073600001633	0.009371040389
0.075199998915	0.011283281259
0.076799996197	0.012048897333
0.078400000930	0.009693296626
0.079999998212	0.009278352372
0.081599995494	0.009607168846
0.083200000226	0.011542305350
0.084799997509	0.009677233174
0.086399994791	0.008711104281
0.087999999523	0.011686529033
0.089599996805	0.008579377085
0.091199994087	0.011562016793
0.092799998820	0.011247904971
0.094399996102	0.010368560441
0.096000000834	0.012226576917
0.097599998116	0.009564592503
0.099199995399	0.010225392878
0.100800000131	0.009535280988
0.102399997413	0.009471328929
0.103999994695	0.008750433102
0.105599999428	0.009798288345
0.107199996710	0.008420640603
0.108799993992	0.008981232531
0.110399998724	0.009335489012
0.111999996006	0.010808897205
0.113600000739	0.008481200784
0.115199998021	0.008955281228
0.116799995303	0.009014784358
0.118400000036	0.009283617139
0.119999997318	0.009614353068
0.121599994600	0.010749377310
0.123199999332	0.008731921203
0.124799996614	0.009984049015
0.126399993896	0.007248864509
0.127999991179	0.009347264655
0.129600003362	0.009118353017
0.131200000644	0.008302913047
0.132799997926	0.008470849134
0.134399995208	0.007769456599
0.135999992490	0.010327856988
0.137599989772	0.006903840695
0.139200001955	0.009746560827
0.140799999237	0.006978320889
0.142399996519	0.009544032626
0.143999993801	0.008432144299
0.145599991083	0.007089824416
0.147200003266	0.010440545157
0.148800000548	0.005897856317
0.150399997830	0.008046320640
0.151999995112	0.008550080471
0.153599992394	0.009036832489
0.155199989676	0.008547392674
0.156800001860	0.008429424837
0.158399999142	0.010761904530
0.159999996424	0.006506800652
0.161599993706	0.009615840390
0.163199990988	0.007367424667
0.164800003171	0.007593888789
0.166400000453	0.009433472529
0.167999997735	0.007698032539
0.169599995017	0.009456848726
0.171199992299	0.007123504765
0.172799989581	0.007499424741
0.174400001764	0.007651344873
0.175999999046	0.007733840495
0.177599996328	0.007602368481
0.179199993610	0.008989265189
0.180799990892	0.007287600543
0.182399988174	0.007925984450
0.184000000358	0.008237536997
0.185599997640	0.009200240485
0.187199994922	0.007039776538
0.188799992204	0.007486080751
0.190399989486	0.006711184513
0.192000001669	0.007254080847
0.193599998951	0.009311792441
0.195199996233	0.006515040528
0.196799993515	0.007594240829
0.198399990797	0.008886928670
0.199999988079	0.006115712691
0.201600000262	0.008352432400
0.203199997544	0.008137264289
0.204799994826	0.006327248644
0.206399992108	0.009185392410
0.207999989390	0.007416480687
0.209600001574	0.006428640336
0.211199998856	0.006942800712
0.212799996138	0.008285569027
0.214399993420	0.007341488730
0.215999990702	0.006763520651
0.217599987984	0.006262144540
0.219200000167	0.005838560406
0.220799997449	0.007405696437
0.222399994731	0.007479280699
0.223999992013	0.007728320546
0.225599989295	0.008006496355
0.227200001478	0.005548608489
0.228799998760	0.008177137002
0.230399996042	0.004622624256
0.231999993324	0.006706928834
0.233599990606	0.005996160675
0.235199987888	0.006671040785
0.236800000072	0.007794752717
0.238399997354	0.007833072916
0.239999994636	0.005196352489
0.241599991918	0.003497680184
0.243199989200	0.007655360736
0.244799986482	0.007147376426
0.246399998665	0.004943792243
0.247999995947	0.007491008844
0.249599993229	0.006017824635
0.251199990511	0.007569088601
0.252799987793	0.006970384624
0.254399985075	0.007124992553
0.255999982357	0.005054656416
0.257599979639	0.005949824583
0.259200006723	0.005290000234
0.260800004005	0.006917456631
0.262400001287	0.005395104643
0.263999998569	0.005027168430
0.265599995852	0.008805792779
0.267199993134	0.003782576416
0.268799990416	0.006717008539
0.270399987698	0.006119472440
0.271999984980	0.005859808531
0.273599982262	0.008676785044
0.275199979544	0.004970688373
0.276800006628	0.004517904483
0.278400003910	0.006552528590
0.280000001192	0.005826656707
0.281599998474	0.006293680519
0.283199995756	0.006632448640
0.284799993038	0.006190592423
0.286399990320	0.005215744488
0.287999987602	0.004338368308
0.289599984884	0.005379424430
0.291199982166	0.005417424254
0.292799979448	0.006263968535
0.294400006533	0.006305744406
0.296000003815	0.006089296658
0.297600001097	0.005646544509
0.299199998379	0.005106352270
0.300799995661	0.008160384372
0.302399992943	0.006483056583
0.303999990225	0.006006592419
0.305599987507	0.004594496451
0.307199984789	0.004028736148
0.308799982071	0.006288352422
0.310399979353	0.004318464547
0.312000006437	0.005093872547
0.313600003719	0.004776912276
0.315200001001	0.005109680351
0.316799998283	0.004838896450
0.318399995565	0.004374400247
0.319999992847	0.005319152493
0.321599990129	0.006548816338
0.323199987411	0.003399840323
0.324799984694	0.005952480715
0.326399981976	0.003956656437
0.327999979258	0.004282320384
0.329600006342	0.006220832467
0.331200003624	0.003291088156
0.332800000906	0.004313344136
0.334399998188	0.002808912192
0.335999995470	0.006959072780
0.337599992752	0.004616224207
0.339199990034	0.003661152208
0.340799987316	0.006715248339
0.342399984598	0.003000416327
0.343999981880	0.006458720658
0.345599979162	0.005778784398
0.347199976444	0.003865776351
0.348800003529	0.007526160683
0.350400000811	0.004213200416
0.351999998093	0.004760224372
0.353599995375	0.003909456544
0.355199992657	0.005317680538
0.356799989939	0.005173088517
0.358399987221	0.004611792509
0.359999984503	0.005665248260
0.361599981785	0.005548928399
0.363199979067	0.004259120207
0.364799976349	0.006025264505
0.366400003433	0.004852176644
0.368000000715	0.005031328183
0.369599997997	0.004448704422
0.371199995279	0.004353232216
0.372799992561	0.004984896164
0.374399989843	0.003740032436
0.375999987125	0.005653696600
0.377599984407	0.003880880307
0.379199981689	0.005389840342
0.380799978971	0.007138624787
0.382399976254	0.002549632220
0.384000003338	0.005796176381
0.385600000620	0.005333104637
0.387199997902	0.006433872506
0.388799995184	0.004609360360
0.390399992466	0.003838016419
0.391999989748	0.005188800395
0.393599987030	0.004748224281
0.395199984312	0.005936800502
0.396799981594	0.002523952164
0.398399978876	0.004691616166
0.399999976158	0.004542064387
0.401600003242	0.003518464277
0.403200000525	0.004413712304
0.404799997807	0.004460336175
0.406399995089	0.004591472447
0.407999992371	0.003531008260
0.409599989653	0.004223408177
0.411199986935	0.005679472350
0.412799984217	0.003787472378
0.414399981499	0.003686800366
0.415999978781	0.004206208512
0.417599976063	0.002434544265
0.419200003147	0.005050080363
0.420800000429	0.005123568699
0.422399997711	0.002485472243
0.423999994993	0.004567952361
0.425599992275	0.006638304330
0.427199989557	0.004438720178
0.428799986839	0.004718816373
0.430399984121	0.005147616379
0.431999981403	0.002846832154
0.433599978685	0.006490016356
0.435199975967	0.005361248273
0.436800003052	0.003202352207
0.438400000334	0.002940112259
0.439999997616	0.002111744136
0.441599994898	0.003772096243
0.443199992180	0.005857744720
0.444799989462	0.004884592257
0.446399986744	0.003142944304
0.447999984026	0.004473952111
0.449599981308	0.003901936347
0.451199978590	0.005813792348
0.452799975872	0.002550672274
0.454400002956	0.004377280362
0.456000000238	0.003929008264
0.457599997520	0.002382192295
0.459199994802	0.005799744744
0.460799992085	0.002571792342
0.462399989367	0.005638368428
0.463999986649	0.003426752286
0.465599983931	0.003486528294
0.467199981213	0.002964000218
0.468799978495	0.002747648163
0.470399975777	0.004603216425
0.472000002861	0.002712160116
0.473600000143	0.003350224346
0.475199997425	0.003853680333
0.476799994707	0.001979648136
0.478399991989	0.003950496204
0.479999989271	0.002554672305
0.481599986553	0.003992512356
0.483199983835	0.002692144131
0.484799981117	0.004035648424
0.486399978399	0.003786016256
0.487999975681	0.002706864150
0.489599972963	0.003630288411
0.491200000048	0.003025808139
0.492799997330	0.002968704328
0.494399994612	0.003423776245
0.495999991894	0.002818064298
0.497599989176	0.001382512040
0.499199986458	0.005294720177
0.500800013542	0.003005504375
0.502399981022	0.005050736479
0.504000008106	0.002396352123
0.505599975586	0.003053616267
0.507200002670	0.001638496178
0.508799970150	0.002634096192
0.510399997234	0.005702928640
0.511999964714	0.002933120122
0.513599991798	0.001315216068
0.515199959278	0.002141344128
0.516799986362	0.002529360121
0.518400013447	0.002883280162
0.519999980927	0.003125408199
0.521600008011	0.004095584154
0.523199975491	0.000880752050
0.524800002575	0.002336816164
0.526399970055	0.004518496338
0.527999997139	0.002959360136
0.529599964619	0.003778432263
0.531199991703	0.002390864072
0.532799959183	0.002267584205
0.534399986267	0.000951744092
0.536000013351	0.002392944181
0.537599980831	0.002890880220
0.539200007915	0.004513184074
0.540799975395	0.001632352127
0.542400002480	0.003952016588
0.543999969959	0.002486208221
0.545599997044	0.002055248246
0.547199964523	0.003972048406
0.548799991608	0.003083104268
0.550399959087	0.003894656198
0.551999986172	0.003002064303
0.553600013256	0.002078144113
0.555199980736	0.001567872241
0.556800007820	0.002404224128
0.558399975300	0.004508960526
0.560000002384	0.003423248185
0.561599969864	0.004204672296
0.563199996948	0.001041392097
0.564799964428	0.002401696285
0.566399991512	0.003504672321
0.567999958992	-0.000742080039
0.569599986076	0.004924800247
0.571200013161	0.001869488158
0.572799980640	0.003184736241
0.574400007725	0.002654256299
0.575999975204	0.005982704461
0.577600002289	0.002380560152
0.579199969769	0.002045936184
0.580799996853	0.003921056166
0.582399964333	0.001202864107
0.583999991417	0.001997280167
0.585599958897	0.001083040144
0.587199985981	0.001977248117
0.588800013065	0.005119696259
0.590399980545	0.003157728352
0.592000007629	0.002386272186
0.593599975109	0.000968432054
0.595200002193	0.002524896292
0.596799969673	0.001432576100
0.598399996758	0.001791760209
0.599999964237	0.002466352191
0.601599991322	0.003096512286
0.603199958801	0.001217136160
0.604799985886	0.001554016140
0.606400012970	0.004269472323
0.607999980450	0.002641376108
0.609600007534	0.003418304259
0.611199975014	0.004490240477
0.612800002098	0.000894928060
0.614399969578	0.001242784085
0.615999996662	0.004191120155
0.617599964142	0.000759312126
0.619199991226	0.002774192253
0.620799958706	0.000843728078
0.622399985790	-0.000251711986
0.624000012875	0.000671200047
0.625599980354	0.003131696256
0.627200007439	0.002432528185
0.628799974918	0.002794800326
0.630400002003	0.002324080095
0.631999969482	0.001239952166
0.633599996567	0.003334224224
0.635199964046	0.003665760159
0.636799991131	0.001811328111
0.638399958611	0.002124800114
0.639999985695	0.002773008309
0.641600012779	0.001230672118
0.643199980259	-0.000085727988
0.644800007343	0.005288176239
0.646399974823	0.002551824320
0.648000001907	0.001657040091
0.649599969387	0.002451040084
0.651199996471	0.002376624150
0.652799963951	0.003013184294
0.654399991035	0.002922640182
0.655999958515	0.002850496210
0.657599985600	0.000413488044
0.659200012684	0.001648784149
0.660799980164	0.003093552310
0.662400007248	0.000755488116
0.663999974728	0.001950928126
0.665600001812	0.001456320169
0.667199969292	0.002472944092
0.668799996376	0.000079823978
0.670399963856	0.004775952548
0.671999990940	0.002312848112
0.673599958420	0.003059968352
0.675199985504	0.002110240282
0.676800012589	-0.000424447993
0.678399980068	0.002943312284
0.680000007153	0.002165776212
0.681599974632	0.001910496154
0.683200001717	-0.000108016029
0.684799969196	0.000001552008
0.686399996281	0.002585856244
0.687999963760	0.001239952049
0.689599990845	0.002624560148
0.691199958324	0.001777904225
0.692799985409	0.001738448162
0.694399952888	0.004933520220
0.695999979973	0.003554176306
0.697600007057	0.001740080072
0.699199974537	0.002324544359
0.700800001621	-0.000106928055
0.702399969101	0.002106016036
0.703999996185	0.000772912055
0.705599963665	0.002208112273
0.707199990749	-0.000957152050
0.708799958229	0.001742752152
0.710399985313	0.001998704160
0.711999952793	0.001807472087
0.713599979877	0.003105088137
0.715200006962	0.001014688052
0.716799974442	0.003094112268
0.718400001526	0.000534960069
0.719999969006	0.002788144164
0.721599996090	0.000432016066
0.723199963570	0.001532400143
0.724799990654	0.002403648105
0.726399958134	0.002751776250
0.727999985218	0.000836416031
0.729599952698	0.002026752103
0.731199979782	0.000373216026
0.732800006866	0.001705760136
0.734399974346	0.004753776360
0.736000001431	0.003461440327
0.737599968910	0.000804832147
0.739199995995	0.001107392134
0.740799963474	-0.001614304027
0.742399990559	0.002505264245
0.743999958038	0.003267296357
0.745599985123	0.002660128288
0.747199952602	0.000629280054
0.748799979687	0.000473760068
0.750400006771	0.001647920115
0.751999974251	0.000724655984
0.753600001335	0.002321616281
0.755199968815	0.000391712034
0.756799995899	0.000850704033
0.758399963379	0.000603072054
0.759999990463	0.002071840223
0.761599957943	0.001547008054
0.763199985027	0.000614480057
0.764799952507	0.001069088117
0.766399979591	0.001789024100
0.768000006676	0.001406928059
0.769599974155	0.002282656264
0.771200001240	0.001622992218
0.772799968719	0.001906720223
0.774399995804	0.001493008109
0.775999963284	0.000295488018
0.777599990368	0.002940000268
0.779199957848	0.001891248161
0.780799984932	0.000358127989
0.782399952412	-0.001177408150
0.783999979496	0.002955984324
0.785600006580	0.001325136051
0.787199974060	-0.000049408005
0.788800001144	0.003145984374
0.790399968624	0.001229024027
0.791999995708	-0.000955472118
0.793599963188	0.001486896072
0.795199990273	-0.000559504027
0.796799957752	0.001442784211
0.798399984837	0.000232656035
0.799999952316	0.002312544268
0.801599979401	0.000268624019
0.803200006485	-0.000206720084
0.804799973965	0.000121408004
0.806400001049	0.000477824098
0.807999968529	0.000815568084
0.809599995613	0.000535951986
0.811199963093	0.000741696043
0.812799990177	0.001487424015
0.814399957657	0.001991664292
0.815999984741	0.001166528091
0.817599952221	0.001575296046
0.819199979305	0.001041664043
0.820800006390	0.000463567994
0.822399973869	0.000565424096
0.824000000954	0.000695616065
0.825599968433	0.002469008323
0.827199995518	0.000034895991
0.828799962997	0.000359632104
0.830399990082	-0.000680544064
0.831999957561	-0.001791360206
0.833599984646	0.000733872061
0.835199952126	0.000908096030
0.836799979210	0.002108528046
0.838400006294	0.001649104059
0.839999973774	0.000567936047
0.841600000858	0.001502880128
0.843199968338	0.002530848142
0.844799995422	0.001572112204
0.846399962902	0.001202719985
0.847999989986	-0.000623696076
0.849599957466	0.001893408131
0.851199984550	0.000803439994
0.852799952030	0.001896416186
0.854399979115	0.002649552189
0.856000006199	-0.000556896033
0.857599973679	0.000730160042
0.859200000763	0.000320320047
0.860799968243	-0.000256848056
0.862399995327	0.002187904203
0.863999962807	0.001140160137
0.865599989891	-0.000287984032
0.867199957371	-0.001659824047
0.868799984455	0.000021296037
0.870399951935	0.001226432039
0.871999979019	-0.001986656105
0.873600006104	0.001953008119
0.875199973583	0.001846208121
0.876800000668	-0.002505808137
0.878399968147	0.002492064144
0.879999995232	-0.000006575983
0.881599962711	0.000514575979
0.883199989796	0.002372112125
0.884799957275	0.000068736015
0.886399984360	0.000838944048
0.887999951839	0.001196864061
0.889599978924	0.002216496039
0.891200006008	-0.000164448080
0.892799973488	-0.000753648055
0.894400000572	-0.000235888045
0.895999968052	-0.000139248004
0.897599995136	0.003972272389
0.899199962616	0.001121504116
0.900799989700	-0.000320112013
0.902399957180	-0.000427360006
0.903999984264	0.003466576338
0.905599951744	0.000606144080
0.907199978828	0.002047328046
0.908800005913	0.001002288074
0.910399973392	-0.001501600142
0.912000000477	0.000260431902
0.913599967957	0.001053504064
0.915199995041	0.001204480068
0.916799962521	0.000714576046
0.918399989605	-0.000385776017
0.919999957085	-0.000166656013
0.921599984169	-0.000292960118
0.923199951649	0.001678320230
0.924799978733	0.002217504196
0.926400005817	0.000573504018
0.927999973297	-0.000130832050
0.929600000381	0.000650224101
0.931199967861	-0.001181296073
0.932799994946	0.002962848172
0.934399962425	0.001832496142
0.935999989510	0.000981456134
0.937599956989	0.002092192182
0.939199984074	0.001238064026
0.940799951553	0.001644096104
0.942399978638	0.001582192141
0.944000005722	0.001942432136
0.945599973202	-0.000632192125
0.947200000286	-0.001423440059
0.948799967766	0.002357536228
0.950399994850	-0.000923504063
0.951999962330	0.001578624127
0.953599989414	0.000282495981
0.955199956894	-0.001600032207
0.956799983978	0.001075344160
0.958399951458	-0.000317536003
0.959999978542	-0.000781200069
0.961599946022	0.003482656321
0.963199973106	-0.001003520214
0.964800000191	0.000747840037
0.966399967670	0.001459360123
0.967999994755	-0.000444400037
0.969599962234	0.000166320053
0.971199989319	0.000139647949
0.972799956799	0.001293408102
0.974399983883	0.001430240110
0.975999951363	0.000884224079
0.977599978447	-0.000163760022
0.979199945927	-0.001135232043
0.980799973011	0.001273408066
0.982400000095	-0.000212960003
0.983999967575	0.000628144015
0.985599994659	0.002075776225
0.987199962139	-0.001083408133
0.988799989223	-0.000240960057
0.990399956703	0.001800416154
0.991999983788	0.000529392040
0.993599951267	0.000249200035
0.995199978352	-0.001312928041
0.996799945831	-0.000166480022
0.998399972916	-0.000300800020
1.000000000000	0.000260559988
1.001600027084	0.003507280257
1.003199934959	0.001786512090
1.004799962044	-0.000008223947
1.006399989128	-0.000003360013
1.008000016212	-0.000888896058
1.009599924088	0.002779328264
1.011199951172	-0.001024016063
1.012799978256	-0.001602112083
1.014400005341	0.001489216113
1.016000032425	-0.000977424090
1.017599940300	0.001114096143
1.019199967384	0.000863424037
1.020799994469	0.000150576045
1.022400021553	-0.000994768110
1.023999929428	0.000677504053
1.025599956512	0.003368272213
1.027199983597	0.001929344260
1.028800010681	-0.000684831990
1.030399918556	-0.001505072112
1.031999945641	-0.002626960166
1.033599972725	0.000017151964
1.035199999809	0.000454016001
1.036800026894	0.000316384016
1.038399934769	-0.000713280053
1.039999961853	-0.001382400165
1.041599988937	0.001340480056
1.043200016022	0.001357392059
1.044799923897	0.002060480183
1.046399950981	0.000666704087
1.047999978065	-0.001293360139
1.049600005150	0.000591792050
1.051200032234	0.000156256021
1.052799940109	0.000634736032
1.054399967194	-0.000223807991
1.055999994278	0.002595056314
1.057600021362	0.000389168097
1.059199929237	-0.001185024157
1.060799956322	0.001188656082
1.062399983406	-0.000100608027
1.064000010490	0.000104335959
1.065599918365	0.002628192073
1.067199945450	-0.001369088073
1.068799972534	-0.001777872094
1.070399999619	0.000218768037
1.072000026703	-0.002424688078
1.073599934578	0.000202672018
1.075199961662	-0.001216992154
1.076799988747	-0.001453584176
1.078400015831	-0.000392208080
1.079999923706	-0.001023984165
1.081599950790	0.000548896031
1.083199977875	-0.000054640008
1.084800004959	0.000435568043
1.086400032043	0.001553440117
1.087999939919	0.000426112034
1.089599967003	-0.001184144174
1.091199994087	-0.000953568087
1.092800021172	0.001556784031
1.094399929047	0.000910944073
1.095999956131	-0.001524416148
1.097599983215	0.001084767981
1.099200010300	-0.001389328158
1.100799918175	0.001216192148
1.102399945259	-0.002759872237
1.103999972343	0.001095408108
1.105599999428	0.000568272022
1.107200026512	-0.000917328056
1.108799934387	-0.000893680030
1.110399961472	-0.000668624067
1.111999988556	0.001808496076
1.113600015640	-0.001021728036
1.115199923515	0.000423280057
1.116799950600	0.002065328183
1.118399977684	-0.005702000577
1.120000004768	-0.000916624092
1.121599912643	0.001629936160
1.123199939728	-0.001151520177
1.124799966812	0.001246048021
1.126399993896	-0.001774768229
1.128000020981	0.000063039995
1.129599928856	-0.000007519988
1.131199955940	-0.000137040028
1.132799983025	0.000789728074
1.134400010109	0.000691024004
1.135999917984	0.000470112049
1.137599945068	-0.001819680212
1.139199972153	-0.000228080084
1.140799999237	0.001319936127
1.142400026321	-0.000731904060
1.143999934196	-0.000231728016
1.145599961281	0.000350128015
1.147199988365	-0.001682768110
1.148800015450	-0.000126383995
1.150399923325	0.001329424093
1.151999950409	0.002871120116
1.153599977493	-0.000809856050
1.155200004578	-0.002100496320
1.156799912453	0.001095104148
1.158399939537	-0.003449520329
1.159999966621	-0.000028704022
1.161599993706	0.000024000021
1.163200020790	-0.000400624034
1.164799928665	-0.000063423999
1.166399955750	-0.002420256147
1.167999982834	-0.000770240091
1.169600009918	-0.000086096064
1.171199917793	0.001399088069
1.172799944878	0.000796768058
1.174399971962	-0.000635456061
1.175999999046	0.002556592226
1.177600026131	-0.002372928197
1.179199934006	0.001672496088
1.180799961090	0.001171744079
1.182399988174	-0.002455184236
1.184000015259	-0.000354704040
1.185599923134	-0.001632352127
1.187199950218	0.000449888030
1.188799977303	-0.000125855964
1.190400004387	-0.000110112022
1.191999912262	0.001181392116
1.193599939346	-0.001789120142
1.195199966431	-0.000691008114
1.196799993515	-0.000777360052
1.198400020599	-0.002364736283
1.199999928474	0.000307600101
1.201599955559	-0.001816544100
1.203199982643	-0.000007760040
1.204800009727	0.000531680125
1.206399917603	0.000446048012
1.207999944687	0.000659024052
1.209599971771	0.000392143993
1.211199998856	0.001138656051
1.212800025940	-0.000055807996
1.214399933815	-0.001347248093
1.215999960899	0.000767728081
1.217599987984	-0.001702768146
1.219200015068	0.001493072137
1.220799922943	0.000219072012
1.222399950027	-0.001651216182
1.223999977112	-0.000848960073
1.225600004196	-0.000989456079
1.227199912071	0.000065632004
1.228799939156	-0.001682272064
1.230399966240	-0.000600304047
1.231999993324	-0.000116767966
1.233600020409	-0.001319088158
1.235199928284	0.001066560042
1.236799955368	-0.001022560056
1.238399982452	-0.000048735972
1.240000009537	-0.000283568108
1.241599917412	-0.001341776107
1.243199944496	0.000601872045
1.244799971581	-0.001767664216
1.246399998665	-0.000176287998
1.248000025749	0.001196448109
1.249599933624	-0.002502336167
1.251199960709	0.001504752203
1.252799987793	-0.001022192067
1.254400014877	-0.000565888127
1.255999922752	-0.002198752249
1.257599949837	-0.002260128269
1.259199976921	0.000538079999
1.260800004005	-0.001011104090
1.262399911880	-0.000948528119
1.263999938965	0.000136847986
1.265599966049	-0.002406288171
1.267199993134	-0.000875328085
1.268800020218	-0.001575088128
1.270399928093	0.000188240010
1.271999955177	0.001453808160
1.273599982262	-0.001818720135
1.275200009346	-0.000831952086
1.276799917221	-0.001715872204
1.278399944305	-0.001630480168
1.279999971390	-0.002956832293
1.281599998474	-0.001170480158
1.283200025558	0.000622576044
1.284799933434	-0.002363696229
1.286399960518	-0.002396496246
1.287999987602	-0.001093248138
1.289600014687	0.002921200357
1.291199922562	-0.001026448095
1.292799949646	-0.002279920271
1.294399976730	-0.000714896072
1.296000003815	-0.001871424145
1.297599911690	-0.000640944054
1.299199938774	0.001306944061
1.300799965858	-0.001660960144
1.302399992943	0.000148800027
1.304000020027	-0.002864304231
1.305599927902	0.000610992021
1.307199954987	-0.001717328210
1.308799982071	-0.003266096348
1.310400009155	-0.000289072050
1.311999917030	-0.001097456086
1.313599944115	0.000236832013
1.315199971199	-0.001542640035
1.316799998283	-0.001173424069
1.318400025368	-0.001054336084
1.319999933243	-0.001538064214
1.321599960327	-0.000959152123
1.323199987411	-0.001126128132
1.324800014496	-0.000190496037
1.326399922371	-0.002447120147
1.327999949455	-0.001350560109
1.329599976540	0.000184656004
1.331200003624	-0.001499088132
1.332799911499	-0.001110912068
1.334399938583	-0.001533776172
1.335999965668	-0.001294112066
1.337599992752	-0.001990080113
1.339200019836	0.000093904033
1.340799927711	0.000195056069
1.342399954796	-0.000459584029
1.343999981880	-0.002539392328
1.345600008965	-0.001329392078
1.347199916840	-0.002337376121
1.348799943924	0.000373151997
1.350399971008	-0.000513936044
1.351999998093	-0.000588352093
1.353600025177	-0.001240688143
1.355199933052	-0.002884864341
1.356799960136	-0.001484784065
1.358399987221	-0.000141664073
1.360000014305	-0.001349856146
1.361599922180	0.000084208055
1.363199949265	-0.002069664188
1.364799976349	-0.000674912066
1.366400003433	-0.001661568182
1.367999911308	-0.001914304099
1.369599938393	0.002734864131
1.371199965477	-0.001783056185
1.372799992561	-0.003153088270
1.374400019646	-0.002177184215
1.375999927521	-0.002023856156
1.377599954605	0.000033440007
1.379199981689	0.000081680024
1.380800008774	-0.001092592021
1.382399916649	-0.001358560054
1.383999943733	-0.002743344288
1.385599970818	-0.002529744292
1.387199997902	0.000913184078
1.388799905777	-0.000004415989
1.390399932861	-0.002338416176
1.391999959946	-0.002150448272
1.393599987030	-0.000552304031
1.395200014114	-0.001686320174
1.396799921989	0.000616352016
1.398399949074	0.000567328010
1.399999976158	-0.001306720078
1.401600003242	-0.001306272112
1.403199911118	-0.002407264197
1.404799938202	-0.002841616282
1.406399965286	-0.000264624017
1.407999992371	0.000290928059
1.409600019455	-0.000906272151
1.411199927330	-0.000491760031
1.412799954414	-0.003320192220
1.414399981499	0.000678976066
1.416000008583	0.000747824030
1.417599916458	-0.000824480026
1.419199943542	0.000485440047
1.420799970627	0.000081072052
1.422399997711	-0.001481440151
1.423999905586	-0.000659488083
1.425599932671	0.000153824003
1.427199959755	-0.001323536155
1.428799986839	-0.000569520053
1.430400013924	-0.001153824036
1.431999921799	-0.000797472021
1.433599948883	0.001027920051
1.435199975967	-0.002444656100
1.436800003052	0.000567824056
1.438399910927	-0.003028592328
1.439999938011	-0.001736864098
1.441599965096	-0.000438032002
1.443199992180	-0.001061536139
1.444800019264	-0.000262432004
1.446399927139	-0.001409520046
1.447999954224	-0.000435696042
1.449599981308	0.001070656115
1.451200008392	-0.000461120042
1.452799916267	-0.002474992303
1.454399943352	-0.002402528189
1.455999970436	0.002399632242
1.457599997520	-0.001767776208
1.459199905396	-0.000452688022
1.460799932480	-0.000628896058
1.462399959564	-0.002879024250
1.463999986649	0.000032720000
1.465600013733	0.000276848034
1.467199921608	0.000002096018
1.468799948692	-0.000823504059
1.470399975777	-0.002751472173
1.472000002861	-0.000344128028
1.473599910736	-0.002947088098
1.475199937820	0.002760672243
1.476799964905	-0.000621360086
1.478399991989	-0.001903824159
1.480000019073	0.000084544052
1.481599926949	-0.003456800245
1.483199954033	-0.001506640110
1.484799981117	0.001434688107
1.486400008202	-0.003471904434
1.487999916077	0.000710672117
1.489599943161	-0.001820976147
1.491199970245	0.000725840102
1.492799997330	-0.000390176050
1.494399905205	-0.000839040091
1.495999932289	0.003335984191
1.497599959373	-0.002087328117
1.499199986458	-0.002834160347
1.500800013542	-0.000664304069
1.502399921417	-0.002507232130
1.503999948502	0.001562144142
1.505599975586	-0.001754000084
1.507200002670	-0.001867312123
1.508799910545	-0.000714960042
1.510399937630	-0.002125312109
1.511999964714	-0.001269440167
1.513599991798	-0.003090096172
1.515200018883	-0.000246848009
1.516799926758	-0.000430832035
1.518399953842	-0.003333200235
1.519999980927	0.001816704171
1.521600008011	-0.001911552157
1.523199915886	-0.001680384157
1.524799942970	-0.000065696047
1.526399970055	-0.003612880362
1.527999997139	-0.001947440207
1.529599905014	-0.003052208340
1.531199932098	0.000671472051
1.532799959183	-0.002823776100
1.534399986267	-0.001076416112
1.536000013351	-0.001221712097
1.537599921227	-0.003232368268
1.539199948311	-0.000275520026
1.540799975395	-0.002667120192
1.542400002480	-0.003604512429
1.543999910355	-0.001523264102
1.545599937439	-0.003833552357
1.547199964523	-0.001043920172
1.548799991608	-0.001784752123
1.550400018692	0.000808336074
1.551999926567	0.000146751991
1.553599953651	-0.003483952256
1.555199980736	-0.001009296044
1.556800007820	-0.000518368033
1.558399915695	-0.003728080308
1.559999942780	0.000167872044
1.561599969864	-0.002429792192
1.563199996948	-0.002410048153
1.564799904823	-0.002734544221
1.566399931908	-0.003749584313
1.567999958992	-0.001331760082
1.569599986076	0.000245664036
1.571200013161	-0.000819248089
1.572799921036	-0.003407904413
1.574399948120	-0.001327488106
1.575999975204	0.000474752014
1.577600002289	-0.003082592273
1.579199910164	-0.001057888148
1.580799937248	-0.002202816308
1.582399964333	-0.003099344438
1.583999991417	-0.000731759996
1.585600018501	-0.001671072096
1.587199926376	0.000000063964
1.588799953461	-0.001649088110
1.590399980545	-0.003184976289
1.592000007629	0.000760752009
1.593599915504	-0.002111168113
1.595199942589	-0.000576608058
1.596799969673	-0.001966608223
1.598399996758	-0.000247376011
1.599999904633	-0.002285904251
1.601599931717	-0.003196768230
1.603199958801	-0.002353264252
1.604799985886	-0.001292416127
1.606400012970	-0.000687152089
1.607999920845	-0.000807024015
1.609599947929	-0.001816592063
1.611199975014	0.000281520042
1.612800002098	-0.002202720148
1.614399909973	-0.000353408075
1.615999937057	-0.001381040085
1.617599964142	-0.000627264031
1.619199991226	-0.002542144153
1.620800018311	-0.000493136002
1.622399926186	-0.001605456113
1.623999953270	-0.001587872161
1.625599980354	-0.002571088262
1.627200007439	-0.002482288284
1.628799915314	-0.000274480029
1.630399942398	-0.002192864195
1.631999969482	-0.001907808241
1.633599996567	-0.000488112069
1.635199904442	-0.002566416282
1.636799931526	-0.003129952354
1.638399958611	-0.001654256135
1.639999985695	-0.000789024052
1.641600012779	0.000551088073
1.643199920654	0.000832368096
1.644799947739	-0.001292064087
1.646399974823	-0.000547680014
1.648000001907	-0.001816560165
1.649599909782	-0.001158464118
1.651199936867	-0.001389232115
1.652799963951	-0.001710736193
1.654399991035	-0.001341328141
1.655999898911	-0.001433264115
1.657599925995	0.000595072052
1.659199953079	-0.001951104263
1.660799980164	-0.000992399990
1.662400007248	-0.000123504011
1.663999915123	-0.001344432123
1.665599942207	0.000533312035
1.667199969292	-0.001250944100
1.668799996376	-0.003485664260
1.670399904251	0.000168287967
1.671999931335	-0.001935536158
1.673599958420	0.000368912064
1.675199985504	0.001092944061
1.676800012589	-0.003318704199
1.678399920464	-0.003074240172
1.679999947548	-0.002545120195
1.681599974632	-0.002477264265
1.683200001717	-0.000986864092
1.684799909592	-0.002842944348
1.686399936676	0.000125215985
1.687999963760	-0.002079152036
1.689599990845	-0.001602352131
1.691199898720	-0.001439056126
1.692799925804	-0.000613184064
1.694399952888	-0.001339088078
1.695999979973	-0.002199664246
1.697600007057	-0.001981664216
1.699199914932	0.000463600096
1.700799942017	-0.000930592127
1.702399969101	-0.002002848079
1.703999996185	-0.001745312125
1.705599904060	-0.002812480321
1.707199931145	-0.002828944242
1.708799958229	-0.002079824219
1.710399985313	-0.004418080207
1.712000012398	0.000195199958
1.713599920273	-0.002197888214
1.715199947357	0.001224416075
1.716799974442	-0.003707792377
1.718400001526	-0.001857872121
1.719999909401	-0.001827216125
1.721599936485	-0.002609056188
1.723199963570	-0.003156880382
1.724799990654	-0.001622464159
1.726399898529	-0.004022384528
1.727999925613	-0.001193744130
1.729599952698	-0.001910800114
1.731199979782	-0.001159920008
1.732800006866	-0.000448768085
1.734399914742	-0.000952208007
1.735999941826	-0.002566480311
1.737599968910	-0.001457200153
1.739199995995	-0.000800016103
1.740799903870	-0.001568080159
1.742399930954	-0.000684736005
1.743999958038	0.000656976074
1.745599985123	-0.002245808020
1.747200012207	-0.003072032239
1.748799920082	-0.000586432056
1.750399947166	-0.001314000110
1.751999974251	-0.000146159990
1.753600001335	-0.002266432159
1.755199909210	-0.003411328187
1.756799936295	-0.003991840407
1.758399963379	-0.000959184021
1.759999990463	-0.002463600133
1.761599898338	-0.001993424259
1.763199925423	-0.001155232079
1.764799952507	-0.000349264097
1.766399979591	-0.002340480220
1.768000006676	-0.002048848197
1.769599914551	-0.000835536048
1.771199941635	-0.000185119978
1.772799968719	-0.003342496231
1.774399995804	-0.001935904147
1.775999903679	-0.003606688231
1.777599930763	-0.002572112251
1.779199957848	-0.000383439998
1.780799984932	0.001288656145
1.782400012016	-0.000980991987
1.783999919891	-0.000749216066
1.785599946976	-0.004696288612
1.787199974060	-0.002686320338
1.788800001144	-0.000275727973
1.790399909019	-0.000902752101
1.791999936104	-0.001832720125
1.793599963188	-0.001342384145
1.795199990273	-0.001980288187
1.796799898148	-0.003824368352
1.798399925232	-0.001465216163
1.799999952316	-0.000525552023
1.801599979401	-0.002954608295
1.803200006485	-0.000684816041
1.804799914360	-0.002650368260
1.806399941444	-0.000241536080
1.807999968529	-0.002860288369
1.809599995613	-0.002530144295
1.811199903488	-0.002279392211
1.812799930573	-0.004577120300
1.814399957657	-0.001195584075
1.815999984741	-0.002000560053
1.817600011826	-0.002341936110
1.819199919701	-0.000103888029
1.820799946785	-0.003259984311
1.822399973869	0.000402672042
1.824000000954	-0.003126560245
1.825599908829	-0.003008784261
1.827199935913	-0.003086592304
1.828799962997	-0.003607952269
1.830399990082	-0.000330863986
1.831999897957	-0.002062768210
1.833599925041	-0.002882576315
1.835199952126	-0.001023152028
1.836799979210	-0.002194256289
1.838400006294	-0.000472944026
1.839999914169	-0.001041088137
1.841599941254	-0.001736144070
1.843199968338	-0.002902640263
1.844799995422	-0.002626144327
1.846399903297	-0.001218256075
1.847999930382	-0.001880320138
1.849599957466	-0.002057616133
1.851199984550	-0.001095040119
1.852800011635	-0.002939808182
1.854399919510	-0.001111120102
1.855999946594	-0.001814192161
1.857599973679	-0.003920256160
1.859200000763	0.000189184037
1.860799908638	-0.000844576047
1.862399935722	-0.001908144215
1.863999962807	-0.000451856060
1.865599989891	-0.001628320082
1.867199897766	-0.002563328249
1.868799924850	-0.003276624251
1.870399951935	-0.001617888105
1.871999979019	-0.002960112179
1.873600006104	-0.000816336076
1.875199913979	-0.003045152174
1.876799941063	-0.002646272071
1.878399968147	-0.001595728099
1.879999995232	-0.001758256112
1.881599903107	-0.001047568163
1.883199930191	-0.002633776283
1.884799957275	-0.003184672212
1.886399984360	-0.001049104147
1.888000011444	-0.004300384317
1.889599919319	-0.000243279967
1.891199946404	-0.001955328276
1.892799973488	-0.005024144426
1.894400000572	-0.002505360171
1.895999908447	-0.003663120326
1.897599935532	-0.000510079961
1.899199962616	-0.002042432083
1.900799989700	-0.001992176287
1.902399897575	-0.002250608057
1.903999924660	-0.002372080227
1.905599951744	-0.000889312068
1.907199978828	-0.001932320185
1.908800005913	-0.004244208336
1.910399913788	-0.001134944032
1.911999940872	-0.006433264352
1.913599967957	-0.000458511960
1.915199995041	-0.001328928047
1.916799902916	-0.001286416082
1.918399930000	-0.000675488031
1.919999957085	-0.003056000220
1.921599984169	-0.002791488310
1.923199892044	-0.003201392246
1.924799919128	-0.001015280024
1.926399946213	-0.001930976170
1.927999973297	-0.004582352471
1.929600000381	-0.001109248144
1.931199908257	-0.001860976103
1.932799935341	-0.002026208211
1.934399962425	-0.000817072112
1.935999989510	-0.004038464278
1.937599897385	-0.003640192328
1.939199924469	-0.001783792162
1.940799951553	-0.001494976110
1.942399978638	-0.000265056005
1.944000005722	-0.003624256467
1.945599913597	-0.001943712239
1.947199940681	-0.003666400211
1.948799967766	-0.000545456074
1.950399994850	-0.001128560165
1.951999902725	-0.002544256160
1.953599929810	-0.001864112099
1.955199956894	-0.001861152123
1.956799983978	-0.003013584297
1.958399891853	-0.002769632265
1.959999918938	-0.003078864189
1.961599946022	-0.001554960152
1.963199973106	-0.003487536218
1.964800000191	-0.001172752120
1.966399908066	-0.002618656261
1.967999935150	-0.002509920159
1.969599962234	-0.000534880091
1.971199989319	-0.002903312212
1.972799897194	-0.001720416127
1.974399924278	-0.001927952166
1.975999951363	-0.003074896289
1.977599978447	-0.001605008147
1.979200005531	-0.000528320088
1.980799913406	-0.001571264118
1.982399940491	-0.003923888318
1.983999967575	-0.002698912285
1.985599994659	-0.002035328187
1.987199902534	-0.003609808395
1.988799929619	-0.002253568266
1.990399956703	-0.001116224099
1.991999983788	-0.001844272250
1.993599891663	-0.003187920433
1.995199918747	-0.001292000175
1.996799945831	-0.002980272286
1.998399972916	-0.002353632124
2.000000000000	-0.004556928296
2.001600027084	-0.003388384357
2.003200054169	-0.002765024081
2.004799842834	-0.002319440246
2.006399869919	-0.004137072247
2.007999897003	-0.001272048103
2.009599924088	-0.002197392285
2.011199951172	-0.001918704133
2.012799978256	-0.003886528313
2.014400005341	-0.000948944071
2.016000032425	-0.002044368070
2.017600059509	-0.002764848294
2.019199848175	-0.002241600305
2.020799875259	-0.002748000203
2.022399902344	-0.003148032352
2.023999929428	-0.000760064053
2.025599956512	-0.002179120202
2.027199983597	-0.002956128214
2.028800010681	-0.004116528202
2.030400037766	-0.001050688094
2.032000064850	-0.004021424334
2.033599853516	-0.000365744025
2.035199880600	0.000084384032
2.036799907684	-0.001524464111
2.038399934769	-0.002746320330
2.039999961853	-0.001273840084
2.041599988937	-0.002704544226
2.043200016022	-0.005211936310
2.044800043106	0.000610000046
2.046399831772	-0.003602128243
2.047999858856	-0.002463504206
2.049599885941	-0.001026432146
2.051199913025	-0.002306592185
2.052799940109	-0.003082544310
2.054399967194	-0.000375184027
2.055999994278	-0.000334879995
2.057600021362	-0.004692208488
2.059200048447	-0.001155712060
2.060799837112	-0.002055744175
2.062399864197	-0.003546112217
2.063999891281	-0.000575264043
2.065599918365	-0.002107856097
2.067199945450	-0.005090320483
2.068799972534	-0.002629712224
2.070399999619	-0.003932960331
2.072000026703	-0.000220112051
2.073600053787	-0.002695792355
2.075199842453	-0.000519056048
2.076799869537	-0.002104848158
2.078399896622	-0.005571664311
2.079999923706	-0.001363168121
2.081599950790	-0.002209504135
2.083199977875	-0.005266224500
2.084800004959	-0.000733136025
2.086400032043	-0.004076160491
2.088000059128	-0.003162640147
2.089599847794	-0.002647184301
2.091199874878	-0.003702848218
2.092799901962	-0.003943584394
2.094399929047	-0.001004896127
2.095999956131	-0.002851696219
2.097599983215	-0.001821296173
2.099200010300	-0.001088016084
2.100800037384	-0.001789808157
2.102400064468	-0.003630064428
2.103999853134	-0.001664112089
2.105599880219	-0.001994016115
2.107199907303	-0.003656208282
2.108799934387	-0.005212880671
2.110399961472	-0.003793040290
2.111999988556	-0.003424336202
2.113600015640	-0.003119056346
2.115200042725	-0.000277472020
2.116799831390	-0.002534288215
2.118399858475	-0.001712288125
2.119999885559	-0.003329872154
2.121599912643	-0.004081696272
2.123199939728	-0.001869824133
2.124799966812	-0.002659904305
2.126399993896	-0.003188464325
2.128000020981	-0.001282832120
2.129600048065	-0.000726896105
2.131199836731	-0.002054896206
2.132799863815	-0.002010320313
2.134399890900	-0.002551760059
2.135999917984	-0.003404720454
2.137599945068	-0.000886256050
2.139199972153	-0.003256256226
2.140799999237	-0.002218096284
2.142400026321	-0.002739424119
2.144000053406	-0.001755728154
2.145599842072	-0.004468336236
2.147199869156	-0.003834800329
2.148799896240	-0.002333408222
2.150399923325	-0.000928304100
2.151999950409	-0.000100496007
2.153599977493	-0.001323120086
2.155200004578	-0.003764032386
2.156800031662	-0.002973264316
2.158400058746	-0.003599968273
2.159999847412	-0.001161680208
2.161599874496	-0.002930944320
2.163199901581	-0.001619440154
2.164799928665	-0.001905952115
2.166399955750	-0.002132256050
2.167999982834	-0.004213248380
2.169600009918	-0.002029856201
2.171200037003	-0.000118608048
2.172800064087	-0.003090416314
2.174399852753	-0.002891472308
2.175999879837	-0.004174512345
2.177599906921	-0.003247696208
2.179199934006	-0.000346335990
2.180799961090	-0.003452064237
2.182399988174	-0.002667152090
2.184000015259	-0.003743584268
2.185600042343	-0.003395472188
2.187199831009	-0.001506208093
2.188799858093	-0.004786960315
2.190399885178	-0.001735088183
2.191999912262	-0.001391536091
2.193599939346	-0.004708080553
2.195199966431	-0.002471648157
2.196799993515	-0.005918912590
2.198400020599	-0.000903984124
2.200000047684	-0.001919360133
2.201599836349	-0.003039152361
2.203199863434	-0.001095344080
2.204799890518	-0.003394432366
2.206399917603	-0.002081040060
2.207999944687	-0.004382880405
2.209599971771	-0.000731312030
2.211199998856	-0.002980608260
2.212800025940	-0.002483008197
2.214400053024	-0.001781088184
2.215999841690	-0.001905472134
2.217599868774	-0.004492448177
2.219199895859	-0.001639744150
2.220799922943	-0.001871456159
2.222399950027	-0.005110032391
2.223999977112	-0.001164976158
2.225600004196	-0.002410112182
2.227200031281	-0.003157792380
2.228800058365	-0.002405376174
2.230399847031	-0.003288560314
2.231999874115	-0.003408768214
2.233599901199	-0.004027152434
2.235199928284	-0.002225264208
2.236799955368	-0.004016496241
2.238399982452	-0.004733280279
2.240000009537	-0.001606144127
2.241600036621	-0.004352688324
2.243199825287	-0.001967744203
2.244799852371	-0.000188912018
2.246399879456	-0.004208416212
2.247999906540	-0.003257536329
2.249599933624	-0.002851920202
2.251199960709	-0.002869616263
2.252799987793	-0.004361600149
2.254400014877	-0.003264432307
2.256000041962	0.000210560072
2.257599830627	-0.004249024205
2.259199857712	-0.003290848341
2.260799884796	-0.002327792114
2.262399911880	-0.002777536167
2.263999938965	-0.002810672158
2.265599966049	-0.001135200146
2.267199993134	-0.001042544027
2.268800020218	-0.003451648168
2.270400047302	-0.002048720140
2.271999835968	-0.004577568267
2.273599863052	-0.003275792347
2.275199890137	-0.002478976268
2.276799917221	-0.006068608724
2.278399944305	-0.004363232292
2.279999971390	-0.001984272152
2.281599998474	-0.003533888375
2.283200025558	-0.003002096200
2.284800052643	-0.003076176392
2.286399841309	-0.003578496398
2.287999868393	-0.004055232275
2.289599895477	0.000336608035
2.291199922562	-0.005567120388
2.292799949646	-0.004048192408
2.294399976730	-0.003805664135
2.296000003815	-0.002479184186
2.297600030899	-0.003219200298
2.299200057983	-0.004540400114
2.300799846649	0.000084256048
2.302399873734	-0.003004256170
2.303999900818	-0.003503280226
2.305599927902	-0.000990672153
2.307199954987	-0.002643680200
2.308799982071	-0.001971440157
2.310400009155	-0.005029680207
2.312000036240	-0.002510224236
2.313599824905	-0.004395904485
2.315199851990	-0.005039360374
2.316799879074	-0.002681264188
2.318399906158	-0.006271680351
2.319999933243	-0.002338480204
2.321599960327	-0.001772208139
2.323199987411	-0.002855712315
2.324800014496	-0.002547200304
2.326400041580	-0.003640208393
2.327999830246	-0.002975248266
2.329599857330	-0.002076336183
2.331199884415	-0.002961216262
2.332799911499	-0.001978592249
2.334399938583	-0.004493856337
2.335999965668	-0.003143840237
2.337599992752	-0.003233024385
2.339200019836	-0.003482912434
2.340800046921	-0.001100416062
2.342399835587	-0.003063456388
2.343999862671	-0.005105536431
2.345599889755	-0.002240784233
2.347199916840	-0.001743952162
2.348799943924	-0.002820272231
2.350399971008	-0.004262320232
2.351999998093	-0.002173984190
2.353600025177	-0.003474032274
2.355200052261	-0.003339552321
2.356799840927	-0.002912448253
2.358399868011	-0.005053712521
2.359999895096	-0.002769072307
2.361599922180	-0.001529968111
2.363199949265	-0.004810416605
2.364799976349	-0.002255776199
2.366400003433	-0.001728064148
2.368000030518	-0.003942960408
2.369600057602	0.001109616132
2.371199846268	-0.002464352176
2.372799873352	-0.003775792196
2.374399900436	-0.003880624427
2.375999927521	-0.004138736520
2.377599954605	-0.004575888626
2.379199981689	-0.004784848541
2.380800008774	-0.000290208001
2.382400035858	-0.003215616336
2.383999824524	-0.002618240193
2.385599851608	-0.004239504226
2.387199878693	-0.002388672205
2.388799905777	-0.004372352269
2.390399932861	-0.004465072416
2.391999959946	-0.001899344148
2.393599987030	-0.004853552207
2.395200014114	-0.003652512329
2.396800041199	-0.002540592337
2.398399829865	-0.001869488158
2.399999856949	-0.001137712039
2.401599884033	-0.004775744397
2.403199911118	-0.003162256209
2.404799938202	-0.002040560124
2.406399965286	-0.002454688307
2.407999992371	-0.003534848336
2.409600019455	-0.003251776332
2.411200046539	-0.001081504161
2.412799835205	-0.001946080127
2.414399862289	-0.001806352055
2.415999889374	-0.002153312322
2.417599916458	-0.003289472312
2.419199943542	-0.004265552387
2.420799970627	-0.004315120168
2.422399997711	-0.003757984377
2.424000024796	-0.001532528084
2.425600051880	-0.004510672297
2.427199840546	-0.002460688120
2.428799867630	-0.003024576232
2.430399894714	-0.003394496161
2.431999921799	-0.004052112345
2.433599948883	-0.004044192377
2.435199975967	-0.001859072130
2.436800003052	-0.004219184164
2.438400030136	-0.002669216134
2.440000057220	-0.002547616139
2.441599845886	-0.004634592216
2.443199872971	-0.003021024168
2.444799900055	-0.002290192060
2.446399927139	-0.002028640127
2.447999954224	-0.002063808264
2.449599981308	-0.004837632645
2.451200008392	-0.001475600176
2.452800035477	-0.002711200155
2.454399824142	-0.004217248410
2.455999851227	-0.000945264066
2.457599878311	-0.002312816214
2.459199905396	-0.003377920249
2.460799932480	-0.002480432158
2.462399959564	-0.004006416537
2.463999986649	-0.003703696188
2.465600013733	-0.004351760261
2.467200040817	-0.004337840248
2.468799829483	-0.003013152396
2.470399856567	-0.005418272689
2.471999883652	-0.001813104143
2.473599910736	-0.001937840134
2.475199937820	-0.004576384556
2.476799964905	-0.003580784425
2.478399991989	-0.003347408259
2.480000019073	-0.004186480306
2.481600046158	-0.005212288350
2.483199834824	-0.002751360182
2.484799861908	-0.003547360422
2.486399888992	-0.003403408220
2.487999916077	-0.000091295988
2.489599943161	-0.006150832400
2.491199970245	-0.003253648290
2.492799997330	-0.003798944410
2.494400024414	-0.002199872164
2.496000051498	-0.005599936470
2.497599840164	-0.000682880054
2.499199867249	-0.005662272219
2.500799894333	-0.002174704103
2.502399921417	-0.002710960340
2.503999948502	-0.005653520580
2.505599975586	-0.005648912396
2.507200002670	-0.002523728181
2.508800029755	-0.005055760499
2.510399818420	-0.002807328245
2.511999845505	-0.002806832315
2.513599872589	-0.003768944182
2.515199899673	-0.003792608390
2.516799926758	-0.004188224208
2.518399953842	-0.003131888341
2.519999980927	-0.004986224230
2.521600008011	-0.003578496398
2.523200035095	-0.004877936561
2.524799823761	-0.004029104486
2.526399850845	-0.002150048269
2.527999877930	-0.004887376446
2.529599905014	-0.003107632278
2.531199932098	-0.001851088251
2.532799959183	-0.001748672104
2.534399986267	-0.003622608259
2.536000013351	-0.003141840221
2.537600040436	-0.002748496365
2.539199829102	-0.003820976242
2.540799856186	-0.003801232437
2.542399883270	-0.002830480225
2.543999910355	-0.004098720383
2.545599937439	-0.006172800437
2.547199964523	-0.002430832246
2.548799991608	-0.002948912326
2.550400018692	-0.000610624091
2.552000045776	-0.000844928087
2.553599834442	-0.003267328255
2.555199861526	-0.002669216134
2.556799888611	-0.004423552193
2.558399915695	-0.004719872493
2.559999942780	-0.002525600139
2.561599969864	-0.004312560428
2.563199996948	-0.001933120308
2.564800024033	-0.003665616270
2.566400051117	-0.001874992158
2.567999839783	-0.003430944402
2.569599866867	-0.004437392112
2.571199893951	-0.001599072129
2.572799921036	-0.003887968371
2.574399948120	-0.004668816458
2.575999975204	-0.002917424310
2.577600002289	-0.003405152354
2.579200029373	-0.002087472240
2.580799818039	-0.003260032274
2.582399845123	-0.001550368150
2.583999872208	-0.003006160259
2.585599899292	-0.005055888556
2.587199926376	-0.001897408161
2.588799953461	-0.002805056283
2.590399980545	-0.005440480541
2.592000007629	-0.002991488436
2.593600034714	-0.003604688216
2.595199823380	-0.002921776148
2.596799850464	-0.004568624310
2.598399877548	-0.005137456581
2.599999904633	-0.003657168243
2.601599931717	-0.005170496646
2.603199958801	-0.004725008272
2.604799985886	-0.003152704332
2.606400012970	-0.002883968176
2.608000040054	-0.003828336252
2.609599828720	-0.003482448403
2.611199855804	-0.004001728259
2.612799882889	-0.003227168228
2.614399909973	-0.003251888324
2.615999937057	-0.004879136570
2.617599964142	-0.000885424088
2.619199991226	-0.003468272276
2.620800018311	-0.003250912298
2.622400045395	-0.001858160133
2.623999834061	-0.001937376102
2.625599861145	-0.003659600392
2.627199888229	-0.004987504333
2.628799915314	-0.003431312274
2.630399942398	-0.002852400299
2.631999969482	-0.005355808418
2.633599996567	-0.002839568304
2.635200023651	-0.003262112383
2.636800050735	-0.004674432334
2.638399839401	-0.002317600185
2.639999866486	-0.002692528069
2.641599893570	-0.003954064567
2.643199920654	-0.002726448234
2.644799947739	-0.005244832486
2.646399974823	-0.002856960287
2.648000001907	-0.004100992344
2.649600028992	-0.004428048618
2.651199817657	-0.004298048560
2.652799844742	-0.001707664109
2.654399871826	-0.002633232158
2.655999898911	-0.004392160568
2.657599925995	-0.003692544298
2.659199953079	-0.002940416336
2.660799980164	-0.005324624479
2.662400007248	-0.002053296193
2.664000034332	-0.003806144232
2.665599822998	-0.003690528218
2.667199850082	-0.003709776327
2.668799877167	-0.003844032297
2.670399904251	-0.001869440195
2.671999931335	-0.004527392332
2.673599958420	-0.004410592373
2.675199985504	-0.002612144221
2.676800012589	-0.004401312210
2.678400039673	-0.003313104389
2.679999828339	-0.003988720477
2.681599855423	-0.004987392575
2.683199882507	-0.001743328176
2.684799909592	-0.001874816138
2.686399936676	-0.002652208321
2.687999963760	-0.002851344179
2.689599990845	-0.002751824213
2.691200017929	-0.003134768223
2.692800045013	-0.002463744255
2.694399833679	-0.003928608261
2.695999860764	-0.002896736376
2.697599887848	-0.003574800212
2.699199914932	-0.003404400311
2.700799942017	-0.002594704274
2.702399969101	-0.001092848135
2.703999996185	-0.003606416285
2.705600023270	-0.004166864324
2.707200050354	-0.004239536356
2.708799839020	-0.005062672310
2.710399866104	-0.004886960611
2.711999893188	-0.001878976123
2.713599920273	-0.005299184471
2.715199947357	-0.003246448236
2.716799974442	-0.004251728300
2.718400001526	-0.004943392240
2.720000028610	-0.003646416357
2.721599817276	-0.003584528342
2.723199844360	-0.005173056386
2.724799871445	-0.003784688422
2.726399898529	-0.003616496455
2.727999925613	-0.001389424084
2.729599952698	-0.003230960341
2.731199979782	-0.002897232305
2.732800006866	-0.005644336343
2.734400033951	-0.002917456208
2.735999822617	-0.004328528419
2.737599849701	-0.002312928205
2.739199876785	-0.004042752553
2.740799903870	-0.002516032197
2.742399930954	-0.002405488165
2.743999958038	-0.004160960205
2.745599985123	-0.002084144158
2.747200012207	-0.006566288415
2.748800039291	-0.003174000187
2.750399827957	-0.004721872509
2.751999855042	-0.005997152533
2.753599882126	-0.003927472048
2.755199909210	-0.003927696496
2.756799936295	-0.002354528289
2.758399963379	-0.002726064296
2.759999990463	-0.005911552347
2.761600017548	-0.003528528148
2.763200044632	-0.004824736156
2.764799833298	-0.002810656326
2.766399860382	-0.003392448183
2.767999887466	-0.004825232551
2.769599914551	-0.004386384506
2.771199941635	-0.004872928374
2.772799968719	-0.004332608078
2.774399995804	-0.004076416139
2.776000022888	-0.004714528564
2.777599811554	-0.004102944396
2.779199838638	-0.005182000343
2.780799865723	-0.002060704166
2.782399892807	-0.000975968142
2.783999919891	-0.007033728529
2.785599946976	-0.002832960337
2.787199974060	-0.003345472272
2.788800001144	-0.004479056224
2.790400028229	-0.003750304226
2.791999816895	-0.004151776433
2.793599843979	-0.004949648399
2.795199871063	-0.004666848574
2.796799898148	-0.004365312401
2.798399925232	-0.003523728345
2.799999952316	-0.004185632337
2.801599979401	-0.003679040354
2.803200006485	-0.003974768333
2.804800033569	-0.005289344583
2.806399822235	-0.003537344281
2.807999849319	-0.005021712277
2.809599876404	-0.005863680504
2.811199903488	-0.001249984140
2.812799930573	-0.004676832352
2.814399957657	-0.003588304389
2.815999984741	-0.004757408518
2.817600011826	-0.003929504193
2.819200038910	-0.004402064253
2.820799827576	-0.005492880475
2.822399854660	-0.004127104301
2.823999881744	-0.004967632238
2.825599908829	-0.002031024080
2.827199935913	-0.003760512220
2.828799962997	-0.004490544554
2.830399990082	-0.003308208194
2.832000017166	-0.004365440458
2.833600044250	-0.004081600346
2.835199832916	-0.004145600367
2.836799860001	-0.004281664267
2.838399887085	-0.003579008393
2.839999914169	-0.003963184543
2.841599941254	-0.003638336202
2.843199968338	-0.003878480289
2.844799995422	-0.004315840546
2.846400022507	-0.003742960282
2.847999811172	-0.003462720197
2.849599838257	-0.004483552184
2.851199865341	-0.003874720307
2.852799892426	-0.003224848304
2.854399919510	-0.004508688580
2.855999946594	-0.003347360296
2.857599973679	-0.003243040293
2.859200000763	-0.005363200326
2.860800027847	-0.002296400256
2.862399816513	-0.004889616277
2.863999843597	-0.002536656335
2.865599870682	-0.004002016503
2.867199897766	-0.003556528362
2.868799924850	-0.005620064214
2.870399951935	-0.004797024187
2.871999979019	-0.002641648287
2.873600006104	-0.002712336136
2.875200033188	-0.004239904229
2.876799821854	-0.002229328267
2.878399848938	-0.003827968379
2.879999876022	-0.004431360401
2.881599903107	-0.003504896304
2.883199930191	-0.001682080096
2.884799957275	-0.003018480260
2.886399984360	-0.004897808656
2.888000011444	-0.003875952214
2.889600038528	-0.003042928176
2.891199827194	-0.005917328410
2.892799854279	-0.004458240233
2.894399881363	-0.006449536420
2.895999908447	-0.005059216637
2.897599935532	-0.002896560123
2.899199962616	-0.005377504509
2.900799989700	-0.003139056265
2.902400016785	-0.003251904156
2.904000043869	-0.005352000706
2.905599832535	-0.002604000270
2.907199859619	-0.003183792345
2.908799886703	-0.004500592593
2.910399913788	-0.003714480437
2.911999940872	-0.005218432285
2.913599967957	-0.002130832290
2.915199995041	-0.003094544169
2.916800022125	-0.003027584171
2.918399810791	-0.004059328232
2.919999837875	-0.004308240488
2.921599864960	-0.002645136090
2.923199892044	-0.004399008118
2.924799919128	-0.006040832493
2.926399946213	-0.003049376421
2.927999973297	-0.004243856296
2.929600000381	-0.005180112552
2.931200027466	-0.004041024484
2.932799816132	-0.003056960413
2.934399843216	-0.003107072320
2.935999870300	-0.002756240312
2.937599897385	-0.004184560385
2.939199924469	-0.004031968303
2.940799951553	-0.005693952553
2.942399978638	-0.003442288376
2.944000005722	-0.003204112174
2.945600032806	-0.004247264471
2.947199821472	-0.005220096558
2.948799848557	-0.005289056338
2.950399875641	-0.004641984589
2.951999902725	-0.002897120314
2.953599929810	-0.003524800297
2.955199956894	-0.003609552281
2.956799983978	-0.004422512371
2.958400011063	-0.006520432420
2.960000038147	-0.004627344199
2.961599826813	-0.004191680346
2.963199853897	-0.001927024103
2.964799880981	-0.003835072275
2.966399908066	-0.006458288524
2.967999935150	-0.002966512227
2.969599962234	-0.004502896219
2.971199989319	-0.003250592388
2.972800016403	-0.001805712236
2.974400043488	-0.003885200480
2.975999832153	-0.002468752209
2.977599859238	-0.004087808542
2.979199886322	-0.003988320474
2.980799913406	-0.004374592565
2.982399940491	-0.004390192218
2.983999967575	-0.003594144247
2.985599994659	-0.003282768186
2.987200021744	-0.005741344299
2.988799810410	-0.004273280501
2.990399837494	-0.006429024506
2.991999864578	-0.003703824244
2.993599891663	-0.002858352149
2.995199918747	-0.004266832490
2.996799945831	-0.003735280363
2.998399972916	-0.003820800222
3.000000000000	-0.003568096319
3.001600027084	-0.004389216192
3.003199815750	-0.004039264284
3.004799842834	-0.004363472108
3.006399869919	-0.004199152347
3.007999897003	-0.006617376581
3.009599924088	-0.004507200327
3.011199951172	-0.004484368488
3.012799978256	-0.003619872266
3.014400005341	-0.005914128385
3.016000032425	-0.003324832302
3.017599821091	-0.004842528608
3.019199848175	-0.005917072296
3.020799875259	-0.003958832473
3.022399902344	-0.002989552217
3.023999929428	-0.003018896328
3.025599956512	-0.003678352339
3.027199983597	-0.005822736304
3.028800010681	-0.003376624314
3.030400037766	-0.003565504216
3.031999826431	-0.004481488373
3.033599853516	-0.002147232182
3.035199880600	-0.004453136586
3.036799907684	-0.006019120570
3.038399934769	-0.003646192374
3.039999961853	-0.005037616473
3.041599988937	-0.003764064284
3.043200016022	-0.004169776570
3.044799804687	-0.005024624523
3.046399831772	-0.005041888449
3.047999858856	-0.005343584344
3.049599885941	-0.003439088352
3.051199913025	-0.001787072164
3.052799940109	-0.003950288519
3.054399967194	-0.003960992210
3.055999994278	-0.005410464481
3.057600021362	-0.003571888199
3.059199810028	-0.004135184456
3.060799837112	-0.004469648469
3.062399864197	-0.003122992348
3.063999891281	-0.005173232406
3.065599918365	-0.002495248336
3.067199945450	-0.004200752359
3.068799972534	-0.005124528427
3.070399999619	-0.004587168340
3.072000026703	-0.002808944322
3.073599815369	-0.003913200460
3.075199842453	-0.005247904453
3.076799869537	-0.006350272335
3.078399896622	-0.003563312348
3.079999923706	-0.005442656577
3.081599950790	-0.004328960553
3.083199977875	-0.004202480428
3.084800004959	-0.003976960201
3.086400032043	-0.005100240465
3.087999820709	-0.003286416410
3.089599847794	-0.004038208164
3.091199874878	-0.004729760345
3.092799901962	-0.005814016331
3.094399929047	-0.005021136254
3.095999956131	-0.001559568103
3.097599983215	-0.003868960310
3.099200010300	-0.006618896499
3.100800037384	-0.003898544237
3.102399826050	-0.004807392601
3.103999853134	-0.005052288529
3.105599880219	-0.002505392302
3.107199907303	-0.005691248458
3.108799934387	-0.004952400457
3.110399961472	-0.005664656404
3.111999988556	-0.003133632243
3.113600015640	-0.003480944317
3.115199804306	-0.005977360532
3.116799831390	-0.003141008317
3.118399858475	-0.004884272348
3.119999885559	-0.004719248507
3.121599912643	-0.003912144341
3.123199939728	-0.004821248353
3.124799966812	-0.003725856310
3.126399993896	-0.003621360287
3.128000020981	-0.004504416604
3.129599809647	-0.003010128159
3.131199836731	-0.003236256307
3.132799863815	-0.002702640137
3.134399890900	-0.004203440156
3.135999917984	-0.004053600132
3.137599945068	-0.004390432499
3.139199972153	-0.004082080442
3.140799999237	-0.004447344225
3.142400026321	-0.003594528185
3.143999814987	-0.004930432420
3.145599842072	-0.003996096551
3.147199869156	-0.004492304288
3.148799896240	-0.004869456403
3.150399923325	-0.004447312560
3.151999950409	-0.005934352521
3.153599977493	-0.003839248326
3.155200004578	-0.004495120142
3.156800031662	-0.003229520284
3.158399820328	-0.005109856371
3.159999847412	-0.004942192230
3.161599874496	-0.004803168587
3.163199901581	-0.004489760380
3.164799928665	-0.004232416395
3.166399955750	-0.002702000318
3.167999982834	-0.004835376516
3.169600009918	-0.002814880107
3.171200037003	-0.004134944640
3.172799825668	-0.003915888257
3.174399852753	-0.005398112349
3.175999879837	-0.004239632282
3.177599906921	-0.004296784289
3.179199934006	-0.002456336049
3.180799961090	-0.003600640222
3.182399988174	-0.005129168276
3.184000015259	-0.003381360322
3.185599803925	-0.004747472238
3.187199831009	-0.003095744178
3.188799858093	-0.005622736644
3.190399885178	-0.003751488402
3.191999912262	-0.003923408221
3.193599939346	-0.003874304239
3.195199966431	-0.003286000341
3.196799993515	-0.004481296521
3.198400020599	-0.004150176421
3.199999809265	-0.005118928384
3.201599836349	-0.003808944253
3.203199863434	-0.005106032360
3.204799890518	-0.006244656630
3.206399917603	-0.003178640269
3.207999944687	-0.002635664307
3.209599971771	-0.004487376194
3.211199998856	-0.003660448361
3.212800025940	-0.004044288304
3.214399814606	-0.003237392288
3.215999841690	-0.004204944242
3.217599868774	-0.004179712385
3.219199895859	-0.004273472354
3.220799922943	-0.003412400372
3.222399950027	-0.004794256296
3.223999977112	-0.002425136277
3.225600004196	-0.004590336233
3.227200031281	-0.005607728381
3.228799819946	-0.005404816475
3.230399847031	-0.004809040576
3.231999874115	-0.003492736258
3.233599901199	-0.005489216652
3.235199928284	-0.005913040601
3.236799955368	-0.003104288364
3.238399982452	-0.003114512190
3.240000009537	-0.004309904296
3.241600036621	-0.004950336646
3.243199825287	-0.004137392156
3.244799852371	-0.004209008534
3.246399879456	-0.003921712283
3.247999906540	-0.005021056160
3.249599933624	-0.002642320236
3.251199960709	-0.004751072265
3.252799987793	-0.004540704191
3.254400014877	-0.007531504612
3.255999803543	-0.004815808497
3.257599830627	-0.004205968231
3.259199857712	-0.006710432470
3.260799884796	-0.002955664182
3.262399911880	-0.005911248736
3.263999938965	-0.004244944546
3.265599966049	-0.004487488419
3.267199993134	-0.005734768696
3.268800020218	-0.006075200625
3.270399808884	-0.005486960523
3.271999835968	-0.005115568638
3.273599863052	-0.003802880179
3.275199890137	-0.006246368401
3.276799917221	-0.004930432420
3.278399944305	-0.003925552126
3.279999971390	-0.004749312531
3.281599998474	-0.004880480468
3.283200025558	-0.003354384331
3.284799814224	-0.005137344357
3.286399841309	-0.003140992252
3.287999868393	-0.004242208321
3.289599895477	-0.005317552481
3.291199922562	-0.005745392293
3.292799949646	-0.003199760336
3.294399976730	-0.005185072310
3.296000003815	-0.005318944342
3.297600030899	-0.005022224505
3.299199819565	-0.003881152254
3.300799846649	-0.003292592242
3.302399873734	-0.004245936405
3.303999900818	-0.004275072366
3.305599927902	-0.003556608222
3.307199954987	-0.006640896667
3.308799982071	-0.003712400328
3.310400009155	-0.005147440359
3.311999797821	-0.002959248377
3.313599824905	-0.005890128668
3.315199851990	-0.002910464304
3.316799879074	-0.005557952449
3.318399906158	-0.006825728808
3.319999933243	-0.004623728339
3.321599960327	-0.003793952288
3.323199987411	-0.003680320224
3.324800014496	-0.005601024721
3.326399803162	-0.003279568162
3.327999830246	-0.005235904362
3.329599857330	-0.003051008331
3.331199884415	-0.004483312368
3.332799911499	-0.005880960729
3.334399938583	-0.004652064294
3.335999965668	-0.003587792395
3.337599992752	-0.005940480623
3.339200019836	-0.002924720291
3.340799808502	-0.004269712139
3.342399835587	-0.003750128206
3.343999862671	-0.004686944652
3.345599889755	-0.006381248590
3.347199916840	-0.004223376513
3.348799943924	-0.003632544307
3.350399971008	-0.004172880203
3.351999998093	-0.004871520214
3.353600025177	-0.004634064622
3.355199813843	-0.005170544609
3.356799840927	-0.004399840254
3.358399868011	-0.007150528487
3.359999895096	-0.003817184363
3.361599922180	-0.005346880294
3.363199949265	-0.002896240214
3.364799976349	-0.005049504340
3.366400003433	-0.005347184371
3.368000030518	-0.004219088238
3.369599819183	-0.004048704170
3.371199846268	-0.003779104445
3.372799873352	-0.004647392314
3.374399900436	-0.006462176330
3.375999927521	-0.004538112320
3.377599954605	-0.005964032374
3.379199981689	-0.004404176492
3.380800008774	-0.003025920363
3.382399797440	-0.007558368612
3.383999824524	-0.004850672558
3.385599851608	-0.005307584535
3.387199878693	-0.004551120568
3.388799905777	-0.005156064406
3.390399932861	-0.003961040173
3.391999959946	-0.006398512516
3.393599987030	-0.004898464307
3.395200014114	-0.005898880307
3.396799802780	-0.005367952399
3.398399829865	-0.004315984435
3.399999856949	-0.004657776561
3.401599884033	-0.003144384362
3.403199911118	-0.002077200217
3.404799938202	-0.004688192159
3.406399965286	-0.006614864338
3.407999992371	-0.004244160373
3.409600019455	-0.005228464492
3.411199808121	-0.003855024464
3.412799835205	-0.004951904528
3.414399862289	-0.005456304643
3.415999889374	-0.004384096246
3.417599916458	-0.004895840306
3.419199943542	-0.004334448371
3.420799970627	-0.005200816318
3.422399997711	-0.004435360432
3.424000024796	-0.004885040224
3.425599813461	-0.005637840368
3.427199840546	-0.004888624419
3.428799867630	-0.004212240223
3.430399894714	-0.005186032504
3.431999921799	-0.004412144423
3.433599948883	-0.005424544681
3.435199975967	-0.006691856310
3.436800003052	-0.006166144274
3.438400030136	-0.003477536375
3.439999818802	-0.004618384410
3.441599845886	-0.004925680347
3.443199872971	-0.005097200628
3.444799900055	-0.005035472568
3.446399927139	-0.003988544457
3.447999954224	-0.003506448353
3.449599981308	-0.005794576369
3.451200008392	0.006378032733
