0.000000000000	0.018032994121
0.001599999960	0.016931168735
0.003199999919	0.014873809181
0.004799999762	0.014797985554
0.006399999838	0.014344001189
0.007999999449	0.015567105263
0.009599999525	0.014126465656
0.011199999601	0.015006625094
0.012799999677	0.013648897409
0.014399999753	0.015246337280
0.015999998897	0.015011360869
0.017599999905	0.014322113246
0.019199999049	0.013233697042
0.020800000057	0.013458977453
0.022399999201	0.014084145427
0.024000000209	0.013626176864
0.025599999353	0.013350577094
0.027199998498	0.012307904661
0.028799999505	0.013384336606
0.030399998650	0.011943233199
0.031999997795	0.012721184641
0.033599998802	0.011182961054
0.035199999809	0.011556369253
0.036800000817	0.012777681462
0.038399998099	0.012747729197
0.039999999106	0.011885168962
0.041600000113	0.010466832668
0.043199997395	0.011950928718
0.044799998403	0.011916705407
0.046399999410	0.011522768997
0.048000000417	0.011937584728
0.049599997699	0.012101569213
0.051199998707	0.009962673299
0.052799999714	0.012418912724
0.054399996996	0.012015089393
0.055999998003	0.009548609145
0.057599999011	0.010926417075
0.059200000018	0.010393440723
0.060799997300	0.011153329164
0.062399998307	0.009529872797
0.063999995589	0.009096720256
0.065600000322	0.010176560842
0.067199997604	0.009600688703
0.068799994886	0.009629201144
0.070399999619	0.011706177145
0.071999996901	0.011190961115
0.073600001633	0.011027361266
0.075199998915	0.009739360772
0.076799996197	0.011083120480
0.078400000930	0.009960465133
0.079999998212	0.009146416560
0.081599995494	0.009293968789
0.083200000226	0.010283696465
0.084799997509	0.008374656551
0.086399994791	0.010741809383
0.087999999523	0.009369825013
0.089599996805	0.011183728464
0.091199994087	0.008295552805
0.092799998820	0.007274368778
0.094399996102	0.009317632765
0.096000000834	0.008968528360
0.097599998116	0.009974400513
0.099199995399	0.009399232455
0.100800000131	0.008816992864
0.102399997413	0.008793921210
0.103999994695	0.009637584910
0.105599999428	0.009878032841
0.107199996710	0.010292560793
0.108799993992	0.009309440851
0.110399998724	0.008775888942
0.111999996006	0.009850288741
0.113600000739	0.007806928828
0.115199998021	0.008186048828
0.116799995303	0.008655873127
0.118400000036	0.008311776444
0.119999997318	0.007423152681
0.121599994600	0.008849760517
0.123199999332	0.009464704432
0.124799996614	0.008869088255
0.126399993896	0.008209072985
0.127999991179	0.007977488451
0.129600003362	0.008500481024
0.131200000644	0.009553777054
0.132799997926	0.008077792823
0.134399995208	0.009310657158
0.135999992490	0.009038048796
0.137599989772	0.009537728503
0.139200001955	0.008011872880
0.140799999237	0.008572001010
0.142399996519	0.009582689032
0.143999993801	0.007006800734
0.145599991083	0.008598976769
0.147200003266	0.008516544476
0.148800000548	0.007901072502
0.150399997830	0.009000833146
0.151999995112	0.007607648615
0.153599992394	0.006692528725
0.155199989676	0.008268624544
0.156800001860	0.008373952471
0.158399999142	0.007258560508
0.159999996424	0.006550880615
0.161599993706	0.007653056644
0.163199990988	0.007952640764
0.164800003171	0.007908416912
0.166400000453	0.008110065013
0.167999997735	0.009105408564
0.169599995017	0.008155744523
0.171199992299	0.007625968661
0.172799989581	0.007871217094
0.174400001764	0.010232064873
0.175999999046	0.006308848504
0.177599996328	0.007356064394
0.179199993610	0.006301984657
0.180799990892	0.006403616630
0.182399988174	0.006948624738
0.184000000358	0.007389072794
0.185599997640	0.006970976479
0.187199994922	0.006856976543
0.188799992204	0.006313520484
0.190399989486	0.007851921022
0.192000001669	0.007958577015
0.193599998951	0.007472096477
0.195199996233	0.008110832423
0.196799993515	0.007156368811
0.198399990797	0.004653920420
0.199999988079	0.006579184439
0.201600000262	0.007928321138
0.203199997544	0.007788272575
0.204799994826	0.005514832214
0.206399992108	0.006688048597
0.207999989390	0.005874160677
0.209600001574	0.007257920690
0.211199998856	0.006214880385
0.212799996138	0.006806320511
0.214399993420	0.005780704319
0.215999990702	0.006424304564
0.217599987984	0.006919184700
0.219200000167	0.007218032610
0.220799997449	0.007864896208
0.222399994731	0.007647120394
0.223999992013	0.007303136401
0.225599989295	0.008050208911
0.227200001478	0.005834048614
0.228799998760	0.006204352714
0.230399996042	0.005958256312
0.231999993324	0.005461456254
0.233599990606	0.006286528427
0.235199987888	0.006673104595
0.236800000072	0.007012752350
0.238399997354	0.006161600351
0.239999994636	0.007897072472
0.241599991918	0.005657712463
0.243199989200	0.005430640187
0.244799986482	0.006254576612
0.246399998665	0.006317648571
0.247999995947	0.005758656655
0.249599993229	0.006409056485
0.251199990511	0.006807360332
0.252799987793	0.007887952961
0.254399985075	0.007628768682
0.255999982357	0.006997952703
0.257599979639	0.007157376502
0.259200006723	0.006550816353
0.260800004005	0.006199840456
0.262400001287	0.006951232441
0.263999998569	0.005588144530
0.265599995852	0.006516800728
0.267199993134	0.006800864358
0.268799990416	0.006776032504
0.270399987698	0.006771376356
0.271999984980	0.005092000589
0.273599982262	0.005302096251
0.275199979544	0.005130976439
0.276800006628	0.005364960525
0.278400003910	0.005666176323
0.280000001192	0.005614912603
0.281599998474	0.005125856493
0.283199995756	0.005467648618
0.284799993038	0.005666592624
0.286399990320	0.005103328265
0.287999987602	0.006299680565
0.289599984884	0.005214464385
0.291199982166	0.005760448519
0.292799979448	0.005446560681
0.294400006533	0.007085728459
0.296000003815	0.005810352508
0.297600001097	0.005712464452
0.299199998379	0.005156624597
0.300799995661	0.006003856659
0.302399992943	0.005294496659
0.303999990225	0.006808448583
0.305599987507	0.004456080496
0.307199984789	0.005679648370
0.308799982071	0.006180048455
0.310399979353	0.005051168613
0.312000006437	0.007400688715
0.313600003719	0.006168288644
0.315200001001	0.005488512572
0.316799998283	0.005965552293
0.318399995565	0.004278192297
0.319999992847	0.005947536323
0.321599990129	0.004540720489
0.323199987411	0.004987936467
0.324799984694	0.005372672342
0.326399981976	0.004092800431
0.327999979258	0.004954608157
0.329600006342	0.004561824258
0.331200003624	0.004969296511
0.332800000906	0.005020192359
0.334399998188	0.003718368243
0.335999995470	0.005545584485
0.337599992752	0.005765344482
0.339199990034	0.006670832634
0.340799987316	0.004620080348
0.342399984598	0.006282368675
0.343999981880	0.004204800352
0.345599979162	0.005121648312
0.347199976444	0.006625760347
0.348800003529	0.005124992225
0.350400000811	0.005220288411
0.351999998093	0.003581168363
0.353599995375	0.004595936276
0.355199992657	0.005691696424
0.356799989939	0.004572032485
0.358399987221	0.004032736178
0.359999984503	0.005795648322
0.361599981785	0.003343088320
0.363199979067	0.003002208192
0.364799976349	0.003718880238
0.366400003433	0.006625248585
0.368000000715	0.004704176448
0.369599997997	0.003811040195
0.371199995279	0.004146112129
0.372799992561	0.005623600446
0.374399989843	0.004387040157
0.375999987125	0.004334832542
0.377599984407	0.004701152444
0.379199981689	0.004174912348
0.380799978971	0.004432816524
0.382399976254	0.005233424250
0.384000003338	0.005124016199
0.385600000620	0.003395904321
0.387199997902	0.004725008272
0.388799995184	0.005594096612
0.390399992466	0.004459264223
0.391999989748	0.003346240381
0.393599987030	0.003846256295
0.395199984312	0.004528768361
0.396799981594	0.002892112359
0.398399978876	0.003633984365
0.399999976158	0.004415744450
0.401600003242	0.004507328384
0.403200000525	0.002890864154
0.404799997807	0.004893632606
0.406399995089	0.005540192593
0.407999992371	0.004594928585
0.409599989653	0.004725168459
0.411199986935	0.005614880472
0.412799984217	0.003894192399
0.414399981499	0.004095824435
0.415999978781	0.003277776297
0.417599976063	0.005602976307
0.419200003147	0.004869168624
0.420800000429	0.001459456165
0.422399997711	0.003194016172
0.423999994993	0.003498528386
0.425599992275	0.002960960381
0.427199989557	0.003243312240
0.428799986839	0.003213104326
0.430399984121	0.003860720200
0.431999981403	0.003056864254
0.433599978685	0.004031952471
0.435199975967	0.004654944409
0.436800003052	0.003860992379
0.438400000334	0.003363664262
0.439999997616	0.004586400464
0.441599994898	0.004235056229
0.443199992180	0.003806304187
0.444799989462	0.004433216527
0.446399986744	0.002925408306
0.447999984026	0.002808544319
0.449599981308	0.003887600265
0.451199978590	0.004466544371
0.452799975872	0.004270704463
0.454400002956	0.002102736151
0.456000000238	0.003469808260
0.457599997520	0.004133392125
0.459199994802	0.003513392294
0.460799992085	0.003442208283
0.462399989367	0.004400960170
0.463999986649	0.003073120257
0.465599983931	0.003964576405
0.467199981213	0.004691040143
0.468799978495	0.004059024155
0.470399975777	0.002388512250
0.472000002861	0.002353552263
0.473600000143	0.003948352300
0.475199997425	0.003492432181
0.476799994707	0.002644608263
0.478399991989	0.001961008180
0.479999989271	0.002858688124
0.481599986553	0.002198880306
0.483199983835	0.002114208182
0.484799981117	0.003040640149
0.486399978399	0.001299040043
0.487999975681	0.000891888107
0.489599972963	0.003347024322
0.491200000048	0.002102512168
0.492799997330	0.003058448201
0.494399994612	0.002269696211
0.495999991894	0.003785472363
0.497599989176	0.003816128243
0.499199986458	0.002791488310
0.500800013542	0.003248864319
0.502399981022	0.002903392306
0.504000008106	0.003520208178
0.505599975586	0.002503632335
0.507200002670	0.003310464323
0.508799970150	0.004507200327
0.510399997234	0.002189184306
0.511999964714	0.001432064106
0.513599991798	0.002866912168
0.515199959278	0.003429728327
0.516799986362	0.001408816082
0.518400013447	0.002803552197
0.519999980927	0.002514240332
0.521600008011	0.002067456255
0.523199975491	0.002606768161
0.524800002575	0.002756832168
0.526399970055	0.003305248218
0.527999997139	0.002290000208
0.529599964619	0.001945536118
0.531199991703	0.004464320373
0.532799959183	0.002852768172
0.534399986267	0.001875552116
0.536000013351	0.002492304193
0.537599980831	0.002443664242
0.539200007915	0.001481984160
0.540799975395	0.001691984129
0.542400002480	0.002754688263
0.543999969959	0.001587360166
0.545599997044	0.002247888129
0.547199964523	0.003208352253
0.548799991608	0.003867280437
0.550399959087	0.001980176196
0.551999986172	0.002109376248
0.553600013256	0.002111376263
0.555199980736	0.002661168110
0.556800007820	0.003657728201
0.558399975300	0.002794560278
0.560000002384	0.003022576217
0.561599969864	0.001316736103
0.563199996948	0.001761584077
0.564799964428	0.003856720403
0.566399991512	0.001986912219
0.567999958992	0.001373792067
0.569599986076	0.002313504228
0.571200013161	0.003486992326
0.572799980640	0.002068448113
0.574400007725	0.001888544066
0.575999975204	0.001083920128
0.577600002289	0.002991008339
0.579199969769	0.001597840106
0.580799996853	0.001433008118
0.582399964333	0.002452096203
0.583999991417	0.002597472165
0.585599958897	0.002071424155
0.587199985981	0.001747456146
0.588800013065	0.001781408093
0.590399980545	0.001721264096
0.592000007629	0.001304080128
0.593599975109	0.003607072169
0.595200002193	0.001285040053
0.596799969673	0.001326064114
0.598399996758	0.002468240215
0.599999964237	0.002134592272
0.601599991322	0.001378384070
0.603199958801	0.001606560079
0.604799985886	0.002417104086
0.606400012970	0.002674560295
0.607999980450	0.001743472065
0.609600007534	0.002025024267
0.611199975014	0.002186416183
0.612800002098	0.000500960043
0.614399969578	0.000691744033
0.615999996662	0.002751600230
0.617599964142	0.003178032348
0.619199991226	0.001665424090
0.620799958706	0.003706224263
0.622399985790	0.001539952122
0.624000012875	0.001433808124
0.625599980354	0.000998848001
0.627200007439	0.000510112033
0.628799974918	0.002158880234
0.630400002003	0.003015984315
0.631999969482	0.002803824143
0.633599996567	0.001949440106
0.635199964046	0.001145824092
0.636799991131	0.001323424047
0.638399958611	0.002170544118
0.639999985695	0.001483712113
0.641600012779	0.000103135986
0.643199980259	0.001711120130
0.644800007343	0.001708160155
0.646399974823	-0.000504400057
0.648000001907	0.002323344117
0.649599969387	0.001521440106
0.651199996471	0.000470032013
0.652799963951	0.000885344110
0.654399991035	0.002057008212
0.655999958515	0.001403920120
0.657599985600	0.001705584116
0.659200012684	0.000574048085
0.660799980164	0.001593792113
0.662400007248	0.000257984007
0.663999974728	0.000481488009
0.665600001812	0.003209440270
0.667199969292	0.000781376031
0.668799996376	0.003056096146
0.670399963856	0.001614768174
0.671999990940	0.002644752152
0.673599958420	0.000857152103
0.675199985504	0.001843264094
0.676800012589	0.001425408176
0.678399980068	0.000879728061
0.680000007153	0.001010496053
0.681599974632	0.002331344178
0.683200001717	0.001710944111
0.684799969196	0.002809776226
0.686399996281	0.000416272000
0.687999963760	0.002182112075
0.689599990845	0.001070480095
0.691199958324	0.001803696156
0.692799985409	0.002033376135
0.694399952888	0.000695952040
0.695999979973	-0.000182272022
0.697600007057	-0.000035567999
0.699199974537	0.001820496167
0.700800001621	0.001025680103
0.702399969101	0.000873008044
0.703999996185	0.000263232010
0.705599963665	0.001682864153
0.707199990749	0.001644800184
0.708799958229	0.000746816047
0.710399985313	0.002491280204
0.711999952793	0.001594256144
0.713599979877	0.000230528065
0.715200006962	0.000212032013
0.716799974442	0.000817440043
0.718400001526	0.002857952146
0.719999969006	0.002216224093
0.721599996090	0.000309648050
0.723199963570	0.001264704042
0.724799990654	0.002210128121
0.726399958134	0.002085312270
0.727999985218	0.000568832038
0.729599952698	0.001284656115
0.731199979782	-0.000592576049
0.732800006866	0.001130928053
0.734399974346	0.002200480085
0.736000001431	0.002169200219
0.737599968910	0.001809360227
0.739199995995	0.000785520009
0.740799963474	0.000246640033
0.742399990559	0.001324752113
0.743999958038	0.001733696088
0.745599985123	0.001162192086
0.747199952602	0.001159248059
0.748799979687	0.000269152049
0.750400006771	0.000925024040
0.751999974251	0.001906512189
0.753600001335	0.000334144046
0.755199968815	0.000147648010
0.756799995899	0.000914848060
0.758399963379	0.000678224082
0.759999990463	0.000877456041
0.761599957943	0.000284896028
0.763199985027	-0.000187264028
0.764799952507	0.000421648001
0.766399979591	0.000537503976
0.768000006676	0.001393888146
0.769599974155	-0.000158160008
0.771200001240	0.000936112076
0.772799968719	0.001122000162
0.774399995804	0.000846960058
0.775999963284	0.000392528018
0.777599990368	0.000588783994
0.779199957848	0.000807744043
0.780799984932	0.000755488058
0.782399952412	0.000535536092
0.783999979496	0.000207392004
0.785600006580	-0.000780016067
0.787199974060	0.000824736082
0.788800001144	0.001943216077
0.790399968624	0.000382528000
0.791999995708	0.000057936013
0.793599963188	0.000657280092
0.795199990273	0.000704144069
0.796799957752	0.001141424058
0.798399984837	0.001074720058
0.799999952316	0.000948384055
0.801599979401	0.001500368118
0.803200006485	-0.000002703985
0.804799973965	0.001026320038
0.806400001049	0.000374816038
0.807999968529	0.000004575978
0.809599995613	0.001915120170
0.811199963093	-0.000906288100
0.812799990177	0.000067679997
0.814399957657	-0.000026735994
0.815999984741	0.000055455945
0.817599952221	0.001661200076
0.819199979305	-0.000889808114
0.820800006390	-0.000776752015
0.822399973869	0.000310479983
0.824000000954	0.001335824141
0.825599968433	0.000993632013
0.827199995518	0.000773616077
0.828799962997	-0.000259904045
0.830399990082	0.001778928214
0.831999957561	-0.000230624049
0.833599984646	0.000965200074
0.835199952126	0.001650576130
0.836799979210	0.000532992068
0.838400006294	-0.000346064015
0.839999973774	0.000932288065
0.841600000858	0.000812272076
0.843199968338	0.000429808017
0.844799995422	-0.000450640044
0.846399962902	0.000930736074
0.847999989986	0.000754416047
0.849599957466	0.000040783980
0.851199984550	0.000805536052
0.852799952030	0.000408048043
0.854399979115	-0.000226864024
0.856000006199	0.000136320072
0.857599973679	0.001329808147
0.859200000763	0.000672688009
0.860799968243	-0.000290752039
0.862399995327	0.001071648090
0.863999962807	0.002210160252
0.865599989891	-0.000061360028
0.867199957371	-0.000353104027
0.868799984455	0.002039936138
0.870399951935	-0.000214576081
0.871999979019	-0.000825248077
0.873600006104	0.001975440187
0.875199973583	-0.000358192046
0.876800000668	-0.000910320028
0.878399968147	0.000123455990
0.879999995232	-0.001395520056
0.881599962711	-0.000099552031
0.883199989796	0.000515504042
0.884799957275	0.001264848164
0.886399984360	-0.000447904051
0.887999951839	0.000110768000
0.889599978924	-0.001190576120
0.891200006008	0.001119056018
0.892799973488	0.000602736021
0.894400000572	-0.001817696146
0.895999968052	-0.000011920039
0.897599995136	0.000926000066
0.899199962616	0.000832400052
0.900799989700	0.000147904007
0.902399957180	0.000934656069
0.903999984264	-0.000308464019
0.905599951744	-0.000646560104
0.907199978828	0.001277088071
0.908800005913	0.000232256018
0.910399973392	-0.002686320338
0.912000000477	-0.000434624031
0.913599967957	0.000992432120
0.915199995041	0.001101808040
0.916799962521	-0.000912624120
0.918399989605	-0.001000416116
0.919999957085	-0.001520800055
0.921599984169	-0.001626384095
0.923199951649	-0.000314960052
0.924799978733	-0.000719808042
0.926400005817	-0.000583376095
0.927999973297	-0.001031248132
0.929600000381	0.000063135987
0.931199967861	-0.000275328028
0.932799994946	0.000027696007
0.934399962425	-0.000058431993
0.935999989510	0.000398192002
0.937599956989	-0.000472704065
0.939199984074	-0.002019280335
0.940799951553	-0.000550768047
0.942399978638	-0.000397520023
0.944000005722	-0.000832976017
0.945599973202	-0.000999984099
0.947200000286	0.000291648001
0.948799967766	-0.000890512078
0.950399994850	-0.000433184061
0.951999962330	0.000376512005
0.953599989414	-0.001679680194
0.955199956894	-0.001259568147
0.956799983978	-0.000686000043
0.958399951458	-0.000758944079
0.959999978542	-0.000549408083
0.961599946022	-0.001294336165
0.963199973106	-0.001306688180
0.964800000191	0.000672608032
0.966399967670	-0.000360416045
0.967999994755	-0.000801136077
0.969599962234	0.000288352079
0.971199989319	-0.001319696079
0.972799956799	-0.001360304188
0.974399983883	-0.000369551999
0.975999951363	0.000491472019
0.977599978447	-0.000594016048
0.979199945927	-0.000136304021
0.980799973011	-0.000389664026
0.982400000095	-0.000099664008
0.983999967575	0.000285792048
0.985599994659	-0.001258480130
0.987199962139	0.000317232043
0.988799989223	-0.001006608130
0.990399956703	-0.001203536172
0.991999983788	-0.000876048056
0.993599951267	0.001506528119
0.995199978352	0.000509616046
0.996799945831	0.000374959985
0.998399972916	0.001348496065
1.000000000000	-0.000455840025
1.001600027084	-0.001071280101
1.003199934959	-0.000871504075
1.004799962044	-0.000678496028
1.006399989128	-0.000749392028
1.008000016212	-0.000300160027
1.009599924088	0.000888592098
1.011199951172	0.000692559988
1.012799978256	0.000518352026
1.014400005341	0.001441808185
1.016000032425	0.000728944025
1.017599940300	0.001091632061
1.019199967384	0.000569184078
1.020799994469	0.000526416057
1.022400021553	0.000571488054
1.023999929428	-0.000643296051
1.025599956512	-0.000578896084
1.027199983597	-0.000808592071
1.028800010681	0.000539920060
1.030399918556	-0.000012975997
1.031999945641	0.000124976010
1.033599972725	0.000323376007
1.035199999809	-0.000011919977
1.036800026894	-0.001029568142
1.038399934769	-0.000631808070
1.039999961853	0.000049696017
1.041599988937	-0.001469984069
1.043200016022	-0.001255712123
1.044799923897	0.000277215993
1.046399950981	0.000446400023
1.047999978065	-0.000478560047
1.049600005150	-0.001400368055
1.051200032234	0.001301376149
1.052799940109	-0.000701552141
1.054399967194	0.000288704032
1.055999994278	-0.000043904027
1.057600021362	-0.000463696051
1.059199929237	-0.001937616151
1.060799956322	-0.000720544078
1.062399983406	0.000008895995
1.064000010490	-0.002199056093
1.065599918365	-0.002075888216
1.067199945450	-0.000584256137
1.068799972534	-0.001927616075
1.070399999619	-0.000976992073
1.072000026703	0.000133136011
1.073599934578	0.000436208036
1.075199961662	0.000541376008
1.076799988747	-0.000702640042
1.078400015831	-0.000231152022
1.079999923706	-0.000847680029
1.081599950790	-0.001027680002
1.083199977875	-0.000178287999
1.084800004959	0.000162816010
1.086400032043	-0.000913552125
1.087999939919	-0.001183760120
1.089599967003	0.000282240013
1.091199994087	-0.000761200034
1.092800021172	-0.000875632046
1.094399929047	-0.001378288143
1.095999956131	0.000753360044
1.097599983215	-0.000242512018
1.099200010300	0.000077296005
1.100799918175	-0.001078624045
1.102399945259	-0.000969648070
1.103999972343	0.000142352001
1.105599999428	-0.000872736040
1.107200026512	-0.000407824031
1.108799934387	-0.000769680017
1.110399961472	-0.001766688190
1.111999988556	-0.000691536057
1.113600015640	-0.000376064039
1.115199923515	-0.000404752034
1.116799950600	-0.001140752109
1.118399977684	0.000978752156
1.120000004768	-0.001390512101
1.121599912643	-0.001186544076
1.123199939728	0.000417152012
1.124799966812	0.000723696081
1.126399993896	-0.002708976157
1.128000020981	0.000758304028
1.129599928856	-0.002994432347
1.131199955940	-0.002049104311
1.132799983025	-0.001461968175
1.134400010109	-0.001095024054
1.135999917984	-0.001445664093
1.137599945068	-0.000929328089
1.139199972153	-0.000846000039
1.140799999237	-0.002085488057
1.142400026321	-0.000378976023
1.143999934196	-0.000307231996
1.145599961281	-0.000766432087
1.147199988365	-0.000607168069
1.148800015450	-0.002846704097
1.150399923325	-0.001432544086
1.151999950409	-0.000981888035
1.153599977493	-0.002021280117
1.155200004578	-0.000983824139
1.156799912453	-0.000540224079
1.158399939537	-0.002141520148
1.159999966621	0.000080544000
1.161599993706	0.000330144016
1.163200020790	-0.000075887998
1.164799928665	-0.001336672110
1.166399955750	-0.001464144094
1.167999982834	-0.000982960104
1.169600009918	-0.000989296124
1.171199917793	0.000422608020
1.172799944878	-0.001267600106
1.174399971962	-0.002557552187
1.175999999046	-0.000472896063
1.177600026131	-0.001614656183
1.179199934006	-0.002262112219
1.180799961090	-0.000256096042
1.182399988174	-0.000707808067
1.184000015259	-0.002135856077
1.185599923134	-0.001465984154
1.187199950218	0.001631520106
1.188799977303	-0.001562992111
1.190400004387	-0.002185056219
1.191999912262	-0.001646832097
1.193599939346	-0.001377152163
1.195199966431	-0.003257248318
1.196799993515	-0.000629424059
1.198400020599	0.001972000115
1.199999928474	-0.001483568107
1.201599955559	-0.002489936305
1.203199982643	-0.000956096104
1.204800009727	-0.001397024142
1.206399917603	-0.001106176176
1.207999944687	-0.002202432137
1.209599971771	-0.002038496314
1.211199998856	-0.002835792257
1.212800025940	-0.001762880129
1.214399933815	-0.001064992044
1.215999960899	-0.000855136081
1.217599987984	-0.001932208077
1.219200015068	-0.000164816011
1.220799922943	-0.000231552054
1.222399950027	-0.001412128098
1.223999977112	-0.001845792169
1.225600004196	-0.000527136028
1.227199912071	-0.002466704231
1.228799939156	-0.001471728086
1.230399966240	-0.001355008106
1.231999993324	-0.001217360143
1.233600020409	-0.000191712053
1.235199928284	-0.000449152052
1.236799955368	-0.001958064036
1.238399982452	-0.002147664083
1.240000009537	-0.000228368037
1.241599917412	-0.002081280109
1.243199944496	-0.000973264105
1.244799971581	-0.000725456048
1.246399998665	-0.001355296117
1.248000025749	-0.001725632115
1.249599933624	-0.000453840010
1.251199960709	-0.000762912037
1.252799987793	-0.003287648316
1.254400014877	-0.000662368082
1.255999922752	-0.000987712061
1.257599949837	-0.002064480213
1.259199976921	-0.001389008132
1.260800004005	-0.001279776101
1.262399911880	-0.000978368102
1.263999938965	-0.001975536114
1.265599966049	0.000675568066
1.267199993134	-0.000564224087
1.268800020218	-0.001177152153
1.270399928093	-0.001427248120
1.271999955177	-0.000984224142
1.273599982262	-0.000786720135
1.275200009346	-0.001505008084
1.276799917221	0.000157279996
1.278399944305	-0.001554944087
1.279999971390	-0.002203904092
1.281599998474	-0.001549184090
1.283200025558	-0.001621984178
1.284799933434	-0.001297600102
1.286399960518	-0.002421440324
1.287999987602	-0.002582176356
1.289600014687	-0.001116928062
1.291199922562	-0.001398976077
1.292799949646	-0.001201856066
1.294399976730	-0.001585616148
1.296000003815	-0.002035616199
1.297599911690	-0.000526096032
1.299199938774	-0.000578352017
1.300799965858	-0.002562672365
1.302399992943	-0.002453376306
1.304000020027	-0.002875664271
1.305599927902	-0.002650976181
1.307199954987	-0.001463728142
1.308799982071	-0.000488752034
1.310400009155	-0.001455136109
1.311999917030	-0.001909456216
1.313599944115	-0.001958064269
1.315199971199	-0.001234304043
1.316799998283	-0.002816864289
1.318400025368	-0.001691584126
1.319999933243	-0.000214384025
1.321599960327	0.000223312018
1.323199987411	-0.001742608147
1.324800014496	-0.001895968220
1.326399922371	-0.002925280249
1.327999949455	-0.002249504207
1.329599976540	-0.002233472187
1.331200003624	-0.002140000230
1.332799911499	-0.001772048185
1.334399938583	-0.002748832339
1.335999965668	-0.001492144191
1.337599992752	-0.000709648069
1.339200019836	-0.001145536080
1.340799927711	-0.002163680270
1.342399954796	-0.001312736073
1.343999981880	-0.002032464137
1.345600008965	-0.002886336297
1.347199916840	-0.000612656062
1.348799943924	-0.001362992101
1.350399971008	-0.001346144127
1.351999998093	-0.001188080059
1.353600025177	-0.001688928111
1.355199933052	-0.002970368136
1.356799960136	-0.002835808322
1.358399987221	-0.002363872249
1.360000014305	-0.002449952299
1.361599922180	-0.001755152130
1.363199949265	-0.000941744074
1.364799976349	-0.002064720262
1.366400003433	-0.000933232077
1.367999911308	-0.001407744130
1.369599938393	-0.002270928118
1.371199965477	-0.002082448220
1.372799992561	-0.001541776117
1.374400019646	-0.001994352089
1.375999927521	-0.002192304237
1.377599954605	-0.000943584077
1.379199981689	-0.000839504122
1.380800008774	-0.001589376130
1.382399916649	-0.000699552067
1.383999943733	-0.001520608086
1.385599970818	-0.002220000140
1.387199997902	-0.000536688021
1.388799905777	-0.001596512040
1.390399932861	-0.001414976083
1.391999959946	-0.000586112030
1.393599987030	-0.001784448163
1.395200014114	-0.002025680151
1.396799921989	-0.001138912048
1.398399949074	-0.001157504157
1.399999976158	-0.001957072178
1.401600003242	-0.003567504231
1.403199911118	-0.000494864013
1.404799938202	-0.000602336077
1.406399965286	0.000427312014
1.407999992371	-0.000057312071
1.409600019455	-0.002754496178
1.411199927330	-0.001114016166
1.412799954414	-0.001934400178
1.414399981499	-0.002468432300
1.416000008583	-0.001334304106
1.417599916458	-0.001599360141
1.419199943542	-0.002454304136
1.420799970627	-0.000717856048
1.422399997711	-0.002367072273
1.423999905586	-0.001702960115
1.425599932671	-0.000854128040
1.427199959755	-0.004333152436
1.428799986839	-0.002964816289
1.430400013924	-0.000464032055
1.431999921799	-0.001601408119
1.433599948883	-0.003625504207
1.435199975967	-0.001272624126
1.436800003052	-0.002196944086
1.438399910927	-0.002016656101
1.439999938011	-0.002969136229
1.441599965096	-0.001129568089
1.443199992180	-0.002252816223
1.444800019264	-0.000682976097
1.446399927139	-0.000684320054
1.447999954224	-0.004191184416
1.449599981308	-0.002152672270
1.451200008392	-0.001562160091
1.452799916267	-0.002681968268
1.454399943352	-0.002585664159
1.455999970436	-0.003898144234
1.457599997520	-0.002265696181
1.459199905396	-0.002298544161
1.460799932480	-0.003716736333
1.462399959564	-0.001593168126
1.463999986649	-0.000418912037
1.465600013733	-0.002733216155
1.467199921608	-0.002306384267
1.468799948692	-0.002267152304
1.470399975777	-0.002126672305
1.472000002861	-0.001988800243
1.473599910736	-0.000567632029
1.475199937820	-0.002575520193
1.476799964905	-0.003212352283
1.478399991989	-0.002534720115
1.480000019073	-0.001527696149
1.481599926949	-0.002100480255
1.483199954033	-0.002621024149
1.484799981117	-0.000421680015
1.486400008202	-0.001454448095
1.487999916077	-0.003035360249
1.489599943161	-0.001046272111
1.491199970245	-0.001492592157
1.492799997330	-0.001883056131
1.494399905205	-0.002209344180
1.495999932289	0.000364864041
1.497599959373	-0.002049040049
1.499199986458	-0.004245648161
1.500800013542	-0.000798336056
1.502399921417	-0.001103776041
1.503999948502	-0.001930032158
1.505599975586	-0.002072912175
1.507200002670	-0.003490272211
1.508799910545	-0.001369440113
1.510399937630	-0.001849856111
1.511999964714	-0.002693456365
1.513599991798	-0.001863168203
1.515200018883	-0.002435120288
1.516799926758	-0.001265488099
1.518399953842	-0.000493664003
1.519999980927	-0.001719536143
1.521600008011	-0.002779632341
1.523199915886	-0.001792032155
1.524799942970	-0.001770624076
1.526399970055	-0.002244048053
1.527999997139	-0.000676384079
1.529599905014	-0.002001248067
1.531199932098	-0.002334256191
1.532799959183	-0.000387552078
1.534399986267	-0.000396192016
1.536000013351	-0.001787680085
1.537599921227	-0.003303488251
1.539199948311	-0.002367504174
1.540799975395	-0.000815424079
1.542400002480	-0.001164656016
1.543999910355	-0.000992928166
1.545599937439	-0.001808224129
1.547199964523	-0.000903824111
1.548799991608	-0.002948176116
1.550400018692	-0.002356048208
1.551999926567	-0.000834784063
1.553599953651	-0.000655936077
1.555199980736	-0.001468608039
1.556800007820	-0.001766928122
1.558399915695	-0.002778304275
1.559999942780	-0.002411088208
1.561599969864	-0.001827920089
1.563199996948	-0.001717808191
1.564799904823	-0.002513360232
1.566399931908	-0.003786800196
1.567999958992	-0.002584928181
1.569599986076	-0.002384368330
1.571200013161	-0.001957808156
1.572799921036	-0.001909328159
1.574399948120	-0.001452192082
1.575999975204	-0.002121136058
1.577600002289	-0.001526240143
1.579199910164	-0.002847472206
1.580799937248	-0.003581984201
1.582399964333	-0.001279552118
1.583999991417	-0.002141696168
1.585600018501	-0.001592496177
1.587199926376	-0.002490960294
1.588799953461	-0.002141600242
1.590399980545	-0.002184688114
1.592000007629	-0.001080400078
1.593599915504	0.000631775998
1.595199942589	-0.003664560383
1.596799969673	-0.003249488305
1.598399996758	-0.000992576126
1.599999904633	-0.002022400266
1.601599931717	-0.002493552165
1.603199958801	-0.002607552102
1.604799985886	-0.003232528223
1.606400012970	-0.002637120197
1.607999920845	-0.001820368110
1.609599947929	-0.000692240021
1.611199975014	-0.002291808138
1.612800002098	-0.002730064094
1.614399909973	-0.002210096223
1.615999937057	-0.002976080170
1.617599964142	-0.001705872128
1.619199991226	0.000345888024
1.620800018311	-0.003851248417
1.622399926186	-0.003251104383
1.623999953270	-0.001508048153
1.625599980354	-0.002273312304
1.627200007439	-0.000817632128
1.628799915314	-0.001274592127
1.630399942398	-0.002321248176
1.631999969482	-0.003166624345
1.633599996567	-0.003509472357
1.635199904442	-0.002075664233
1.636799931526	-0.001889120205
1.638399958611	-0.002384016290
1.639999985695	-0.002982144244
1.641600012779	-0.001620976138
1.643199920654	-0.001167232054
1.644799947739	-0.003221344203
1.646399974823	-0.001400320092
1.648000001907	-0.002316688187
1.649599909782	-0.003477376420
1.651199936867	-0.001269216067
1.652799963951	-0.001004752005
1.654399991035	-0.001636992092
1.655999898911	-0.003186208196
1.657599925995	-0.002731280169
1.659199953079	-0.002056432189
1.660799980164	-0.003721440211
1.662400007248	-0.002105296124
1.663999915123	-0.002619312145
1.665599942207	-0.002515024273
1.667199969292	-0.002888064133
1.668799996376	0.000171184045
1.670399904251	-0.001988752047
1.671999931335	-0.003099392168
1.673599958420	-0.000614096003
1.675199985504	-0.003040736308
1.676800012589	-0.002677472308
1.678399920464	-0.002637120197
1.679999947548	-0.002787696198
1.681599974632	-0.002215776127
1.683200001717	-0.002579552121
1.684799909592	-0.001019328134
1.686399936676	-0.002545952331
1.687999963760	-0.002473568311
1.689599990845	-0.001546848216
1.691199898720	-0.003144384362
1.692799925804	-0.002373984084
1.694399952888	-0.002004576148
1.695999979973	-0.002623632317
1.697600007057	-0.002309008269
1.699199914932	-0.003826560220
1.700799942017	-0.001925968216
1.702399969101	-0.002228688216
1.703999996185	-0.001986864256
1.705599904060	-0.002764304169
1.707199931145	-0.001908432110
1.708799958229	-0.003518544370
1.710399985313	-0.001707680174
1.712000012398	-0.001830576104
1.713599920273	-0.003627472324
1.715199947357	-0.001953584142
1.716799974442	-0.002692608163
1.718400001526	-0.002230080077
1.719999909401	-0.000831456156
1.721599936485	-0.004149040207
1.723199963570	-0.001921904157
1.724799990654	-0.001981872134
1.726399898529	-0.001549728098
1.727999925613	-0.003139824141
1.729599952698	-0.002797040157
1.731199979782	-0.003784400411
1.732800006866	-0.002907104325
1.734399914742	-0.001865360187
1.735999941826	-0.001524944091
1.737599968910	-0.002812000224
1.739199995995	-0.002128784079
1.740799903870	-0.002909936244
1.742399930954	-0.001546704210
1.743999958038	-0.001727104187
1.745599985123	-0.001081872149
1.747200012207	-0.001560320146
1.748799920082	-0.001429216121
1.750399947166	-0.002783280332
1.751999974251	-0.002601216082
1.753600001335	-0.003998240456
1.755199909210	-0.001110464102
1.756799936295	-0.001586288097
1.758399963379	-0.003390720347
1.759999990463	-0.002343984321
1.761599898338	-0.001833808143
1.763199925423	-0.002432448091
1.764799952507	-0.002059536288
1.766399979591	-0.001733920071
1.768000006676	-0.003306944156
1.769599914551	-0.003586368402
1.771199941635	-0.000992240035
1.772799968719	-0.002021136228
1.774399995804	-0.001925360062
1.775999903679	-0.001587824081
1.777599930763	-0.001075520064
1.779199957848	-0.001675280160
1.780799984932	-0.001407280099
1.782400012016	-0.004038512241
1.783999919891	-0.002103168052
1.785599946976	-0.001849504071
1.787199974060	-0.003357056295
1.788800001144	-0.002138096141
1.790399909019	-0.001840608194
1.791999936104	-0.001366608194
1.793599963188	-0.000632832060
1.795199990273	-0.001614304143
1.796799898148	-0.001908448176
1.798399925232	-0.002690704074
1.799999952316	-0.003027568338
1.801599979401	-0.001850112109
1.803200006485	-0.002409712179
1.804799914360	-0.002966880333
1.806399941444	-0.002687776228
1.807999968529	-0.002177296206
1.809599995613	-0.004418624565
1.811199903488	-0.002109136200
1.812799930573	-0.002537072171
1.814399957657	-0.002537696157
1.815999984741	-0.002328864066
1.817600011826	-0.002074704273
1.819199919701	-0.002872816287
1.820799946785	-0.003692480270
1.822399973869	-0.002766592195
1.824000000954	-0.002674272284
1.825599908829	-0.002088560257
1.827199935913	-0.003024560167
1.828799962997	-0.001112704049
1.830399990082	-0.002715584356
1.831999897957	-0.004379088525
1.833599925041	-0.002461952157
1.835199952126	-0.001089008059
1.836799979210	-0.000732048065
1.838400006294	-0.001553264097
1.839999914169	-0.004495552275
1.841599941254	-0.002413408132
1.843199968338	-0.002071584109
1.844799995422	-0.002981488127
1.846399903297	-0.002672496252
1.847999930382	-0.003120032139
1.849599957466	-0.001397232059
1.851199984550	-0.003881184384
1.852800011635	-0.001948656165
1.854399919510	-0.003210736206
1.855999946594	-0.002763856202
1.857599973679	-0.003151664278
1.859200000763	-0.003211472416
1.860799908638	-0.003502096282
1.862399935722	-0.001288992120
1.863999962807	-0.002584992209
1.865599989891	-0.004000944085
1.867199897766	-0.001915456145
1.868799924850	-0.003265312174
1.870399951935	-0.003504064167
1.871999979019	-0.000926672074
1.873600006104	-0.002051360207
1.875199913979	-0.003146432340
1.876799941063	-0.002898016246
1.878399968147	-0.003209648188
1.879999995232	-0.004484992474
1.881599903107	-0.003398992354
1.883199930191	-0.003345840378
1.884799957275	-0.003269648179
1.886399984360	-0.002693216316
1.888000011444	-0.001049184124
1.889599919319	-0.003528208239
1.891199946404	-0.005211040378
1.892799973488	-0.002566432348
1.894400000572	-0.002190496074
1.895999908447	-0.002972784219
1.897599935532	-0.002110400237
1.899199962616	-0.001442416105
1.900799989700	-0.003086928278
1.902399897575	-0.002073008101
1.903999924660	-0.001722768182
1.905599951744	-0.002189376159
1.907199978828	-0.003086320357
1.908800005913	-0.004356080201
1.910399913788	-0.005475088488
1.911999940872	-0.003592112334
1.913599967957	-0.002417968120
1.915199995041	-0.003165600356
1.916799902916	-0.002958208323
1.918399930000	-0.003156064311
1.919999957085	-0.002183328150
1.921599984169	-0.002723696176
1.923199892044	-0.002091968199
1.924799919128	-0.002551824320
1.926399946213	-0.002886832226
1.927999973297	-0.003040128155
1.929600000381	-0.001979152206
1.931199908257	-0.004047488328
1.932799935341	-0.002386480104
1.934399962425	-0.004340656567
1.935999989510	-0.002814800246
1.937599897385	-0.001346288132
1.939199924469	-0.003004960250
1.940799951553	-0.002601392101
1.942399978638	-0.003401856404
1.944000005722	-0.002353712218
1.945599913597	-0.003007904394
1.947199940681	-0.002622032305
1.948799967766	-0.002823024290
1.950399994850	-0.003231344279
1.951999902725	-0.002789536258
1.953599929810	-0.001491056057
1.955199956894	-0.005182608496
1.956799983978	-0.003088912228
1.958399891853	-0.002576784231
1.959999918938	-0.003324240213
1.961599946022	-0.003450000426
1.963199973106	-0.002041296102
1.964800000191	-0.000853792008
1.966399908066	-0.004150768276
1.967999935150	-0.003669600235
1.969599962234	-0.001218160032
1.971199989319	-0.002351568080
1.972799897194	-0.002301760251
1.974399924278	-0.001916176174
1.975999951363	-0.001958352048
1.977599978447	-0.003253008239
1.979200005531	-0.002294176258
1.980799913406	-0.001112816040
1.982399940491	-0.002547792159
1.983999967575	-0.002913104370
1.985599994659	-0.004117680248
1.987199902534	-0.002958160359
1.988799929619	-0.002639680170
1.990399956703	-0.001784624183
1.991999983788	-0.003179504303
1.993599891663	-0.000674512063
1.995199918747	-0.002119280165
1.996799945831	-0.003450464224
1.998399972916	-0.002460752148
2.000000000000	-0.003277872223
2.001600027084	-0.004901184235
2.003200054169	-0.002554368228
2.004799842834	-0.004373440519
2.006399869919	-0.004386624321
2.007999897003	-0.002847136231
2.009599924088	-0.004324544221
2.011199951172	-0.004613648634
2.012799978256	-0.002116880147
2.014400005341	-0.001500496059
2.016000032425	-0.002880336251
2.017600059509	-0.003582688281
2.019199848175	-0.002525360091
2.020799875259	-0.002901360160
2.022399902344	-0.002462416189
2.023999929428	-0.002606352326
2.025599956512	-0.002550080186
2.027199983597	-0.002061712090
2.028800010681	-0.000995744020
2.030400037766	-0.003670160426
2.032000064850	-0.003866096260
2.033599853516	-0.003806512337
2.035199880600	-0.001923040138
2.036799907684	-0.003154288279
2.038399934769	-0.002259456087
2.039999961853	-0.003636336420
2.041599988937	-0.004565744195
2.043200016022	-0.002886128146
2.044800043106	-0.001779664191
2.046399831772	-0.001908080187
2.047999858856	-0.003664544318
2.049599885941	-0.002368896268
2.051199913025	-0.002974208212
2.052799940109	-0.003836160293
2.054399967194	-0.002569552278
2.055999994278	-0.003900640411
2.057600021362	-0.002502688207
2.059200048447	-0.001991744153
2.060799837112	-0.002713792026
2.062399864197	-0.002629136201
2.063999891281	-0.004075824283
2.065599918365	-0.000634848082
2.067199945450	-0.001943440177
2.068799972534	-0.002644976135
2.070399999619	-0.001875888207
2.072000026703	-0.004046528134
2.073600053787	-0.001045184094
2.075199842453	-0.000831392070
2.076799869537	-0.002259088214
2.078399896622	-0.003399936249
2.079999923706	-0.003416928230
2.081599950790	-0.003056176240
2.083199977875	-0.004263584502
2.084800004959	-0.001802720129
2.086400032043	-0.004718448501
2.088000059128	-0.006106224377
2.089599847794	-0.003400608199
2.091199874878	-0.004911776632
2.092799901962	-0.003613120411
2.094399929047	-0.004757584538
2.095999956131	-0.003811296308
2.097599983215	-0.004507488571
2.099200010300	-0.003283376340
2.100800037384	-0.002495632274
2.102400064468	-0.002545264317
2.103999853134	-0.003994768485
2.105599880219	-0.002873024205
2.107199907303	-0.002380752238
2.108799934387	-0.003362160409
2.110399961472	-0.002357216319
2.111999988556	-0.002802208299
2.113600015640	-0.002528128214
2.115200042725	-0.003067648271
2.116799831390	-0.001826944179
2.118399858475	-0.002007248113
2.119999885559	-0.005200592335
2.121599912643	-0.002564944327
2.123199939728	-0.004187200218
2.124799966812	-0.003721072339
2.126399993896	-0.002524896292
2.128000020981	-0.002826080192
2.129600048065	-0.005173104350
2.131199836731	-0.005266144406
2.132799863815	-0.002810496138
2.134399890900	-0.005099776667
2.135999917984	-0.004537824541
2.137599945068	-0.001736656181
2.139199972153	-0.003205392277
2.140799999237	-0.002697856165
2.142400026321	-0.001542320126
2.144000053406	-0.001849488122
2.145599842072	-0.004252816550
2.147199869156	-0.003445776179
2.148799896240	-0.002938976279
2.150399923325	-0.005146352574
2.151999950409	-0.003600656288
2.153599977493	-0.002350064227
2.155200004578	-0.002246064134
2.156800031662	-0.001940608257
2.158400058746	-0.005028000567
2.159999847412	-0.004411632195
2.161599874496	-0.003269952256
2.163199901581	-0.003827344393
2.164799928665	-0.001846848172
2.166399955750	-0.003157232190
2.167999982834	-0.002573424252
2.169600009918	-0.002782960190
2.171200037003	-0.001468432136
2.172800064087	-0.003642112250
2.174399852753	-0.002156832255
2.175999879837	-0.003676624270
2.177599906921	-0.003251984250
2.179199934006	-0.003601296339
2.180799961090	-0.002214288106
2.182399988174	-0.002991728252
2.184000015259	-0.002990704263
2.185600042343	-0.002461376134
2.187199831009	-0.002750656335
2.188799858093	-0.002810032340
2.190399885178	-0.003932880238
2.191999912262	-0.001249616034
2.193599939346	-0.004634272307
2.195199966431	-0.003712560283
2.196799993515	-0.000667872082
2.198400020599	-0.002059536288
2.200000047684	-0.003968528472
2.201599836349	-0.003550320398
2.203199863434	-0.000805744028
2.204799890518	-0.003044240177
2.206399917603	-0.002326704096
2.207999944687	-0.002449424239
2.209599971771	-0.004344864283
2.211199998856	-0.001767472131
2.212800025940	-0.004619856365
2.214400053024	-0.003016016213
2.215999841690	-0.005082032643
2.217599868774	-0.002199344104
2.219199895859	-0.002957376186
2.220799922943	-0.003855664283
2.222399950027	-0.001364384079
2.223999977112	-0.001974752173
2.225600004196	-0.003952112515
2.227200031281	-0.001434864127
2.228800058365	-0.002958992263
2.230399847031	-0.003772416385
2.231999874115	-0.003230352188
2.233599901199	-0.002477072179
2.235199928284	-0.001683808165
2.236799955368	-0.002012208104
2.238399982452	-0.004090416245
2.240000009537	-0.003645008430
2.241600036621	-0.004173520487
2.243199825287	-0.003036256181
2.244799852371	-0.003424704308
2.246399879456	-0.003263904247
2.247999906540	-0.002980128163
2.249599933624	-0.004003936425
2.251199960709	-0.001626192243
2.252799987793	-0.002396480180
2.254400014877	-0.003248560242
2.256000041962	-0.003347568214
2.257599830627	-0.002638400299
2.259199857712	-0.003825664287
2.260799884796	-0.003042640164
2.262399911880	-0.002486896235
2.263999938965	-0.002117168158
2.265599966049	-0.003468784271
2.267199993134	-0.002283520298
2.268800020218	-0.004168352578
2.270400047302	-0.004468192346
2.271999835968	-0.004054592457
2.273599863052	-0.003521936247
2.275199890137	-0.003184400266
2.276799917221	-0.004040112253
2.278399944305	-0.004244400188
2.279999971390	-0.004989520647
2.281599998474	-0.003540048376
2.283200025558	-0.004650256597
2.284800052643	-0.004106640350
2.286399841309	-0.002493824111
2.287999868393	-0.004899008200
2.289599895477	-0.003677888308
2.291199922562	-0.003765568370
2.292799949646	-0.002135584131
2.294399976730	-0.004732304253
2.296000003815	-0.003295168281
2.297600030899	-0.003328528255
2.299200057983	-0.004468768369
2.300799846649	-0.002904016292
2.302399873734	-0.002822016133
2.303999900818	-0.004260688554
2.305599927902	-0.002942208201
2.307199954987	-0.002910368377
2.308799982071	-0.004516160116
2.310400009155	-0.004879312590
2.312000036240	-0.003750704229
2.313599824905	-0.003069440136
2.315199851990	-0.003935424611
2.316799879074	-0.003711968195
2.318399906158	-0.003566832282
2.319999933243	-0.002724624239
2.321599960327	-0.003641520394
2.323199987411	-0.001326496131
2.324800014496	-0.004234944470
2.326400041580	-0.004173472524
2.327999830246	-0.002991376212
2.329599857330	-0.002532448154
2.331199884415	-0.003273024224
2.332799911499	-0.004684336483
2.334399938583	-0.004731104244
2.335999965668	-0.003888768377
2.337599992752	-0.003949440550
2.339200019836	-0.003923936281
2.340800046921	-0.003449648386
2.342399835587	-0.003652752377
2.343999862671	-0.003992928192
2.345599889755	-0.001701552188
2.347199916840	-0.001790192211
2.348799943924	-0.003588352352
2.350399971008	-0.003265280277
2.351999998093	-0.004673264455
2.353600025177	-0.002567184158
2.355200052261	-0.004141888116
2.356799840927	-0.003819104284
2.358399868011	-0.004945168272
2.359999895096	-0.004498320632
2.361599922180	-0.002971152309
2.363199949265	-0.003521040315
2.364799976349	-0.005652624648
2.366400003433	-0.004527664278
2.368000030518	-0.004589056596
2.369600057602	-0.002746400191
2.371199846268	-0.003810384311
2.372799873352	-0.003438976360
2.374399900436	-0.002406144282
2.375999927521	-0.003700976260
2.377599954605	-0.003709888319
2.379199981689	-0.003917232156
2.380800008774	-0.003749456257
2.382400035858	-0.003479776205
2.383999824524	-0.004115776159
2.385599851608	-0.004469072446
2.387199878693	-0.002286240226
2.388799905777	-0.003774288343
2.390399932861	-0.005489552394
2.391999959946	-0.004181024618
2.393599987030	-0.003450736403
2.395200014114	-0.003780144267
2.396800041199	-0.003611712251
2.398399829865	-0.002940272214
2.399999856949	-0.002211696235
2.401599884033	-0.003592576366
2.403199911118	-0.002650912153
2.404799938202	-0.005320896395
2.406399965286	-0.003192928387
2.407999992371	-0.002328720177
2.409600019455	-0.003806912340
2.411200046539	-0.003627104219
2.412799835205	-0.005201120395
2.414399862289	-0.004578656517
2.415999889374	-0.002305456204
2.417599916458	-0.002860944252
2.419199943542	-0.004109040368
2.420799970627	-0.002581936307
2.422399997711	-0.003370464314
2.424000024796	-0.005149504635
2.425600051880	-0.002996560186
2.427199840546	-0.002317408100
2.428799867630	-0.004975936376
2.430399894714	-0.003152672201
2.431999921799	-0.003732704325
2.433599948883	-0.003099456197
2.435199975967	-0.004360416438
2.436800003052	-0.003820480313
2.438400030136	-0.005768912379
2.440000057220	-0.002155568218
2.441599845886	-0.001302880119
2.443199872971	-0.003131584264
2.444799900055	-0.004477984272
2.446399927139	-0.005574560259
2.447999954224	-0.002184016164
2.449599981308	-0.003983088303
2.451200008392	-0.003931792453
2.452800035477	-0.004974880256
2.454399824142	-0.004360000137
2.455999851227	-0.005214816425
2.457599878311	-0.003351760330
2.459199905396	-0.003243504325
2.460799932480	-0.003280672245
2.462399959564	-0.003726560390
2.463999986649	-0.002292864257
2.465600013733	-0.003200560343
2.467200040817	-0.003192688338
2.468799829483	-0.002275488107
2.470399856567	-0.004635744262
2.471999883652	-0.003517232370
2.473599910736	-0.004462128505
2.475199937820	-0.003841072321
2.476799964905	-0.002809680300
2.478399991989	-0.001857616124
2.480000019073	-0.006321552675
2.481600046158	-0.005708928686
2.483199834824	-0.004381888546
2.484799861908	-0.003480848391
2.486399888992	-0.004168368410
2.487999916077	-0.003925120458
2.489599943161	-0.004335824400
2.491199970245	-0.005396256223
2.492799997330	-0.005025648512
2.494400024414	-0.006336928345
2.496000051498	-0.005295296200
2.497599840164	-0.003213200253
2.499199867249	-0.004303472582
2.500799894333	-0.003590560285
2.502399921417	-0.001606976148
2.503999948502	-0.004393824376
2.505599975586	-0.002869488206
2.507200002670	-0.002230432117
2.508800029755	-0.002747488208
2.510399818420	-0.003731392324
2.511999845505	-0.005078896414
2.513599872589	-0.003722544294
2.515199899673	-0.004643392283
2.516799926758	-0.002125520259
2.518399953842	-0.002040608320
2.519999980927	-0.003718784312
2.521600008011	-0.004021088593
2.523200035095	-0.004896496423
2.524799823761	-0.003554832190
2.526399850845	-0.002875920152
2.527999877930	-0.004268016201
2.529599905014	-0.003541440237
2.531199932098	-0.003016208299
2.532799959183	-0.004338656552
2.534399986267	-0.003521776292
2.536000013351	-0.003095248248
2.537600040436	-0.005062832497
2.539199829102	-0.003211728297
2.540799856186	-0.003221088322
2.542399883270	-0.002782384166
2.543999910355	-0.003830848262
2.545599937439	-0.004620496184
2.547199964523	-0.003845312400
2.548799991608	-0.003305824241
2.550400018692	-0.004307632335
2.552000045776	-0.003546704305
2.553599834442	-0.003883008379
2.555199861526	-0.001382128103
2.556799888611	-0.003784496337
2.558399915695	-0.003940064460
2.559999942780	-0.003987760283
2.561599969864	-0.003697664244
2.563199996948	-0.003382896306
2.564800024033	-0.003209120128
2.566400051117	-0.003806592431
2.567999839783	-0.002906080335
2.569599866867	-0.004760192242
2.571199893951	-0.002987680258
2.572799921036	-0.002702256199
2.574399948120	-0.003265744308
2.575999975204	-0.004320704378
2.577600002289	-0.004124080297
2.579200029373	-0.003964736126
2.580799818039	-0.004393936601
2.582399845123	-0.003329936415
2.583999872208	-0.002391152084
2.585599899292	-0.002856736304
2.587199926376	-0.001894544228
2.588799953461	-0.002894080244
2.590399980545	-0.002520384267
2.592000007629	-0.005069808569
2.593600034714	-0.002064240165
2.595199823380	-0.004172000568
2.596799850464	-0.002493808279
2.598399877548	-0.003153360216
2.599999904633	-0.004060448147
2.601599931717	-0.004576992244
2.603199958801	-0.004591008183
2.604799985886	-0.003065872239
2.606400012970	-0.005735872313
2.608000040054	-0.005600032397
2.609599828720	-0.005186832510
2.611199855804	-0.004224352539
2.612799882889	-0.003247168381
2.614399909973	-0.003245104337
2.615999937057	-0.004577520303
2.617599964142	-0.003833552357
2.619199991226	-0.002519040136
2.620800018311	-0.005296096206
2.622400045395	-0.004191072192
2.623999834061	-0.003148080315
2.625599861145	-0.001683696173
2.627199888229	-0.003142208327
2.628799915314	-0.005355552305
2.630399942398	-0.004011952318
2.631999969482	-0.004003392532
2.633599996567	-0.004900096450
2.635200023651	-0.002987296320
2.636800050735	-0.005392256659
2.638399839401	-0.004555424210
2.639999866486	-0.002739248332
2.641599893570	-0.002993696369
2.643199920654	-0.006416736636
2.644799947739	-0.003232320305
2.646399974823	-0.003738672240
2.648000001907	-0.004318240564
2.649600028992	-0.004162512254
2.651199817657	-0.004905248526
2.652799844742	-0.004372272175
2.654399871826	-0.005123248324
2.655999898911	-0.002986576175
2.657599925995	-0.003765184432
2.659199953079	-0.003258240176
2.660799980164	-0.002750464249
2.662400007248	-0.003505792236
2.664000034332	-0.003672528313
2.665599822998	-0.003962592222
2.667199850082	-0.002083344152
2.668799877167	-0.004514656495
2.670399904251	-0.004675328266
2.671999931335	-0.003410400357
2.673599958420	-0.004205376375
2.675199985504	-0.004093712196
2.676800012589	-0.003548048204
2.678400039673	-0.002225136152
2.679999828339	-0.004141696263
2.681599855423	-0.004040992353
2.683199882507	-0.004225008190
2.684799909592	-0.003389680292
2.686399936676	-0.003491520416
2.687999963760	-0.003984352108
2.689599990845	-0.002618032275
2.691200017929	-0.003109040204
2.692800045013	-0.004228384234
2.694399833679	-0.004630016163
2.695999860764	-0.004329216201
2.697599887848	-0.005915360525
2.699199914932	-0.006282256451
2.700799942017	-0.003922208212
2.702399969101	-0.003515648190
2.703999996185	-0.003138800152
2.705600023270	-0.002924144268
2.707200050354	-0.005149120465
2.708799839020	-0.002170976251
2.710399866104	-0.001491792151
2.711999893188	-0.003941456322
2.713599920273	-0.003437936306
2.715199947357	-0.003699904308
2.716799974442	-0.004305808339
2.718400001526	-0.003014784306
2.720000028610	-0.003117360175
2.721599817276	-0.005044592544
2.723199844360	-0.004213472363
2.724799871445	-0.003979152534
2.726399898529	-0.004412448499
2.727999925613	-0.004910512362
2.729599952698	-0.005492896307
2.731199979782	-0.003598144278
2.732800006866	-0.003697440261
2.734400033951	-0.005571088288
2.735999822617	-0.003690352431
2.737599849701	-0.003835664364
2.739199876785	-0.003642192343
2.740799903870	-0.003500672290
2.742399930954	-0.003592368215
2.743999958038	-0.002680128207
2.745599985123	-0.002881136257
2.747200012207	-0.002693728311
2.748800039291	-0.004550352227
2.750399827957	-0.002828368219
2.751999855042	-0.003604992293
2.753599882126	-0.002822080161
2.755199909210	-0.003280608216
2.756799936295	-0.002753920387
2.758399963379	-0.005414544605
2.759999990463	-0.004443392158
2.761600017548	-0.004092032090
2.763200044632	-0.004805024248
2.764799833298	-0.006027648691
2.766399860382	-0.001706624171
2.767999887466	-0.004138480406
2.769599914551	-0.005286272615
2.771199941635	-0.004258784465
2.772799968719	-0.002940672217
2.774399995804	-0.002953584306
2.776000022888	-0.002876656363
2.777599811554	-0.002841008361
2.779199838638	-0.004052416421
2.780799865723	-0.003950656392
2.782399892807	-0.004765200429
2.783999919891	-0.004849424586
2.785599946976	-0.004704496358
2.787199974060	-0.004121888429
2.788800001144	-0.004038688261
2.790400028229	-0.005266720429
2.791999816895	-0.003834752366
2.793599843979	-0.003799248254
2.795199871063	-0.003758512205
2.796799898148	-0.003901760327
2.798399925232	-0.004987632390
2.799999952316	-0.004390432499
2.801599979401	-0.002702864353
2.803200006485	-0.004351952579
2.804800033569	-0.004994560499
2.806399822235	-0.003723712172
2.807999849319	-0.004350176547
2.809599876404	-0.005198656581
2.811199903488	-0.003847808344
2.812799930573	-0.003792336211
2.814399957657	-0.005439280532
2.815999984741	-0.003740608227
2.817600011826	-0.004209360573
2.819200038910	-0.002535040257
2.820799827576	-0.005639696494
2.822399854660	-0.003607120365
2.823999881744	-0.005045696627
2.825599908829	-0.005033984315
2.827199935913	-0.003307152307
2.828799962997	-0.004158704542
2.830399990082	-0.005497312639
2.832000017166	-0.002843440278
2.833600044250	-0.003979280125
2.835199832916	-0.004396672361
2.836799860001	-0.005090480205
2.838399887085	-0.005272160284
2.839999914169	-0.004540368449
2.841599941254	-0.004916016478
2.843199968338	-0.003954912070
2.844799995422	-0.003974464256
2.846400022507	-0.003672160208
2.847999811172	-0.004655712284
2.849599838257	-0.004177760333
2.851199865341	-0.003678064328
2.852799892426	-0.005027184263
2.854399919510	-0.005915424321
2.855999946594	-0.004815520253
2.857599973679	-0.004135616124
2.859200000763	-0.004409904592
2.860800027847	-0.004196096212
2.862399816513	-0.003367216326
2.863999843597	-0.003311024280
2.865599870682	-0.001877424191
2.867199897766	-0.003894224297
2.868799924850	-0.004043056164
2.870399951935	-0.004417904187
2.871999979019	-0.005501632579
2.873600006104	-0.002979456214
2.875200033188	-0.005147072487
2.876799821854	-0.003930832259
2.878399848938	-0.004024224356
2.879999876022	-0.005111232400
2.881599903107	-0.003046592232
2.883199930191	-0.003238848178
2.884799957275	-0.005587904714
2.886399984360	-0.003945712466
2.888000011444	-0.003354304237
2.889600038528	-0.004117520526
2.891199827194	-0.003718960332
2.892799854279	-0.002755344147
2.894399881363	-0.005920560565
2.895999908447	-0.003765616333
2.897599935532	-0.004894448444
2.899199962616	-0.003061456140
2.900799989700	-0.006180736702
2.902400016785	-0.003975280561
2.904000043869	-0.003578768345
2.905599832535	-0.002382144332
2.907199859619	-0.003992736340
2.908799886703	-0.004479936324
2.910399913788	-0.004423968494
2.911999940872	-0.004124784376
2.913599967957	-0.003548112232
2.915199995041	-0.003995808307
2.916800022125	-0.003882880323
2.918399810791	-0.003104368225
2.919999837875	-0.005275968462
2.921599864960	-0.004798688460
2.923199892044	-0.003212192329
2.924799919128	-0.004818816204
2.926399946213	-0.002911120187
2.927999973297	-0.003084160388
2.929600000381	-0.003879488213
2.931200027466	-0.003632160369
2.932799816132	-0.004293632228
2.934399843216	-0.003978720400
2.935999870300	-0.004838992376
2.937599897385	-0.004855712410
2.939199924469	-0.005119984504
2.940799951553	-0.004379872233
2.942399978638	-0.003508944297
2.944000005722	-0.005350368563
2.945600032806	-0.004933040589
2.947199821472	-0.003295744304
2.948799848557	-0.002088032197
2.950399875641	-0.004734096583
2.951999902725	-0.003943760414
2.953599929810	-0.003324768273
2.955199956894	-0.003101520240
2.956799983978	-0.002623520093
2.958400011063	-0.005324848462
2.960000038147	-0.005335312337
2.961599826813	-0.003808944253
2.963199853897	-0.002938688267
2.964799880981	-0.005794800352
2.966399908066	-0.005081152543
2.967999935150	-0.004642624408
2.969599962234	-0.004398416262
2.971199989319	-0.004299264401
2.972800016403	-0.003736992367
2.974400043488	-0.004361136351
2.975999832153	-0.003685744246
2.977599859238	-0.005002352409
2.979199886322	-0.003274944378
2.980799913406	-0.006918080617
2.982399940491	-0.002678832272
2.983999967575	-0.004382352345
2.985599994659	-0.004157680552
2.987200021744	-0.004493280314
2.988799810410	-0.003267360153
2.990399837494	-0.003943456337
2.991999864578	-0.005999072455
2.993599891663	-0.004507792182
2.995199918747	-0.005115072243
2.996799945831	-0.005776576698
2.998399972916	-0.004454656504
3.000000000000	-0.004625952337
3.001600027084	-0.005346768536
3.003199815750	-0.006313216407
3.004799842834	-0.004262416158
3.006399869919	-0.003998384345
3.007999897003	-0.003779680235
3.009599924088	-0.004215440247
3.011199951172	-0.006084832363
3.012799978256	-0.003927696496
3.014400005341	-0.003765504342
3.016000032425	-0.004686688539
3.017599821091	-0.003275008406
3.019199848175	-0.004455216229
3.020799875259	-0.005503104534
3.022399902344	-0.003836880438
3.023999929428	-0.003038672265
3.025599956512	-0.003037440125
3.027199983597	-0.004448240623
3.028800010681	-0.002987936139
3.030400037766	-0.004646656569
3.031999826431	-0.006217488553
3.033599853516	-0.003520576283
3.035199880600	-0.004594352562
3.036799907684	-0.004442240577
3.038399934769	-0.003619696246
3.039999961853	-0.004025392234
3.041599988937	-0.007854704745
3.043200016022	-0.005778864492
3.044799804687	-0.005138656590
3.046399831772	-0.004599296488
3.047999858856	-0.003711312311
3.049599885941	-0.004125104286
3.051199913025	-0.006336176768
3.052799940109	-0.004142064136
3.054399967194	-0.005011696368
3.055999994278	-0.005872992333
3.057600021362	-0.005578976590
3.059199810028	-0.003200720297
3.060799837112	-0.005609936547
3.062399864197	-0.005043536425
3.063999891281	-0.002224544296
3.065599918365	-0.005523872562
3.067199945450	-0.004235904198
3.068799972534	-0.005227952264
3.070399999619	-0.004140448291
3.072000026703	-0.005619984586
3.073599815369	-0.006457040552
3.075199842453	-0.005175712518
3.076799869537	-0.004781680182
3.078399896622	-0.002862528199
3.079999923706	-0.005261120386
3.081599950790	-0.003762464272
3.083199977875	-0.004348464310
3.084800004959	-0.006321712397
3.086400032043	-0.004283984192
3.087999820709	-0.005162080284
3.089599847794	-0.004007456359
3.091199874878	-0.004204432480
3.092799901962	-0.004066128284
3.094399929047	-0.005433664657
3.095999956131	-0.005004464183
3.097599983215	-0.004717776552
3.099200010300	-0.004831856582
3.100800037384	-0.006486544386
3.102399826050	-0.004566832446
3.103999853134	-0.004212624393
3.105599880219	-0.005492640659
3.107199907303	-0.005966016557
3.108799934387	-0.004732080270
3.110399961472	-0.002835936146
3.111999988556	-0.003796784207
3.113600015640	-0.007778160740
3.115199804306	-0.003828288289
3.116799831390	-0.004838704597
3.118399858475	-0.006570192520
3.119999885559	-0.002939680358
3.121599912643	-0.004367952235
3.123199939728	-0.004944288172
3.124799966812	-0.005538768601
3.126399993896	-0.003290240187
3.128000020981	-0.004869152326
3.129599809647	-0.005049344618
3.131199836731	-0.006051216740
3.132799863815	-0.006545152515
3.134399890900	-0.002823920222
3.135999917984	-0.002638544189
3.137599945068	-0.004073280375
3.139199972153	-0.006216352340
3.140799999237	-0.005819440354
3.142400026321	-0.003098224290
3.143999814987	-0.002170736203
3.145599842072	-0.002806592267
3.147199869156	-0.006431664340
3.148799896240	-0.003107696306
3.150399923325	-0.003453488229
3.151999950409	-0.004467904568
3.153599977493	-0.002297552302
3.155200004578	-0.005575680640
3.156800031662	-0.003760784399
3.158399820328	-0.007657360751
3.159999847412	-0.000960096135
3.161599874496	-0.005150624551
3.163199901581	-0.005640816409
3.164799928665	-0.004886688199
3.166399955750	-0.004518896341
3.167999982834	-0.002850336256
3.169600009918	-0.005447520409
3.171200037003	-0.003811536357
3.172799825668	-0.005806752481
3.174399852753	-0.004050432239
3.175999879837	-0.002453808207
3.177599906921	-0.005597648211
3.179199934006	-0.004762304481
3.180799961090	-0.005283744540
3.182399988174	-0.003755680285
3.184000015259	-0.005804432556
3.185599803925	-0.003070944222
3.187199831009	-0.005665552337
3.188799858093	-0.007529248483
3.190399885178	-0.002467936138
3.191999912262	-0.003048032289
3.193599939346	-0.007367056794
3.195199966431	-0.004450960550
3.196799993515	-0.003499968210
3.198400020599	-0.006557200570
3.199999809265	-0.003748048330
3.201599836349	-0.005626928527
3.203199863434	-0.006131072529
3.204799890518	-0.007303392515
3.206399917603	-0.001719728112
3.207999944687	-0.004882752430
3.209599971771	-0.003664640244
3.211199998856	-0.004946304485
3.212800025940	-0.004613200203
3.214399814606	-0.003362976247
3.215999841690	-0.003647536272
3.217599868774	-0.004413776565
3.219199895859	-0.003670976264
3.220799922943	-0.004950480536
3.222399950027	-0.006151296664
3.223999977112	-0.006188208703
3.225600004196	-0.000675664051
3.227200031281	-0.004934016615
3.228799819946	-0.006737152580
3.230399847031	-0.002964704297
3.231999874115	-0.003545072395
3.233599901199	-0.006728256587
3.235199928284	-0.002739296295
3.236799955368	-0.002350560157
3.238399982452	-0.006498976611
3.240000009537	-0.006354880519
3.241600036621	-0.003976768348
3.243199825287	-0.005464432295
3.244799852371	-0.005970800295
3.246399879456	-0.006013104692
3.247999906540	-0.003985264339
3.249599933624	-0.005183136556
3.251199960709	-0.003890144406
3.252799987793	-0.006140608806
3.254400014877	-0.004800688475
3.255999803543	-0.004304320551
3.257599830627	-0.004568176344
3.259199857712	-0.004473712295
3.260799884796	-0.005081616342
3.262399911880	-0.004746496212
3.263999938965	-0.006308320444
3.265599966049	-0.002861392219
3.267199993134	-0.004239792470
3.268800020218	-0.006626352668
3.270399808884	-0.003910224419
3.271999835968	-0.002949408256
3.273599863052	-0.005469248630
3.275199890137	-0.006425536703
3.276799917221	-0.006404416636
3.278399944305	-0.004586224444
3.279999971390	-0.004316464532
3.281599998474	-0.003607872175
3.283200025558	-0.005765392445
3.284799814224	-0.004804576281
3.286399841309	-0.002740576165
3.287999868393	-0.005057632457
3.289599895477	-0.003137536347
3.291199922562	-0.006276096683
3.292799949646	-0.004399568308
3.294399976730	-0.006224000361
3.296000003815	-0.002313424135
3.297600030899	-0.005191968288
3.299199819565	-0.004304960370
3.300799846649	-0.004724320490
3.302399873734	-0.007928065024
3.303999900818	-0.003872928442
3.305599927902	-0.004304496106
3.307199954987	-0.003773104399
3.308799982071	-0.006187792402
3.310400009155	-0.005041168537
3.311999797821	-0.004723184276
3.313599824905	-0.006121360697
3.315199851990	-0.003874736372
3.316799879074	-0.006428944413
3.318399906158	-0.004027520306
3.319999933243	-0.005323840305
3.321599960327	-0.004070288502
3.323199987411	-0.004880448338
3.324800014496	-0.004712128546
3.326399803162	-0.004724000581
3.327999830246	-0.004898736253
3.329599857330	-0.005639136303
3.331199884415	-0.006804704666
3.332799911499	-0.004498976283
3.334399938583	-0.006450720597
3.335999965668	-0.005491664633
3.337599992752	-0.004386496264
3.339200019836	-0.005003312603
3.340799808502	-0.003224656219
3.342399835587	-0.006799520459
3.343999862671	-0.003969936166
3.345599889755	-0.004186576232
3.347199916840	-0.004378800280
3.348799943924	-0.004553664476
3.350399971008	-0.005357664544
3.351999998093	-0.003474240191
3.353600025177	-0.007392736617
3.355199813843	-0.004378784448
3.356799840927	-0.003318656236
3.358399868011	-0.006701296661
3.359999895096	-0.006008560304
3.361599922180	-0.004360784311
3.363199949265	-0.006050272379
3.364799976349	-0.006205696613
3.366400003433	-0.005807104520
3.368000030518	-0.006272960454
3.369599819183	-0.005907200277
3.371199846268	-0.007000496611
3.372799873352	-0.006182704587
3.374399900436	-0.005702400580
3.375999927521	-0.006477904506
3.377599954605	-0.005989760626
3.379199981689	-0.005194736645
3.380800008774	-0.003227872308
3.382399797440	-0.006156144664
3.383999824524	-0.006161888596
3.385599851608	-0.005274416413
3.387199878693	-0.005772128701
3.388799905777	-0.004737184383
3.390399932861	-0.005815072451
3.391999959946	-0.004917040467
3.393599987030	-0.006644832436
3.395200014114	-0.004233216401
3.396799802780	-0.003825232387
3.398399829865	-0.004815104418
3.399999856949	-0.004714688286
3.401599884033	-0.004624688532
3.403199911118	-0.004519024398
3.404799938202	-0.006467120722
3.406399965286	-0.004619552288
3.407999992371	-0.003743184265
3.409600019455	-0.003241504310
3.411199808121	-0.004979696590
3.412799835205	-0.004127440043
3.414399862289	-0.003483408364
3.415999889374	-0.005505840294
3.417599916458	-0.006037040614
3.419199943542	-0.004825856537
3.420799970627	-0.004100816324
3.422399997711	-0.004678256344
3.424000024796	-0.006794864777
3.425599813461	-0.005172576290
3.427199840546	-0.005560416728
3.428799867630	-0.004384368192
3.430399894714	-0.003642192343
3.431999921799	-0.004578128457
3.433599948883	-0.004878240172
3.435199975967	-0.005931280553
3.436800003052	-0.003952816129
3.438400030136	-0.003990096506
3.439999818802	-0.006579536479
3.441599845886	-0.004721968435
3.443199872971	-0.005618192255
3.444799900055	-0.002856928157
3.446399927139	-0.007024080493
3.447999954224	-0.003788352245
3.449599981308	-0.005611072294
3.451200008392	0.005683728494
