0.000000000000	0.017250465229
0.001599999960	0.015556273051
0.003199999919	0.015031361021
0.004799999762	0.014888177626
0.006399999838	0.015924962237
0.007999999449	0.014235921204
0.009599999525	0.015957169235
0.011199999601	0.014868081547
0.012799999677	0.012945649214
0.014399999753	0.013715760782
0.015999998897	0.016876418144
0.017599999905	0.012153552845
0.019199999049	0.012716992758
0.020800000057	0.013588816859
0.022399999201	0.013673600741
0.024000000209	0.013863745145
0.025599999353	0.014141233638
0.027199998498	0.013100625016
0.028799999505	0.012634865008
0.030399998650	0.012615216896
0.031999997795	0.011557089165
0.033599998802	0.013478064910
0.035199999809	0.011623553000
0.036800000817	0.012065840885
0.038399998099	0.010687808506
0.039999999106	0.013898384757
0.041600000113	0.011227728799
0.043199997395	0.010683344677
0.044799998403	0.011198560707
0.046399999410	0.011751856655
0.048000000417	0.011707904749
0.049599997699	0.012211552821
0.051199998707	0.012616576627
0.052799999714	0.013226256706
0.054399996996	0.009781761095
0.055999998003	0.011167921126
0.057599999011	0.011803473346
0.059200000018	0.009849648923
0.060799997300	0.009918929078
0.062399998307	0.011597872712
0.063999995589	0.011283664964
0.065600000322	0.010942560621
0.067199997604	0.012233665213
0.068799994886	0.010573152453
0.070399999619	0.009980401024
0.071999996901	0.010530113243
0.073600001633	0.011298049241
0.075199998915	0.009355264716
0.076799996197	0.010099761188
0.078400000930	0.009132481180
0.079999998212	0.010738752782
0.081599995494	0.011662497185
0.083200000226	0.009408272803
0.084799997509	0.010468496941
0.086399994791	0.009247313254
0.087999999523	0.010046305135
0.089599996805	0.009183680639
0.091199994087	0.010694433004
0.092799998820	0.009744849056
0.094399996102	0.011299152859
0.096000000834	0.008737985045
0.097599998116	0.009282064624
0.099199995399	0.007497264538
0.100800000131	0.010346752591
0.102399997413	0.010431152768
0.103999994695	0.009203728288
0.105599999428	0.009777665138
0.107199996710	0.010018801317
0.108799993992	0.007147360593
0.110399998724	0.010235057212
0.111999996006	0.009881424718
0.113600000739	0.008459504694
0.115199998021	0.009176736698
0.116799995303	0.007484128699
0.118400000036	0.009806816466
0.119999997318	0.009256096557
0.121599994600	0.009969169274
0.123199999332	0.007705616765
0.124799996614	0.007901712321
0.126399993896	0.009797456674
0.127999991179	0.008632432669
0.129600003362	0.010451792739
0.131200000644	0.007004560437
0.132799997926	0.012139680795
0.134399995208	0.006155088544
0.135999992490	0.010268656537
0.137599989772	0.008973632939
0.139200001955	0.008233936504
0.140799999237	0.009558448568
0.142399996519	0.006672352552
0.143999993801	0.008889553137
0.145599991083	0.007294688374
0.147200003266	0.008421072736
0.148800000548	0.007761104498
0.150399997830	0.007316416595
0.151999995112	0.008170592599
0.153599992394	0.007473424543
0.155199989676	0.008744481020
0.156800001860	0.006452416535
0.158399999142	0.010219552554
0.159999996424	0.008664624766
0.161599993706	0.006873952691
0.163199990988	0.007965360768
0.164800003171	0.007654848509
0.166400000453	0.010044944473
0.167999997735	0.008260224946
0.169599995017	0.007508064620
0.171199992299	0.007731856778
0.172799989581	0.007518112659
0.174400001764	0.008813072927
0.175999999046	0.008294144645
0.177599996328	0.007931632921
0.179199993610	0.007851424627
0.180799990892	0.008041808382
0.182399988174	0.007881584577
0.184000000358	0.006591792684
0.185599997640	0.008939216845
0.187199994922	0.006415072363
0.188799992204	0.009113072418
0.190399989486	0.005890288390
0.192000001669	0.007901712321
0.193599998951	0.007898480631
0.195199996233	0.010310145095
0.196799993515	0.008296752349
0.198399990797	0.006528688595
0.199999988079	0.008249408565
0.201600000262	0.007942592725
0.203199997544	0.006928176619
0.204799994826	0.007166576572
0.206399992108	0.010202000849
0.207999989390	0.006434304640
0.209600001574	0.007370992564
0.211199998856	0.007721344475
0.212799996138	0.008071120828
0.214399993420	0.007606112398
0.215999990702	0.007551648654
0.217599987984	0.007870752364
0.219200000167	0.007489216514
0.220799997449	0.007893200964
0.222399994731	0.004983904306
0.223999992013	0.007426544558
0.225599989295	0.006025200710
0.227200001478	0.007182352711
0.228799998760	0.007951712236
0.230399996042	0.008109280840
0.231999993324	0.007029072382
0.233599990606	0.007603168488
0.235199987888	0.006861568429
0.236800000072	0.005712448619
0.238399997354	0.004339440260
0.239999994636	0.006682848558
0.241599991918	0.006921104621
0.243199989200	0.006389728747
0.244799986482	0.005575312302
0.246399998665	0.006309008691
0.247999995947	0.005047488492
0.249599993229	0.008434737101
0.251199990511	0.008239904419
0.252799987793	0.005331440363
0.254399985075	0.006371216383
0.255999982357	0.006754480302
0.257599979639	0.007149584591
0.259200006723	0.007209472358
0.260800004005	0.006481088698
0.262400001287	0.005531840492
0.263999998569	0.007065024693
0.265599995852	0.006491296459
0.267199993134	0.007058608811
0.268799990416	0.004979488440
0.270399987698	0.006036608480
0.271999984980	0.006470480468
0.273599982262	0.005132752471
0.275199979544	0.005900896620
0.276800006628	0.005965776742
0.278400003910	0.006840608548
0.280000001192	0.006499984302
0.281599998474	0.005907712504
0.283199995756	0.005772288423
0.284799993038	0.007781568449
0.286399990320	0.006527216639
0.287999987602	0.007034208626
0.289599984884	0.004072368145
0.291199982166	0.003730112221
0.292799979448	0.006764672697
0.294400006533	0.004964096472
0.296000003815	0.005239424296
0.297600001097	0.005583568476
0.299199998379	0.006539840717
0.300799995661	0.004852064420
0.302399992943	0.007687088568
0.303999990225	0.007042928599
0.305599987507	0.005432128441
0.307199984789	0.005905680358
0.308799982071	0.005927360617
0.310399979353	0.005667248275
0.312000006437	0.005167104304
0.313600003719	0.005916544702
0.315200001001	0.006112208590
0.316799998283	0.003534096293
0.318399995565	0.007562832441
0.319999992847	0.004485856276
0.321599990129	0.005137584638
0.323199987411	0.007523792796
0.324799984694	0.005097024608
0.326399981976	0.005231808405
0.327999979258	0.004803600255
0.329600006342	0.004699824378
0.331200003624	0.006151248701
0.332800000906	0.005598384421
0.334399998188	0.006018064450
0.335999995470	0.004189472180
0.337599992752	0.006143904757
0.339199990034	0.007790512405
0.340799987316	0.005618624389
0.342399984598	0.003609664273
0.343999981880	0.005428768229
0.345599979162	0.005462720525
0.347199976444	0.004311472178
0.348800003529	0.006481920369
0.350400000811	0.004083120264
0.351999998093	0.003451584373
0.353599995375	0.007388512604
0.355199992657	0.006428416353
0.356799989939	0.006392016541
0.358399987221	0.005699232686
0.359999984503	0.004901648499
0.361599981785	0.004176000133
0.363199979067	0.004390048329
0.364799976349	0.003897232236
0.366400003433	0.005362416618
0.368000000715	0.004928976297
0.369599997997	0.003956560511
0.371199995279	0.002436672105
0.372799992561	0.005570176523
0.374399989843	0.006067168433
0.375999987125	0.006006688345
0.377599984407	0.003753088182
0.379199981689	0.005695056636
0.380799978971	0.005405840464
0.382399976254	0.004777744412
0.384000003338	0.005018000491
0.385600000620	0.005522576626
0.387199997902	0.003666896373
0.388799995184	0.004453456495
0.390399992466	0.004374560434
0.391999989748	0.004105328117
0.393599987030	0.004587808158
0.395199984312	0.005806928501
0.396799981594	0.005818960257
0.398399978876	0.003189888317
0.399999976158	0.006281344686
0.401600003242	0.002836432308
0.403200000525	0.005374976434
0.404799997807	0.003927536309
0.406399995089	0.006421616767
0.407999992371	0.004232896492
0.409599989653	0.003677584231
0.411199986935	0.003206704278
0.412799984217	0.003168336349
0.414399981499	0.006225712597
0.415999978781	0.003539728234
0.417599976063	0.004322048277
0.419200003147	0.006128848530
0.420800000429	0.004005232360
0.422399997711	0.004541184288
0.423999994993	0.003235152224
0.425599992275	0.003757344326
0.427199989557	0.003640544368
0.428799986839	0.003861568402
0.430399984121	0.003976912238
0.431999981403	0.004382288549
0.433599978685	0.002674528165
0.435199975967	0.003253840143
0.436800003052	0.003884544363
0.438400000334	0.003054352244
0.439999997616	0.003919040319
0.441599994898	0.002909296192
0.443199992180	0.003869264387
0.444799989462	0.005563392304
0.446399986744	0.003708672244
0.447999984026	0.004075584468
0.449599981308	0.003328816267
0.451199978590	0.003454096150
0.452799975872	0.004054576159
0.454400002956	0.004938576370
0.456000000238	0.002741392236
0.457599997520	0.002483456163
0.459199994802	0.004108256195
0.460799992085	0.003443648340
0.462399989367	0.004634336568
0.463999986649	0.005363760516
0.465599983931	0.004288752563
0.467199981213	0.004430112429
0.468799978495	0.003161632223
0.470399975777	0.002798800357
0.472000002861	0.003865760285
0.473600000143	0.004496576265
0.475199997425	0.003490608418
0.476799994707	0.002833360340
0.478399991989	0.002236272208
0.479999989271	0.005321632605
0.481599986553	0.002070448129
0.483199983835	0.001750320080
0.484799981117	0.003792896401
0.486399978399	0.003588592168
0.487999975681	0.004287792370
0.489599972963	0.002944208216
0.491200000048	-0.000018207988
0.492799997330	0.002734848298
0.494399994612	0.002823216142
0.495999991894	0.004121136386
0.497599989176	0.002459424082
0.499199986458	0.002211808227
0.500800013542	0.002180016134
0.502399981022	0.006040624343
0.504000008106	0.004065344110
0.505599975586	0.003171056276
0.507200002670	0.003945248201
0.508799970150	0.002434976166
0.510399997234	0.003041728400
0.511999964714	0.003861520207
0.513599991798	0.002706960309
0.515199959278	0.001875584130
0.516799986362	0.001365168020
0.518400013447	0.003435392398
0.519999980927	0.003548416309
0.521600008011	0.004039792344
0.523199975491	0.003371872241
0.524800002575	0.001270864042
0.526399970055	0.004933776334
0.527999997139	0.003207344329
0.529599964619	0.003802224295
0.531199991703	0.001794912154
0.532799959183	0.001490912167
0.534399986267	0.002484016353
0.536000013351	0.005276384298
0.537599980831	0.003315328155
0.539200007915	0.002347040223
0.540799975395	0.003367232159
0.542400002480	0.003372064326
0.543999969959	0.003538048360
0.545599997044	0.002273952123
0.547199964523	0.002588272095
0.548799991608	0.004021248315
0.550399959087	0.002281056251
0.551999986172	0.002914272249
0.553600013256	0.001605216064
0.555199980736	0.002157136099
0.556800007820	0.002900800202
0.558399975300	0.003667712444
0.560000002384	0.003351648338
0.561599969864	0.002097520046
0.563199996948	0.002632592106
0.564799964428	0.003484864254
0.566399991512	0.004303040449
0.567999958992	0.001980672125
0.569599986076	0.002378928242
0.571200013161	0.003869920271
0.572799980640	0.001194576151
0.574400007725	0.004129024222
0.575999975204	0.001899776165
0.577600002289	0.002542512259
0.579199969769	0.002083872212
0.580799996853	0.002525248099
0.582399964333	0.002661776263
0.583999991417	0.000477136084
0.585599958897	0.003423152259
0.587199985981	0.002606928116
0.588800013065	0.001477936166
0.590399980545	0.002350112190
0.592000007629	0.001731968136
0.593599975109	0.004025312141
0.595200002193	0.002217040164
0.596799969673	0.003216016339
0.598399996758	0.000555040024
0.599999964237	0.002042608103
0.601599991322	0.002329552080
0.603199958801	0.003212256357
0.604799985886	0.001567888074
0.606400012970	0.002368688118
0.607999980450	0.002063504187
0.609600007534	0.001111952122
0.611199975014	0.003819488222
0.612800002098	0.002665376291
0.614399969578	0.001773632132
0.615999996662	0.001651952160
0.617599964142	0.001307696104
0.619199991226	0.001214032178
0.620799958706	0.002710400149
0.622399985790	0.002385152271
0.624000012875	0.002625488210
0.625599980354	0.001717216219
0.627200007439	0.002716112183
0.628799974918	0.002685888205
0.630400002003	0.004220064264
0.631999969482	0.001438448089
0.633599996567	0.001841808087
0.635199964046	-0.000818224042
0.636799991131	0.001629504142
0.638399958611	0.004824976437
0.639999985695	0.002571344143
0.641600012779	0.002151152119
0.643199980259	0.000100576035
0.644800007343	0.003851136426
0.646399974823	0.003456496401
0.648000001907	0.001867040177
0.649599969387	0.003283904400
0.651199996471	0.001741712214
0.652799963951	0.003751648357
0.654399991035	0.001497664140
0.655999958515	0.003321728203
0.657599985600	-0.000294463971
0.659200012684	0.003174560377
0.660799980164	0.001571952133
0.662400007248	0.001857904135
0.663999974728	0.001063120086
0.665600001812	0.001896512229
0.667199969292	0.004626288544
0.668799996376	0.001385328127
0.670399963856	0.000612384058
0.671999990940	0.000365311978
0.673599958420	0.002892912365
0.675199985504	0.003240384161
0.676800012589	0.001829424175
0.678399980068	0.002734048292
0.680000007153	-0.001393088023
0.681599974632	0.002107536187
0.683200001717	0.001291424152
0.684799969196	0.003348640166
0.686399996281	-0.001009040046
0.687999963760	-0.001093504019
0.689599990845	0.002237296198
0.691199958324	0.000797168061
0.692799985409	0.002443360165
0.694399952888	0.001772560063
0.695999979973	-0.000019872021
0.697600007057	0.001703920076
0.699199974537	0.001527776127
0.700800001621	0.002813712228
0.702399969101	0.001019744086
0.703999996185	0.001518736128
0.705599963665	0.000812272076
0.707199990749	0.000870512100
0.708799958229	0.002996512223
0.710399985313	0.001858256175
0.711999952793	0.001126960153
0.713599979877	0.000821008056
0.715200006962	0.000886912050
0.716799974442	0.000833280094
0.718400001526	0.002115168143
0.719999969006	0.001929984195
0.721599996090	0.000473663997
0.723199963570	0.001019360148
0.724799990654	-0.001011520158
0.726399958134	0.001721232082
0.727999985218	-0.000104416024
0.729599952698	0.002625216264
0.731199979782	0.002190336119
0.732800006866	0.000053455999
0.734399974346	0.001017440110
0.736000001431	0.002226960147
0.737599968910	0.001527856104
0.739199995995	0.001499488135
0.740799963474	-0.000078800040
0.742399990559	-0.000051519994
0.743999958038	0.001566160121
0.745599985123	0.001231024158
0.747199952602	0.000628304027
0.748799979687	0.001716240076
0.750400006771	0.003443920286
0.751999974251	0.001816384145
0.753600001335	0.000774352113
0.755199968815	0.001380960108
0.756799995899	0.002391616348
0.758399963379	0.001780944178
0.759999990463	0.000354160031
0.761599957943	-0.000499952002
0.763199985027	0.000183919954
0.764799952507	0.001495824195
0.766399979591	0.001938928152
0.768000006676	-0.000368288049
0.769599974155	0.000868320058
0.771200001240	-0.000847568037
0.772799968719	0.002212352119
0.774399995804	0.000807456032
0.775999963284	0.002103360137
0.777599990368	0.002034448087
0.779199957848	-0.001008560066
0.780799984932	0.000006431970
0.782399952412	0.001276192139
0.783999979496	0.001351792132
0.785600006580	0.000134160000
0.787199974060	-0.002250080230
0.788800001144	0.000794720079
0.790399968624	0.001149791991
0.791999995708	0.002842496382
0.793599963188	-0.000129712003
0.795199990273	0.000014288058
0.796799957752	0.000301008025
0.798399984837	0.001087728073
0.799999952316	0.002814256353
0.801599979401	0.000500399969
0.803200006485	-0.001269456116
0.804799973965	0.000350000046
0.806400001049	0.000804432028
0.807999968529	0.000948816072
0.809599995613	-0.000664080086
0.811199963093	0.001682336209
0.812799990177	0.002142800251
0.814399957657	0.001616512192
0.815999984741	-0.001303424127
0.817599952221	-0.000726208091
0.819199979305	0.000396767980
0.820800006390	0.000589456060
0.822399973869	-0.000606976100
0.824000000954	-0.000905424124
0.825599968433	0.002079600235
0.827199995518	-0.000309472001
0.828799962997	0.000678080018
0.830399990082	-0.000185392011
0.831999957561	0.001108368160
0.833599984646	0.002625120105
0.835199952126	-0.000150192005
0.836799979210	0.002441152232
0.838400006294	0.000120863988
0.839999973774	0.000999376061
0.841600000858	-0.001679152134
0.843199968338	0.000134160044
0.844799995422	0.000504928059
0.846399962902	0.001761776162
0.847999989986	0.001573360176
0.849599957466	0.000698896067
0.851199984550	0.002040256048
0.852799952030	0.000025023995
0.854399979115	0.000810416066
0.856000006199	0.000499952061
0.857599973679	-0.001093328116
0.859200000763	0.001592992106
0.860799968243	-0.000348832051
0.862399995327	0.001835440169
0.863999962807	-0.000045936042
0.865599989891	0.001483824104
0.867199957371	0.000698576041
0.868799984455	-0.000971568050
0.870399951935	0.000779168040
0.871999979019	0.001564992010
0.873600006104	0.003024848178
0.875199973583	-0.000400736026
0.876800000668	0.000120927965
0.878399968147	-0.001386256074
0.879999995232	0.000911904091
0.881599962711	-0.000828736112
0.883199989796	0.000118783981
0.884799957275	0.000113648042
0.886399984360	-0.001903008204
0.887999951839	-0.000220224028
0.889599978924	0.001823088154
0.891200006008	-0.001166592119
0.892799973488	-0.000085696003
0.894400000572	-0.002050512237
0.895999968052	0.001257488155
0.897599995136	0.000909776078
0.899199962616	0.000075760021
0.900799989700	-0.000975136121
0.902399957180	0.000877808081
0.903999984264	-0.001268016058
0.905599951744	-0.000517040084
0.907199978828	0.001176240039
0.908800005913	0.000863248075
0.910399973392	0.000220080037
0.912000000477	-0.000927552115
0.913599967957	-0.001190672047
0.915199995041	-0.001148896175
0.916799962521	0.000416400027
0.918399989605	0.000923536078
0.919999957085	-0.001216608100
0.921599984169	0.001047183992
0.923199951649	-0.000215216016
0.924799978733	0.000972192036
0.926400005817	-0.000540784036
0.927999973297	0.001797856181
0.929600000381	0.001715888153
0.931199967861	-0.000260816014
0.932799994946	-0.002105792286
0.934399962425	-0.001380320173
0.935999989510	0.000583456072
0.937599956989	-0.000358927995
0.939199984074	0.000976736075
0.940799951553	0.000283439993
0.942399978638	-0.000177616050
0.944000005722	0.001612192136
0.945599973202	-0.001202144078
0.947200000286	0.001509872149
0.948799967766	-0.000100112025
0.950399994850	-0.001092000050
0.951999962330	0.000355040014
0.953599989414	-0.000697104086
0.955199956894	-0.000683072023
0.956799983978	0.001316816080
0.958399951458	-0.000751760090
0.959999978542	-0.000948688074
0.961599946022	-0.000772464089
0.963199973106	0.000811328122
0.964800000191	-0.000151520100
0.966399967670	-0.001357344096
0.967999994755	-0.000683696126
0.969599962234	0.000153200031
0.971199989319	0.000761168078
0.972799956799	0.000896752055
0.974399983883	-0.000109184053
0.975999951363	-0.001159920124
0.977599978447	0.001863616169
0.979199945927	-0.001626160112
0.980799973011	-0.001680416171
0.982400000095	0.001219760044
0.983999967575	-0.003017312149
0.985599994659	-0.000592464115
0.987199962139	-0.000352768053
0.988799989223	-0.001876496128
0.990399956703	-0.000800064066
0.991999983788	0.002088944195
0.993599951267	-0.000138895979
0.995199978352	-0.001535488176
0.996799945831	-0.001704384107
0.998399972916	-0.001290864078
1.000000000000	-0.000085936023
1.001600027084	-0.001916656154
1.003199934959	-0.001098400098
1.004799962044	-0.000080735997
1.006399989128	0.001024208032
1.008000016212	0.000514224055
1.009599924088	-0.001025632024
1.011199951172	0.000370960013
1.012799978256	-0.000583279994
1.014400005341	-0.003493920201
1.016000032425	0.001653456129
1.017599940300	0.000071856019
1.019199967384	-0.002164320089
1.020799994469	-0.000964928069
1.022400021553	-0.000410736044
1.023999929428	-0.001494464115
1.025599956512	0.001105328090
1.027199983597	0.000656048069
1.028800010681	0.000547840027
1.030399918556	-0.002374368254
1.031999945641	-0.000110016023
1.033599972725	0.001174544101
1.035199999809	-0.001699680113
1.036800026894	-0.000837680127
1.038399934769	-0.001279248158
1.039999961853	-0.000377952005
1.041599988937	-0.000646544097
1.043200016022	-0.000508928089
1.044799923897	0.001448448165
1.046399950981	-0.000846688054
1.047999978065	-0.000789679994
1.049600005150	-0.000969888119
1.051200032234	0.000131935987
1.052799940109	-0.000189264058
1.054399967194	-0.001937184134
1.055999994278	-0.000299664011
1.057600021362	-0.002421856159
1.059199929237	0.000256175961
1.060799956322	-0.001502224128
1.062399983406	0.000073599971
1.064000010490	-0.001498032128
1.065599918365	-0.000024352041
1.067199945450	-0.000385072053
1.068799972534	-0.002000912093
1.070399999619	0.000536720094
1.072000026703	-0.000441760028
1.073599934578	0.000238640001
1.075199961662	-0.002867024392
1.076799988747	-0.000773040112
1.078400015831	0.000732752087
1.079999923706	0.000927104091
1.081599950790	-0.000056703997
1.083199977875	-0.000925696047
1.084800004959	-0.000272160018
1.086400032043	-0.001926304190
1.087999939919	-0.000569168071
1.089599967003	-0.000559312059
1.091199994087	-0.001420576125
1.092800021172	-0.000013008014
1.094399929047	-0.001514256117
1.095999956131	-0.001589344116
1.097599983215	0.000109616027
1.099200010300	-0.000071391994
1.100799918175	-0.000148255989
1.102399945259	0.000143456055
1.103999972343	0.000469888008
1.105599999428	0.000231280079
1.107200026512	-0.002212992171
1.108799934387	-0.001077648136
1.110399961472	-0.002404912142
1.111999988556	-0.001909936196
1.113600015640	-0.000691840076
1.115199923515	-0.000973360089
1.116799950600	0.000264256028
1.118399977684	-0.001766112167
1.120000004768	-0.002166496124
1.121599912643	-0.001440384192
1.123199939728	0.000153952031
1.124799966812	-0.000773472129
1.126399993896	-0.002997712232
1.128000020981	-0.001933552092
1.129599928856	0.000347056019
1.131199955940	0.000336992030
1.132799983025	-0.002769120270
1.134400010109	-0.001792464172
1.135999917984	-0.001373024192
1.137599945068	-0.000194143984
1.139199972153	0.000743520039
1.140799999237	-0.002407744061
1.142400026321	0.000184127974
1.143999934196	-0.002083104337
1.145599961281	-0.000056176028
1.147199988365	-0.000665424042
1.148800015450	-0.002185216174
1.150399923325	-0.002108688233
1.151999950409	-0.002009744290
1.153599977493	-0.000638480065
1.155200004578	0.000411824032
1.156799912453	-0.001885504113
1.158399939537	-0.002138608135
1.159999966621	-0.001574224094
1.161599993706	-0.000702112040
1.163200020790	0.000399536046
1.164799928665	-0.001748784212
1.166399955750	-0.003403776325
1.167999982834	-0.002595824189
1.169600009918	-0.000445360085
1.171199917793	-0.001580512151
1.172799944878	-0.000579856045
1.174399971962	-0.001927440171
1.175999999046	-0.000918000122
1.177600026131	0.000444896024
1.179199934006	-0.001944480115
1.180799961090	-0.000800960057
1.182399988174	-0.001445472124
1.184000015259	-0.003207328264
1.185599923134	-0.002321120119
1.187199950218	-0.001523248153
1.188799977303	-0.000753584085
1.190400004387	-0.001125168055
1.191999912262	-0.001163872075
1.193599939346	-0.001604864025
1.195199966431	-0.002202128293
1.196799993515	0.000076447985
1.198400020599	-0.001904256176
1.199999928474	-0.000543216069
1.201599955559	-0.003773200326
1.203199982643	-0.000926480046
1.204800009727	-0.001634640153
1.206399917603	0.000318064005
1.207999944687	-0.001806992106
1.209599971771	-0.003295600414
1.211199998856	-0.001372944098
1.212800025940	-0.002146912273
1.214399933815	0.000116559997
1.215999960899	-0.002749424195
1.217599987984	0.000168288010
1.219200015068	-0.000953568087
1.220799922943	0.000496880035
1.222399950027	0.000390480040
1.223999977112	-0.001292768051
1.225600004196	-0.000464320037
1.227199912071	-0.001783456071
1.228799939156	-0.001961072208
1.230399966240	-0.001415712177
1.231999993324	-0.002113600262
1.233600020409	-0.000133391979
1.235199928284	-0.001600144082
1.236799955368	-0.000709712098
1.238399982452	-0.002935744356
1.240000009537	-0.001041456126
1.241599917412	-0.001242224127
1.243199944496	-0.001858240110
1.244799971581	-0.001027248101
1.246399998665	-0.001704768045
1.248000025749	-0.001418304164
1.249599933624	-0.001483840169
1.251199960709	-0.000717680086
1.252799987793	-0.000595936086
1.254400014877	-0.003132928163
1.255999922752	-0.001925504184
1.257599949837	-0.001021936070
1.259199976921	-0.000697408104
1.260800004005	-0.000892448123
1.262399911880	-0.001332848100
1.263999938965	-0.001913760090
1.265599966049	-0.000622192048
1.267199993134	-0.001763952198
1.268800020218	0.000249824021
1.270399928093	-0.002391824266
1.271999955177	-0.000379568024
1.273599982262	-0.002374704229
1.275200009346	-0.001248816145
1.276799917221	-0.002071840223
1.278399944305	0.002513872227
1.279999971390	-0.003882784396
1.281599998474	-0.001759072184
1.283200025558	-0.001874224166
1.284799933434	-0.000197344038
1.286399960518	0.000052960007
1.287999987602	-0.003390256315
1.289600014687	-0.001132560079
1.291199922562	-0.003868800355
1.292799949646	-0.001423392096
1.294399976730	-0.001377248089
1.296000003815	-0.000020256006
1.297599911690	-0.002427376108
1.299199938774	-0.001594240079
1.300799965858	-0.002236768138
1.302399992943	-0.001715712133
1.304000020027	-0.000646432047
1.305599927902	-0.000490032078
1.307199954987	-0.000428912026
1.308799982071	-0.003019360360
1.310400009155	-0.002479120158
1.311999917030	-0.000797584071
1.313599944115	-0.003975808155
1.315199971199	-0.001114144106
1.316799998283	-0.004101536237
1.318400025368	-0.000067120076
1.319999933243	-0.000972448033
1.321599960327	-0.001112304046
1.323199987411	-0.003338976298
1.324800014496	-0.001212112140
1.326399922371	-0.002881104359
1.327999949455	-0.001942176255
1.329599976540	0.000404256047
1.331200003624	-0.003507472342
1.332799911499	-0.000823792070
1.334399938583	-0.002131072106
1.335999965668	-0.002407344291
1.337599992752	-0.003479584353
1.339200019836	-0.002834576182
1.340799927711	-0.001769456198
1.342399954796	-0.000188864040
1.343999981880	-0.000842144073
1.345600008965	0.000164928031
1.347199916840	-0.002432560315
1.348799943924	-0.002896608319
1.350399971008	-0.001909520128
1.351999998093	-0.001899168128
1.353600025177	-0.000774848100
1.355199933052	-0.001843280159
1.356799960136	-0.002603168366
1.358399987221	-0.002316720085
1.360000014305	-0.000867392111
1.361599922180	-0.004282064270
1.363199949265	0.000081247985
1.364799976349	-0.002129616216
1.366400003433	-0.001943312120
1.367999911308	-0.002499200171
1.369599938393	-0.002819328103
1.371199965477	-0.001852992224
1.372799992561	-0.001469264156
1.374400019646	-0.001541056205
1.375999927521	-0.004206240177
1.377599954605	-0.000814608124
1.379199981689	0.000007120019
1.380800008774	-0.002507536206
1.382399916649	-0.001906704158
1.383999943733	-0.001530448091
1.385599970818	-0.000558272121
1.387199997902	-0.001749328105
1.388799905777	-0.001134992111
1.390399932861	-0.003068304388
1.391999959946	-0.003311744193
1.393599987030	-0.000133327965
1.395200014114	-0.003705024254
1.396799921989	-0.001912848209
1.398399949074	-0.000278159976
1.399999976158	-0.001812640112
1.401600003242	-0.003582176287
1.403199911118	-0.002302880166
1.404799938202	-0.002233136212
1.406399965286	-0.000807264121
1.407999992371	-0.001680720132
1.409600019455	-0.002617312130
1.411199927330	-0.002087312285
1.412799954414	-0.000068816029
1.414399981499	-0.000780256058
1.416000008583	-0.001441376051
1.417599916458	-0.002489424311
1.419199943542	-0.003180400236
1.420799970627	-0.001972464146
1.422399997711	-0.001954592066
1.423999905586	-0.001496240147
1.425599932671	-0.001586768078
1.427199959755	-0.002665216336
1.428799986839	-0.002791440347
1.430400013924	-0.001257440075
1.431999921799	-0.002878016327
1.433599948883	-0.001466048067
1.435199975967	-0.004026720300
1.436800003052	-0.003414272331
1.438399910927	-0.002840912202
1.439999938011	-0.000030576022
1.441599965096	-0.004612784367
1.443199992180	-0.002959680278
1.444800019264	-0.002983392216
1.446399927139	-0.001669232151
1.447999954224	-0.001643152209
1.449599981308	-0.003333792323
1.451200008392	-0.000911552110
1.452799916267	-0.003741488326
1.454399943352	-0.000912096002
1.455999970436	-0.003556560259
1.457599997520	-0.003974512219
1.459199905396	-0.002198032103
1.460799932480	-0.002719952259
1.462399959564	-0.002940368140
1.463999986649	-0.003349408275
1.465600013733	-0.002741664182
1.467199921608	-0.000576560094
1.468799948692	-0.000990480068
1.470399975777	-0.001771360054
1.472000002861	-0.003424544353
1.473599910736	-0.001549648121
1.475199937820	-0.000898128084
1.476799964905	-0.001868352178
1.478399991989	-0.004714656621
1.480000019073	-0.002975600306
1.481599926949	-0.003626608290
1.483199954033	-0.003497264348
1.484799981117	-0.001197344158
1.486400008202	-0.002953104209
1.487999916077	-0.002269680146
1.489599943161	-0.002215296263
1.491199970245	-0.004691136535
1.492799997330	-0.002388928086
1.494399905205	-0.002859472297
1.495999932289	-0.000408112013
1.497599959373	-0.003615136258
1.499199986458	-0.002173888264
1.500800013542	-0.002691920148
1.502399921417	-0.002187184291
1.503999948502	-0.001753360149
1.505599975586	-0.002786080353
1.507200002670	-0.003153392114
1.508799910545	-0.001519296085
1.510399937630	-0.001500832150
1.511999964714	-0.004175248090
1.513599991798	-0.003506112378
1.515200018883	-0.001663376112
1.516799926758	-0.003155392362
1.518399953842	-0.001016672119
1.519999980927	-0.002559040207
1.521600008011	-0.003435520222
1.523199915886	-0.001723264228
1.524799942970	-0.002972496208
1.526399970055	-0.000838512089
1.527999997139	-0.002784640295
1.529599905014	-0.002719408134
1.531199932098	-0.001376608154
1.532799959183	-0.002293376019
1.534399986267	-0.001715824124
1.536000013351	-0.001276368159
1.537599921227	-0.003661024384
1.539199948311	-0.002648256253
1.540799975395	-0.003307152307
1.542400002480	-0.001114560058
1.543999910355	-0.002096480224
1.545599937439	-0.001186720096
1.547199964523	-0.002281360095
1.548799991608	-0.001102224109
1.550400018692	-0.001265504165
1.551999926567	-0.002552944236
1.553599953651	-0.000461712043
1.555199980736	-0.002316272119
1.556800007820	-0.002196528250
1.558399915695	-0.003247376299
1.559999942780	-0.003166688373
1.561599969864	-0.004984224681
1.563199996948	-0.002893584315
1.564799904823	-0.001965728123
1.566399931908	-0.003161472268
1.567999958992	-0.003751760349
1.569599986076	-0.003486048197
1.571200013161	-0.003957856447
1.572799921036	0.000192111984
1.574399948120	-0.002265856136
1.575999975204	-0.004675568547
1.577600002289	-0.000855808030
1.579199910164	-0.003247600282
1.580799937248	-0.001291120076
1.582399964333	-0.002710864181
1.583999991417	-0.003293104237
1.585600018501	-0.001019472140
1.587199926376	-0.000954384159
1.588799953461	-0.000965376035
1.590399980545	-0.002283952199
1.592000007629	-0.002949696267
1.593599915504	-0.002343248110
1.595199942589	-0.003061280353
1.596799969673	-0.001350832172
1.598399996758	-0.001771792187
1.599999904633	-0.002797280205
1.601599931717	-0.004061840475
1.603199958801	-0.002886912320
1.604799985886	-0.004497792572
1.606400012970	-0.001967504155
1.607999920845	-0.002042048145
1.609599947929	-0.003562416183
1.611199975014	-0.003060768126
1.612800002098	-0.002146544168
1.614399909973	-0.000915440032
1.615999937057	-0.001229824149
1.617599964142	-0.003462848254
1.619199991226	-0.002441296121
1.620800018311	-0.002529648133
1.622399926186	-0.003191712312
1.623999953270	-0.002506240271
1.625599980354	-0.004194672219
1.627200007439	-0.002373552183
1.628799915314	-0.002808656311
1.630399942398	-0.002172992099
1.631999969482	-0.001604368095
1.633599996567	-0.004367312416
1.635199904442	-0.001305984100
1.636799931526	-0.003724336391
1.638399958611	-0.002905056113
1.639999985695	-0.003344624303
1.641600012779	-0.002289744094
1.643199920654	-0.003754736390
1.644799947739	-0.000616368023
1.646399974823	-0.003749328200
1.648000001907	-0.002905648202
1.649599909782	-0.002768176142
1.651199936867	-0.003629760351
1.652799963951	-0.001761232154
1.654399991035	-0.002824960276
1.655999898911	-0.001264720107
1.657599925995	-0.003079248359
1.659199953079	-0.003076192224
1.660799980164	-0.004185344558
1.662400007248	-0.004140000325
1.663999915123	-0.002226128243
1.665599942207	-0.001705200179
1.667199969292	-0.003146144329
1.668799996376	-0.003119120141
1.670399904251	0.000415840070
1.671999931335	-0.000937200093
1.673599958420	-0.002349440241
1.675199985504	-0.004008560441
1.676800012589	-0.002433216199
1.678399920464	-0.000640544051
1.679999947548	-0.002401360311
1.681599974632	-0.003905136371
1.683200001717	-0.003582528327
1.684799909592	-0.001006512088
1.686399936676	-0.001786080189
1.687999963760	-0.003570896341
1.689599990845	-0.004420672543
1.691199898720	-0.004412080161
1.692799925804	-0.002172000241
1.694399952888	-0.003562032245
1.695999979973	-0.003855344374
1.697600007057	-0.002267056145
1.699199914932	-0.002927616239
1.700799942017	-0.003834208241
1.702399969101	-0.003169568256
1.703999996185	-0.001747584203
1.705599904060	-0.002317456296
1.707199931145	-0.003570848377
1.708799958229	-0.002140720142
1.710399985313	-0.002758240094
1.712000012398	-0.004180576187
1.713599920273	-0.001417296124
1.715199947357	-0.002618192229
1.716799974442	-0.001982240239
1.718400001526	-0.005026000552
1.719999909401	-0.001347744139
1.721599936485	-0.001668960205
1.723199963570	-0.002911072224
1.724799990654	-0.002327536233
1.726399898529	-0.002049840055
1.727999925613	-0.001385616139
1.729599952698	-0.002055024263
1.731199979782	-0.002625056310
1.732800006866	-0.003223808249
1.734399914742	-0.002360432176
1.735999941826	-0.004026144277
1.737599968910	-0.003173856298
1.739199995995	-0.002075328259
1.740799903870	-0.003719280241
1.742399930954	-0.002059248276
1.743999958038	-0.002806320321
1.745599985123	-0.001943264157
1.747200012207	-0.003296048380
1.748799920082	-0.004982448649
1.750399947166	-0.001836368116
1.751999974251	-0.004963312298
1.753600001335	-0.002508128295
1.755199909210	-0.003611648222
1.756799936295	-0.004208528437
1.758399963379	-0.004276560154
1.759999990463	-0.003394080326
1.761599898338	-0.001938512200
1.763199925423	-0.002912976313
1.764799952507	-0.003114176216
1.766399979591	-0.004200912546
1.768000006676	-0.002547296230
1.769599914551	-0.004107744433
1.771199941635	-0.002927488182
1.772799968719	-0.003993056249
1.774399995804	-0.002028672257
1.775999903679	-0.002124736318
1.777599930763	-0.004095776472
1.779199957848	-0.001528576133
1.780799984932	-0.001443056157
1.782400012016	-0.004249840509
1.783999919891	-0.003222544212
1.785599946976	-0.002419312252
1.787199974060	-0.001299888128
1.788800001144	-0.001862368197
1.790399909019	-0.003330768319
1.791999936104	-0.002538768109
1.793599963188	-0.002732672263
1.795199990273	-0.002121056197
1.796799898148	-0.001936640125
1.798399925232	-0.003161840374
1.799999952316	-0.002271600300
1.801599979401	-0.001542528160
1.803200006485	-0.003424144350
1.804799914360	-0.003942544572
1.806399941444	-0.000498544076
1.807999968529	-0.002770912135
1.809599995613	-0.001239856123
1.811199903488	-0.003983216360
1.812799930573	-0.004122864455
1.814399957657	-0.002273328137
1.815999984741	-0.004327984527
1.817600011826	-0.002662864281
1.819199919701	-0.002191456035
1.820799946785	-0.003327152226
1.822399973869	-0.004028464202
1.824000000954	-0.001997696236
1.825599908829	-0.002627408365
1.827199935913	-0.002819600282
1.828799962997	-0.003272896167
1.830399990082	-0.004096000455
1.831999897957	-0.003509600414
1.833599925041	-0.002349760151
1.835199952126	-0.002343744272
1.836799979210	-0.003787792288
1.838400006294	-0.004437984433
1.839999914169	-0.001772064134
1.841599941254	-0.005293488503
1.843199968338	-0.002254800173
1.844799995422	-0.002925808309
1.846399903297	-0.002645856235
1.847999930382	-0.004878816195
1.849599957466	-0.001367600169
1.851199984550	-0.001336240093
1.852800011635	-0.002845232142
1.854399919510	-0.002134816255
1.855999946594	-0.004446000326
1.857599973679	-0.004071504343
1.859200000763	-0.003082960146
1.860799908638	-0.003172832308
1.862399935722	-0.002983488142
1.863999962807	-0.002031520242
1.865599989891	-0.001404400100
1.867199897766	-0.002256960142
1.868799924850	-0.002972608199
1.870399951935	-0.002608816372
1.871999979019	-0.003160640365
1.873600006104	-0.001160144107
1.875199913979	-0.002307104180
1.876799941063	-0.004638432525
1.878399968147	-0.002643152140
1.879999995232	-0.001817424200
1.881599903107	-0.003319008276
1.883199930191	-0.004674048163
1.884799957275	-0.003358192276
1.886399984360	-0.004157312214
1.888000011444	-0.002285792259
1.889599919319	-0.004246112425
1.891199946404	-0.002875664271
1.892799973488	-0.002777616261
1.894400000572	-0.002751104301
1.895999908447	-0.001740944106
1.897599935532	-0.002720368095
1.899199962616	-0.000421088043
1.900799989700	-0.002928272355
1.902399897575	-0.003140112385
1.903999924660	-0.002506144112
1.905599951744	-0.001966208220
1.907199978828	-0.005343440454
1.908800005913	-0.003343056189
1.910399913788	-0.003297248157
1.911999940872	-0.003952048253
1.913599967957	-0.004010368139
1.915199995041	-0.004533104599
1.916799902916	-0.002045712201
1.918399930000	-0.004110784270
1.919999957085	-0.003980576526
1.921599984169	-0.002554384293
1.923199892044	-0.003890752327
1.924799919128	-0.001974048093
1.926399946213	-0.004517472349
1.927999973297	-0.003139664186
1.929600000381	-0.003318096278
1.931199908257	-0.003394736210
1.932799935341	-0.004158768337
1.934399962425	-0.001680672169
1.935999989510	-0.003073456232
1.937599897385	-0.004296144471
1.939199924469	-0.001011808054
1.940799951553	-0.002055280143
1.942399978638	-0.004197680391
1.944000005722	-0.004402288236
1.945599913597	-0.004389408510
1.947199940681	-0.003126656171
1.948799967766	-0.004542832263
1.950399994850	-0.002278256230
1.951999902725	-0.003419840243
1.953599929810	-0.002405840205
1.955199956894	-0.002190960106
1.956799983978	-0.002091824077
1.958399891853	-0.003299984382
1.959999918938	-0.005555024371
1.961599946022	-0.003623104189
1.963199973106	-0.004667696543
1.964800000191	-0.002434160328
1.966399908066	-0.002828256227
1.967999935150	-0.002170960186
1.969599962234	-0.002984192222
1.971199989319	-0.002617952181
1.972799897194	-0.004189072177
1.974399924278	-0.003827120410
1.975999951363	-0.003344784258
1.977599978447	-0.002557760337
1.979200005531	-0.002684656065
1.980799913406	-0.001918288064
1.982399940491	-0.003956928384
1.983999967575	-0.002185680205
1.985599994659	-0.003359360155
1.987199902534	-0.002745632315
1.988799929619	-0.001821312122
1.990399956703	-0.005226224661
1.991999983788	-0.002452448243
1.993599891663	-0.004586560186
1.995199918747	-0.000846896088
1.996799945831	-0.002797056222
1.998399972916	-0.002669280162
2.000000000000	-0.002828256227
2.001600027084	-0.003614160232
2.003200054169	-0.003385376185
2.004799842834	-0.004751184490
2.006399869919	-0.003570496337
2.007999897003	-0.005305040628
2.009599924088	-0.003085248172
2.011199951172	-0.003299408359
2.012799978256	-0.002363376319
2.014400005341	-0.001700800145
2.016000032425	-0.002766496269
2.017600059509	-0.006113744341
2.019199848175	-0.003044304205
2.020799875259	-0.001335200155
2.022399902344	-0.003702416318
2.023999929428	-0.004195136484
2.025599956512	-0.002397104166
2.027199983597	-0.003342544427
2.028800010681	-0.001420592074
2.030400037766	-0.002708944259
2.032000064850	-0.003738016356
2.033599853516	-0.004507600330
2.035199880600	-0.002756304108
2.036799907684	-0.002695136238
2.038399934769	-0.003444272326
2.039999961853	-0.002772032283
2.041599988937	-0.002415808151
2.043200016022	-0.003483184380
2.044800043106	-0.002276592189
2.046399831772	-0.002918864135
2.047999858856	-0.001872672117
2.049599885941	-0.002392448252
2.051199913025	-0.003027248196
2.052799940109	-0.002218912123
2.054399967194	-0.001499424106
2.055999994278	-0.003194944235
2.057600021362	-0.003907648381
2.059200048447	-0.002326400019
2.060799837112	-0.002195456298
2.062399864197	-0.003794400254
2.063999891281	-0.002139952034
2.065599918365	-0.001765952213
2.067199945450	-0.002667600289
2.068799972534	-0.005276224576
2.070399999619	-0.003378960304
2.072000026703	-0.002721920144
2.073600053787	-0.000991072040
2.075199842453	-0.003505552188
2.076799869537	-0.005051168613
2.078399896622	-0.001135104103
2.079999923706	-0.002116640098
2.081599950790	-0.000758544076
2.083199977875	-0.003260880243
2.084800004959	-0.004334096331
2.086400032043	-0.003875856288
2.088000059128	-0.001423072186
2.089599847794	-0.002804352203
2.091199874878	-0.004537712317
2.092799901962	-0.002159152180
2.094399929047	-0.002582864370
2.095999956131	-0.001090336009
2.097599983215	-0.004113232251
2.099200010300	-0.003521120409
2.100800037384	-0.000211392035
2.102400064468	-0.004432080314
2.103999853134	-0.001523264102
2.105599880219	-0.003426320152
2.107199907303	-0.003132240148
2.108799934387	-0.003456272185
2.110399961472	-0.002440528246
2.111999988556	-0.003532832256
2.113600015640	-0.002453968162
2.115200042725	-0.003447664203
2.116799831390	-0.004555456340
2.118399858475	-0.002621792257
2.119999885559	-0.003772192402
2.121599912643	-0.002397616161
2.123199939728	-0.001547136111
2.124799966812	-0.003919344395
2.126399993896	-0.002589888172
2.128000020981	-0.004795968533
2.129600048065	-0.002981424332
2.131199836731	-0.001808224246
2.132799863815	-0.001889504143
2.134399890900	-0.005855056457
2.135999917984	-0.003481632331
2.137599945068	-0.003562288359
2.139199972153	-0.001846272149
2.140799999237	-0.002513968153
2.142400026321	-0.003701696405
2.144000053406	-0.003511440242
2.145599842072	-0.004595216364
2.147199869156	-0.002769120270
2.148799896240	-0.002645808272
2.150399923325	-0.003622896271
2.151999950409	-0.003662640229
2.153599977493	-0.003133808263
2.155200004578	-0.002743600169
2.156800031662	-0.003127136268
2.158400058746	-0.001985088224
2.159999847412	-0.004008352291
2.161599874496	-0.003710704390
2.163199901581	-0.003013104200
2.164799928665	-0.002393744187
2.166399955750	-0.004684912506
2.167999982834	-0.002688128268
2.169600009918	-0.003096080152
2.171200037003	-0.004649504554
2.172800064087	-0.004224320408
2.174399852753	-0.004583232570
2.175999879837	-0.004078544211
2.177599906921	-0.001861888100
2.179199934006	-0.002970880130
2.180799961090	-0.003181728302
2.182399988174	-0.002744176192
2.184000015259	-0.002547952114
2.185600042343	-0.004163984209
2.187199831009	-0.003115184139
2.188799858093	-0.004216000438
2.190399885178	-0.001454880112
2.191999912262	-0.003910160158
2.193599939346	-0.003986432217
2.195199966431	-0.005557280499
2.196799993515	-0.004166656174
2.198400020599	-0.004418464378
2.200000047684	-0.003844736377
2.201599836349	-0.004816448316
2.203199863434	-0.003350576386
2.204799890518	-0.004793664441
2.206399917603	-0.004729888402
2.207999944687	-0.002136160154
2.209599971771	-0.002904400229
2.211199998856	-0.003951456398
2.212800025940	-0.003513440257
2.214400053024	-0.002792640124
2.215999841690	-0.004271968268
2.217599868774	-0.003279072233
2.219199895859	-0.003532096278
2.220799922943	-0.003553760238
2.222399950027	-0.003473904217
2.223999977112	-0.004070816562
2.225600004196	-0.002092432231
2.227200031281	-0.004538400564
2.228800058365	-0.002628336195
2.230399847031	-0.004345744383
2.231999874115	-0.003554640338
2.233599901199	-0.003541840240
2.235199928284	-0.004918240476
2.236799955368	-0.002029664116
2.238399982452	-0.003542768303
2.240000009537	-0.004407424480
2.241600036621	-0.005145152565
2.243199825287	-0.001096368069
2.244799852371	-0.003874528222
2.246399879456	-0.003963616211
2.247999906540	-0.004684784450
2.249599933624	-0.004109872505
2.251199960709	-0.002820864320
2.252799987793	-0.003552016336
2.254400014877	-0.002622688189
2.256000041962	-0.004193040542
2.257599830627	-0.004996080417
2.259199857712	-0.003326560371
2.260799884796	-0.003144928254
2.262399911880	-0.003388624405
2.263999938965	-0.004299200140
2.265599966049	-0.004146032501
2.267199993134	-0.002933584154
2.268800020218	-0.002615904203
2.270400047302	-0.003581648227
2.271999835968	-0.005634080619
2.273599863052	-0.003812064417
2.275199890137	-0.003770816373
2.276799917221	-0.004096528515
2.278399944305	-0.004112368450
2.279999971390	-0.004019776359
2.281599998474	-0.003264704254
2.283200025558	-0.004621488508
2.284800052643	-0.004182832316
2.286399841309	-0.004457104485
2.287999868393	-0.004010192119
2.289599895477	-0.003268112196
2.291199922562	-0.005553072318
2.292799949646	-0.005450208206
2.294399976730	-0.003334704321
2.296000003815	-0.003665856319
2.297600030899	-0.001858144184
2.299200057983	-0.003408032237
2.300799846649	-0.004617504310
2.302399873734	-0.004824384581
2.303999900818	-0.001314208144
2.305599927902	-0.003354032291
2.307199954987	-0.004710960668
2.308799982071	-0.004337168299
2.310400009155	-0.003539232304
2.312000036240	-0.003805856453
2.313599824905	-0.004070128314
2.315199851990	-0.003868560307
2.316799879074	-0.004432096146
2.318399906158	-0.005321840290
2.319999933243	-0.003599552438
2.321599960327	-0.001816352131
2.323199987411	-0.002733248286
2.324800014496	-0.004931232426
2.326400041580	-0.003690768266
2.327999830246	-0.002561536152
2.329599857330	-0.005151424557
2.331199884415	-0.004222720396
2.332799911499	-0.004707616288
2.334399938583	-0.002956896322
2.335999965668	-0.003614800284
2.337599992752	-0.004247904290
2.339200019836	-0.004272624385
2.340800046921	-0.004716768395
2.342399835587	-0.004097536206
2.343999862671	-0.004461328499
2.345599889755	-0.003723040223
2.347199916840	-0.004538496491
2.348799943924	-0.004162384197
2.350399971008	-0.002981184283
2.351999998093	-0.002375168260
2.353600025177	-0.004622912500
2.355200052261	-0.003753616242
2.356799840927	-0.004616384394
2.358399868011	-0.004436192103
2.359999895096	-0.002265248215
2.361599922180	-0.004993840586
2.363199949265	-0.005014832597
2.364799976349	-0.004484800622
2.366400003433	-0.004120848142
2.368000030518	-0.005113744643
2.369600057602	-0.003516736440
2.371199846268	-0.005049792584
2.372799873352	-0.003964272328
2.374399900436	-0.003666800447
2.375999927521	-0.003548592329
2.377599954605	-0.003876320319
2.379199981689	-0.003921728581
2.380800008774	-0.003027392086
2.382400035858	-0.002714176197
2.383999824524	-0.005472336430
2.385599851608	-0.003740112297
2.387199878693	-0.003400336253
2.388799905777	-0.001626304118
2.390399932861	-0.004758336581
2.391999959946	-0.004477712326
2.393599987030	-0.004179728217
2.395200014114	-0.004224832170
2.396800041199	-0.002800144255
2.398399829865	-0.003243024228
2.399999856949	-0.006129456684
2.401599884033	-0.002470432315
2.403199911118	-0.003659920301
2.404799938202	-0.005312000401
2.406399965286	-0.003886880353
2.407999992371	-0.003156448249
2.409600019455	-0.004008096177
2.411200046539	-0.003117968328
2.412799835205	-0.003968080506
2.414399862289	-0.003985584248
2.415999889374	-0.004421024583
2.417599916458	-0.002369024092
2.419199943542	-0.002133616246
2.420799970627	-0.003232848365
2.422399997711	-0.003164672293
2.424000024796	-0.004351920448
2.425600051880	-0.003236752236
2.427199840546	-0.002781936200
2.428799867630	-0.002639520215
2.430399894714	-0.004221120384
2.431999921799	-0.003836256452
2.433599948883	-0.004396976437
2.435199975967	-0.000562640082
2.436800003052	-0.002500624163
2.438400030136	-0.002825072268
2.440000057220	-0.004016560502
2.441599845886	-0.004264944233
2.443199872971	-0.001994112274
2.444799900055	-0.005336160306
2.446399927139	-0.003968656529
2.447999954224	-0.001556672156
2.449599981308	-0.003980432171
2.451200008392	-0.000506784068
2.452800035477	-0.004223680124
2.454399824142	-0.004837168381
2.455999851227	-0.004638368264
2.457599878311	-0.004009408411
2.459199905396	-0.004073952325
2.460799932480	-0.003411200363
2.462399959564	-0.003362160176
2.463999986649	-0.003707088297
2.465600013733	-0.002602240071
2.467200040817	-0.003150256351
2.468799829483	-0.004172672518
2.470399856567	-0.004432048183
2.471999883652	-0.004568384495
2.473599910736	-0.003241712227
2.475199937820	-0.004599264357
2.476799964905	-0.001554432092
2.478399991989	-0.001850400120
2.480000019073	-0.003284400329
2.481600046158	-0.005377136637
2.483199834824	-0.003629904240
2.484799861908	-0.004323808476
2.486399888992	-0.003750640433
2.487999916077	-0.005015456583
2.489599943161	-0.004358224571
2.491199970245	-0.003628880251
2.492799997330	-0.004169792403
2.494400024414	-0.003248016117
2.496000051498	-0.004370912444
2.497599840164	-0.004725280683
2.499199867249	-0.003628624137
2.500799894333	-0.004485632293
2.502399921417	-0.003257600358
2.503999948502	-0.004519872367
2.505599975586	-0.003243504325
2.507200002670	-0.002942544175
2.508800029755	-0.002696096199
2.510399818420	-0.003922000527
2.511999845505	-0.005392528605
2.513599872589	-0.002287120325
2.515199899673	-0.006044224370
2.516799926758	-0.003351728199
2.518399953842	-0.002317712177
2.519999980927	-0.003292544279
2.521600008011	-0.004182960372
2.523200035095	-0.004300960340
2.524799823761	-0.003995008301
2.526399850845	-0.006308640353
2.527999877930	-0.003346544225
2.529599905014	-0.004106768407
2.531199932098	-0.006170640700
2.532799959183	-0.002798992209
2.534399986267	-0.004208528437
2.536000013351	-0.001585632097
2.537600040436	-0.003057904309
2.539199829102	-0.004974720534
2.540799856186	-0.004534048494
2.542399883270	-0.005765152629
2.543999910355	-0.003697408363
2.545599937439	-0.004162976518
2.547199964523	-0.004126096144
2.548799991608	-0.002979536308
2.550400018692	-0.003036800306
2.552000045776	-0.004270848352
2.553599834442	-0.003526736284
2.555199861526	-0.003539392259
2.556799888611	-0.003918032162
2.558399915695	-0.004737184383
2.559999942780	-0.004038016312
2.561599969864	-0.004614736419
2.563199996948	-0.003778512357
2.564800024033	-0.004515120294
2.566400051117	-0.003622560296
2.567999839783	-0.002862688387
2.569599866867	-0.004261488561
2.571199893951	-0.005734832492
2.572799921036	-0.004204688128
2.574399948120	-0.002401216188
2.575999975204	-0.003971312195
2.577600002289	-0.004860448185
2.579200029373	-0.004747120198
2.580799818039	-0.004568752367
2.582399845123	-0.004082640167
2.583999872208	-0.000824720075
2.585599899292	-0.003062784206
2.587199926376	-0.004619344603
2.588799953461	-0.001621216070
2.590399980545	-0.004982688464
2.592000007629	-0.003910416272
2.593600034714	-0.003797328332
2.595199823380	-0.002236880129
2.596799850464	-0.002306304174
2.598399877548	-0.003987072501
2.599999904633	-0.005058208480
2.601599931717	-0.005101632327
2.603199958801	-0.003640000243
2.604799985886	-0.003155920189
2.606400012970	-0.004187584389
2.608000040054	-0.005619648378
2.609599828720	-0.003033536253
2.611199855804	-0.004413312301
2.612799882889	-0.004371808376
2.614399909973	-0.003747392213
2.615999937057	-0.003324512392
2.617599964142	-0.004550368525
2.619199991226	-0.003902176395
2.620800018311	-0.003278592136
2.622400045395	-0.005249504466
2.623999834061	-0.005502160639
2.625599861145	-0.003825664287
2.627199888229	-0.002998384181
2.628799915314	-0.004044656176
2.630399942398	-0.005366560537
2.631999969482	-0.002589056268
2.633599996567	-0.001916416106
2.635200023651	-0.005193408579
2.636800050735	-0.003626144258
2.638399839401	-0.005010480527
2.639999866486	-0.005061616190
2.641599893570	-0.002210384235
2.643199920654	-0.002900064224
2.644799947739	-0.002335904166
2.646399974823	-0.005433680490
2.648000001907	-0.004409616347
2.649600028992	-0.003467792412
2.651199817657	-0.003781072330
2.652799844742	-0.006138000637
2.654399871826	-0.003681952367
2.655999898911	-0.002462416189
2.657599925995	-0.004664912354
2.659199953079	-0.003728144336
2.660799980164	-0.003160928143
2.662400007248	-0.004617040511
2.664000034332	-0.003912960179
2.665599822998	-0.004894016311
2.667199850082	-0.002536816290
2.668799877167	-0.004564640112
2.670399904251	-0.004163024481
2.671999931335	-0.004037024453
2.673599958420	-0.004419600125
2.675199985504	-0.004789312370
2.676800012589	-0.003385664197
2.678400039673	-0.003481248161
2.679999828339	-0.005863152444
2.681599855423	-0.005073328502
2.683199882507	-0.005467840470
2.684799909592	-0.005862624384
2.686399936676	-0.003331760177
2.687999963760	-0.004199008457
2.689599990845	-0.003822608385
2.691200017929	-0.004457408562
2.692800045013	-0.004665152635
2.694399833679	-0.003301968332
2.695999860764	-0.005139248446
2.697599887848	-0.003038544208
2.699199914932	-0.006500384770
2.700799942017	-0.002019168111
2.702399969101	-0.002892992226
2.703999996185	-0.003115552245
2.705600023270	-0.003617840353
2.707200050354	-0.004391712602
2.708799839020	-0.004976912402
2.710399866104	-0.003479088191
2.711999893188	-0.003255040152
2.713599920273	-0.003091760213
2.715199947357	-0.005709136371
2.716799974442	-0.005013888236
2.718400001526	-0.004636048339
2.720000028610	-0.002826976357
2.721599817276	-0.004945488181
2.723199844360	-0.003465504386
2.724799871445	-0.005974944681
2.726399898529	-0.004220704548
2.727999925613	-0.003803312313
2.729599952698	-0.003957088571
2.731199979782	-0.002582176123
2.732800006866	-0.004886624403
2.734400033951	-0.003938800190
2.735999822617	-0.003616800299
2.737599849701	-0.004496064503
2.739199876785	-0.003455888247
2.740799903870	-0.003890352324
2.742399930954	-0.004264864139
2.743999958038	-0.004713008180
2.745599985123	-0.004500848241
2.747200012207	-0.002748208120
2.748800039291	-0.003427856369
2.750399827957	-0.004768080544
2.751999855042	-0.002952016192
2.753599882126	-0.003341072239
2.755199909210	-0.003941360395
2.756799936295	-0.004215136170
2.758399963379	-0.004659104161
2.759999990463	-0.006122672465
2.761600017548	-0.003988528159
2.763200044632	-0.003209152259
2.764799833298	-0.004929408431
2.766399860382	-0.003933904227
2.767999887466	-0.004865664523
2.769599914551	-0.002691376256
2.771199941635	-0.004428784363
2.772799968719	-0.003749504453
2.774399995804	-0.004445904400
2.776000022888	-0.005624928512
2.777599811554	-0.002831840422
2.779199838638	-0.003876992268
2.780799865723	-0.003328576218
2.782399892807	-0.004835200496
2.783999919891	-0.005224576220
2.785599946976	-0.004158160184
2.787199974060	-0.002959600417
2.788800001144	-0.001365072094
2.790400028229	-0.004396448378
2.791999816895	-0.004261888564
2.793599843979	-0.003609264269
2.795199871063	-0.004383024294
2.796799898148	-0.003447312396
2.798399925232	-0.003482672386
2.799999952316	-0.004002304282
2.801599979401	-0.003438928397
2.803200006485	-0.003770352341
2.804800033569	-0.002667056164
2.806399822235	-0.005610592663
2.807999849319	-0.002119008219
2.809599876404	-0.004413008224
2.811199903488	-0.003805680433
2.812799930573	-0.003312480170
2.814399957657	-0.003366480349
2.815999984741	-0.003205168294
2.817600011826	-0.003338416340
2.819200038910	-0.003128528362
2.820799827576	-0.005944096483
2.822399854660	-0.002811184153
2.823999881744	-0.004480432253
2.825599908829	-0.006777232513
2.827199935913	-0.003448384348
2.828799962997	-0.004139568191
2.830399990082	-0.001999904169
2.832000017166	-0.005250352435
2.833600044250	-0.002363424283
2.835199832916	-0.005667696241
2.836799860001	-0.003025984159
2.838399887085	-0.002495104214
2.839999914169	-0.003063776297
2.841599941254	-0.003668560414
2.843199968338	-0.004429904278
2.844799995422	-0.002421920188
2.846400022507	-0.005037136376
2.847999811172	-0.004352080170
2.849599838257	-0.003261488397
2.851199865341	-0.004044272471
2.852799892426	-0.004832688253
2.854399919510	-0.005026144441
2.855999946594	-0.002572416095
2.857599973679	-0.003643808421
2.859200000763	-0.004509280436
2.860800027847	-0.005524256267
2.862399816513	-0.003908352461
2.863999843597	-0.003487424226
2.865599870682	-0.003387152217
2.867199897766	-0.005061456468
2.868799924850	-0.002705760300
2.870399951935	-0.003893904388
2.871999979019	-0.006354944315
2.873600006104	-0.003363232361
2.875200033188	-0.001151808072
2.876799821854	-0.004225776531
2.878399848938	-0.002967120381
2.879999876022	-0.005515072495
2.881599903107	-0.004147264175
2.883199930191	-0.004899104591
2.884799957275	-0.003507888177
2.886399984360	-0.005177296232
2.888000011444	-0.003641296178
2.889600038528	-0.006080944557
2.891199827194	-0.004880848341
2.892799854279	-0.001717392122
2.894399881363	-0.006298304535
2.895999908447	-0.004859648645
2.897599935532	-0.003570368281
2.899199962616	-0.004780432209
2.900799989700	-0.004325424321
2.902400016785	-0.003185248235
2.904000043869	-0.002931872150
2.905599832535	-0.005141360220
2.907199859619	-0.003780240426
2.908799886703	-0.004879824352
2.910399913788	-0.005234256387
2.911999940872	-0.004235424567
2.913599967957	-0.003409952391
2.915199995041	-0.003779232269
2.916800022125	-0.004528800491
2.918399810791	-0.004746800289
2.919999837875	-0.004571456462
2.921599864960	-0.002207792131
2.923199892044	-0.004740960430
2.924799919128	-0.007664864417
2.926399946213	-0.002890448319
2.927999973297	-0.004586336203
2.929600000381	-0.005710848607
2.931200027466	-0.003683664370
2.932799816132	-0.006011808291
2.934399843216	-0.002690016292
2.935999870300	-0.006364928558
2.937599897385	-0.005232592579
2.939199924469	-0.004066736437
2.940799951553	-0.005612256471
2.942399978638	-0.004716640338
2.944000005722	-0.005003248341
2.945600032806	-0.004869264551
2.947199821472	-0.005096256267
2.948799848557	-0.004732976202
2.950399875641	-0.005391712300
2.951999902725	-0.004780576564
2.953599929810	-0.002253392246
2.955199956894	-0.005130016245
2.956799983978	-0.004599440377
2.958400011063	-0.006236576475
2.960000038147	-0.004912944511
2.961599826813	-0.003325760365
2.963199853897	-0.003520832397
2.964799880981	-0.005506896414
2.966399908066	-0.005648448598
2.967999935150	-0.004826768301
2.969599962234	-0.003517744364
2.971199989319	-0.007392864674
2.972800016403	-0.004782896489
2.974400043488	-0.005654224660
2.975999832153	-0.004860448185
2.977599859238	-0.003716768231
2.979199886322	-0.003871312365
2.980799913406	-0.002241264097
2.982399940491	-0.004923344590
2.983999967575	-0.004710512236
2.985599994659	-0.003413584316
2.987200021744	-0.005188768264
2.988799810410	-0.002612240147
2.990399837494	-0.004241136368
2.991999864578	-0.002977088327
2.993599891663	-0.006196592469
2.995199918747	-0.002927520312
2.996799945831	-0.004854544532
2.998399972916	-0.004162768368
3.000000000000	-0.004459952470
3.001600027084	-0.004374368116
3.003199815750	-0.002968032146
3.004799842834	-0.005075856112
3.006399869919	-0.004430432338
3.007999897003	-0.005700880662
3.009599924088	-0.003390112193
3.011199951172	-0.004728064407
3.012799978256	-0.006085376721
3.014400005341	-0.002960416256
3.016000032425	-0.003974544350
3.017599821091	-0.003343184246
3.019199848175	-0.004009920172
3.020799875259	-0.004014704376
3.022399902344	-0.003492192365
3.023999929428	-0.003333520377
3.025599956512	-0.004980880301
3.027199983597	-0.006789552514
3.028800010681	-0.002263840055
3.030400037766	-0.005548288580
3.031999826431	-0.004465584178
3.033599853516	-0.004814240616
3.035199880600	-0.006574832369
3.036799907684	-0.004897776525
3.038399934769	-0.004308976233
3.039999961853	-0.005044992547
3.041599988937	-0.005370960571
3.043200016022	-0.003465280170
3.044799804687	-0.002548560267
3.046399831772	-0.006279408466
3.047999858856	-0.001950608217
3.049599885941	-0.003912864253
3.051199913025	-0.005719952285
3.052799940109	-0.006264448632
3.054399967194	-0.004074528348
3.055999994278	-0.003244128311
3.057600021362	-0.004688080400
3.059199810028	-0.003580192337
3.060799837112	-0.006752336398
3.062399864197	-0.003204704262
3.063999891281	-0.004077008460
3.065599918365	-0.003338400275
3.067199945450	-0.003210608382
3.068799972534	-0.005458624568
3.070399999619	-0.003443904221
3.072000026703	-0.005074048415
3.073599815369	-0.004693040159
3.075199842453	-0.005605120678
3.076799869537	-0.004485968500
3.078399896622	-0.004076240584
3.079999923706	-0.004866160452
3.081599950790	-0.004608352203
3.083199977875	-0.005181936547
3.084800004959	-0.004659376573
3.086400032043	-0.004384528380
3.087999820709	-0.006502528675
3.089599847794	-0.004122832324
3.091199874878	-0.006700192578
3.092799901962	-0.003743184265
3.094399929047	-0.004814736545
3.095999956131	-0.004220464267
3.097599983215	-0.006363840774
3.099200010300	-0.002881904365
3.100800037384	-0.005493872333
3.102399826050	-0.005053728353
3.103999853134	-0.002919760300
3.105599880219	-0.005685456563
3.107199907303	-0.003493072232
3.108799934387	-0.003012256231
3.110399961472	-0.005244224332
3.111999988556	-0.004330416210
3.113600015640	-0.003974768333
3.115199804306	-0.003863952355
3.116799831390	-0.004342352506
3.118399858475	-0.004078896251
3.119999885559	-0.005295968615
3.121599912643	-0.004493424203
3.123199939728	-0.004365840461
3.124799966812	-0.006267424673
3.126399993896	-0.004383008461
3.128000020981	-0.005612208508
3.129599809647	-0.003292080248
3.131199836731	-0.004969504196
3.132799863815	-0.003884880338
3.134399890900	-0.002779488219
3.135999917984	-0.003588704159
3.137599945068	-0.005021840334
3.139199972153	-0.004256480373
3.140799999237	-0.003649520222
3.142400026321	-0.003087600227
3.143999814987	-0.003670656355
3.145599842072	-0.004181328230
3.147199869156	-0.005225872621
3.148799896240	-0.004037760198
3.150399923325	-0.005770192482
3.151999950409	-0.002981840167
3.153599977493	-0.005749952514
3.155200004578	-0.003983760253
3.156800031662	-0.004989472218
3.158399820328	-0.003470624331
3.159999847412	-0.003512912197
3.161599874496	-0.006106832530
3.163199901581	-0.003790880321
3.164799928665	-0.005658096634
3.166399955750	-0.003765216330
3.167999982834	-0.003698368324
3.169600009918	-0.006886912510
3.171200037003	-0.003512800205
3.172799825668	-0.004368752241
3.174399852753	-0.003866448300
3.175999879837	-0.003932736348
3.177599906921	-0.002998736221
3.179199934006	-0.003654320259
3.180799961090	-0.003979856148
3.182399988174	-0.003823424224
3.184000015259	-0.004081440158
3.185599803925	-0.003599264193
3.187199831009	-0.003377312329
3.188799858093	-0.003239136189
3.190399885178	-0.002797968220
3.191999912262	-0.005386560690
3.193599939346	-0.003637984395
3.195199966431	-0.004369792528
3.196799993515	-0.003428688273
3.198400020599	-0.005697312299
3.199999809265	-0.004918848630
3.201599836349	-0.005290960427
3.203199863434	-0.003849344328
3.204799890518	-0.004878384527
3.206399917603	-0.006370512303
3.207999944687	-0.004549088422
3.209599971771	-0.003206512192
3.211199998856	-0.004426064435
3.212800025940	-0.004335040227
3.214399814606	-0.003276336240
3.215999841690	-0.004101136234
3.217599868774	-0.006416432559
3.219199895859	-0.003105936339
3.220799922943	-0.004564240575
3.222399950027	-0.003704720177
3.223999977112	-0.004941696301
3.225600004196	-0.004558192566
3.227200031281	-0.005838208366
3.228799819946	-0.003963008523
3.230399847031	-0.003768880386
3.231999874115	-0.002693856135
3.233599901199	-0.004589664284
3.235199928284	-0.005564960651
3.236799955368	-0.004279248416
3.238399982452	-0.003066064324
3.240000009537	-0.005217360333
3.241600036621	-0.006111152470
3.243199825287	-0.005367360543
3.244799852371	-0.005955280270
3.246399879456	-0.004520592280
3.247999906540	-0.004062656313
3.249599933624	-0.006209744606
3.251199960709	-0.005285440478
3.252799987793	-0.004928784445
3.254400014877	-0.003407728160
3.255999803543	-0.002172688255
3.257599830627	-0.004500288516
3.259199857712	-0.005482896697
3.260799884796	-0.004534160253
3.262399911880	-0.002273632213
3.263999938965	-0.003906224389
3.265599966049	-0.004820752423
3.267199993134	-0.005183664616
3.268800020218	-0.005256800447
3.270399808884	-0.003617888317
3.271999835968	-0.002936160192
3.273599863052	-0.004365024157
3.275199890137	-0.004727552179
3.276799917221	-0.005385312252
3.278399944305	-0.003933616448
3.279999971390	-0.005696832202
3.281599998474	-0.005338112358
3.283200025558	-0.002786448225
3.284799814224	-0.004903936293
3.286399841309	-0.007163440809
3.287999868393	-0.005520976614
3.289599895477	-0.004804272670
3.291199922562	-0.004150432535
3.292799949646	-0.004042640328
3.294399976730	-0.004608976189
3.296000003815	-0.005196016282
3.297600030899	-0.004863312468
3.299199819565	-0.004461712204
3.300799846649	-0.005919632502
3.302399873734	-0.003385696327
3.303999900818	-0.003938272130
3.305599927902	-0.007279344834
3.307199954987	-0.001947504119
3.308799982071	-0.005253120326
3.310400009155	-0.005969760474
3.311999797821	-0.006389744580
3.313599824905	-0.003466384253
3.315199851990	-0.004306208342
3.316799879074	-0.005869328510
3.318399906158	-0.003879456315
3.319999933243	-0.004283520393
3.321599960327	-0.004508832470
3.323199987411	-0.006087904330
3.324800014496	-0.004910048563
3.326399803162	-0.002700048266
3.327999830246	-0.005427680444
3.329599857330	-0.003548608394
3.331199884415	-0.006005296484
3.332799911499	-0.001901184092
3.334399938583	-0.007096224464
3.335999965668	-0.005185088608
3.337599992752	-0.005995264743
3.339200019836	-0.005059568211
3.340799808502	-0.004428704269
3.342399835587	-0.002696064301
3.343999862671	-0.005132800434
3.345599889755	-0.005863888655
3.347199916840	-0.004304608330
3.348799943924	-0.003327504266
3.350399971008	-0.005034272559
3.351999998093	-0.005181120243
3.353600025177	-0.005526480265
3.355199813843	-0.003379984293
3.356799840927	-0.004134176299
3.358399868011	-0.004633184522
3.359999895096	-0.004237840418
3.361599922180	-0.005430096295
3.363199949265	-0.004568784498
3.364799976349	-0.005898768548
3.366400003433	-0.003574688453
3.368000030518	-0.007271920796
3.369599819183	-0.005042912439
3.371199846268	-0.005733680446
3.372799873352	-0.006444528699
3.374399900436	-0.003045600373
3.375999927521	-0.004904624540
3.377599954605	-0.003675376298
3.379199981689	-0.006551824510
3.380800008774	-0.005785088520
3.382399797440	-0.003634224180
3.383999824524	-0.004960112274
3.385599851608	-0.002890064381
3.387199878693	-0.002814704319
3.388799905777	-0.002939984202
3.390399932861	-0.002676272299
3.391999959946	-0.005573712289
3.393599987030	-0.005604800303
3.395200014114	-0.004376608413
3.396799802780	-0.005760224536
3.398399829865	-0.005461712368
3.399999856949	-0.004347824492
3.401599884033	-0.005738112610
3.403199911118	-0.006010960322
3.404799938202	-0.004569648299
3.406399965286	-0.006781952456
3.407999992371	-0.005733104423
3.409600019455	-0.004457520321
3.411199808121	-0.001400096109
3.412799835205	-0.006047776435
3.414399862289	-0.005471536424
3.415999889374	-0.005025728606
3.417599916458	-0.004956720397
3.419199943542	-0.006058928557
3.420799970627	-0.005089520477
3.422399997711	-0.005796272308
3.424000024796	-0.004885216244
3.425599813461	-0.005217904225
3.427199840546	-0.003891504370
3.428799867630	-0.004430656321
3.430399894714	-0.005378080532
3.431999921799	-0.006806448568
3.433599948883	-0.006094912533
3.435199975967	-0.004043856170
3.436800003052	-0.004681856371
3.438400030136	-0.006366960704
3.439999818802	-0.003967232071
3.441599845886	-0.004300448578
3.443199872971	-0.004366848152
3.444799900055	-0.004160944372
3.446399927139	-0.003475376172
3.447999954224	-0.005950688384
3.449599981308	-0.004673392512
3.451200008392	0.005972592626
