0.000000000000	0.019287008792
0.001599999960	0.016320897266
0.003199999919	0.016403794289
0.004799999762	0.016654385254
0.006399999838	0.016657361761
0.007999999449	0.015889409930
0.009599999525	0.016419760883
0.011199999601	0.016154097393
0.012799999677	0.015003153123
0.014399999753	0.014212832786
0.015999998897	0.015475457534
0.017599999905	0.012800864875
0.019199999049	0.014774321578
0.020800000057	0.014788113534
0.022399999201	0.014476177283
0.024000000209	0.013419025578
0.025599999353	0.014652097598
0.027199998498	0.013691873290
0.028799999505	0.014562449418
0.030399998650	0.013975169510
0.031999997795	0.011605297215
0.033599998802	0.012950048782
0.035199999809	0.013259440660
0.036800000817	0.011289280839
0.038399998099	0.011168977246
0.039999999106	0.012416385114
0.041600000113	0.013414208777
0.043199997395	0.011614289135
0.044799998403	0.012176400982
0.046399999410	0.010920961387
0.048000000417	0.010354513302
0.049599997699	0.012763041072
0.051199998707	0.011473968625
0.052799999714	0.010462689213
0.054399996996	0.012003729120
0.055999998003	0.011111648753
0.057599999011	0.010550417006
0.059200000018	0.010654913262
0.060799997300	0.009698736481
0.062399998307	0.011778432876
0.063999995589	0.012302673422
0.065600000322	0.009330241010
0.067199997604	0.010424977168
0.068799994886	0.011531072669
0.070399999619	0.012561889365
0.071999996901	0.009446704760
0.073600001633	0.010457568802
0.075199998915	0.010423696600
0.076799996197	0.009008448571
0.078400000930	0.010406577028
0.079999998212	0.011047665030
0.081599995494	0.009390592575
0.083200000226	0.009963745251
0.084799997509	0.009197632782
0.086399994791	0.012192448601
0.087999999523	0.008797761053
0.089599996805	0.011871713214
0.091199994087	0.009328304790
0.092799998820	0.010721872561
0.094399996102	0.011023120955
0.096000000834	0.011168320663
0.097599998116	0.011410321109
0.099199995399	0.008735872805
0.100800000131	0.007769296411
0.102399997413	0.006874864455
0.103999994695	0.011620032601
0.105599999428	0.011326128617
0.107199996710	0.010178176686
0.108799993992	0.009866864420
0.110399998724	0.009212960489
0.111999996006	0.007536304649
0.113600000739	0.009361296892
0.115199998021	0.012313120998
0.116799995303	0.008671376854
0.118400000036	0.007898864336
0.119999997318	0.010054256767
0.121599994600	0.008587121032
0.123199999332	0.009777696803
0.124799996614	0.007423344534
0.126399993896	0.008223264478
0.127999991179	0.008739712648
0.129600003362	0.007946209051
0.131200000644	0.008810561150
0.132799997926	0.009744641371
0.134399995208	0.009529776871
0.135999992490	0.007098848466
0.137599989772	0.007484336849
0.139200001955	0.008731696755
0.140799999237	0.008293569088
0.142399996519	0.008778273128
0.143999993801	0.010201488622
0.145599991083	0.009625536390
0.147200003266	0.006247072481
0.148800000548	0.010091921315
0.150399997830	0.008734976873
0.151999995112	0.007263952866
0.153599992394	0.007703712676
0.155199989676	0.007090416737
0.156800001860	0.009600576945
0.158399999142	0.007384976372
0.159999996424	0.008244624361
0.161599993706	0.008208864368
0.163199990988	0.007349664811
0.164800003171	0.010617520660
0.166400000453	0.006906816736
0.167999997735	0.009560705163
0.169599995017	0.009031824768
0.171199992299	0.008028528653
0.172799989581	0.008648080751
0.174400001764	0.008158625104
0.175999999046	0.007656448521
0.177599996328	0.004950304516
0.179199993610	0.007043568417
0.180799990892	0.009826112539
0.182399988174	0.005963968579
0.184000000358	0.008023601025
0.185599997640	0.008911793120
0.187199994922	0.007667808793
0.188799992204	0.007726464421
0.190399989486	0.010318432935
0.192000001669	0.007946576923
0.193599998951	0.008829056285
0.195199996233	0.008355025202
0.196799993515	0.010249025188
0.198399990797	0.005887568463
0.199999988079	0.007043360732
0.201600000262	0.006334624719
0.203199997544	0.007915776223
0.204799994826	0.011497904547
0.206399992108	0.005148256663
0.207999989390	0.007480816450
0.209600001574	0.008998496458
0.211199998856	0.006040624343
0.212799996138	0.009289088659
0.214399993420	0.006730192341
0.215999990702	0.011476049200
0.217599987984	0.004810320213
0.219200000167	0.004986288492
0.220799997449	0.008543472737
0.222399994731	0.005114288535
0.223999992013	0.010607040487
0.225599989295	0.008705664426
0.227200001478	0.005297664553
0.228799998760	0.007216800470
0.230399996042	0.006682624575
0.231999993324	0.006672592368
0.233599990606	0.007890288718
0.235199987888	0.007788864896
0.236800000072	0.006328544579
0.238399997354	0.004711808171
0.239999994636	0.007611584384
0.241599991918	0.007145904470
0.243199989200	0.005815376528
0.244799986482	0.007762704510
0.246399998665	0.007142240647
0.247999995947	0.005119808484
0.249599993229	0.009022080339
0.251199990511	0.006294560619
0.252799987793	0.006456864532
0.254399985075	0.009587792680
0.255999982357	0.007814464159
0.257599979639	0.004855808336
0.259200006723	0.008309280500
0.260800004005	0.008058816195
0.262400001287	0.003694016254
0.263999998569	0.008391088806
0.265599995852	0.008839632384
0.267199993134	0.005978080444
0.268799990416	0.006902432535
0.270399987698	0.005017248448
0.271999984980	0.009323297068
0.273599982262	0.003767136252
0.275199979544	0.009351728484
0.276800006628	0.006099920254
0.278400003910	0.004004112445
0.280000001192	0.011074865237
0.281599998474	0.004972464405
0.283199995756	0.006271168590
0.284799993038	0.007436544634
0.286399990320	0.001922224066
0.287999987602	0.008066592738
0.289599984884	0.007190768607
0.291199982166	0.011080369353
0.292799979448	0.003834976349
0.294400006533	0.006675776560
0.296000003815	0.007359072566
0.297600001097	0.002072368283
0.299199998379	0.009654449299
0.300799995661	0.008116992190
0.302399992943	0.002845744370
0.303999990225	0.008012688719
0.305599987507	0.007013424765
0.307199984789	0.006020928733
0.308799982071	0.006438432727
0.310399979353	0.006369600538
0.312000006437	0.007596448530
0.313600003719	0.003946560435
0.315200001001	0.007256528828
0.316799998283	0.004344496410
0.318399995565	0.003892048262
0.319999992847	0.009019249119
0.321599990129	0.003039040370
0.323199987411	0.007490048651
0.324799984694	0.007602624595
0.326399981976	0.003138912376
0.327999979258	0.004528624471
0.329600006342	0.005427184515
0.331200003624	0.009132368490
0.332800000906	0.002981024329
0.334399998188	0.005278016441
0.335999995470	0.008354192600
0.337599992752	-0.001074576052
0.339199990034	0.006162128411
0.340799987316	0.008639057167
0.342399984598	0.004554064479
0.343999981880	0.007164512761
0.345599979162	0.004730416462
0.347199976444	0.008058512583
0.348800003529	0.005634240340
0.350400000811	0.005998640321
0.351999998093	0.008485824801
0.353599995375	0.002669872250
0.355199992657	0.006888128817
0.356799989939	0.003885808401
0.358399987221	0.002849168377
0.359999984503	0.009250960313
0.361599981785	0.003166768234
0.363199979067	0.006592144724
0.364799976349	0.003912416287
0.366400003433	0.004223808181
0.368000000715	0.005085904151
0.369599997997	0.006122432649
0.371199995279	0.009529632516
0.372799992561	0.003585456172
0.374399989843	0.002659168094
0.375999987125	0.007680000737
0.377599984407	0.003554192372
0.379199981689	0.006427184679
0.380799978971	0.002500400180
0.382399976254	0.004746656399
0.384000003338	0.001940016169
0.385600000620	0.005255072378
0.387199997902	0.006966624409
0.388799995184	0.003504768247
0.390399992466	0.006094576325
0.391999989748	0.002976864344
0.393599987030	0.003695616266
0.395199984312	0.007603744511
0.396799981594	0.002577264095
0.398399978876	0.007461376488
0.399999976158	0.003036736278
0.401600003242	0.003506384324
0.403200000525	0.004491936415
0.404799997807	0.002669568174
0.406399995089	0.007583040744
0.407999992371	0.002869264223
0.409599989653	0.002031824086
0.411199986935	0.007765104529
0.412799984217	0.002584272064
0.414399981499	0.004953088704
0.415999978781	0.005572736729
0.417599976063	0.002455776324
0.419200003147	0.004728624597
0.420800000429	0.002071280032
0.422399997711	0.005414048210
0.423999994993	0.002747168299
0.425599992275	0.001874400070
0.427199989557	0.009227952920
0.428799986839	0.002221616218
0.430399984121	0.007064096630
0.431999981403	0.002607904142
0.433599978685	0.003608320374
0.435199975967	0.004057056271
0.436800003052	0.002306240145
0.438400000334	0.006888288539
0.439999997616	0.005009088200
0.441599994898	0.004756304435
0.443199992180	0.004497472197
0.444799989462	0.003866576357
0.446399986744	0.004812208470
0.447999984026	0.003759088228
0.449599981308	0.004325840157
0.451199978590	0.004594256170
0.452799975872	0.001763696200
0.454400002956	0.004208432510
0.456000000238	0.003275536234
0.457599997520	0.001488592126
0.459199994802	0.004496080335
0.460799992085	0.003857296193
0.462399989367	0.003730624216
0.463999986649	0.003788880305
0.465599983931	0.003673008410
0.467199981213	0.006447568536
0.468799978495	0.002258736175
0.470399975777	0.006963600405
0.472000002861	0.000640799990
0.473600000143	0.003856896190
0.475199997425	0.005867168307
0.476799994707	0.001872848137
0.478399991989	0.006277792621
0.479999989271	0.004037632141
0.481599986553	0.001774032018
0.483199983835	0.002865008311
0.484799981117	0.003167616203
0.486399978399	0.005948176607
0.487999975681	0.001062832074
0.489599972963	0.003744480200
0.491200000048	0.004900192376
0.492799997330	0.004420080222
0.494399994612	0.003808704205
0.495999991894	0.002010576194
0.497599989176	0.004721984267
0.499199986458	0.001401040121
0.500800013542	0.002651408315
0.502399981022	0.004021568224
0.504000008106	0.002395856194
0.505599975586	0.004037440289
0.507200002670	0.001458528102
0.508799970150	0.003946848214
0.510399997234	0.004348048475
0.511999964714	0.001770400209
0.513599991798	0.004139360040
0.515199959278	0.001981088193
0.516799986362	0.002947824309
0.518400013447	0.002716832329
0.519999980927	0.002354768338
0.521600008011	0.007603984792
0.523199975491	-0.000316848134
0.524800002575	0.002818112262
0.526399970055	0.003095600288
0.527999997139	0.002034512116
0.529599964619	0.003349632258
0.531199991703	0.003214480123
0.532799959183	0.005037344526
0.534399986267	0.005376624409
0.536000013351	0.001148784067
0.537599980831	0.003783008317
0.539200007915	0.002313536126
0.540799975395	0.000304384041
0.542400002480	0.004609616473
0.543999969959	0.001283232123
0.545599997044	0.003461168380
0.547199964523	0.001128464122
0.548799991608	0.004767824430
0.550399959087	0.005030144472
0.551999986172	0.000017343998
0.553600013256	0.003228656249
0.555199980736	0.001733280136
0.556800007820	0.005073376466
0.558399975300	0.004683952313
0.560000002384	0.001342448057
0.561599969864	0.005635888316
0.563199996948	0.002799008274
0.564799964428	0.000807088043
0.566399991512	0.003898304189
0.567999958992	0.003087616293
0.569599986076	0.000335983961
0.571200013161	-0.000236079970
0.572799980640	0.004791200161
0.574400007725	0.001286048093
0.575999975204	0.001320128096
0.577600002289	0.003646160243
0.579199969769	0.002001680201
0.580799996853	0.004200688563
0.582399964333	-0.001070112106
0.583999991417	0.001633408130
0.585599958897	0.002999712247
0.587199985981	0.001331024105
0.588800013065	0.005952624604
0.590399980545	0.000849216129
0.592000007629	0.000453088025
0.593599975109	0.006259104703
0.595200002193	-0.000813760154
0.596799969673	0.002845776267
0.598399996758	0.002399232239
0.599999964237	0.000524272036
0.601599991322	0.003958896268
0.603199958801	0.006264464464
0.604799985886	-0.001146528055
0.606400012970	0.001150816097
0.607999980450	0.001894288231
0.609600007534	0.003436640138
0.611199975014	-0.000328960072
0.612800002098	0.003695984371
0.614399969578	0.003652976360
0.615999996662	0.000802560127
0.617599964142	0.002999712247
0.619199991226	0.003252864350
0.620799958706	0.001214176184
0.622399985790	0.002976736287
0.624000012875	0.003135616193
0.625599980354	0.003408992197
0.627200007439	0.001838256139
0.628799974918	0.001424432150
0.630400002003	0.001619968098
0.631999969482	0.002417248208
0.633599996567	0.001509664115
0.635199964046	0.002130624140
0.636799991131	-0.000198639988
0.638399958611	0.002372176154
0.639999985695	0.003840752412
0.641600012779	0.004133632407
0.643199980259	0.002842112212
0.644800007343	0.004180288408
0.646399974823	-0.004152816255
0.648000001907	0.004629856441
0.649599969387	0.002842912218
0.651199996471	0.001269936212
0.652799963951	0.003931920510
0.654399991035	-0.000356960023
0.655999958515	-0.000124767888
0.657599985600	0.000756063964
0.659200012684	0.003534480464
0.660799980164	0.002382912207
0.662400007248	-0.004313088488
0.663999974728	0.004990992602
0.665600001812	0.000715344097
0.667199969292	0.002476752270
0.668799996376	0.004193168133
0.670399963856	0.002179344185
0.671999990940	0.002481776290
0.673599958420	-0.000776096131
0.675199985504	0.001914016204
0.676800012589	0.000109632041
0.678399980068	0.003900288371
0.680000007153	0.001802896149
0.681599974632	0.001046096091
0.683200001717	0.002088320209
0.684799969196	0.002444416285
0.686399996281	0.000842976093
0.687999963760	0.002489392180
0.689599990845	0.002981264377
0.691199958324	0.000731312146
0.692799985409	0.000538368127
0.694399952888	0.003350480227
0.695999979973	0.002164928243
0.697600007057	0.000697536045
0.699199974537	0.001456208178
0.700800001621	0.002821504138
0.702399969101	-0.000396496092
0.703999996185	0.001674176077
0.705599963665	0.001164736110
0.707199990749	0.002765472280
0.708799958229	0.002077648183
0.710399985313	-0.001097840024
0.711999952793	0.004311920609
0.713599979877	0.001907104161
0.715200006962	-0.000279600004
0.716799974442	0.002819120185
0.718400001526	-0.000277872081
0.719999969006	0.002577552339
0.721599996090	0.000826976029
0.723199963570	0.001519248122
0.724799990654	0.002074864227
0.726399958134	-0.001852304093
0.727999985218	0.000619904080
0.729599952698	0.002702512313
0.731199979782	0.000456144015
0.732800006866	0.000705616141
0.734399974346	0.000162143973
0.736000001431	0.003498144215
0.737599968910	0.000831824029
0.739199995995	0.001214704127
0.740799963474	-0.000247296004
0.742399990559	0.001519808080
0.743999958038	0.000264080067
0.745599985123	0.003706352320
0.747199952602	0.000187520040
0.748799979687	0.002778064227
0.750400006771	0.000466272089
0.751999974251	-0.000383440085
0.753600001335	0.001217264100
0.755199968815	0.000264320028
0.756799995899	0.001136736129
0.758399963379	0.001999552129
0.759999990463	-0.000041647992
0.761599957943	-0.000372192066
0.763199985027	-0.001446160139
0.764799952507	0.000319856044
0.766399979591	0.002840592293
0.768000006676	0.001934528118
0.769599974155	0.000343632011
0.771200001240	0.002268560231
0.772799968719	-0.002026512288
0.774399995804	0.000410207984
0.775999963284	0.001901008189
0.777599990368	-0.000428512081
0.779199957848	0.000801680028
0.780799984932	-0.002262336202
0.782399952412	-0.001181216096
0.783999979496	-0.001279328135
0.785600006580	-0.001845936175
0.787199974060	0.000375376054
0.788800001144	0.002767760307
0.790399968624	-0.000538847991
0.791999995708	0.000177599970
0.793599963188	0.000480128016
0.795199990273	0.000155952002
0.796799957752	0.001344416058
0.798399984837	-0.000954448071
0.799999952316	0.000535439991
0.801599979401	-0.000704320031
0.803200006485	-0.000158223935
0.804799973965	-0.001295152120
0.806400001049	0.000306672067
0.807999968529	0.000371343922
0.809599995613	-0.000005424004
0.811199963093	0.000339104037
0.812799990177	-0.000750272069
0.814399957657	0.000593727978
0.815999984741	0.000754928042
0.817599952221	0.000223472045
0.819199979305	0.000431312044
0.820800006390	0.000171712003
0.822399973869	-0.000891920063
0.824000000954	0.000985168037
0.825599968433	-0.000674704090
0.827199995518	0.002408896340
0.828799962997	-0.001796512166
0.830399990082	0.000451296073
0.831999957561	-0.001650608145
0.833599984646	0.000695824041
0.835199952126	-0.000555104110
0.836799979210	-0.002165120328
0.838400006294	0.001888960134
0.839999973774	0.001883952180
0.841600000858	-0.003058992326
0.843199968338	0.000484736025
0.844799995422	-0.001099248067
0.846399962902	-0.000287536037
0.847999989986	0.000921872037
0.849599957466	-0.000173344029
0.851199984550	-0.000600944040
0.852799952030	-0.002106016036
0.854399979115	-0.001954816049
0.856000006199	0.002245264128
0.857599973679	0.000313695986
0.859200000763	0.000834112114
0.860799968243	-0.000819584122
0.862399995327	-0.000477712019
0.863999962807	0.001620048075
0.865599989891	-0.002115904121
0.867199957371	0.002047856105
0.868799984455	0.001950544189
0.870399951935	-0.003118544351
0.871999979019	-0.000044831977
0.873600006104	0.000365584012
0.875199973583	0.000683840073
0.876800000668	-0.000038144026
0.878399968147	0.000555136008
0.879999995232	0.000155024027
0.881599962711	-0.000355744007
0.883199989796	-0.001194896060
0.884799957275	0.000396400050
0.886399984360	0.001638368121
0.887999951839	0.000162912038
0.889599978924	0.000143440018
0.891200006008	-0.000138832009
0.892799973488	0.000093984047
0.894400000572	0.001276528114
0.895999968052	-0.000315072073
0.897599995136	0.002610032214
0.899199962616	-0.000575792103
0.900799989700	-0.003554112278
0.902399957180	0.002058208222
0.903999984264	-0.000292064040
0.905599951744	-0.000449008017
0.907199978828	-0.001210848102
0.908800005913	0.000854848069
0.910399973392	-0.000716864073
0.912000000477	-0.002423520200
0.913599967957	-0.001026352053
0.915199995041	0.001552032074
0.916799962521	-0.002055264311
0.918399989605	0.001072352054
0.919999957085	-0.001929392223
0.921599984169	-0.000556064071
0.923199951649	0.001107200049
0.924799978733	-0.001501328079
0.926400005817	0.003085776232
0.927999973297	0.000239615954
0.929600000381	0.000134911999
0.931199967861	-0.000126271974
0.932799994946	-0.001162367989
0.934399962425	0.000471984065
0.935999989510	0.000890000141
0.937599956989	-0.000087184053
0.939199984074	0.000359824015
0.940799951553	-0.002201856114
0.942399978638	-0.001138016116
0.944000005722	0.001578496071
0.945599973202	-0.000133504029
0.947200000286	0.000671152025
0.948799967766	-0.000446000049
0.950399994850	-0.001251264010
0.951999962330	-0.001798672136
0.953599989414	0.000550143945
0.955199956894	-0.000436608068
0.956799983978	-0.002074528253
0.958399951458	-0.004294896498
0.959999978542	0.002682880266
0.961599946022	-0.000674080045
0.963199973106	0.000087023975
0.964800000191	-0.001091728103
0.966399967670	0.001315568108
0.967999994755	-0.000191039959
0.969599962234	-0.001311440137
0.971199989319	-0.000285024056
0.972799956799	-0.000506944023
0.974399983883	-0.000486496021
0.975999951363	0.000453904038
0.977599978447	-0.001410144148
0.979199945927	0.000102448030
0.980799973011	-0.002811088227
0.982400000095	0.000015136020
0.983999967575	-0.001542096143
0.985599994659	-0.001375200110
0.987199962139	-0.000997264055
0.988799989223	-0.002039232291
0.990399956703	-0.000841504021
0.991999983788	0.000020943977
0.993599951267	-0.000851696124
0.995199978352	-0.001772256102
0.996799945831	-0.000321040076
0.998399972916	-0.001252752147
1.000000000000	0.001207600115
1.001600027084	-0.002910016337
1.003199934959	-0.000361712067
1.004799962044	0.001012048102
1.006399989128	-0.001028160099
1.008000016212	0.000044288023
1.009599924088	-0.000762528041
1.011199951172	-0.002670224290
1.012799978256	0.000943872030
1.014400005341	0.000278080086
1.016000032425	0.000172304048
1.017599940300	-0.003254464362
1.019199967384	-0.000006735990
1.020799994469	-0.001454032026
1.022400021553	-0.001470944029
1.023999929428	-0.001527600107
1.025599956512	0.000677920121
1.027199983597	0.000954720017
1.028800010681	-0.000094368035
1.030399918556	-0.002341376152
1.031999945641	-0.001793520176
1.033599972725	0.000802384049
1.035199999809	-0.001946896198
1.036800026894	-0.002555728192
1.038399934769	-0.000834720035
1.039999961853	-0.002174288267
1.041599988937	-0.000237296015
1.043200016022	0.000402863981
1.044799923897	-0.001553680166
1.046399950981	0.000012991987
1.047999978065	0.001664464129
1.049600005150	-0.000213583975
1.051200032234	-0.000660304038
1.052799940109	-0.002346080262
1.054399967194	0.002363296226
1.055999994278	-0.001734928112
1.057600021362	-0.000955328171
1.059199929237	-0.000754944049
1.060799956322	-0.000804176030
1.062399983406	-0.002911856165
1.064000010490	0.001247312059
1.065599918365	-0.003569904249
1.067199945450	0.000945760112
1.068799972534	-0.001337744179
1.070399999619	0.000500112015
1.072000026703	-0.001024048077
1.073599934578	-0.000156432026
1.075199961662	-0.000981952180
1.076799988747	-0.003671728307
1.078400015831	-0.000155056026
1.079999923706	-0.001811248134
1.081599950790	-0.003712128382
1.083199977875	0.000275040016
1.084800004959	-0.003117872169
1.086400032043	-0.001304592122
1.087999939919	0.000121375997
1.089599967003	0.000690000074
1.091199994087	-0.003135408275
1.092800021172	-0.000592656026
1.094399929047	-0.000624608016
1.095999956131	-0.001475216122
1.097599983215	-0.001359360176
1.099200010300	-0.001967936056
1.100799918175	0.000159615971
1.102399945259	-0.001526592067
1.103999972343	-0.002745536156
1.105599999428	-0.000360240054
1.107200026512	-0.002805056283
1.108799934387	-0.003244912252
1.110399961472	-0.002789408201
1.111999988556	-0.000147904007
1.113600015640	-0.000042319985
1.115199923515	-0.004151200410
1.116799950600	-0.001636656234
1.118399977684	0.000771952153
1.120000004768	-0.002127616201
1.121599912643	-0.000889424060
1.123199939728	-0.002666944172
1.124799966812	-0.002444400219
1.126399993896	-0.002389536239
1.128000020981	-0.002245472278
1.129599928856	-0.001140768058
1.131199955940	-0.001574864029
1.132799983025	-0.004588240292
1.134400010109	-0.000086544031
1.135999917984	-0.001940608141
1.137599945068	-0.000326144014
1.139199972153	-0.000640864077
1.140799999237	-0.002172912238
1.142400026321	0.000484048069
1.143999934196	-0.002222240204
1.145599961281	-0.000838160049
1.147199988365	-0.001331232139
1.148800015450	-0.002608304145
1.150399923325	-0.002385696163
1.151999950409	-0.001107456163
1.153599977493	-0.001761968131
1.155200004578	-0.003615184221
1.156799912453	-0.002198144095
1.158399939537	-0.001394336112
1.159999966621	-0.004255088512
1.161599993706	-0.001407568110
1.163200020790	-0.003376544220
1.164799928665	-0.000039104001
1.166399955750	-0.002672944218
1.167999982834	-0.001281680074
1.169600009918	-0.002711920300
1.171199917793	-0.002040160121
1.172799944878	-0.002450880129
1.174399971962	-0.002217744244
1.175999999046	-0.002177680144
1.177600026131	0.000255360006
1.179199934006	-0.002297920175
1.180799961090	-0.002816848224
1.182399988174	-0.002958640223
1.184000015259	-0.004075664561
1.185599923134	-0.002854448278
1.187199950218	-0.001151904115
1.188799977303	-0.002376416232
1.190400004387	-0.000593759993
1.191999912262	-0.001549936133
1.193599939346	0.000284863956
1.195199966431	-0.002821840346
1.196799993515	-0.002722880105
1.198400020599	-0.000956256117
1.199999928474	-0.002347008092
1.201599955559	-0.001923344098
1.203199982643	-0.001693168189
1.204800009727	-0.002454352332
1.206399917603	-0.002126128180
1.207999944687	-0.003251520218
1.209599971771	-0.002844176255
1.211199998856	-0.003697776236
1.212800025940	-0.002830384299
1.214399933815	-0.000761408068
1.215999960899	0.000228080011
1.217599987984	-0.000414368056
1.219200015068	-0.002528128214
1.220799922943	-0.002086144174
1.222399950027	-0.001859088079
1.223999977112	-0.002115152311
1.225600004196	-0.002233760199
1.227199912071	-0.000704736100
1.228799939156	-0.004186032340
1.230399966240	-0.002279232256
1.231999993324	-0.000820480054
1.233600020409	-0.001833232120
1.235199928284	-0.002330272226
1.236799955368	-0.003149376251
1.238399982452	-0.000711136090
1.240000009537	-0.001119248103
1.241599917412	-0.004373728298
1.243199944496	-0.000654879957
1.244799971581	-0.000320927997
1.246399998665	-0.000126736079
1.248000025749	-0.002972656162
1.249599933624	-0.002098928206
1.251199960709	-0.001494240132
1.252799987793	-0.002292944351
1.254400014877	-0.002179248258
1.255999922752	-0.001604432124
1.257599949837	-0.001747232163
1.259199976921	-0.002990800189
1.260800004005	-0.001734560123
1.262399911880	-0.002106304280
1.263999938965	-0.001510192174
1.265599966049	-0.002104000188
1.267199993134	-0.000567872019
1.268800020218	-0.001411392121
1.270399928093	-0.003292976180
1.271999955177	-0.000493280008
1.273599982262	-0.002889120253
1.275200009346	-0.000992768095
1.276799917221	-0.001450016047
1.278399944305	-0.002639568178
1.279999971390	-0.002791008214
1.281599998474	-0.001103184070
1.283200025558	-0.001004192047
1.284799933434	-0.001807296183
1.286399960518	-0.002950512338
1.287999987602	-0.001421520137
1.289600014687	-0.004170976114
1.291199922562	-0.002058848040
1.292799949646	-0.002948544221
1.294399976730	-0.002178976312
1.296000003815	-0.002291680081
1.297599911690	-0.000678464072
1.299199938774	-0.005339344498
1.300799965858	-0.001908496139
1.302399992943	-0.002577232197
1.304000020027	-0.000862800109
1.305599927902	-0.003883840283
1.307199954987	-0.002710112138
1.308799982071	-0.000752928085
1.310400009155	-0.004377808422
1.311999917030	-0.001256080111
1.313599944115	-0.003420176217
1.315199971199	-0.001738368184
1.316799998283	-0.000740336080
1.318400025368	-0.003885472426
1.319999933243	-0.001098608132
1.321599960327	-0.003354256274
1.323199987411	-0.003110656282
1.324800014496	-0.002486192156
1.326399922371	-0.001184736146
1.327999949455	-0.003512752242
1.329599976540	-0.003870976390
1.331200003624	-0.002448304323
1.332799911499	-0.002009952208
1.334399938583	-0.002787504112
1.335999965668	-0.002998032374
1.337599992752	-0.003813392250
1.339200019836	-0.002771392232
1.340799927711	-0.004236240406
1.342399954796	-0.002130432054
1.343999981880	-0.003108432284
1.345600008965	-0.001865584170
1.347199916840	-0.002654192271
1.348799943924	-0.002311632270
1.350399971008	-0.001653504209
1.351999998093	-0.002376944060
1.353600025177	-0.003291040193
1.355199933052	-0.003900720272
1.356799960136	-0.000715072034
1.358399987221	-0.003065072233
1.360000014305	-0.003958144225
1.361599922180	-0.003697632346
1.363199949265	-0.002264144132
1.364799976349	-0.003375200322
1.366400003433	-0.002987568267
1.367999911308	-0.001494144206
1.369599938393	-0.002126608044
1.371199965477	-0.001386480057
1.372799992561	-0.002878096187
1.374400019646	-0.004765168298
1.375999927521	-0.002193040214
1.377599954605	-0.005376192275
1.379199981689	-0.003332112217
1.380800008774	-0.002451280132
1.382399916649	-0.001629760140
1.383999943733	-0.002582656220
1.385599970818	-0.001015024027
1.387199997902	-0.003937360365
1.388799905777	-0.004185680300
1.390399932861	-0.004149360582
1.391999959946	-0.001051632105
1.393599987030	-0.003942448180
1.395200014114	-0.001889600186
1.396799921989	-0.002618704224
1.398399949074	-0.001929344144
1.399999976158	-0.004216048401
1.401600003242	-0.002335728146
1.403199911118	-0.005256240256
1.404799938202	-0.004167968407
1.406399965286	-0.003106064163
1.407999992371	-0.003112064209
1.409600019455	-0.002712720307
1.411199927330	-0.002769632265
1.412799954414	-0.002833408304
1.414399981499	-0.003366560210
1.416000008583	-0.003344256431
1.417599916458	-0.002803680254
1.419199943542	-0.003564208280
1.420799970627	-0.004728048574
1.422399997711	-0.002928000176
1.423999905586	-0.002730448265
1.425599932671	-0.003377504181
1.427199959755	-0.002546512289
1.428799986839	-0.004252448212
1.430400013924	-0.002974704141
1.431999921799	-0.003535744268
1.433599948883	-0.004103568383
1.435199975967	-0.003444048343
1.436800003052	-0.003440160304
1.438399910927	-0.004514352418
1.439999938011	-0.003464928363
1.441599965096	-0.001660768175
1.443199992180	-0.003480384359
1.444800019264	-0.002530032303
1.446399927139	-0.000462080090
1.447999954224	-0.004504736513
1.449599981308	-0.004650368355
1.451200008392	-0.005806784611
1.452799916267	-0.003690160345
1.454399943352	-0.001507696114
1.455999970436	-0.002846112242
1.457599997520	-0.003375936300
1.459199905396	-0.003084096126
1.460799932480	-0.002976016141
1.462399959564	-0.003900048323
1.463999986649	-0.003717008280
1.465600013733	-0.002855664352
1.467199921608	-0.002418640302
1.468799948692	-0.002881792374
1.470399975777	-0.001940352144
1.472000002861	-0.002104112180
1.473599910736	-0.003505200380
1.475199937820	-0.002040800173
1.476799964905	-0.002827328164
1.478399991989	-0.002869984368
1.480000019073	-0.002490128158
1.481599926949	-0.003730960190
1.483199954033	-0.001492496114
1.484799981117	-0.003244848223
1.486400008202	-0.002630288247
1.487999916077	-0.002919872291
1.489599943161	-0.002919952152
1.491199970245	-0.004999664612
1.492799997330	-0.002702496247
1.494399905205	-0.003341472242
1.495999932289	-0.000738960109
1.497599959373	-0.003611136228
1.499199986458	-0.000858560088
1.500800013542	-0.003948672209
1.502399921417	-0.001906176214
1.503999948502	-0.003722528229
1.505599975586	-0.003212320153
1.507200002670	-0.002895792248
1.508799910545	-0.001808112138
1.510399937630	-0.005424224306
1.511999964714	-0.002171328291
1.513599991798	-0.004744928330
1.515200018883	-0.002835248364
1.516799926758	-0.003369888291
1.518399953842	-0.001917904243
1.519999980927	-0.003212000243
1.521600008011	-0.002069936134
1.523199915886	-0.005177328363
1.524799942970	-0.003078448353
1.526399970055	-0.005375936627
1.527999997139	-0.003798144171
1.529599905014	-0.002587216208
1.531199932098	-0.002259200206
1.532799959183	-0.005999280605
1.534399986267	-0.002061392181
1.536000013351	-0.003188832197
1.537599921227	-0.004242224153
1.539199948311	-0.004344016314
1.540799975395	-0.002375568263
1.542400002480	-0.004479296505
1.543999910355	-0.002656320343
1.545599937439	-0.004912256263
1.547199964523	-0.003428544383
1.548799991608	-0.003542448394
1.550400018692	-0.003640160430
1.551999926567	-0.006862560753
1.553599953651	-0.003264000174
1.555199980736	-0.004312512465
1.556800007820	-0.004232800100
1.558399915695	-0.002860464156
1.559999942780	-0.002657504287
1.561599969864	-0.003060816322
1.563199996948	-0.003546336200
1.564799904823	-0.003397664288
1.566399931908	-0.001407712116
1.567999958992	-0.003218496218
1.569599986076	-0.004245552234
1.571200013161	-0.005008752458
1.572799921036	-0.002940752311
1.574399948120	-0.002468528226
1.575999975204	-0.003757472383
1.577600002289	-0.003790304298
1.579199910164	-0.004538992420
1.580799937248	-0.004524240270
1.582399964333	-0.004617184401
1.583999991417	-0.002805216238
1.585600018501	-0.005020400509
1.587199926376	-0.002843168331
1.588799953461	-0.003569184337
1.590399980545	-0.003946128301
1.592000007629	-0.004412432201
1.593599915504	-0.004810960498
1.595199942589	-0.004912416451
1.596799969673	-0.002172080101
1.598399996758	-0.005062752403
1.599999904633	-0.002708064159
1.601599931717	-0.005573840346
1.603199958801	-0.001800416037
1.604799985886	-0.005510816351
1.606400012970	-0.003816848388
1.607999920845	-0.003974176478
1.609599947929	-0.005411440507
1.611199975014	-0.004135440569
1.612800002098	-0.003533584299
1.614399909973	-0.001520720194
1.615999937057	-0.003580640303
1.617599964142	-0.002966128290
1.619199991226	-0.001547376160
1.620800018311	-0.005042112432
1.622399926186	-0.001976208063
1.623999953270	-0.003772784257
1.625599980354	-0.004994224291
1.627200007439	-0.002788416343
1.628799915314	-0.002993040252
1.630399942398	-0.006021872628
1.631999969482	-0.004475872498
1.633599996567	-0.005447536241
1.635199904442	-0.002306720242
1.636799931526	-0.003016560338
1.638399958611	-0.003661264200
1.639999985695	-0.005428336561
1.641600012779	-0.003925952129
1.643199920654	-0.002882544184
1.644799947739	-0.001939536189
1.646399974823	-0.002875600243
1.648000001907	-0.003826624248
1.649599909782	-0.003567680251
1.651199936867	-0.004990704358
1.652799963951	-0.003172112163
1.654399991035	-0.003862928366
1.655999898911	-0.004177408293
1.657599925995	-0.004027952440
1.659199953079	-0.005139952525
1.660799980164	-0.002561744303
1.662400007248	-0.004870960489
1.663999915123	-0.004721552599
1.665599942207	-0.004537056200
1.667199969292	-0.002782912226
1.668799996376	-0.002443712205
1.670399904251	-0.003747824347
1.671999931335	-0.003691024380
1.673599958420	-0.002539040288
1.675199985504	-0.002710912144
1.676800012589	-0.004398656543
1.678399920464	-0.001699552173
1.679999947548	-0.001827312168
1.681599974632	-0.003822176252
1.683200001717	-0.002855408238
1.684799909592	-0.003454224207
1.686399936676	-0.002994432347
1.687999963760	-0.003207072150
1.689599990845	-0.004350144416
1.691199898720	-0.004607488401
1.692799925804	-0.004642352462
1.694399952888	-0.003875520313
1.695999979973	-0.003077216214
1.697600007057	-0.002607664326
1.699199914932	-0.004539632238
1.700799942017	-0.004806176294
1.702399969101	-0.003672192339
1.703999996185	-0.004883216228
1.705599904060	-0.005566448439
1.707199931145	-0.002736304188
1.708799958229	-0.004424464423
1.710399985313	-0.005000144243
1.712000012398	-0.006251104642
1.713599920273	-0.003517632373
1.715199947357	-0.003994432278
1.716799974442	-0.003344976343
1.718400001526	-0.005094544496
1.719999909401	-0.003032080363
1.721599936485	-0.005614336580
1.723199963570	-0.003517744131
1.724799990654	-0.002222368261
1.726399898529	-0.004682256375
1.727999925613	-0.005676560570
1.729599952698	-0.003171968274
1.731199979782	-0.005723312497
1.732800006866	-0.003635616275
1.734399914742	-0.003707920201
1.735999941826	-0.002905840287
1.737599968910	-0.004978144541
1.739199995995	-0.002264320152
1.740799903870	-0.003856752301
1.742399930954	-0.004900480155
1.743999958038	-0.004051232245
1.745599985123	-0.004357808270
1.747200012207	-0.004395552445
1.748799920082	-0.003137936350
1.750399947166	-0.004568032455
1.751999974251	-0.004121136386
1.753600001335	-0.004298736341
1.755199909210	-0.004357392434
1.756799936295	-0.005079648457
1.758399963379	-0.004709984176
1.759999990463	-0.006017472595
1.761599898338	-0.003375744214
1.763199925423	-0.006524240598
1.764799952507	-0.003660960356
1.766399979591	-0.003789136186
1.768000006676	-0.002079008147
1.769599914551	-0.005516912322
1.771199941635	-0.004267872311
1.772799968719	-0.004716576543
1.774399995804	-0.003376144217
1.775999903679	-0.004119168501
1.777599930763	-0.004499328323
1.779199957848	-0.005185920279
1.780799984932	-0.003888016334
1.782400012016	-0.004967888352
1.783999919891	-0.003238320351
1.785599946976	-0.004583440255
1.787199974060	-0.004979840480
1.788800001144	-0.002895984333
1.790399909019	-0.003794016317
1.791999936104	-0.002762224292
1.793599963188	-0.002370992210
1.795199990273	-0.004743632395
1.796799898148	-0.002788560232
1.798399925232	-0.002944240347
1.799999952316	-0.004905504640
1.801599979401	-0.003188400296
1.803200006485	-0.004308832344
1.804799914360	-0.002844944363
1.806399941444	-0.005822496489
1.807999968529	-0.003936016466
1.809599995613	-0.003852720372
1.811199903488	-0.003920800518
1.812799930573	-0.003778688377
1.814399957657	-0.004145568237
1.815999984741	-0.003867392428
1.817600011826	-0.004700304475
1.819199919701	-0.004143808503
1.820799946785	-0.003737776307
1.822399973869	-0.003023520345
1.824000000954	-0.003010352375
1.825599908829	-0.005601088516
1.827199935913	-0.004313504323
1.828799962997	-0.005401248578
1.830399990082	-0.005131840240
1.831999897957	-0.006236688700
1.833599925041	-0.006011600606
1.835199952126	-0.004872000311
1.836799979210	-0.003476320300
1.838400006294	-0.006358832587
1.839999914169	-0.004948032554
1.841599941254	-0.005152624566
1.843199968338	-0.003648304380
1.844799995422	-0.005487360526
1.846399903297	-0.003549840301
1.847999930382	-0.004790880252
1.849599957466	-0.004175536335
1.851199984550	-0.004257360473
1.852800011635	-0.004372352269
1.854399919510	-0.005289440509
1.855999946594	-0.004584320355
1.857599973679	-0.004119840451
1.859200000763	-0.003522384213
1.860799908638	-0.005355424248
1.862399935722	-0.006188048515
1.863999962807	-0.004005808383
1.865599989891	-0.003950496204
1.867199897766	-0.004038352519
1.868799924850	-0.002480192110
1.870399951935	-0.005250816233
1.871999979019	-0.003907360137
1.873600006104	-0.005029168446
1.875199913979	-0.003124384210
1.876799941063	-0.004837360233
1.878399968147	-0.004492784385
1.879999995232	-0.003650240367
1.881599903107	-0.004875360522
1.883199930191	-0.004922672641
1.884799957275	-0.004664576612
1.886399984360	-0.004951760639
1.888000011444	-0.003659024369
1.889599919319	-0.004826144315
1.891199946404	-0.004424976651
1.892799973488	-0.004808896221
1.894400000572	-0.004089904483
1.895999908447	-0.004287952557
1.897599935532	-0.004412144423
1.899199962616	-0.006368160713
1.900799989700	-0.004653632175
1.902399897575	-0.005907376762
1.903999924660	-0.004115648568
1.905599951744	-0.003969424404
1.907199978828	-0.003097216366
1.908800005913	-0.005326464307
1.910399913788	-0.005179120228
1.911999940872	-0.001884096186
1.913599967957	-0.004579008557
1.915199995041	-0.006202240475
1.916799902916	-0.002921200357
1.918399930000	-0.005602864549
1.919999957085	-0.002514576307
1.921599984169	-0.004894880578
1.923199892044	-0.004962256644
1.924799919128	-0.003383264411
1.926399946213	-0.005205408670
1.927999973297	-0.004243456293
1.929600000381	-0.005521200597
1.931199908257	-0.004316112492
1.932799935341	-0.004056352191
1.934399962425	-0.003461392364
1.935999989510	-0.004254688509
1.937599897385	-0.003570960369
1.939199924469	-0.005093872547
1.940799951553	-0.003711872268
1.942399978638	-0.005643936340
1.944000005722	-0.004606448580
1.945599913597	-0.003916240297
1.947199940681	-0.004145936109
1.948799967766	-0.006623968482
1.950399994850	-0.004119776189
1.951999902725	-0.006288672332
1.953599929810	-0.004907536320
1.955199956894	-0.005361520685
1.956799983978	-0.003181056352
1.958399891853	-0.006175792310
1.959999918938	-0.005350400228
1.961599946022	-0.005845056381
1.963199973106	-0.005518880673
1.964800000191	-0.005390848499
1.966399908066	-0.003994896542
1.967999935150	-0.004901504610
1.969599962234	-0.003490032163
1.971199989319	-0.003431008197
1.972799897194	-0.003237392288
1.974399924278	-0.005407472607
1.975999951363	-0.003003328340
1.977599978447	-0.003839472309
1.979200005531	-0.004051456228
1.980799913406	-0.006633696612
1.982399940491	-0.005131472368
1.983999967575	-0.006498544477
1.985599994659	-0.005236832425
1.987199902534	-0.008018224500
1.988799929619	-0.004823392257
1.990399956703	-0.004697264172
1.991999983788	-0.004659520462
1.993599891663	-0.005212048534
1.995199918747	-0.003306560218
1.996799945831	-0.004008000251
1.998399972916	-0.005921200383
2.000000000000	-0.005224592518
2.001600027084	-0.005248160567
2.003200054169	-0.003979088273
2.004799842834	-0.004142912105
2.006399869919	-0.004472064320
2.007999897003	-0.005038784351
2.009599924088	-0.003940768540
2.011199951172	-0.004068944138
2.012799978256	-0.004084288143
2.014400005341	-0.003958736546
2.016000032425	-0.004662528168
2.017600059509	-0.004821904469
2.019199848175	-0.004011344165
2.020799875259	-0.005911024287
2.022399902344	-0.004786512349
2.023999929428	-0.004917584360
2.025599956512	-0.003970688209
2.027199983597	-0.005182016641
2.028800010681	-0.005725712515
2.030400037766	-0.005441312212
2.032000064850	-0.003200592240
2.033599853516	-0.005693408661
2.035199880600	-0.003876608331
2.036799907684	-0.003170496318
2.038399934769	-0.006123424508
2.039999961853	-0.002561536152
2.041599988937	-0.003721984336
2.043200016022	-0.004226912279
2.044800043106	-0.002009328222
2.046399831772	-0.005911504384
2.047999858856	-0.004557840526
2.049599885941	-0.004702336621
2.051199913025	-0.003396896180
2.052799940109	-0.004600624554
2.054399967194	-0.005111328326
2.055999994278	-0.004252352286
2.057600021362	-0.004574032500
2.059200048447	-0.004395280499
2.060799837112	-0.005808720365
2.062399864197	-0.006598064676
2.063999891281	-0.004097120371
2.065599918365	-0.006165840663
2.067199945450	-0.003803296247
2.068799972534	-0.003293440212
2.070399999619	-0.004479312338
2.072000026703	-0.005100528244
2.073600053787	-0.004149776418
2.075199842453	-0.004951824434
2.076799869537	-0.004363456275
2.078399896622	-0.004419568460
2.079999923706	-0.005493552424
2.081599950790	-0.004774592351
2.083199977875	-0.005221216474
2.084800004959	-0.004763424397
2.086400032043	-0.004348032176
2.088000059128	-0.006100048311
2.089599847794	-0.002463200130
2.091199874878	-0.004689856432
2.092799901962	-0.004122112412
2.094399929047	-0.004658896476
2.095999956131	-0.004107632209
2.097599983215	-0.003917264286
2.099200010300	-0.004430048168
2.100800037384	-0.004405024461
2.102400064468	-0.003585552331
2.103999853134	-0.006251488347
2.105599880219	-0.003818576457
2.107199907303	-0.005674176384
2.108799934387	-0.004761072341
2.110399961472	-0.005391648505
2.111999988556	-0.003619312309
2.113600015640	-0.004830416292
2.115200042725	-0.005090768449
2.116799831390	-0.004167088307
2.118399858475	-0.004036928527
2.119999885559	-0.004655424505
2.121599912643	-0.006062992383
2.123199939728	-0.005668464582
2.124799966812	-0.002776464215
2.126399993896	-0.006071728654
2.128000020981	-0.003138624132
2.129600048065	-0.005677296314
2.131199836731	-0.004525088239
2.132799863815	-0.004259216134
2.134399890900	-0.002567232354
2.135999917984	-0.004504912533
2.137599945068	-0.005750288721
2.139199972153	-0.005242160521
2.140799999237	-0.004889408592
2.142400026321	-0.005071584601
2.144000053406	-0.004606288392
2.145599842072	-0.005582496524
2.147199869156	-0.003582544392
2.148799896240	-0.003541472368
2.150399923325	-0.003829328343
2.151999950409	-0.005606704392
2.153599977493	-0.004833472427
2.155200004578	-0.003806816414
2.156800031662	-0.006236336660
2.158400058746	-0.005443024449
2.159999847412	-0.005646496546
2.161599874496	-0.006248992402
2.163199901581	-0.005648304708
2.164799928665	-0.005129984580
2.166399955750	-0.006957312580
2.167999982834	-0.004379680380
2.169600009918	-0.004982704297
2.171200037003	-0.004684720188
2.172800064087	-0.004186848179
2.174399852753	-0.005794080440
2.175999879837	-0.005994960666
2.177599906921	-0.004529248457
2.179199934006	-0.005983536597
2.180799961090	-0.006332464516
2.182399988174	-0.006905488670
2.184000015259	-0.003419216257
2.185600042343	-0.005099152215
2.187199831009	-0.004572352394
2.188799858093	-0.005247792229
2.190399885178	-0.004381728359
2.191999912262	-0.005425984506
2.193599939346	-0.003593232250
2.195199966431	-0.004374656361
2.196799993515	-0.004761152435
2.198400020599	-0.007067664526
2.200000047684	-0.006268320605
2.201599836349	-0.005528112408
2.203199863434	-0.003653376363
2.204799890518	-0.006693376694
2.206399917603	-0.006754560396
2.207999944687	-0.005874016322
2.209599971771	-0.004755280446
2.211199998856	-0.006804800592
2.212800025940	-0.005457904655
2.214400053024	-0.007400048431
2.215999841690	-0.005060656462
2.217599868774	-0.005915456451
2.219199895859	-0.005937856622
2.220799922943	-0.005244560540
2.222399950027	-0.005174976308
2.223999977112	-0.004809616599
2.225600004196	-0.004824816249
2.227200031281	-0.006037248299
2.228800058365	-0.004704992287
2.230399847031	-0.005216560327
2.231999874115	-0.005575600546
2.233599901199	-0.005617936607
2.235199928284	-0.004748304375
2.236799955368	-0.006254656706
2.238399982452	-0.003887584433
2.240000009537	-0.003675360465
2.241600036621	-0.004927600268
2.243199825287	-0.004232080188
2.244799852371	-0.003249984235
2.246399879456	-0.003672784194
2.247999906540	-0.006101680454
2.249599933624	-0.005092496518
2.251199960709	-0.006088576745
2.252799987793	-0.006067424547
2.254400014877	-0.004917440470
2.256000041962	-0.005380992312
2.257599830627	-0.004150864203
2.259199857712	-0.004871088546
2.260799884796	-0.005807776470
2.262399911880	-0.002839088207
2.263999938965	-0.005071504507
2.265599966049	-0.005469440483
2.267199993134	-0.005044816528
2.268800020218	-0.003218144178
2.270400047302	-0.004914032295
2.271999835968	-0.005829232279
2.273599863052	-0.005868624430
2.275199890137	-0.003889856394
2.276799917221	-0.006578656379
2.278399944305	-0.005210528616
2.279999971390	-0.005303728394
2.281599998474	-0.004672016483
2.283200025558	-0.004856224172
2.284800052643	-0.004551136401
2.286399841309	-0.007605568506
2.287999868393	-0.006235952489
2.289599895477	-0.006618912797
2.291199922562	-0.004911456257
2.292799949646	-0.006014704239
2.294399976730	-0.004749472253
2.296000003815	-0.007035712712
2.297600030899	-0.005691744387
2.299200057983	-0.005502160639
2.300799846649	-0.003724976210
2.302399873734	-0.007083632518
2.303999900818	-0.005840912461
2.305599927902	-0.006296576466
2.307199954987	-0.004670752212
2.308799982071	-0.004983456340
2.310400009155	-0.006002624519
2.312000036240	-0.004647936206
2.313599824905	-0.004015984479
2.315199851990	-0.005743296351
2.316799879074	-0.004245776217
2.318399906158	-0.006844128482
2.319999933243	-0.006723584607
2.321599960327	-0.005090112332
2.323199987411	-0.005899312440
2.324800014496	-0.006030160468
2.326400041580	-0.005606416613
2.327999830246	-0.004434032366
2.329599857330	-0.004932272248
2.331199884415	-0.007563984487
2.332799911499	-0.004964736290
2.334399938583	-0.006204320583
2.335999965668	-0.004260368180
2.337599992752	-0.006695136428
2.339200019836	-0.005904480349
2.340800046921	-0.005678016692
2.342399835587	-0.003966272343
2.343999862671	-0.006483728532
2.345599889755	-0.004942528438
2.347199916840	-0.004705872387
2.348799943924	-0.005936144385
2.350399971008	-0.003602624405
2.351999998093	-0.004822000396
2.353600025177	-0.005375872366
2.355200052261	-0.004876832478
2.356799840927	-0.006400176324
2.358399868011	-0.005819088314
2.359999895096	-0.004817696288
2.361599922180	-0.004118816461
2.363199949265	-0.005408160388
2.364799976349	-0.004782112315
2.366400003433	-0.005323648453
2.368000030518	-0.005351504311
2.369600057602	-0.004265184514
2.371199846268	-0.005114544183
2.372799873352	-0.003529664362
2.374399900436	-0.005702336319
2.375999927521	-0.005379120354
2.377599954605	-0.006465408485
2.379199981689	-0.003794864286
2.380800008774	-0.005891936366
2.382400035858	-0.005034144502
2.383999824524	-0.005828736350
2.385599851608	-0.006490704603
2.387199878693	-0.005640592426
2.388799905777	-0.004975680262
2.390399932861	-0.006354224402
2.391999959946	-0.004039664287
2.393599987030	-0.006132336333
2.395200014114	-0.003059184179
2.396800041199	-0.004979264457
2.398399829865	-0.006041872315
2.399999856949	-0.004836448468
2.401599884033	-0.006456976756
2.403199911118	-0.005023808219
2.404799938202	-0.005783024710
2.406399965286	-0.004782432225
2.407999992371	-0.004601840395
2.409600019455	-0.004812336527
2.411200046539	-0.003816640237
2.412799835205	-0.004330384545
2.414399862289	-0.004960784223
2.415999889374	-0.005207760260
2.417599916458	-0.004339680541
2.419199943542	-0.005748064257
2.420799970627	-0.003664528253
2.422399997711	-0.006060848478
2.424000024796	-0.004686336499
2.425600051880	-0.005407584365
2.427199840546	-0.003483008360
2.428799867630	-0.005469728261
2.430399894714	-0.006734496448
2.431999921799	-0.006043424364
2.433599948883	-0.004964752588
2.435199975967	-0.006030992605
2.436800003052	-0.004853328224
2.438400030136	-0.004391648341
2.440000057220	-0.003323952202
2.441599845886	-0.006131472532
2.443199872971	-0.005752288271
2.444799900055	-0.004732752219
2.446399927139	-0.004871792626
2.447999954224	-0.007377456408
2.449599981308	-0.004307056312
2.451200008392	-0.005805552471
2.452800035477	-0.004633264616
2.454399824142	-0.006058928557
2.455999851227	-0.005271408241
2.457599878311	-0.005859104451
2.459199905396	-0.006726736668
2.460799932480	-0.004148400389
2.462399959564	-0.005992112681
2.463999986649	-0.007074496709
2.465600013733	-0.004638512153
2.467200040817	-0.004334464204
2.468799829483	-0.004764976446
2.470399856567	-0.005076192319
2.471999883652	-0.005309072323
2.473599910736	-0.005901104305
2.475199937820	-0.005686800461
2.476799964905	-0.005689520389
2.478399991989	-0.005114448257
2.480000019073	-0.005048832390
2.481600046158	-0.006784960628
2.483199834824	-0.005534384400
2.484799861908	-0.006566544529
2.486399888992	-0.005254880525
2.487999916077	-0.002883968176
2.489599943161	-0.006121904589
2.491199970245	-0.007327344734
2.492799997330	-0.004877296276
2.494400024414	-0.004942048341
2.496000051498	-0.003862096230
2.497599840164	-0.005837120581
2.499199867249	-0.004548416473
2.500799894333	-0.005172816571
2.502399921417	-0.004996528383
2.503999948502	-0.003574560396
2.505599975586	-0.005736400373
2.507200002670	-0.007150832564
2.508800029755	-0.005085920449
2.510399818420	-0.006958288606
2.511999845505	-0.003848784370
2.513599872589	-0.005776352715
2.515199899673	-0.004878640175
2.516799926758	-0.005434240215
2.518399953842	-0.006912000477
2.519999980927	-0.005942528602
2.521600008011	-0.005481840577
2.523200035095	-0.006429088302
2.524799823761	-0.003980912268
2.526399850845	-0.005699168425
2.527999877930	-0.005263472442
2.529599905014	-0.007684832439
2.531199932098	-0.005784160458
2.532799959183	-0.006132016424
2.534399986267	-0.004694496281
2.536000013351	-0.006969696376
2.537600040436	-0.005117760506
2.539199829102	-0.005693376530
2.540799856186	-0.004739488475
2.542399883270	-0.005633792374
2.543999910355	-0.005281872582
2.545599937439	-0.006068272516
2.547199964523	-0.003901856253
2.548799991608	-0.005849056412
2.550400018692	-0.005870064721
2.552000045776	-0.006594016682
2.553599834442	-0.004634272307
2.555199861526	-0.006402512547
2.556799888611	-0.005676032510
2.558399915695	-0.007049328648
2.559999942780	-0.004584176466
2.561599969864	-0.005911504384
2.563199996948	-0.005283376668
2.564800024033	-0.005815136246
2.566400051117	-0.005283408333
2.567999839783	-0.005868704524
2.569599866867	-0.006112496369
2.571199893951	-0.005656816531
2.572799921036	-0.005407792516
2.574399948120	-0.008414864540
2.575999975204	-0.005704848561
2.577600002289	-0.006586496718
2.579200029373	-0.006393568590
2.580799818039	-0.006861584727
2.582399845123	-0.007726128679
2.583999872208	-0.006015984342
2.585599899292	-0.006163392682
2.587199926376	-0.003624784295
2.588799953461	-0.006438656710
2.590399980545	-0.005300768651
2.592000007629	-0.006423520390
2.593600034714	-0.003666640259
2.595199823380	-0.004614608362
2.596799850464	-0.007210432552
2.598399877548	-0.003867616411
2.599999904633	-0.006149760447
2.601599931717	-0.006304816343
2.603199958801	-0.006247184705
2.604799985886	-0.005183968693
2.606400012970	-0.004876160529
2.608000040054	-0.007544304710
2.609599828720	-0.004770048428
2.611199855804	-0.005579376593
2.612799882889	-0.005065408535
2.614399909973	-0.004722432233
2.615999937057	-0.006260832306
2.617599964142	-0.005723168608
2.619199991226	-0.003702992341
2.620800018311	-0.003620432457
2.622400045395	-0.005716816522
2.623999834061	-0.005727920681
2.625599861145	-0.004247712437
2.627199888229	-0.004574640188
2.628799915314	-0.006941936444
2.630399942398	-0.005872816313
2.631999969482	-0.005812976509
2.633599996567	-0.007291776594
2.635200023651	-0.006527952384
2.636800050735	-0.006092704367
2.638399839401	-0.004603824578
2.639999866486	-0.007048512343
2.641599893570	-0.007074000780
2.643199920654	-0.004938288592
2.644799947739	-0.005398912355
2.646399974823	-0.006865264848
2.648000001907	-0.005092240404
2.649600028992	-0.006021120586
2.651199817657	-0.006480640732
2.652799844742	-0.006199344527
2.654399871826	-0.004500800278
2.655999898911	-0.006526384503
2.657599925995	-0.005861936603
2.659199953079	-0.005155904219
2.660799980164	-0.004720976576
2.662400007248	-0.008343280293
2.664000034332	-0.005793088581
2.665599822998	-0.004649200477
2.667199850082	-0.004731664434
2.668799877167	-0.005606000312
2.670399904251	-0.004292656202
2.671999931335	-0.005356992595
2.673599958420	-0.004015632439
2.675199985504	-0.005931392312
2.676800012589	-0.005327072460
2.678400039673	-0.005242576357
2.679999828339	-0.006354240701
2.681599855423	-0.005964128301
2.683199882507	-0.006196272559
2.684799909592	-0.006418816745
2.686399936676	-0.006425280590
2.687999963760	-0.005779024679
2.689599990845	-0.004491488449
2.691200017929	-0.007261600811
2.692800045013	-0.005843280349
2.694399833679	-0.005814224482
2.695999860764	-0.005951136351
2.697599887848	-0.005707216449
2.699199914932	-0.004553920589
2.700799942017	-0.007547280751
2.702399969101	-0.004828128498
2.703999996185	-0.006389632355
2.705600023270	-0.005689936690
2.707200050354	-0.005073376466
2.708799839020	-0.006128240377
2.710399866104	-0.006385840476
2.711999893188	-0.004760848358
2.713599920273	-0.005760848522
2.715199947357	-0.005934064277
2.716799974442	-0.005070160609
2.718400001526	-0.005908736493
2.720000028610	-0.004514624365
2.721599817276	-0.005908608437
2.723199844360	-0.005163168535
2.724799871445	-0.004872416612
2.726399898529	-0.005002016667
2.727999925613	-0.005940496456
2.729599952698	-0.006833072752
2.731199979782	-0.005529024638
2.732800006866	-0.005460016429
2.734400033951	-0.005142320413
2.735999822617	-0.005861536600
2.737599849701	-0.005456448533
2.739199876785	-0.004295120481
2.740799903870	-0.006450208370
2.742399930954	-0.004911872558
2.743999958038	-0.006107280497
2.745599985123	-0.004515616223
2.747200012207	-0.007499168627
2.748800039291	-0.003948160447
2.750399827957	-0.005194336642
2.751999855042	-0.008500224911
2.753599882126	-0.005775616504
2.755199909210	-0.006014640443
2.756799936295	-0.007062288467
2.758399963379	-0.004436224233
2.759999990463	-0.006342352368
2.761600017548	-0.006300704554
2.763200044632	-0.005452704616
2.764799833298	-0.005336528644
2.766399860382	-0.006719504483
2.767999887466	-0.003953920212
2.769599914551	-0.008077024482
2.771199941635	-0.004406576511
2.772799968719	-0.004979696590
2.774399995804	-0.006675872486
2.776000022888	-0.006135312375
2.777599811554	-0.005333600566
2.779199838638	-0.007934913039
2.780799865723	-0.004905520473
2.782399892807	-0.007413024548
2.783999919891	-0.005729040597
2.785599946976	-0.006310848519
2.787199974060	-0.003944992553
2.788800001144	-0.006782496348
2.790400028229	-0.005875216331
2.791999816895	-0.005610032473
2.793599843979	-0.005594080314
2.795199871063	-0.005868448410
2.796799898148	-0.006074496545
2.798399925232	-0.004311632365
2.799999952316	-0.004945984576
2.801599979401	-0.006662336644
2.803200006485	-0.006356624421
2.804800033569	-0.004698768258
2.806399822235	-0.005507920403
2.807999849319	-0.006484160665
2.809599876404	-0.004141120240
2.811199903488	-0.007517568767
2.812799930573	-0.005736592691
2.814399957657	-0.006025232375
2.815999984741	-0.004712400492
2.817600011826	-0.005655680317
2.819200038910	-0.006460336503
2.820799827576	-0.006226976402
2.822399854660	-0.005803632550
2.823999881744	-0.004421984311
2.825599908829	-0.005760320462
2.827199935913	-0.005600608420
2.828799962997	-0.006872784346
2.830399990082	-0.004882544279
2.832000017166	-0.005254656542
2.833600044250	-0.006410224363
2.835199832916	-0.007465264760
2.836799860001	-0.005048464518
2.838399887085	-0.005495968275
2.839999914169	-0.005940752570
2.841599941254	-0.006835280452
2.843199968338	-0.004955008626
2.844799995422	-0.007084336597
2.846400022507	-0.003983728122
2.847999811172	-0.006019520573
2.849599838257	-0.005079936236
2.851199865341	-0.005885776598
2.852799892426	-0.005688960664
2.854399919510	-0.006189312786
2.855999946594	-0.005081744399
2.857599973679	-0.006860752590
2.859200000763	-0.005999968387
2.860800027847	-0.006006768439
2.862399816513	-0.004293776583
2.863999843597	-0.006599728484
2.865599870682	-0.005476032384
2.867199897766	-0.006596656516
2.868799924850	-0.004908032250
2.870399951935	-0.005424080417
2.871999979019	-0.003903984325
2.873600006104	-0.005926032551
2.875200033188	-0.003816080280
2.876799821854	-0.005111600272
2.878399848938	-0.004726400599
2.879999876022	-0.005429184530
2.881599903107	-0.006177952513
2.883199930191	-0.006308400538
2.884799957275	-0.006049392745
2.886399984360	-0.006892224774
2.888000011444	-0.006206144579
2.889600038528	-0.006552800536
2.891199827194	-0.004836512264
2.892799854279	-0.006007488351
2.894399881363	-0.006148784421
2.895999908447	-0.005548384506
2.897599935532	-0.006352672353
2.899199962616	-0.006322368514
2.900799989700	-0.006662688684
2.902400016785	-0.006534960587
2.904000043869	-0.006620000582
2.905599832535	-0.007058400661
2.907199859619	-0.005756176542
2.908799886703	-0.004579360131
2.910399913788	-0.007036896888
2.911999940872	-0.006337392610
2.913599967957	-0.005880352575
2.915199995041	-0.007113728672
2.916800022125	-0.005479360465
2.918399810791	-0.007312016562
2.919999837875	-0.004777488299
2.921599864960	-0.006549152546
2.923199892044	-0.004829104524
2.924799919128	-0.006672640331
2.926399946213	-0.007169584744
2.927999973297	-0.004625520203
2.929600000381	-0.007016976364
2.931200027466	-0.006494816393
2.932799816132	-0.005745440722
2.934399843216	-0.005549824331
2.935999870300	-0.006014304701
2.937599897385	-0.006155936513
2.939199924469	-0.008151456714
2.940799951553	-0.005370992236
2.942399978638	-0.006238848437
2.944000005722	-0.007443504408
2.945600032806	-0.005256864708
2.947199821472	-0.005061600357
2.948799848557	-0.005260048434
2.950399875641	-0.003935632296
2.951999902725	-0.005781648681
2.953599929810	-0.005850272253
2.955199956894	-0.007449024823
2.956799983978	-0.006108928472
2.958400011063	-0.005623216275
2.960000038147	-0.005761584733
2.961599826813	-0.006769824773
2.963199853897	-0.006354432553
2.964799880981	-0.005093344487
2.966399908066	-0.005429760553
2.967999935150	-0.006413984578
2.969599962234	-0.004873568192
2.971199989319	-0.006225312594
2.972800016403	-0.004405152518
2.974400043488	-0.006381760351
2.975999832153	-0.006030752324
2.977599859238	-0.006795216352
2.979199886322	-0.006956592668
2.980799913406	-0.005173344631
2.982399940491	-0.003028592328
2.983999967575	-0.008971745148
2.985599994659	-0.006112048402
2.987200021744	-0.005858320743
2.988799810410	-0.004561712500
2.990399837494	-0.006062752567
2.991999864578	-0.005701184273
2.993599891663	-0.005535216536
2.995199918747	-0.006150576286
2.996799945831	-0.006334032398
2.998399972916	-0.004057088401
3.000000000000	-0.005754432641
3.001600027084	-0.005367088597
3.003199815750	-0.006311280653
3.004799842834	-0.004631456453
3.006399869919	-0.006998016499
3.007999897003	-0.006745088380
3.009599924088	-0.005506176502
3.011199951172	-0.005372608546
3.012799978256	-0.007283824496
3.014400005341	-0.005366000347
3.016000032425	-0.006503712386
3.017599821091	-0.007210352458
3.019199848175	-0.005698112305
3.020799875259	-0.005841232371
3.022399902344	-0.005828912370
3.023999929428	-0.005791232456
3.025599956512	-0.006280752365
3.027199983597	-0.007028944790
3.028800010681	-0.006253488362
3.030400037766	-0.005702016409
3.031999826431	-0.006311088335
3.033599853516	-0.006452736445
3.035199880600	-0.005623248406
3.036799907684	-0.006786144804
3.038399934769	-0.005969040561
3.039999961853	-0.004744416568
3.041599988937	-0.005634528585
3.043200016022	-0.007133696694
3.044799804687	-0.007475616410
3.046399831772	-0.006284848321
3.047999858856	-0.005212752614
3.049599885941	-0.006554016378
3.051199913025	-0.005530192517
3.052799940109	-0.005268000532
3.054399967194	-0.006995920558
3.055999994278	-0.005922976416
3.057600021362	-0.008200272918
3.059199810028	-0.006009552628
3.060799837112	-0.006335344631
3.062399864197	-0.007023504470
3.063999891281	-0.005892208312
3.065599918365	-0.006048016716
3.067199945450	-0.005578032229
3.068799972534	-0.004707808141
3.070399999619	-0.005517024547
3.072000026703	-0.006946576759
3.073599815369	-0.005049472675
3.075199842453	-0.004828736186
3.076799869537	-0.005390528589
3.078399896622	-0.004830032587
3.079999923706	-0.004047504161
3.081599950790	-0.006693872623
3.083199977875	-0.005227936432
3.084800004959	-0.005465440452
3.086400032043	-0.003444464179
3.087999820709	-0.007939200848
3.089599847794	-0.005521472543
3.091199874878	-0.007154752500
3.092799901962	-0.005382192321
3.094399929047	-0.006540176459
3.095999956131	-0.005323648453
3.097599983215	-0.007208032534
3.099200010300	-0.004626992159
3.100800037384	-0.005893264432
3.102399826050	-0.005483040586
3.103999853134	-0.007325120736
3.105599880219	-0.007099696435
3.107199907303	-0.005971584469
3.108799934387	-0.008124944754
3.110399961472	-0.008069360629
3.111999988556	-0.005791424308
3.113600015640	-0.005569440313
3.115199804306	-0.005986544304
3.116799831390	-0.006628992502
3.118399858475	-0.004574672319
3.119999885559	-0.006011440419
3.121599912643	-0.006506240461
3.123199939728	-0.005579760298
3.124799966812	-0.005734240636
3.126399993896	-0.007271504495
3.128000020981	-0.005207728595
3.129599809647	-0.006757056806
3.131199836731	-0.005487168673
3.132799863815	-0.007520816755
3.134399890900	-0.006447072607
3.135999917984	-0.006720128469
3.137599945068	-0.005952512380
3.139199972153	-0.006683936343
3.140799999237	-0.007057056762
3.142400026321	-0.005986320321
3.143999814987	-0.006989168469
3.145599842072	-0.006095760502
3.147199869156	-0.004687968176
3.148799896240	-0.006441184785
3.150399923325	-0.005515744444
3.151999950409	-0.007388464641
3.153599977493	-0.005368848331
3.155200004578	-0.006506496575
3.156800031662	-0.007338336669
3.158399820328	-0.007961584255
3.159999847412	-0.005314848386
3.161599874496	-0.006478592753
3.163199901581	-0.005957488436
3.164799928665	-0.005728816614
3.166399955750	-0.005449232645
3.167999982834	-0.006120688282
3.169600009918	-0.005939504597
3.171200037003	-0.006095504388
3.172799825668	-0.005141840316
3.174399852753	-0.004983792547
3.175999879837	-0.006370208692
3.177599906921	-0.006035760511
3.179199934006	-0.007450864650
3.180799961090	-0.003757312428
3.182399988174	-0.006899088621
3.184000015259	-0.006104672328
3.185599803925	-0.007395808585
3.187199831009	-0.005825136323
3.188799858093	-0.007142960560
3.190399885178	-0.004574160557
3.191999912262	-0.006378608756
3.193599939346	-0.006518288516
3.195199966431	-0.006417488679
3.196799993515	-0.005655104294
3.198400020599	-0.005008048378
3.199999809265	-0.006826480385
3.201599836349	-0.006697072648
3.203199863434	-0.005498864688
3.204799890518	-0.007117536385
3.206399917603	-0.004939056467
3.207999944687	-0.006687104702
3.209599971771	-0.005015472416
3.211199998856	-0.006036096718
3.212800025940	-0.005385584664
3.214399814606	-0.006566304713
3.215999841690	-0.006947440561
3.217599868774	-0.006144656334
3.219199895859	-0.004950240254
3.220799922943	-0.004943840206
3.222399950027	-0.004796352237
3.223999977112	-0.005262480583
3.225600004196	-0.005910880398
3.227200031281	-0.007435296662
3.228799819946	-0.006106000394
3.230399847031	-0.005767200608
3.231999874115	-0.007139216643
3.233599901199	-0.004884368274
3.235199928284	-0.005701536313
3.236799955368	-0.007169936784
3.238399982452	-0.006215872709
3.240000009537	-0.005721728317
3.241600036621	-0.005399120506
3.243199825287	-0.007372912485
3.244799852371	-0.008347712457
3.246399879456	-0.004793472588
3.247999906540	-0.005299808457
3.249599933624	-0.006148784421
3.251199960709	-0.005459216423
3.252799987793	-0.007024640683
3.254400014877	-0.005563088693
3.255999803543	-0.006963920780
3.257599830627	-0.005830096547
3.259199857712	-0.004451056477
3.260799884796	-0.006986480672
3.262399911880	-0.005943824537
3.263999938965	-0.006614576560
3.265599966049	-0.006325440481
3.267199993134	-0.006139824633
3.268800020218	-0.005173520651
3.270399808884	-0.005570976529
3.271999835968	-0.005923696328
3.273599863052	-0.004952272400
3.275199890137	-0.006629472598
3.276799917221	-0.007864240557
3.278399944305	-0.008017120883
3.279999971390	-0.005063712597
3.281599998474	-0.006123408675
3.283200025558	-0.006706080399
3.284799814224	-0.006782992743
3.286399841309	-0.008008336648
3.287999868393	-0.007615632378
3.289599895477	-0.006874704733
3.291199922562	-0.005685504526
3.292799949646	-0.005015024450
3.294399976730	-0.005741712637
3.296000003815	-0.007185456809
3.297600030899	-0.007070784457
3.299199819565	-0.006936752703
3.300799846649	-0.006099968683
3.302399873734	-0.005330912303
3.303999900818	-0.004422480240
3.305599927902	-0.006242304575
3.307199954987	-0.005643968470
3.308799982071	-0.005781408399
3.310400009155	-0.005984048359
3.311999797821	-0.005942752585
3.313599824905	-0.006424848456
3.315199851990	-0.005984720774
3.316799879074	-0.005562400445
3.318399906158	-0.005694560241
3.319999933243	-0.004830784630
3.321599960327	-0.007444976829
3.323199987411	-0.005095248576
3.324800014496	-0.007686752826
3.326399803162	-0.006203088444
3.327999830246	-0.005330192391
3.329599857330	-0.006580272689
3.331199884415	-0.006988224573
3.332799911499	-0.004770928528
3.334399938583	-0.006682480685
3.335999965668	-0.007072672714
3.337599992752	-0.009151296690
3.339200019836	-0.005462512374
3.340799808502	-0.006790656596
3.342399835587	-0.005729040597
3.343999862671	-0.007081216667
3.345599889755	-0.005048480351
3.347199916840	-0.005368112586
3.348799943924	-0.004614400212
3.350399971008	-0.006090352312
3.351999998093	-0.006487408653
3.353600025177	-0.006423936691
3.355199813843	-0.006680096500
3.356799840927	-0.007014064584
3.358399868011	-0.005630208645
3.359999895096	-0.007017968688
3.361599922180	-0.006684624590
3.363199949265	-0.008198400959
3.364799976349	-0.007019104436
3.366400003433	-0.007601376623
3.368000030518	-0.006070816424
3.369599819183	-0.006976640318
3.371199846268	-0.006434208713
3.372799873352	-0.005454288330
3.374399900436	-0.005630480591
3.375999927521	-0.006743648555
3.377599954605	-0.006700336467
3.379199981689	-0.006223136559
3.380800008774	-0.005331808235
3.382399797440	-0.007474800572
3.383999824524	-0.005842432380
3.385599851608	-0.005747104529
3.387199878693	-0.006646048743
3.388799905777	-0.005112816580
3.390399932861	-0.005663488526
3.391999959946	-0.005309584551
3.393599987030	-0.006581280380
3.395200014114	-0.007197488565
3.396799802780	-0.005900336429
3.398399829865	-0.005361600313
3.399999856949	-0.006658752449
3.401599884033	-0.006541376468
3.403199911118	-0.006804800592
3.404799938202	-0.006084496621
3.406399965286	-0.006139168516
3.407999992371	-0.006821712479
3.409600019455	-0.007247536443
3.411199808121	-0.006045008544
3.412799835205	-0.008036192507
3.414399862289	-0.007369968574
3.415999889374	-0.008022912778
3.417599916458	-0.005167936441
3.419199943542	-0.006159168668
3.420799970627	-0.005882576574
3.422399997711	-0.006063728593
3.424000024796	-0.003956800327
3.425599813461	-0.007370048668
3.427199840546	-0.006264704745
3.428799867630	-0.007184304763
3.430399894714	-0.005325520411
3.431999921799	-0.006270720623
3.433599948883	-0.007056480739
3.435199975967	-0.006488848478
3.436800003052	-0.005355232395
3.438400030136	-0.005647296552
3.439999818802	-0.002892480232
3.441599845886	-0.006235536654
3.443199872971	-0.005674400367
3.444799900055	-0.006735744420
3.446399927139	-0.003813632298
3.447999954224	-0.007464544848
3.449599981308	-0.006524560507
3.451200008392	0.009412656538
