0.000000000000	0.017580449581
0.001599999960	0.019025618210
0.003199999919	0.016693664715
0.004799999762	0.019081521779
0.006399999838	0.015599872917
0.007999999449	0.015544913709
0.009599999525	0.017806146294
0.011199999601	0.016861073673
0.012799999677	0.016716273502
0.014399999753	0.015064544976
0.015999998897	0.014320353046
0.017599999905	0.013395440765
0.019199999049	0.013759696856
0.020800000057	0.017530992627
0.022399999201	0.012919792905
0.024000000209	0.012634096667
0.025599999353	0.013089696877
0.027199998498	0.013994129375
0.028799999505	0.013372048736
0.030399998650	0.013058656827
0.031999997795	0.011943552643
0.033599998802	0.012501665391
0.035199999809	0.012622289360
0.036800000817	0.011944784783
0.038399998099	0.011815153062
0.039999999106	0.011821553111
0.041600000113	0.012611441314
0.043199997395	0.011447552592
0.044799998403	0.011544193141
0.046399999410	0.011918753386
0.048000000417	0.013750737533
0.049599997699	0.013331537135
0.051199998707	0.011632433161
0.052799999714	0.010953969322
0.054399996996	0.011316817254
0.055999998003	0.010192641057
0.057599999011	0.012596976943
0.059200000018	0.010451761074
0.060799997300	0.011630352587
0.062399998307	0.009959665127
0.063999995589	0.011877616867
0.065600000322	0.010844033211
0.067199997604	0.010305472650
0.068799994886	0.012750064954
0.070399999619	0.011556320824
0.071999996901	0.011306480505
0.073600001633	0.011664048769
0.075199998915	0.009083792567
0.076799996197	0.010436768644
0.078400000930	0.010073504411
0.079999998212	0.009569040500
0.081599995494	0.008516401052
0.083200000226	0.009262640961
0.084799997509	0.011190433055
0.086399994791	0.009097969159
0.087999999523	0.009698512964
0.089599996805	0.009299040772
0.091199994087	0.011792608537
0.092799998820	0.010144560598
0.094399996102	0.010267617181
0.096000000834	0.011796512641
0.097599998116	0.010282641277
0.099199995399	0.008771681227
0.100800000131	0.010104272515
0.102399997413	0.009399040602
0.103999994695	0.008240528405
0.105599999428	0.008358464576
0.107199996710	0.007905168459
0.108799993992	0.008676944301
0.110399998724	0.007601504680
0.111999996006	0.010072737001
0.113600000739	0.010257680900
0.115199998021	0.009304896928
0.116799995303	0.009439680725
0.118400000036	0.008746064268
0.119999997318	0.009316416457
0.121599994600	0.010019873269
0.123199999332	0.010252560489
0.124799996614	0.009324832819
0.126399993896	0.008581216447
0.127999991179	0.009637488984
0.129600003362	0.009751936421
0.131200000644	0.008903601207
0.132799997926	0.009327632375
0.134399995208	0.008508912288
0.135999992490	0.008008481003
0.137599989772	0.007268128451
0.139200001955	0.007838016376
0.140799999237	0.006915520411
0.142399996519	0.007270080503
0.143999993801	0.010726992972
0.145599991083	0.007464192808
0.147200003266	0.008230464533
0.148800000548	0.009507440962
0.150399997830	0.006110912655
0.151999995112	0.008145072497
0.153599992394	0.008506864309
0.155199989676	0.007757376879
0.156800001860	0.006842688657
0.158399999142	0.008348048665
0.159999996424	0.007843776606
0.161599993706	0.009464416653
0.163199990988	0.005888768472
0.164800003171	0.007166288793
0.166400000453	0.007048672531
0.167999997735	0.007829440758
0.169599995017	0.008497376926
0.171199992299	0.007831552997
0.172799989581	0.008848864585
0.174400001764	0.008866464719
0.175999999046	0.008008033037
0.177599996328	0.008314896375
0.179199993610	0.007578640711
0.180799990892	0.007830368355
0.182399988174	0.008081248961
0.184000000358	0.004834672436
0.185599997640	0.006578928325
0.187199994922	0.008282736875
0.188799992204	0.007525488734
0.190399989486	0.007145296782
0.192000001669	0.007413072512
0.193599998951	0.006059632637
0.195199996233	0.008365072310
0.196799993515	0.008461601101
0.198399990797	0.007230240386
0.199999988079	0.007950112224
0.201600000262	0.008604752831
0.203199997544	0.008696672507
0.204799994826	0.007360416465
0.206399992108	0.006643488538
0.207999989390	0.004940800369
0.209600001574	0.006757280789
0.211199998856	0.006878720596
0.212799996138	0.006429120433
0.214399993420	0.006974416785
0.215999990702	0.008056192659
0.217599987984	0.006802480668
0.219200000167	0.008205648512
0.220799997449	0.007997936569
0.222399994731	0.006435200572
0.223999992013	0.005669280421
0.225599989295	0.008003168739
0.227200001478	0.006986384746
0.228799998760	0.005644112360
0.230399996042	0.007182784379
0.231999993324	0.006283648778
0.233599990606	0.006621136796
0.235199987888	0.007038576528
0.236800000072	0.005926976446
0.238399997354	0.006745408755
0.239999994636	0.008258896880
0.241599991918	0.007099152543
0.243199989200	0.007661200594
0.244799986482	0.006671008654
0.246399998665	0.007980449125
0.247999995947	0.005936992355
0.249599993229	0.006959408522
0.251199990511	0.008284192532
0.252799987793	0.006526064593
0.254399985075	0.005535728298
0.255999982357	0.006758656353
0.257599979639	0.003973792307
0.259200006723	0.005850736517
0.260800004005	0.006524592638
0.262400001287	0.005813392345
0.263999998569	0.005364112556
0.265599995852	0.005543952342
0.267199993134	0.006751392502
0.268799990416	0.006033776328
0.270399987698	0.005497296341
0.271999984980	0.006283104420
0.273599982262	0.006671904586
0.275199979544	0.006969248410
0.276800006628	0.005181264598
0.278400003910	0.006027760450
0.280000001192	0.005164528266
0.281599998474	0.006442480721
0.283199995756	0.004050240386
0.284799993038	0.006487488281
0.286399990320	0.005219856277
0.287999987602	0.004304304253
0.289599984884	0.006364656612
0.291199982166	0.006819296628
0.292799979448	0.006195952650
0.294400006533	0.007290704641
0.296000003815	0.005094272550
0.297600001097	0.006161840633
0.299199998379	0.005284144543
0.300799995661	0.006206144579
0.302399992943	0.006202928256
0.303999990225	0.005181584507
0.305599987507	0.006132256705
0.307199984789	0.004604448564
0.308799982071	0.004253712483
0.310399979353	0.005710976664
0.312000006437	0.004314336460
0.313600003719	0.005852720700
0.315200001001	0.005915072281
0.316799998283	0.004202192184
0.318399995565	0.005606224295
0.319999992847	0.006621040404
0.321599990129	0.006148576271
0.323199987411	0.006002528593
0.324799984694	0.007715008687
0.326399981976	0.004732192494
0.327999979258	0.002492592204
0.329600006342	0.006322624628
0.331200003624	0.004334672354
0.332800000906	0.004925744608
0.334399998188	0.005142928567
0.335999995470	0.004576240201
0.337599992752	0.003310656175
0.339199990034	0.005666064564
0.340799987316	0.004232864361
0.342399984598	0.004328048322
0.343999981880	0.005608080421
0.345599979162	0.004920400213
0.347199976444	0.003952064086
0.348800003529	0.005660064518
0.350400000811	0.003615216352
0.351999998093	0.006597824395
0.353599995375	0.004509568214
0.355199992657	0.003523504362
0.356799989939	0.005230528302
0.358399987221	0.005492128432
0.359999984503	0.005616016220
0.361599981785	0.004814704414
0.363199979067	0.004447696265
0.364799976349	0.006380576640
0.366400003433	0.005610384513
0.368000000715	0.005243200343
0.369599997997	0.007007280365
0.371199995279	0.006802592427
0.372799992561	0.006936464459
0.374399989843	0.005824432708
0.375999987125	0.003355520312
0.377599984407	0.004789024591
0.379199981689	0.005457376596
0.380799978971	0.004865248222
0.382399976254	0.005192032550
0.384000003338	0.004002064466
0.385600000620	0.005572592374
0.387199997902	0.004112080205
0.388799995184	0.005336656235
0.390399992466	0.006359536666
0.391999989748	0.002984720282
0.393599987030	0.004996784497
0.395199984312	0.005235920195
0.396799981594	0.004935776349
0.398399978876	0.003671984421
0.399999976158	0.005277360324
0.401600003242	0.004408976529
0.403200000525	0.004993936513
0.404799997807	0.004753696267
0.406399995089	0.002487504156
0.407999992371	0.004825872369
0.409599989653	0.003829744412
0.411199986935	0.004105936270
0.412799984217	0.005248048343
0.414399981499	0.004515424371
0.415999978781	0.005573616363
0.417599976063	0.004674496595
0.419200003147	0.004949184135
0.420800000429	0.004334528465
0.422399997711	0.003555504372
0.423999994993	0.005848064553
0.425599992275	0.002621168271
0.427199989557	0.004417392425
0.428799986839	0.004961552564
0.430399984121	0.003822192317
0.431999981403	0.003237792291
0.433599978685	0.003962016199
0.435199975967	0.002513360232
0.436800003052	0.003914448433
0.438400000334	0.002927920315
0.439999997616	0.004602800123
0.441599994898	0.004619456362
0.443199992180	0.005197232589
0.444799989462	0.004639312625
0.446399986744	0.004773632623
0.447999984026	0.003337360220
0.449599981308	0.006335808430
0.451199978590	0.004164960235
0.452799975872	0.004607680254
0.454400002956	0.004370400216
0.456000000238	0.004492256325
0.457599997520	0.002923696302
0.459199994802	0.004309408367
0.460799992085	0.003457664279
0.462399989367	0.002089872025
0.463999986649	0.002825360280
0.465599983931	0.004038848449
0.467199981213	0.002909424249
0.468799978495	0.002305776114
0.470399975777	0.003747840179
0.472000002861	0.005560352467
0.473600000143	0.003637168324
0.475199997425	0.003286704188
0.476799994707	0.003885136219
0.478399991989	0.002092064125
0.479999989271	0.005799840670
0.481599986553	0.003456944367
0.483199983835	0.003385952208
0.484799981117	0.003068560269
0.486399978399	0.002324400237
0.487999975681	0.003572320333
0.489599972963	0.001539664110
0.491200000048	0.004040880129
0.492799997330	0.004329504445
0.494399994612	0.002598368097
0.495999991894	0.002790480154
0.497599989176	0.003389504272
0.499199986458	0.003086544340
0.500800013542	0.003991792444
0.502399981022	0.003099664347
0.504000008106	0.003535984317
0.505599975586	0.004216368310
0.507200002670	0.002861776156
0.508799970150	0.003033600282
0.510399997234	0.002635184210
0.511999964714	0.000920384075
0.513599991798	0.003355360124
0.515199959278	0.003345280420
0.516799986362	0.003353440203
0.518400013447	0.004705968313
0.519999980927	0.002058096230
0.521600008011	0.004373344127
0.523199975491	0.003910752479
0.524800002575	0.003809568239
0.526399970055	0.003623536322
0.527999997139	0.002867248375
0.529599964619	0.004348480608
0.531199991703	0.002345424145
0.532799959183	0.003155872226
0.534399986267	0.003059184179
0.536000013351	0.002383552259
0.537599980831	0.002266976284
0.539200007915	0.002545936266
0.540799975395	0.003415712155
0.542400002480	0.000701408077
0.543999969959	0.004324096255
0.545599997044	0.003449072363
0.547199964523	0.003429552307
0.548799991608	0.002205728088
0.550399959087	0.003019680269
0.551999986172	0.004260032438
0.553600013256	0.002551008249
0.555199980736	0.003253056202
0.556800007820	0.003326672362
0.558399975300	0.002345904242
0.560000002384	0.003251504153
0.561599969864	0.003105664160
0.563199996948	0.005367440637
0.564799964428	0.001482192194
0.566399991512	0.003581136232
0.567999958992	0.003130192170
0.569599986076	0.002468112158
0.571200013161	0.002637968166
0.572799980640	0.003144080285
0.574400007725	0.003644560231
0.575999975204	0.002781616291
0.577600002289	0.002634784207
0.579199969769	0.001932848128
0.580799996853	0.001293568057
0.582399964333	0.001680880086
0.583999991417	0.001103584073
0.585599958897	0.001431072131
0.587199985981	0.002371936338
0.588800013065	0.003628448350
0.590399980545	0.001104656025
0.592000007629	0.002140032127
0.593599975109	0.002649440197
0.595200002193	0.001936688204
0.596799969673	0.004324304406
0.598399996758	0.003503440181
0.599999964237	0.005037424620
0.601599991322	0.002833104227
0.603199958801	0.003235424170
0.604799985886	0.003463936271
0.606400012970	0.003077776171
0.607999980450	0.001465776237
0.609600007534	0.001224464155
0.611199975014	0.002828848315
0.612800002098	0.002317488194
0.614399969578	0.002623776207
0.615999996662	0.003599824384
0.617599964142	0.002585616196
0.619199991226	0.001804448199
0.620799958706	0.002170400228
0.622399985790	0.004987568595
0.624000012875	0.003402032191
0.625599980354	0.001906544203
0.627200007439	0.002808544319
0.628799974918	0.001185408095
0.630400002003	0.001850416185
0.631999969482	0.003100272268
0.633599996567	0.001886672108
0.635199964046	0.000925520144
0.636799991131	0.002357824240
0.638399958611	0.003334784182
0.639999985695	0.000896304089
0.641600012779	0.003368704347
0.643199980259	0.002911488293
0.644800007343	0.002838576213
0.646399974823	0.001850752160
0.648000001907	0.002044656081
0.649599969387	0.002707600128
0.651199996471	0.002964576241
0.652799963951	0.001922832103
0.654399991035	0.001275120070
0.655999958515	0.001919408212
0.657599985600	0.002100288169
0.659200012684	0.002013808116
0.660799980164	0.004010928329
0.662400007248	0.000601248059
0.663999974728	0.000530016026
0.665600001812	0.001231376082
0.667199969292	0.001803264138
0.668799996376	0.002315952210
0.670399963856	0.002780032111
0.671999990940	0.003842112375
0.673599958420	0.001643488184
0.675199985504	0.002570640296
0.676800012589	0.000500832044
0.678399980068	0.000321600033
0.680000007153	0.002093760064
0.681599974632	0.002076912206
0.683200001717	0.001500272076
0.684799969196	0.001493904158
0.686399996281	0.002022320172
0.687999963760	0.001233296120
0.689599990845	0.002887872281
0.691199958324	0.002730560256
0.692799985409	0.001755152130
0.694399952888	0.002632368123
0.695999979973	0.002386960201
0.697600007057	0.002280656248
0.699199974537	0.002186912112
0.700800001621	0.002444768324
0.702399969101	0.001377488137
0.703999996185	0.000786256045
0.705599963665	0.001040880103
0.707199990749	0.001467840164
0.708799958229	0.001366656157
0.710399985313	0.000383856066
0.711999952793	0.000143120051
0.713599979877	0.000760144088
0.715200006962	0.000657920085
0.716799974442	0.001910432125
0.718400001526	0.000352592033
0.719999969006	0.002767712343
0.721599996090	0.003408448305
0.723199963570	0.001205168082
0.724799990654	0.002942320192
0.726399958134	0.001870048116
0.727999985218	0.000724944111
0.729599952698	0.003115712199
0.731199979782	0.003007440129
0.732800006866	0.001873968169
0.734399974346	0.000834704028
0.736000001431	0.000182703996
0.737599968910	0.001298416057
0.739199995995	0.000833648082
0.740799963474	0.002334848279
0.742399990559	0.001217920100
0.743999958038	0.001877152128
0.745599985123	0.000893520075
0.747199952602	0.001723104157
0.748799979687	0.003147216281
0.750400006771	0.001937072142
0.751999974251	0.000545072020
0.753600001335	0.000924064079
0.755199968815	0.001604624093
0.756799995899	0.000675152056
0.758399963379	0.000000832013
0.759999990463	0.001914112130
0.761599957943	0.000856816070
0.763199985027	0.000320320018
0.764799952507	0.001816096134
0.766399979591	0.000962432066
0.768000006676	0.001067024074
0.769599974155	0.001265040133
0.771200001240	0.002935808152
0.772799968719	0.000697120035
0.774399995804	0.001580272103
0.775999963284	0.002159696072
0.777599990368	0.001667456119
0.779199957848	0.000539216038
0.780799984932	0.003243712243
0.782399952412	0.000006864037
0.783999979496	-0.000203135991
0.785600006580	0.001367968041
0.787199974060	0.000882240070
0.788800001144	0.001037824084
0.790399968624	0.001874960144
0.791999995708	0.002136144089
0.793599963188	0.002158912132
0.795199990273	0.000646464061
0.796799957752	0.002689664252
0.798399984837	0.000345456036
0.799999952316	0.002786752302
0.801599979401	0.000983952079
0.803200006485	0.002614480210
0.804799973965	0.000826496107
0.806400001049	0.000272896054
0.807999968529	0.001959312242
0.809599995613	0.000533552084
0.811199963093	0.000319504004
0.812799990177	-0.000359248050
0.814399957657	0.001277584117
0.815999984741	0.001561072073
0.817599952221	-0.000514912012
0.819199979305	0.001855600160
0.820800006390	0.002635968151
0.822399973869	0.000880592095
0.824000000954	0.001125824056
0.825599968433	0.000548480079
0.827199995518	0.000786960067
0.828799962997	-0.001229840098
0.830399990082	0.001923104166
0.831999957561	-0.000779936032
0.833599984646	-0.001827232190
0.835199952126	0.001088832156
0.836799979210	0.000771824038
0.838400006294	0.001058480120
0.839999973774	0.000851104036
0.841600000858	0.002308880212
0.843199968338	0.001041632029
0.844799995422	0.001169008086
0.846399962902	0.001663008123
0.847999989986	0.001223520027
0.849599957466	0.002054208191
0.851199984550	0.000314192002
0.852799952030	0.002105488209
0.854399979115	-0.000435472059
0.856000006199	0.000900592015
0.857599973679	0.001299136202
0.859200000763	0.000535232015
0.860799968243	0.000446384045
0.862399995327	-0.000795344065
0.863999962807	0.000914944103
0.865599989891	0.000206224009
0.867199957371	-0.000658208097
0.868799984455	0.000740144111
0.870399951935	0.000665552041
0.871999979019	0.000211840059
0.873600006104	0.000158480034
0.875199973583	0.001932640094
0.876800000668	0.001437952043
0.878399968147	0.000146239981
0.879999995232	0.001426304108
0.881599962711	-0.001054608030
0.883199989796	0.000058831993
0.884799957275	0.001194160082
0.886399984360	-0.001029408188
0.887999951839	0.001319152070
0.889599978924	-0.001638720161
0.891200006008	0.001311184140
0.892799973488	0.000838048058
0.894400000572	0.000499568006
0.895999968052	0.001494736061
0.897599995136	-0.000466768019
0.899199962616	0.000693584036
0.900799989700	-0.000478544069
0.902399957180	-0.000824832125
0.903999984264	0.000446480000
0.905599951744	-0.002464080229
0.907199978828	0.000033472006
0.908800005913	-0.000607840077
0.910399973392	-0.001132720034
0.912000000477	0.000363232102
0.913599967957	-0.000252864003
0.915199995041	0.000153807996
0.916799962521	0.002244464122
0.918399989605	0.000922688050
0.919999957085	0.001013184083
0.921599984169	0.000252064026
0.923199951649	0.000166975966
0.924799978733	0.000684976054
0.926400005817	0.000854176062
0.927999973297	0.001235872041
0.929600000381	-0.000288256037
0.931199967861	-0.001336928108
0.932799994946	0.000533520011
0.934399962425	0.000610848074
0.935999989510	-0.000206767989
0.937599956989	0.000685136067
0.939199984074	0.000890416093
0.940799951553	-0.000242608061
0.942399978638	-0.001467584167
0.944000005722	0.000308624032
0.945599973202	0.001205328153
0.947200000286	-0.000100288024
0.948799967766	-0.000528880046
0.950399994850	0.000708288106
0.951999962330	-0.000869568088
0.953599989414	-0.000291264034
0.955199956894	-0.000094063987
0.956799983978	-0.000008704026
0.958399951458	-0.001311232103
0.959999978542	-0.000632399984
0.961599946022	-0.000834096107
0.963199973106	0.000759584073
0.964800000191	-0.001544880099
0.966399967670	-0.000344975968
0.967999994755	0.000981296063
0.969599962234	-0.000251199992
0.971199989319	0.000097071978
0.972799956799	-0.000116960015
0.974399983883	0.000244832016
0.975999951363	0.001758528175
0.977599978447	-0.000587408023
0.979199945927	0.000186736012
0.980799973011	0.000754640088
0.982400000095	-0.000227616038
0.983999967575	-0.001418864122
0.985599994659	-0.001226736116
0.987199962139	-0.001026176149
0.988799989223	-0.001489264076
0.990399956703	-0.002050560201
0.991999983788	0.001948224148
0.993599951267	0.001371600083
0.995199978352	-0.000071824012
0.996799945831	0.001270160079
0.998399972916	0.000956944074
1.000000000000	-0.000495584041
1.001600027084	0.000146080012
1.003199934959	0.000185632045
1.004799962044	-0.000241680056
1.006399989128	-0.001273584086
1.008000016212	-0.000054831966
1.009599924088	-0.001195936115
1.011199951172	-0.001393792103
1.012799978256	0.000260015979
1.014400005341	-0.000111296024
1.016000032425	-0.001258928096
1.017599940300	-0.001190816169
1.019199967384	0.001534448122
1.020799994469	-0.001157584134
1.022400021553	-0.000688768050
1.023999929428	-0.000161296033
1.025599956512	-0.000553312013
1.027199983597	0.000170608007
1.028800010681	-0.001011568122
1.030399918556	-0.001457056147
1.031999945641	-0.000912416086
1.033599972725	-0.001039920026
1.035199999809	0.000035232028
1.036800026894	-0.001342624077
1.038399934769	-0.001462000189
1.039999961853	-0.001299216063
1.041599988937	0.000386016007
1.043200016022	0.000252688071
1.044799923897	-0.000377168035
1.046399950981	0.000080271995
1.047999978065	-0.001000208082
1.049600005150	-0.000676800031
1.051200032234	-0.000389760069
1.052799940109	0.001334912144
1.054399967194	-0.000213120031
1.055999994278	-0.000696111994
1.057600021362	0.000250656012
1.059199929237	-0.000873920100
1.060799956322	-0.001534304116
1.062399983406	-0.001192528056
1.064000010490	-0.001799440128
1.065599918365	-0.001067008125
1.067199945450	0.000364000007
1.068799972534	-0.001157024060
1.070399999619	-0.000882256078
1.072000026703	-0.001416784129
1.073599934578	-0.001831648173
1.075199961662	-0.000961200101
1.076799988747	-0.001467040158
1.078400015831	0.000345040025
1.079999923706	-0.001806096174
1.081599950790	-0.002284992253
1.083199977875	-0.000777904061
1.084800004959	-0.003347600345
1.086400032043	-0.000407440006
1.087999939919	-0.000341568055
1.089599967003	-0.001049152110
1.091199994087	-0.000886512047
1.092800021172	0.000073055991
1.094399929047	-0.000158048031
1.095999956131	0.000188000035
1.097599983215	-0.000852720055
1.099200010300	-0.000745376048
1.100799918175	-0.001428848132
1.102399945259	-0.001511264127
1.103999972343	-0.001916144160
1.105599999428	-0.000843952061
1.107200026512	0.000054560009
1.108799934387	-0.001034176094
1.110399961472	-0.001677056192
1.111999988556	-0.000898208062
1.113600015640	-0.002753280336
1.115199923515	-0.001463152119
1.116799950600	-0.000158623996
1.118399977684	-0.000369199988
1.120000004768	-0.000610944058
1.121599912643	-0.000277135987
1.123199939728	-0.002599232132
1.124799966812	-0.001451840159
1.126399993896	-0.000567632029
1.128000020981	0.000998736126
1.129599928856	-0.001553072128
1.131199955940	-0.001601632219
1.132799983025	-0.001098240027
1.134400010109	-0.002190048108
1.135999917984	-0.003019680269
1.137599945068	-0.000717520015
1.139199972153	-0.001674704137
1.140799999237	-0.001023152145
1.142400026321	-0.001114080078
1.143999934196	-0.000778240035
1.145599961281	-0.000552032026
1.147199988365	-0.002429104177
1.148800015450	-0.001561280107
1.150399923325	-0.001977600157
1.151999950409	-0.000389216002
1.153599977493	-0.002561632311
1.155200004578	-0.001555296127
1.156799912453	-0.002115904121
1.158399939537	-0.001279552118
1.159999966621	-0.001190656098
1.161599993706	-0.001654608175
1.163200020790	-0.001803552150
1.164799928665	-0.001808496192
1.166399955750	-0.000561600027
1.167999982834	-0.000205888020
1.169600009918	-0.001798416139
1.171199917793	0.000069119989
1.172799944878	-0.000998544041
1.174399971962	-0.000202496027
1.175999999046	0.000339648046
1.177600026131	-0.001218016143
1.179199934006	-0.002172912238
1.180799961090	-0.001416608109
1.182399988174	-0.001492464100
1.184000015259	-0.002708720276
1.185599923134	-0.001808960107
1.187199950218	-0.001021888107
1.188799977303	-0.004027520306
1.190400004387	-0.002049040282
1.191999912262	-0.002855664119
1.193599939346	-0.002022816101
1.195199966431	-0.001298448071
1.196799993515	-0.000486720033
1.198400020599	-0.002771360101
1.199999928474	-0.001563664177
1.201599955559	-0.000968336069
1.203199982643	-0.000733056047
1.204800009727	-0.002102736151
1.206399917603	-0.001159856212
1.207999944687	-0.001328416169
1.209599971771	-0.001736512175
1.211199998856	-0.002668352332
1.212800025940	-0.001443008194
1.214399933815	-0.001770448172
1.215999960899	-0.001307152095
1.217599987984	-0.000991488108
1.219200015068	-0.000119248005
1.220799922943	-0.002986592241
1.222399950027	-0.001530880108
1.223999977112	-0.001399248140
1.225600004196	-0.000917680096
1.227199912071	-0.000521344016
1.228799939156	-0.002874608152
1.230399966240	-0.003182896180
1.231999993324	-0.001996960258
1.233600020409	-0.002845792333
1.235199928284	-0.001876608119
1.236799955368	-0.001954480074
1.238399982452	-0.001718624146
1.240000009537	-0.000836560095
1.241599917412	0.000280847977
1.243199944496	-0.002068496076
1.244799971581	-0.001983440248
1.246399998665	-0.002022016095
1.248000025749	-0.001948752208
1.249599933624	0.000170288040
1.251199960709	-0.001865728176
1.252799987793	-0.002267520176
1.254400014877	-0.000752400083
1.255999922752	-0.000814560044
1.257599949837	-0.003145728260
1.259199976921	-0.001629632083
1.260800004005	-0.001196736121
1.262399911880	-0.003555632429
1.263999938965	-0.001956368098
1.265599966049	-0.002286736155
1.267199993134	-0.002319984138
1.268800020218	-0.002510752296
1.270399928093	-0.002439360367
1.271999955177	-0.001709840144
1.273599982262	-0.002730272245
1.275200009346	-0.002428064123
1.276799917221	-0.001228736131
1.278399944305	-0.002777424175
1.279999971390	-0.002011648146
1.281599998474	-0.001697632135
1.283200025558	-0.001475936151
1.284799933434	-0.002117376076
1.286399960518	-0.002164736157
1.287999987602	-0.002213056199
1.289600014687	-0.002097680233
1.291199922562	-0.001521648141
1.292799949646	-0.002946720226
1.294399976730	-0.000519360066
1.296000003815	-0.001454064157
1.297599911690	-0.000934496056
1.299199938774	-0.001066096127
1.300799965858	-0.002258688211
1.302399992943	-0.002169312211
1.304000020027	-0.001876304159
1.305599927902	-0.002142256126
1.307199954987	-0.001892080065
1.308799982071	-0.002715008333
1.310400009155	-0.002348096110
1.311999917030	-0.004134544171
1.313599944115	-0.002405456267
1.315199971199	-0.001959904097
1.316799998283	-0.003469856223
1.318400025368	-0.002690352267
1.319999933243	-0.000782144081
1.321599960327	-0.001883904100
1.323199987411	-0.000936592056
1.324800014496	-0.002048608148
1.326399922371	-0.002341984306
1.327999949455	-0.002748672152
1.329599976540	-0.002744384343
1.331200003624	-0.002919024322
1.332799911499	-0.002281488152
1.334399938583	-0.003771360265
1.335999965668	-0.002555472078
1.337599992752	-0.002476320136
1.339200019836	-0.003421696136
1.340799927711	-0.001692592166
1.342399954796	-0.003385488177
1.343999981880	-0.001379760099
1.345600008965	-0.002088064095
1.347199916840	-0.003105520271
1.348799943924	-0.002560640220
1.350399971008	-0.001736240112
1.351999998093	-0.001601808122
1.353600025177	-0.003006064333
1.355199933052	-0.003095344175
1.356799960136	-0.003336640308
1.358399987221	-0.002762864344
1.360000014305	-0.004555440508
1.361599922180	-0.002835312160
1.363199949265	-0.002804640215
1.364799976349	-0.002393408213
1.366400003433	-0.003332496155
1.367999911308	-0.002836576197
1.369599938393	-0.002601776272
1.371199965477	-0.002687584143
1.372799992561	-0.001447360148
1.374400019646	-0.001392240170
1.375999927521	-0.003377536312
1.377599954605	-0.002335040132
1.379199981689	-0.001941920142
1.380800008774	-0.001366416109
1.382399916649	-0.003515248187
1.383999943733	-0.003330160398
1.385599970818	-0.002906832146
1.387199997902	-0.003037184244
1.388799905777	-0.003539648373
1.390399932861	-0.003098352347
1.391999959946	-0.003253456205
1.393599987030	-0.002638576319
1.395200014114	-0.003155072220
1.396799921989	-0.002394080162
1.398399949074	-0.002913840348
1.399999976158	-0.002030160278
1.401600003242	-0.001146368100
1.403199911118	-0.002318656072
1.404799938202	-0.002305936068
1.406399965286	-0.002514576074
1.407999992371	-0.003274800256
1.409600019455	-0.002661168110
1.411199927330	-0.003524208209
1.412799954414	-0.003768832423
1.414399981499	-0.002676208271
1.416000008583	-0.002031328157
1.417599916458	-0.001395984087
1.419199943542	-0.002709888155
1.420799970627	-0.002457392169
1.422399997711	-0.002100432292
1.423999905586	-0.003147632349
1.425599932671	-0.002217376139
1.427199959755	-0.002759152325
1.428799986839	-0.004241072573
1.430400013924	-0.003939376213
1.431999921799	-0.003280400299
1.433599948883	-0.002622432308
1.435199975967	-0.002940624254
1.436800003052	-0.003260464175
1.438399910927	-0.004122448154
1.439999938011	-0.002083776053
1.441599965096	-0.002444032347
1.443199992180	-0.002410240239
1.444800019264	-0.002653776202
1.446399927139	-0.002109264256
1.447999954224	-0.002952704206
1.449599981308	-0.002993168309
1.451200008392	-0.003008512314
1.452799916267	-0.002796000335
1.454399943352	-0.001815248164
1.455999970436	-0.004529120401
1.457599997520	-0.005131568294
1.459199905396	-0.001836384181
1.460799932480	-0.003285152372
1.462399959564	-0.003159264335
1.463999986649	-0.003659104230
1.465600013733	-0.002750080079
1.467199921608	-0.002294048201
1.468799948692	-0.002916608239
1.470399975777	-0.002989472356
1.472000002861	-0.003390912432
1.473599910736	-0.002541984199
1.475199937820	-0.002643056214
1.476799964905	-0.002061312087
1.478399991989	-0.003549296176
1.480000019073	-0.002367152134
1.481599926949	-0.003503984306
1.483199954033	-0.003774832468
1.484799981117	-0.003720272332
1.486400008202	-0.003328080289
1.487999916077	-0.002857936313
1.489599943161	-0.003172320081
1.491199970245	-0.001990272198
1.492799997330	-0.000791232043
1.494399905205	-0.003143760376
1.495999932289	-0.002393184230
1.497599959373	-0.001863712212
1.499199986458	-0.001927184174
1.500800013542	-0.002552544232
1.502399921417	-0.003641376272
1.503999948502	-0.002383328276
1.505599975586	-0.002665008185
1.507200002670	-0.002699072240
1.508799910545	-0.004059616476
1.510399937630	-0.004534000531
1.511999964714	-0.004147360101
1.513599991798	-0.002149440115
1.515200018883	-0.003769456409
1.516799926758	-0.003815712407
1.518399953842	-0.003659504233
1.519999980927	-0.004009872209
1.521600008011	-0.003649712307
1.523199915886	-0.001835536212
1.524799942970	-0.003249616362
1.526399970055	-0.004035344347
1.527999997139	-0.002597888233
1.529599905014	-0.002768784296
1.531199932098	-0.004027456511
1.532799959183	-0.003546384396
1.534399986267	-0.003709776327
1.536000013351	-0.003613456385
1.537599921227	-0.003428704338
1.539199948311	-0.003478608327
1.540799975395	-0.003584480379
1.542400002480	-0.002991216257
1.543999910355	-0.002658704063
1.545599937439	-0.003440768225
1.547199964523	-0.003167856252
1.548799991608	-0.003277056385
1.550400018692	-0.003719408298
1.551999926567	-0.003303216305
1.553599953651	-0.004493072629
1.555199980736	-0.002927184338
1.556800007820	-0.003874704242
1.558399915695	-0.003797856392
1.559999942780	-0.004794768523
1.561599969864	-0.002649776172
1.563199996948	-0.001441712142
1.564799904823	-0.004304960370
1.566399931908	-0.002900272142
1.567999958992	-0.002002144232
1.569599986076	-0.004789136350
1.571200013161	-0.003186400281
1.572799921036	-0.001628960134
1.574399948120	-0.001711840159
1.575999975204	-0.004093504511
1.577600002289	-0.004761488643
1.579199910164	-0.004715440329
1.580799937248	-0.004053216428
1.582399964333	-0.003281840356
1.583999991417	-0.005048688501
1.585600018501	-0.003754992271
1.587199926376	-0.005843888503
1.588799953461	-0.004204144236
1.590399980545	-0.003023632336
1.592000007629	-0.004786208272
1.593599915504	-0.003060384188
1.595199942589	-0.002498656278
1.596799969673	-0.003628608305
1.598399996758	-0.003665584372
1.599999904633	-0.003107888158
1.601599931717	-0.002358480124
1.603199958801	-0.002776624169
1.604799985886	-0.003143520327
1.606400012970	-0.003609968349
1.607999920845	-0.001966032200
1.609599947929	-0.004548960365
1.611199975014	-0.003794736229
1.612800002098	-0.003584736260
1.614399909973	-0.005252752453
1.615999937057	-0.003972560167
1.617599964142	-0.004510064609
1.619199991226	-0.004434368573
1.620800018311	-0.002245120239
1.622399926186	-0.002984400373
1.623999953270	-0.002320608124
1.625599980354	-0.003963376395
1.627200007439	-0.003415088402
1.628799915314	-0.003568144282
1.630399942398	-0.005322656594
1.631999969482	-0.002452288056
1.633599996567	-0.004557184409
1.635199904442	-0.003044880228
1.636799931526	-0.003816528246
1.638399958611	-0.004224224482
1.639999985695	-0.002012160141
1.641600012779	-0.003290720284
1.643199920654	-0.003882160410
1.644799947739	-0.004160080571
1.646399974823	-0.004019792192
1.648000001907	-0.001970960293
1.649599909782	-0.003455680329
1.651199936867	-0.001576512237
1.652799963951	-0.003391520353
1.654399991035	-0.002696080133
1.655999898911	-0.004059664439
1.657599925995	-0.003929504193
1.659199953079	-0.002729808213
1.660799980164	-0.003875216236
1.662400007248	-0.005205728579
1.663999915123	-0.003918256611
1.665599942207	-0.002589680254
1.667199969292	-0.004320576321
1.668799996376	-0.004659488332
1.670399904251	-0.003071904182
1.671999931335	-0.003796240315
1.673599958420	-0.001562128076
1.675199985504	-0.003205296351
1.676800012589	-0.004530224483
1.678399920464	-0.004074656405
1.679999947548	-0.003590000328
1.681599974632	-0.003701344365
1.683200001717	-0.002768960316
1.684799909592	-0.004115168471
1.686399936676	-0.003874096321
1.687999963760	-0.004955968354
1.689599990845	-0.003263776191
1.691199898720	-0.003428976284
1.692799925804	-0.002227008110
1.694399952888	-0.003860176308
1.695999979973	-0.002835168270
1.697600007057	-0.003505840199
1.699199914932	-0.003139968263
1.700799942017	-0.002382048173
1.702399969101	-0.005529184360
1.703999996185	-0.006765920669
1.705599904060	-0.004212352447
1.707199931145	-0.004955696408
1.708799958229	-0.004476704169
1.710399985313	-0.004257744178
1.712000012398	-0.004763280507
1.713599920273	-0.004524880555
1.715199947357	-0.003818336409
1.716799974442	-0.004558480345
1.718400001526	-0.002027040115
1.719999909401	-0.003879440250
1.721599936485	-0.003815936390
1.723199963570	-0.003160208231
1.724799990654	-0.002043200191
1.726399898529	-0.004330384545
1.727999925613	-0.004094528500
1.729599952698	-0.003951728344
1.731199979782	-0.003322512377
1.732800006866	-0.004181200173
1.734399914742	-0.004186032340
1.735999941826	-0.004673152231
1.737599968910	-0.006305696443
1.739199995995	-0.006385456305
1.740799903870	-0.004976112396
1.742399930954	-0.004264400341
1.743999958038	-0.005237296224
1.745599985123	-0.003397088265
1.747200012207	-0.002802496310
1.748799920082	-0.004884144291
1.750399947166	-0.004157920368
1.751999974251	-0.003888864303
1.753600001335	-0.005055072252
1.755199909210	-0.005005904473
1.756799936295	-0.005267216358
1.758399963379	-0.003613792360
1.759999990463	-0.004126512446
1.761599898338	-0.004912656266
1.763199925423	-0.004394336138
1.764799952507	-0.003322448349
1.766399979591	-0.005685296375
1.768000006676	-0.004263824318
1.769599914551	-0.003928368445
1.771199941635	-0.003660144284
1.772799968719	-0.004539296497
1.774399995804	-0.002183024306
1.775999903679	-0.004341344349
1.777599930763	-0.004100928549
1.779199957848	-0.005601600278
1.780799984932	-0.004222816322
1.782400012016	-0.004838672467
1.783999919891	-0.005269776564
1.785599946976	-0.002703952137
1.787199974060	-0.004089856520
1.788800001144	-0.006525808480
1.790399909019	-0.004815968219
1.791999936104	-0.004462416284
1.793599963188	-0.003424368333
1.795199990273	-0.004666752182
1.796799898148	-0.003354880260
1.798399925232	-0.003228512360
1.799999952316	-0.003941120580
1.801599979401	-0.004181424156
1.803200006485	-0.003493456403
1.804799914360	-0.003851184389
1.806399941444	-0.003813728224
1.807999968529	-0.004992304370
1.809599995613	-0.004547872581
1.811199903488	-0.003727056319
1.812799930573	-0.005082800519
1.814399957657	-0.004611152224
1.815999984741	-0.003735248232
1.817600011826	-0.004881328437
1.819199919701	-0.004300256260
1.820799946785	-0.002863680245
1.822399973869	-0.004379072227
1.824000000954	-0.005583536346
1.825599908829	-0.004644496366
1.827199935913	-0.003485488240
1.828799962997	-0.004839840345
1.830399990082	-0.004589664284
1.831999897957	-0.006733216345
1.833599925041	-0.004903472494
1.835199952126	-0.003753024386
1.836799979210	-0.005496240221
1.838400006294	-0.004862864502
1.839999914169	-0.003560336307
1.841599941254	-0.004501904361
1.843199968338	-0.003214784199
1.844799995422	-0.002843840281
1.846399903297	-0.003695328254
1.847999930382	-0.005700400565
1.849599957466	-0.002421152079
1.851199984550	-0.003073984291
1.852800011635	-0.003238752251
1.854399919510	-0.004774016328
1.855999946594	-0.004963168409
1.857599973679	-0.006518384442
1.859200000763	-0.004926960450
1.860799908638	-0.004916320555
1.862399935722	-0.006382880267
1.863999962807	-0.005059840623
1.865599989891	-0.005976784509
1.867199897766	-0.004499440547
1.868799924850	-0.004985664506
1.870399951935	-0.003666800214
1.871999979019	-0.004342640284
1.873600006104	-0.002874320140
1.875199913979	-0.005083200522
1.876799941063	-0.004865280353
1.878399968147	-0.004275264218
1.879999995232	-0.004591856152
1.881599903107	-0.005110752303
1.883199930191	-0.005155904684
1.884799957275	-0.005451728590
1.886399984360	-0.004515840206
1.888000011444	-0.003603280289
1.889599919319	-0.003936752211
1.891199946404	-0.004489232320
1.892799973488	-0.003924720455
1.894400000572	-0.003148304299
1.895999908447	-0.004134352319
1.897599935532	-0.003264800413
1.899199962616	-0.004226368386
1.900799989700	-0.005464224610
1.902399897575	-0.004975968506
1.903999924660	-0.004257136490
1.905599951744	-0.005789776333
1.907199978828	-0.006195744500
1.908800005913	-0.004369168542
1.910399913788	-0.005560304504
1.911999940872	-0.005034768488
1.913599967957	-0.006559616420
1.915199995041	-0.005287296604
1.916799902916	-0.003791600233
1.918399930000	-0.003334352281
1.919999957085	-0.003887904342
1.921599984169	-0.005287504289
1.923199892044	-0.004100048449
1.924799919128	-0.003969904501
1.926399946213	-0.002599072177
1.927999973297	-0.005828720517
1.929600000381	-0.004003904294
1.931199908257	-0.005572304595
1.932799935341	-0.005910416599
1.934399962425	-0.005554320291
1.935999989510	-0.006283216644
1.937599897385	-0.004784192424
1.939199924469	-0.005072560627
1.940799951553	-0.005004656501
1.942399978638	-0.004621552303
1.944000005722	-0.003675280372
1.945599913597	-0.005382112227
1.947199940681	-0.004545072559
1.948799967766	-0.003719968256
1.950399994850	-0.005293328315
1.951999902725	-0.003360128263
1.953599929810	-0.004125792533
1.955199956894	-0.005318960641
1.956799983978	-0.004525664262
1.958399891853	-0.006019344553
1.959999918938	-0.005401520524
1.961599946022	-0.004218976479
1.963199973106	-0.003589424305
1.964800000191	-0.005993600469
1.966399908066	-0.003388224170
1.967999935150	-0.003366016317
1.969599962234	-0.005491664633
1.971199989319	-0.003360448405
1.972799897194	-0.004571088590
1.974399924278	-0.003797536250
1.975999951363	-0.005073728506
1.977599978447	-0.003584560240
1.979200005531	-0.004314688500
1.980799913406	-0.004722848535
1.982399940491	-0.004592864309
1.983999967575	-0.007844353095
1.985599994659	-0.004828784615
1.987199902534	-0.005459632259
1.988799929619	-0.006179840304
1.990399956703	-0.006144944578
1.991999983788	-0.005554384552
1.993599891663	-0.004759568255
1.995199918747	-0.003522816347
1.996799945831	-0.003502176143
1.998399972916	-0.005720768590
2.000000000000	-0.004453616217
2.001600027084	-0.004431808367
2.003200054169	-0.004244176205
2.004799842834	-0.003988352139
2.006399869919	-0.004317408428
2.007999897003	-0.004909968469
2.009599924088	-0.006052960642
2.011199951172	-0.005828080699
2.012799978256	-0.004397088196
2.014400005341	-0.005182224326
2.016000032425	-0.005004976410
2.017600059509	-0.004102160223
2.019199848175	-0.003921872471
2.020799875259	-0.004583264235
2.022399902344	-0.003889024258
2.023999929428	-0.004408240318
2.025599956512	-0.005314704496
2.027199983597	-0.004738544580
2.028800010681	-0.005701600574
2.030400037766	-0.005844480358
2.032000064850	-0.005445248447
2.033599853516	-0.005666896701
2.035199880600	-0.003717392217
2.036799907684	-0.003928320482
2.038399934769	-0.004651920404
2.039999961853	-0.003131856211
2.041599988937	-0.004282432143
2.043200016022	-0.005233440548
2.044800043106	-0.003729168326
2.046399831772	-0.004234928172
2.047999858856	-0.003594064387
2.049599885941	-0.004588352516
2.051199913025	-0.004610128235
2.052799940109	-0.004365232307
2.054399967194	-0.004645712208
2.055999994278	-0.005125456490
2.057600021362	-0.005725344643
2.059200048447	-0.005432352424
2.060799837112	-0.004214496352
2.062399864197	-0.004973280244
2.063999891281	-0.005563280545
2.065599918365	-0.005277952645
2.067199945450	-0.004826080520
2.068799972534	-0.006238304544
2.070399999619	-0.004781744443
2.072000026703	-0.003456112230
2.073600053787	-0.004695088603
2.075199842453	-0.003318800358
2.076799869537	-0.004837808199
2.078399896622	-0.004864528310
2.079999923706	-0.003904192243
2.081599950790	-0.004680304322
2.083199977875	-0.005383296404
2.084800004959	-0.004946240224
2.086400032043	-0.005393744446
2.088000059128	-0.005840560421
2.089599847794	-0.004862496629
2.091199874878	-0.006935376674
2.092799901962	-0.004503264558
2.094399929047	-0.004101504106
2.095999956131	-0.004352640361
2.097599983215	-0.004687776323
2.099200010300	-0.004693408497
2.100800037384	-0.004709552508
2.102400064468	-0.004107824527
2.103999853134	-0.004855808336
2.105599880219	-0.006752336398
2.107199907303	-0.007051440421
2.108799934387	-0.005814080592
2.110399961472	-0.006631040480
2.111999988556	-0.005167392548
2.113600015640	-0.005804944318
2.115200042725	-0.005629760679
2.116799831390	-0.004469856620
2.118399858475	-0.004195136484
2.119999885559	-0.003639856353
2.121599912643	-0.004736544564
2.123199939728	-0.005020752549
2.124799966812	-0.002981824335
2.126399993896	-0.005528400186
2.128000020981	-0.004774112254
2.129600048065	-0.004741424229
2.131199836731	-0.002869808115
2.132799863815	-0.005531696603
2.134399890900	-0.006100096740
2.135999917984	-0.005127232522
2.137599945068	-0.007435616571
2.139199972153	-0.005650672596
2.140799999237	-0.004567344207
2.142400026321	-0.006198512390
2.144000053406	-0.005523936357
2.145599842072	-0.004848288372
2.147199869156	-0.005717520602
2.148799896240	-0.005366240628
2.150399923325	-0.004132592585
2.151999950409	-0.004234336317
2.153599977493	-0.005581744481
2.155200004578	-0.005117040128
2.156800031662	-0.005883808713
2.158400058746	-0.005295616575
2.159999847412	-0.007598256692
2.161599874496	-0.005148912314
2.163199901581	-0.003618304385
2.164799928665	-0.006062192377
2.166399955750	-0.004020576365
2.167999982834	-0.004476688337
2.169600009918	-0.005168688484
2.171200037003	-0.003062736243
2.172800064087	-0.004631968215
2.174399852753	-0.004701280501
2.175999879837	-0.005438384600
2.177599906921	-0.005768464413
2.179199934006	-0.004911904223
2.180799961090	-0.004006880336
2.182399988174	-0.006103888620
2.184000015259	-0.006306768395
2.185600042343	-0.005616544280
2.187199831009	-0.006919520441
2.188799858093	-0.006919200532
2.190399885178	-0.005736624356
2.191999912262	-0.005139776506
2.193599939346	-0.004545648117
2.195199966431	-0.003919024486
2.196799993515	-0.006259360351
2.198400020599	-0.005698336288
2.200000047684	-0.004398416262
2.201599836349	-0.004372816533
2.203199863434	-0.005817680620
2.204799890518	-0.005330992397
2.206399917603	-0.004716832191
2.207999944687	-0.004647440277
2.209599971771	-0.006180160679
2.211199998856	-0.005777776707
2.212800025940	-0.003742384259
2.214400053024	-0.005661680363
2.215999841690	-0.005155408289
2.217599868774	-0.004660208244
2.219199895859	-0.005814752541
2.220799922943	-0.005835776683
2.222399950027	-0.005535472650
2.223999977112	-0.005786688533
2.225600004196	-0.007649952546
2.227200031281	-0.006174608599
2.228800058365	-0.006116384640
2.230399847031	-0.005008048378
2.231999874115	-0.006165600382
2.233599901199	-0.005890784319
2.235199928284	-0.006353856530
2.236799955368	-0.007118448615
2.238399982452	-0.005397680681
2.240000009537	-0.006237744354
2.241600036621	-0.005131664220
2.243199825287	-0.004558400251
2.244799852371	-0.005298304372
2.246399879456	-0.005183872301
2.247999906540	-0.005582128651
2.249599933624	-0.004434768576
2.251199960709	-0.004773488268
2.252799987793	-0.005151936319
2.254400014877	-0.006073280703
2.256000041962	-0.004566768184
2.257599830627	-0.006682688370
2.259199857712	-0.006678016391
2.260799884796	-0.004383200314
2.262399911880	-0.006017616484
2.263999938965	-0.006164016668
2.265599966049	-0.006197584327
2.267199993134	-0.006230336614
2.268800020218	-0.004917760380
2.270400047302	-0.006884432398
2.271999835968	-0.004945344292
2.273599863052	-0.005692800507
2.275199890137	-0.004777024500
2.276799917221	-0.007115520537
2.278399944305	-0.005816144403
2.279999971390	-0.004811392631
2.281599998474	-0.005096976645
2.283200025558	-0.005208384246
2.284800052643	-0.005629072431
2.286399841309	-0.006355872378
2.287999868393	-0.005368640646
2.289599895477	-0.004500816111
2.291199922562	-0.004309424199
2.292799949646	-0.005596832372
2.294399976730	-0.004864544608
2.296000003815	-0.005623616278
2.297600030899	-0.003906752449
2.299200057983	-0.004150192253
2.300799846649	-0.005453904625
2.302399873734	-0.005505392328
2.303999900818	-0.005663232412
2.305599927902	-0.005685392302
2.307199954987	-0.004577072337
2.308799982071	-0.007573936600
2.310400009155	-0.006805040408
2.312000036240	-0.006798912771
2.313599824905	-0.005403712392
2.315199851990	-0.006305024493
2.316799879074	-0.006492960732
2.318399906158	-0.005641760305
2.319999933243	-0.006348912604
2.321599960327	-0.005167920608
2.323199987411	-0.005305232480
2.324800014496	-0.004234768450
2.326400041580	-0.006092416588
2.327999830246	-0.003868400352
2.329599857330	-0.004598272499
2.331199884415	-0.005692384671
2.332799911499	-0.006587040611
2.334399938583	-0.005926144309
2.335999965668	-0.006558992434
2.337599992752	-0.006075856742
2.339200019836	-0.006052752491
2.340800046921	-0.006551856641
2.342399835587	-0.005131280515
2.343999862671	-0.006281424779
2.345599889755	-0.004247520585
2.347199916840	-0.005794912577
2.348799943924	-0.007029584609
2.350399971008	-0.005622976460
2.351999998093	-0.005771312397
2.353600025177	-0.004771120381
2.355200052261	-0.005899392534
2.356799840927	-0.004807264544
2.358399868011	-0.005145600531
2.359999895096	-0.006788560655
2.361599922180	-0.005839808378
2.363199949265	-0.005980576389
2.364799976349	-0.006195200607
2.366400003433	-0.004607184324
2.368000030518	-0.006725232583
2.369600057602	-0.006012848578
2.371199846268	-0.004418048542
2.372799873352	-0.005711424630
2.374399900436	-0.005068944301
2.375999927521	-0.004756912589
2.377599954605	-0.007528832648
2.379199981689	-0.006068688352
2.380800008774	-0.005596480332
2.382400035858	-0.006741408724
2.383999824524	-0.005511488300
2.385599851608	-0.006007104646
2.387199878693	-0.006421520375
2.388799905777	-0.006737664808
2.390399932861	-0.007667920552
2.391999959946	-0.006276784465
2.393599987030	-0.006722672377
2.395200014114	-0.006034944672
2.396800041199	-0.004891088232
2.398399829865	-0.004817344248
2.399999856949	-0.004483664408
2.401599884033	-0.006719696335
2.403199911118	-0.005541088525
2.404799938202	-0.005006320309
2.406399965286	-0.006484384649
2.407999992371	-0.005988480523
2.409600019455	-0.006753296591
2.411200046539	-0.006172352470
2.412799835205	-0.006391696632
2.414399862289	-0.005908896681
2.415999889374	-0.004982608370
2.417599916458	-0.005178656429
2.419199943542	-0.004689072259
2.420799970627	-0.004451472312
2.422399997711	-0.004809952341
2.424000024796	-0.005533936433
2.425600051880	-0.005444800481
2.427199840546	-0.006197536364
2.428799867630	-0.005396576598
2.430399894714	-0.004950496368
2.431999921799	-0.005713408347
2.433599948883	-0.006183072459
2.435199975967	-0.006651872303
2.436800003052	-0.004978080280
2.438400030136	-0.004471360240
2.440000057220	-0.005631440319
2.441599845886	-0.005094080232
2.443199872971	-0.006115232594
2.444799900055	-0.004197104368
2.446399927139	-0.004433952272
2.447999954224	-0.005910032429
2.449599981308	-0.004058912396
2.451200008392	-0.005904432386
2.452800035477	-0.005486672278
2.454399824142	-0.005142016336
2.455999851227	-0.008275744505
2.457599878311	-0.005334736314
2.459199905396	-0.006408752408
2.460799932480	-0.003766320413
2.462399959564	-0.007025440689
2.463999986649	-0.004683200270
2.465600013733	-0.007641312666
2.467200040817	-0.007228560746
2.468799829483	-0.006738864351
2.470399856567	-0.005934432615
2.471999883652	-0.005942400545
2.473599910736	-0.005061424337
2.475199937820	-0.005500800442
2.476799964905	-0.005877472460
2.478399991989	-0.004578752443
2.480000019073	-0.005431504454
2.481600046158	-0.006540624425
2.483199834824	-0.006000320427
2.484799861908	-0.005139824469
2.486399888992	-0.005828176625
2.487999916077	-0.005824240390
2.489599943161	-0.005785632413
2.491199970245	-0.007536592428
2.492799997330	-0.005896768533
2.494400024414	-0.005083680619
2.496000051498	-0.006141536403
2.497599840164	-0.005456672516
2.499199867249	-0.003022672376
2.500799894333	-0.006292352453
2.502399921417	-0.005061952397
2.503999948502	-0.006690048613
2.505599975586	-0.005253472365
2.507200002670	-0.006029424723
2.508800029755	-0.007133488543
2.510399818420	-0.005865008570
2.511999845505	-0.006485840306
2.513599872589	-0.006248064339
2.515199899673	-0.007734160405
2.516799926758	-0.006530880462
2.518399953842	-0.006291872356
2.519999980927	-0.004890080541
2.521600008011	-0.003884640289
2.523200035095	-0.005790976342
2.524799823761	-0.004989040550
2.526399850845	-0.007066976745
2.527999877930	-0.005888416432
2.529599905014	-0.005371376406
2.531199932098	-0.006884816568
2.532799959183	-0.005534144584
2.534399986267	-0.006031872705
2.536000013351	-0.006627232768
2.537600040436	-0.006464912556
2.539199829102	-0.005262112245
2.540799856186	-0.006626256742
2.542399883270	-0.007486016490
2.543999910355	-0.005882976577
2.545599937439	-0.006582160480
2.547199964523	-0.007138320711
2.548799991608	-0.006323888432
2.550400018692	-0.006836752407
2.552000045776	-0.005763360299
2.553599834442	-0.006419200450
2.555199861526	-0.005405920558
2.556799888611	-0.004909024574
2.558399915695	-0.005672224332
2.559999942780	-0.007105600554
2.561599969864	-0.003932944499
2.563199996948	-0.005753744394
2.564800024033	-0.006765856408
2.566400051117	-0.005533600692
2.567999839783	-0.005916480441
2.569599866867	-0.005432608537
2.571199893951	-0.005126688629
2.572799921036	-0.004842368420
2.574399948120	-0.004839984234
2.575999975204	-0.006903696340
2.577600002289	-0.005009168293
2.579200029373	-0.006110832561
2.580799818039	-0.006790464744
2.582399845123	-0.005665456410
2.583999872208	-0.007450128440
2.585599899292	-0.004796048626
2.587199926376	-0.007904481143
2.588799953461	-0.007070528809
2.590399980545	-0.005689120386
2.592000007629	-0.006682992447
2.593600034714	-0.006424208637
2.595199823380	-0.005363232456
2.596799850464	-0.004549904261
2.598399877548	-0.005183648318
2.599999904633	-0.004533696454
2.601599931717	-0.004725488368
2.603199958801	-0.005443744361
2.604799985886	-0.006098480430
2.606400012970	-0.004609328229
2.608000040054	-0.006411008537
2.609599828720	-0.005038032308
2.611199855804	-0.006427040789
2.612799882889	-0.007027408574
2.614399909973	-0.007092752494
2.615999937057	-0.005671344697
2.617599964142	-0.005798112601
2.619199991226	-0.005280112382
2.620800018311	-0.008367792703
2.622400045395	-0.006149760447
2.623999834061	-0.006778272800
2.625599861145	-0.006879696622
2.627199888229	-0.007852752693
2.628799915314	-0.005370704457
2.630399942398	-0.006107872352
2.631999969482	-0.006383456290
2.633599996567	-0.006580768619
2.635200023651	-0.005664432421
2.636800050735	-0.006502864417
2.638399839401	-0.006540960632
2.639999866486	-0.007552192546
2.641599893570	-0.003826320404
2.643199920654	-0.005966880359
2.644799947739	-0.004732896574
2.646399974823	-0.005537424237
2.648000001907	-0.006818224676
2.649600028992	-0.006085744593
2.651199817657	-0.004075600300
2.652799844742	-0.004534880165
2.654399871826	-0.005674416665
2.655999898911	-0.005608720705
2.657599925995	-0.006120416336
2.659199953079	-0.006760224700
2.660799980164	-0.005189936608
2.662400007248	-0.005204592366
2.664000034332	-0.008177904412
2.665599822998	-0.008077968843
2.667199850082	-0.005799744278
2.668799877167	-0.005727184471
2.670399904251	-0.007065232377
2.671999931335	-0.006360272411
2.673599958420	-0.005468192510
2.675199985504	-0.006094480399
2.676800012589	-0.006548256613
2.678400039673	-0.006473728456
2.679999828339	-0.006542384624
2.681599855423	-0.007518416736
2.683199882507	-0.007481904700
2.684799909592	-0.006125136744
2.686399936676	-0.006638752762
2.687999963760	-0.006045936607
2.689599990845	-0.006380352657
2.691200017929	-0.006806672551
2.692800045013	-0.006175808609
2.694399833679	-0.004721504170
2.695999860764	-0.005858048331
2.697599887848	-0.006647408474
2.699199914932	-0.006094176322
2.700799942017	-0.006389248651
2.702399969101	-0.005748032592
2.703999996185	-0.007398624439
2.705600023270	-0.006178576499
2.707200050354	-0.007045120467
2.708799839020	-0.008417008445
2.710399866104	-0.006982960738
2.711999893188	-0.005667808466
2.713599920273	-0.005764496513
2.715199947357	-0.008069952950
2.716799974442	-0.006667104550
2.718400001526	-0.005329712294
2.720000028610	-0.005730304401
2.721599817276	-0.005700352602
2.723199844360	-0.006621456705
2.724799871445	-0.006918448489
2.726399898529	-0.007162928581
2.727999925613	-0.004681808408
2.729599952698	-0.005406288430
2.731199979782	-0.006966976449
2.732800006866	-0.007381520700
2.734400033951	-0.007094256580
2.735999822617	-0.005478752311
2.737599849701	-0.007504944690
2.739199876785	-0.007322480436
2.740799903870	-0.007879552431
2.742399930954	-0.006160496734
2.743999958038	-0.006049200427
2.745599985123	-0.004881456494
2.747200012207	-0.006613984704
2.748800039291	-0.006485968363
2.750399827957	-0.005566912703
2.751999855042	-0.004269888159
2.753599882126	-0.006598576438
2.755199909210	-0.006331456359
2.756799936295	-0.008217472583
2.758399963379	-0.006476352457
2.759999990463	-0.006596496794
2.761600017548	-0.006463152356
2.763200044632	-0.005568240304
2.764799833298	-0.005595808383
2.766399860382	-0.006851616781
2.767999887466	-0.005136688240
2.769599914551	-0.006539056543
2.771199941635	-0.005824048538
2.772799968719	-0.004206752405
2.774399995804	-0.005523872562
2.776000022888	-0.006538848393
2.777599811554	-0.006118176505
2.779199838638	-0.005760368425
2.780799865723	-0.004844240379
2.782399892807	-0.006287072320
2.783999919891	-0.006968464702
2.785599946976	-0.005426656455
2.787199974060	-0.007081648335
2.788800001144	-0.004084048327
2.790400028229	-0.006236576475
2.791999816895	-0.006783680525
2.793599843979	-0.006044416688
2.795199871063	-0.006026576739
2.796799898148	-0.006622656714
2.798399925232	-0.005309744272
2.799999952316	-0.005471200682
2.801599979401	-0.005963728298
2.803200006485	-0.005306192208
2.804800033569	-0.005334512331
2.806399822235	-0.007197744679
2.807999849319	-0.005378112663
2.809599876404	-0.008796720766
2.811199903488	-0.006856032647
2.812799930573	-0.006891216617
2.814399957657	-0.004331872333
2.815999984741	-0.004801376257
2.817600011826	-0.005254992284
2.819200038910	-0.007021488622
2.820799827576	-0.006920176558
2.822399854660	-0.005114736501
2.823999881744	-0.006230240688
2.825599908829	-0.006371888332
2.827199935913	-0.006143600680
2.828799962997	-0.006805600598
2.830399990082	-0.006223824341
2.832000017166	-0.007309984416
2.833600044250	-0.006846208591
2.835199832916	-0.007123376708
2.836799860001	-0.007481552660
2.838399887085	-0.006285840645
2.839999914169	-0.006048864685
2.841599941254	-0.005875600502
2.843199968338	-0.005695760716
2.844799995422	-0.004843824543
2.846400022507	-0.006062288769
2.847999811172	-0.006061824504
2.849599838257	-0.005881056655
2.851199865341	-0.006584752351
2.852799892426	-0.006254512351
2.854399919510	-0.006702176761
2.855999946594	-0.007166976575
2.857599973679	-0.005446800496
2.859200000763	-0.007515952457
2.860800027847	-0.006660832558
2.862399816513	-0.006986128632
2.863999843597	-0.007851408795
2.865599870682	-0.008292497136
2.867199897766	-0.006274224725
2.868799924850	-0.005605984479
2.870399951935	-0.007624320686
2.871999979019	-0.005831632763
2.873600006104	-0.007743760478
2.875200033188	-0.005730848759
2.876799821854	-0.005936464295
2.878399848938	-0.006776848342
2.879999876022	-0.005132736638
2.881599903107	-0.007428064477
2.883199930191	-0.007787632756
2.884799957275	-0.005804880522
2.886399984360	-0.006542976480
2.888000011444	-0.006620336790
2.889600038528	-0.008064768277
2.891199827194	-0.006501936354
2.892799854279	-0.005908224732
2.894399881363	-0.004666080233
2.895999908447	-0.007225792389
2.897599935532	-0.005925936624
2.899199962616	-0.006690848619
2.900799989700	-0.007230224553
2.902400016785	-0.007307408378
2.904000043869	-0.005657280330
2.905599832535	-0.006760864519
2.907199859619	-0.007549424656
2.908799886703	-0.007186624687
2.910399913788	-0.008574016392
2.911999940872	-0.007050496526
2.913599967957	-0.007055824623
2.915199995041	-0.007134160493
2.916800022125	-0.006217808463
2.918399810791	-0.006076816469
2.919999837875	-0.007358672563
2.921599864960	-0.004390992224
2.923199892044	-0.005732400343
2.924799919128	-0.006229392719
2.926399946213	-0.005304912571
2.927999973297	-0.006648608483
2.929600000381	-0.006247024518
2.931200027466	-0.005993248429
2.932799816132	-0.006814400665
2.934399843216	-0.006560816430
2.935999870300	-0.006714544725
2.937599897385	-0.007157664746
2.939199924469	-0.006493152585
2.940799951553	-0.005704784300
2.942399978638	-0.006629936397
2.944000005722	-0.008562784642
2.945600032806	-0.005851104390
2.947199821472	-0.005606800318
2.948799848557	-0.006291648373
2.950399875641	-0.004223664291
2.951999902725	-0.004903824534
2.953599929810	-0.007150384597
2.955199956894	-0.006899520755
2.956799983978	-0.006963696331
2.958400011063	-0.007291728631
2.960000038147	-0.006483824458
2.961599826813	-0.008506048471
2.963199853897	-0.006478400435
2.964799880981	-0.006962096784
2.966399908066	-0.006555712782
2.967999935150	-0.005818752572
2.969599962234	-0.007604800630
2.971199989319	-0.006510336418
2.972800016403	-0.004965920467
2.974400043488	-0.006322768517
2.975999832153	-0.006320256740
2.977599859238	-0.006184096448
2.979199886322	-0.005510992371
2.980799913406	-0.006368528586
2.982399940491	-0.006376864389
2.983999967575	-0.008280624636
2.985599994659	-0.007082000840
2.987200021744	-0.008100880310
2.988799810410	-0.005045216531
2.990399837494	-0.005995968357
2.991999864578	-0.007710064761
2.993599891663	-0.007073520683
2.995199918747	-0.004804128315
2.996799945831	-0.004093728494
2.998399972916	-0.004750448279
3.000000000000	-0.005729520693
3.001600027084	-0.005993200466
3.003199815750	-0.008355904371
3.004799842834	-0.005710656289
3.006399869919	-0.004567936528
3.007999897003	-0.005607808474
3.009599924088	-0.007898768410
3.011199951172	-0.007127760444
3.012799978256	-0.007220480591
3.014400005341	-0.006940704770
3.016000032425	-0.006072704680
3.017599821091	-0.005627616309
3.019199848175	-0.006089536473
3.020799875259	-0.005098784342
3.022399902344	-0.004721584264
3.023999929428	-0.006522096694
3.025599956512	-0.005677328445
3.027199983597	-0.003998832311
3.028800010681	-0.006873296574
3.030400037766	-0.005345824640
3.031999826431	-0.007211008575
3.033599853516	-0.006039968692
3.035199880600	-0.007340672426
3.036799907684	-0.005405232310
3.038399934769	-0.006740000565
3.039999961853	-0.006872896571
3.041599988937	-0.004337760154
3.043200016022	-0.005934464280
3.044799804687	-0.004695616197
3.046399831772	-0.006292768754
3.047999858856	-0.005152528640
3.049599885941	-0.004697424360
3.051199913025	-0.004814208485
3.052799940109	-0.005428832490
3.054399967194	-0.006738176569
3.055999994278	-0.006321488414
3.057600021362	-0.006629840471
3.059199810028	-0.006820928771
3.060799837112	-0.005661024246
3.062399864197	-0.007540240884
3.063999891281	-0.007136528380
3.065599918365	-0.006343440618
3.067199945450	-0.006913232617
3.068799972534	-0.008092273027
3.070399999619	-0.006538912654
3.072000026703	-0.003953984473
3.073599815369	-0.004200528376
3.075199842453	-0.005183312576
3.076799869537	-0.005127088632
3.078399896622	-0.006406672765
3.079999923706	-0.004434272181
3.081599950790	-0.006327216513
3.083199977875	-0.005568704568
3.084800004959	-0.007214096375
3.086400032043	-0.005868320353
3.087999820709	-0.005555792246
3.089599847794	-0.006425328553
3.091199874878	-0.007388752420
3.092799901962	-0.006045392714
3.094399929047	-0.004520256538
3.095999956131	-0.006417376455
3.097599983215	-0.006156080402
3.099200010300	-0.004202816170
3.100800037384	-0.006272160448
3.102399826050	-0.007314592600
3.103999853134	-0.007795632817
3.105599880219	-0.007342272438
3.107199907303	-0.005576192401
3.108799934387	-0.007153088693
3.110399961472	-0.007952912711
3.111999988556	-0.006303664297
3.113600015640	-0.007768560667
3.115199804306	-0.004585920367
3.116799831390	-0.007481936831
3.118399858475	-0.006172480527
3.119999885559	-0.006733104587
3.121599912643	-0.006178304553
3.123199939728	-0.005780384410
3.124799966812	-0.005053280387
3.126399993896	-0.006280912552
3.128000020981	-0.006182112731
3.129599809647	-0.005938496441
3.131199836731	-0.006660496350
3.132799863815	-0.005861584563
3.134399890900	-0.006915808655
3.135999917984	-0.008028864861
3.137599945068	-0.006715344731
3.139199972153	-0.005076176487
3.140799999237	-0.006205616519
3.142400026321	-0.007326416671
3.143999814987	-0.005141696427
3.145599842072	-0.005754864309
3.147199869156	-0.005216240417
3.148799896240	-0.005616320297
3.150399923325	-0.005659088492
3.151999950409	-0.005715008359
3.153599977493	-0.006636608392
3.155200004578	-0.006374368444
3.156800031662	-0.007666480727
3.158399820328	-0.007870689034
3.159999847412	-0.006600272376
3.161599874496	-0.007264416665
3.163199901581	-0.007266880479
3.164799928665	-0.006711792666
3.166399955750	-0.005518448539
3.167999982834	-0.005815872457
3.169600009918	-0.008151568472
3.171200037003	-0.005954384338
3.172799825668	-0.005165056325
3.174399852753	-0.006465088576
3.175999879837	-0.006248816382
3.177599906921	-0.005736208521
3.179199934006	-0.006777440663
3.180799961090	-0.005917216651
3.182399988174	-0.005474448670
3.184000015259	-0.007480576634
3.185599803925	-0.007614544593
3.187199831009	-0.007007744629
3.188799858093	-0.008059648797
3.190399885178	-0.006806160323
3.191999912262	-0.006503888406
3.193599939346	-0.007112688851
3.195199966431	-0.007290912792
3.196799993515	-0.005449168384
3.198400020599	-0.005483056419
3.199999809265	-0.005032960325
3.201599836349	-0.006237056572
3.203199863434	-0.006881696638
3.204799890518	-0.006087792572
3.206399917603	-0.006906992756
3.207999944687	-0.007413136773
3.209599971771	-0.007258960512
3.211199998856	-0.006155520212
3.212800025940	-0.007935840636
3.214399814606	-0.007308352739
3.215999841690	-0.005601888523
3.217599868774	-0.006942240521
3.219199895859	-0.004230736289
3.220799922943	-0.004719280172
3.222399950027	-0.006199712399
3.223999977112	-0.006580288522
3.225600004196	-0.006133200601
3.227200031281	-0.006451872643
3.228799819946	-0.005106048658
3.230399847031	-0.005848512519
3.231999874115	-0.007771136705
3.233599901199	-0.006571776699
3.235199928284	-0.006245728582
3.236799955368	-0.006746976636
3.238399982452	-0.006794752553
3.240000009537	-0.007525808644
3.241600036621	-0.007202416658
3.243199825287	-0.007463024464
3.244799852371	-0.006192848552
3.246399879456	-0.007468048483
3.247999906540	-0.007259360515
3.249599933624	-0.006037120707
3.251199960709	-0.005392208230
3.252799987793	-0.004138832446
3.254400014877	-0.005960544571
3.255999803543	-0.005286272615
3.257599830627	-0.006654752418
3.259199857712	-0.005771104712
3.260799884796	-0.005761872511
3.262399911880	-0.007220704574
3.263999938965	-0.007086112630
3.265599966049	-0.006459488533
3.267199993134	-0.006431936286
3.268800020218	-0.006617728621
3.270399808884	-0.005658352282
3.271999835968	-0.005042656325
3.273599863052	-0.006924304646
3.275199890137	-0.005831360351
3.276799917221	-0.004903328605
3.278399944305	-0.005522704683
3.279999971390	-0.005414096639
3.281599998474	-0.007029696368
3.283200025558	-0.005759088323
3.284799814224	-0.005636192393
3.286399841309	-0.005952864420
3.287999868393	-0.005817584693
3.289599895477	-0.005930000450
3.291199922562	-0.005652192514
3.292799949646	-0.006538640708
3.294399976730	-0.005594448652
3.296000003815	-0.006646192633
3.297600030899	-0.006546160672
3.299199819565	-0.006073600613
3.300799846649	-0.006088368595
3.302399873734	-0.005988528486
3.303999900818	-0.005717344582
3.305599927902	-0.006567520555
3.307199954987	-0.007275888696
3.308799982071	-0.006698992569
3.310400009155	-0.005929072388
3.311999797821	-0.008042256348
3.313599824905	-0.006662544329
3.315199851990	-0.007038096432
3.316799879074	-0.007811552845
3.318399906158	-0.006688864436
3.319999933243	-0.005827584304
3.321599960327	-0.007312016562
3.323199987411	-0.006038976368
3.324800014496	-0.006863456685
3.326399803162	-0.006460208446
3.327999830246	-0.006826272700
3.329599857330	-0.005301904399
3.331199884415	-0.007882288657
3.332799911499	-0.005461216439
3.334399938583	-0.007041296456
3.335999965668	-0.006298048422
3.337599992752	-0.007880432531
3.339200019836	-0.006231984589
3.340799808502	-0.008610800840
3.342399835587	-0.007120832335
3.343999862671	-0.006318864413
3.345599889755	-0.005765120499
3.347199916840	-0.004165584221
3.348799943924	-0.004957296420
3.350399971008	-0.007928241044
3.351999998093	-0.004052656237
3.353600025177	-0.006945824716
3.355199813843	-0.007431584410
3.356799840927	-0.007869008929
3.358399868011	-0.006130032707
3.359999895096	-0.005426080432
3.361599922180	-0.007455872837
3.363199949265	-0.007147712633
3.364799976349	-0.006039632484
3.366400003433	-0.006296448410
3.368000030518	-0.006522448733
3.369599819183	-0.005177856423
3.371199846268	-0.005567936692
3.372799873352	-0.005712496582
3.374399900436	-0.004921120591
3.375999927521	-0.006775088608
3.377599954605	-0.006534992717
3.379199981689	-0.005558736622
3.380800008774	-0.006137456745
3.382399797440	-0.007292560767
3.383999824524	-0.007273600437
3.385599851608	-0.005665072706
3.387199878693	-0.005965072662
3.388799905777	-0.005816288292
3.390399932861	-0.005995584652
3.391999959946	-0.007273536641
3.393599987030	-0.006960912608
3.395200014114	-0.005567360204
3.396799802780	-0.006258784328
3.398399829865	-0.004380624276
3.399999856949	-0.004995760508
3.401599884033	-0.006704960484
3.403199911118	-0.005914640613
3.404799938202	-0.006505760364
3.406399965286	-0.006008960307
3.407999992371	-0.005850208458
3.409600019455	-0.006924000569
3.411199808121	-0.007578912657
3.412799835205	-0.006208208390
3.414399862289	-0.004684480373
3.415999889374	-0.006248464342
3.417599916458	-0.006341680419
3.419199943542	-0.006732288748
3.420799970627	-0.004272064194
3.422399997711	-0.006211344618
3.424000024796	-0.004740368575
3.425599813461	-0.004962832201
3.427199840546	-0.006145360414
3.428799867630	-0.007954736240
3.430399894714	-0.004148400389
3.431999921799	-0.006051808596
3.433599948883	-0.006745456718
3.435199975967	-0.008632896468
3.436800003052	-0.005392928608
3.438400030136	-0.006057088729
3.439999818802	-0.006194976624
3.441599845886	-0.007291360758
3.443199872971	-0.008153152652
3.444799900055	-0.006332256366
3.446399927139	-0.005430912599
3.447999954224	-0.005004560575
3.449599981308	-0.006268080790
3.451200008392	0.006550112739
