0.000000000000	0.018686274067
0.001599999960	0.018785201013
0.003199999919	0.017391873524
0.004799999762	0.020216321573
0.006399999838	0.017851009965
0.007999999449	0.018313201144
0.009599999525	0.018593106419
0.011199999601	0.017536465079
0.012799999677	0.015216817148
0.014399999753	0.015473393723
0.015999998897	0.016276193783
0.017599999905	0.017195105553
0.019199999049	0.016425361857
0.020800000057	0.016886305064
0.022399999201	0.017185905948
0.024000000209	0.017773745582
0.025599999353	0.015239313245
0.027199998498	0.015861185268
0.028799999505	0.015270817094
0.030399998650	0.015173505060
0.031999997795	0.017094593495
0.033599998802	0.016453312710
0.035199999809	0.014351377264
0.036800000817	0.012470113114
0.038399998099	0.014431969263
0.039999999106	0.013864433393
0.041600000113	0.013129360974
0.043199997395	0.013399489224
0.044799998403	0.012691888958
0.046399999410	0.012027328834
0.048000000417	0.014192544855
0.049599997699	0.012588849291
0.051199998707	0.011870129034
0.052799999714	0.013719921000
0.054399996996	0.013232897036
0.055999998003	0.013059409335
0.057599999011	0.012833137065
0.059200000018	0.013786721043
0.060799997300	0.013001904823
0.062399998307	0.012570097111
0.063999995589	0.012395489030
0.065600000322	0.011604016647
0.067199997604	0.011764464900
0.068799994886	0.012195393443
0.070399999619	0.012224192731
0.071999996901	0.011893873103
0.073600001633	0.013012208976
0.075199998915	0.014348912984
0.076799996197	0.013205361553
0.078400000930	0.010835344903
0.079999998212	0.011115840636
0.081599995494	0.010282624513
0.083200000226	0.011564833112
0.084799997509	0.011423489079
0.086399994791	0.010380448774
0.087999999523	0.010947824456
0.089599996805	0.011718592606
0.091199994087	0.011811072938
0.092799998820	0.010764865205
0.094399996102	0.010467505082
0.096000000834	0.011050321162
0.097599998116	0.011779328808
0.099199995399	0.010939168744
0.100800000131	0.013111729175
0.102399997413	0.012703824788
0.103999994695	0.010422448628
0.105599999428	0.010796977207
0.107199996710	0.013968257234
0.108799993992	0.011540017091
0.110399998724	0.009741520509
0.111999996006	0.010504128411
0.113600000739	0.009408241138
0.115199998021	0.009345872328
0.116799995303	0.010264769197
0.118400000036	0.010027728975
0.119999997318	0.009515008889
0.121599994600	0.010662432760
0.123199999332	0.010504896753
0.124799996614	0.010683041066
0.126399993896	0.009445601143
0.127999991179	0.010690528899
0.129600003362	0.010706816800
0.131200000644	0.007881248370
0.132799997926	0.008960848674
0.134399995208	0.011519537307
0.135999992490	0.009115072899
0.137599989772	0.009470368735
0.139200001955	0.010233488865
0.140799999237	0.010619136505
0.142399996519	0.009229344316
0.143999993801	0.010044752620
0.145599991083	0.009332864545
0.147200003266	0.008901184425
0.148800000548	0.008480913006
0.150399997830	0.009615777060
0.151999995112	0.011757888831
0.153599992394	0.011390336789
0.155199989676	0.010017888620
0.156800001860	0.009656832553
0.158399999142	0.009990353137
0.159999996424	0.008625264280
0.161599993706	0.008017696440
0.163199990988	0.009194704704
0.164800003171	0.008195376955
0.166400000453	0.008340736851
0.167999997735	0.007895792834
0.169599995017	0.008346560411
0.171199992299	0.008368416689
0.172799989581	0.007470848504
0.174400001764	0.009310608730
0.175999999046	0.009933681227
0.177599996328	0.008048368618
0.179199993610	0.009891793132
0.180799990892	0.007199520711
0.182399988174	0.009055712260
0.184000000358	0.009036865085
0.185599997640	0.007920720614
0.187199994922	0.008901184425
0.188799992204	0.006922496483
0.190399989486	0.005442864262
0.192000001669	0.007332544308
0.193599998951	0.007464560680
0.195199996233	0.008810561150
0.196799993515	0.007926896214
0.198399990797	0.009239808656
0.199999988079	0.007683440577
0.201600000262	0.009018880315
0.203199997544	0.007957264781
0.204799994826	0.008355745114
0.206399992108	0.008210064843
0.207999989390	0.007926465012
0.209600001574	0.007690688595
0.211199998856	0.007191952784
0.212799996138	0.006295296364
0.214399993420	0.007469952572
0.215999990702	0.007695184555
0.217599987984	0.007029664703
0.219200000167	0.008315296844
0.220799997449	0.006973120850
0.222399994731	0.008156497031
0.223999992013	0.008124624379
0.225599989295	0.008939600550
0.227200001478	0.008219008334
0.228799998760	0.008871824481
0.230399996042	0.007506768685
0.231999993324	0.009594464675
0.233599990606	0.007904849015
0.235199987888	0.007673808839
0.236800000072	0.006614048500
0.238399997354	0.007317040581
0.239999994636	0.006623504683
0.241599991918	0.007435712498
0.243199989200	0.007202656474
0.244799986482	0.007363200653
0.246399998665	0.007452944759
0.247999995947	0.005911936518
0.249599993229	0.007231728639
0.251199990511	0.007401968818
0.252799987793	0.007820560597
0.254399985075	0.009855200537
0.255999982357	0.007710192818
0.257599979639	0.005954576656
0.259200006723	0.008438833058
0.260800004005	0.007775872480
0.262400001287	0.007500896696
0.263999998569	0.006804256700
0.265599995852	0.008355552331
0.267199993134	0.006397216581
0.268799990416	0.007051120512
0.270399987698	0.006813504733
0.271999984980	0.006316656712
0.273599982262	0.007971888408
0.275199979544	0.007039968390
0.276800006628	0.008113648742
0.278400003910	0.006454144605
0.280000001192	0.006971952505
0.281599998474	0.005019024480
0.283199995756	0.007051344495
0.284799993038	0.007401744835
0.286399990320	0.007681440562
0.287999987602	0.006652080454
0.289599984884	0.005478928331
0.291199982166	0.005713824183
0.292799979448	0.006144784391
0.294400006533	0.004932672251
0.296000003815	0.007465072442
0.297600001097	0.006577376742
0.299199998379	0.007615040522
0.300799995661	0.007329280488
0.302399992943	0.007480160799
0.303999990225	0.005999184679
0.305599987507	0.007522848435
0.307199984789	0.006500944495
0.308799982071	0.008226528764
0.310399979353	0.006788512692
0.312000006437	0.007631808519
0.313600003719	0.007394560613
0.315200001001	0.006598528475
0.316799998283	0.005649376661
0.318399995565	0.006284640636
0.319999992847	0.006974688731
0.321599990129	0.006298048422
0.323199987411	0.004791040439
0.324799984694	0.007010432426
0.326399981976	0.007697584573
0.327999979258	0.006527872290
0.329600006342	0.006519424729
0.331200003624	0.007000208367
0.332800000906	0.007839472964
0.334399998188	0.005323824473
0.335999995470	0.004829360172
0.337599992752	0.006317552645
0.339199990034	0.005424608476
0.340799987316	0.005400528666
0.342399984598	0.007797920611
0.343999981880	0.006113104522
0.345599979162	0.005506208632
0.347199976444	0.005446400493
0.348800003529	0.005808320362
0.350400000811	0.006455408409
0.351999998093	0.007423968520
0.353599995375	0.007360832766
0.355199992657	0.006463040598
0.356799989939	0.005981424358
0.358399987221	0.005962208379
0.359999984503	0.005596192554
0.361599981785	0.005701584276
0.363199979067	0.004880352411
0.364799976349	0.005671856459
0.366400003433	0.004202384502
0.368000000715	0.003942656331
0.369599997997	0.005610816646
0.371199995279	0.005375680514
0.372799992561	0.004261536524
0.374399989843	0.005900416523
0.375999987125	0.006161744706
0.377599984407	0.006635872647
0.379199981689	0.006758672651
0.380799978971	0.006282848306
0.382399976254	0.005726640578
0.384000003338	0.005587472580
0.385600000620	0.004439104348
0.387199997902	0.006495232694
0.388799995184	0.005163856316
0.390399992466	0.003339232178
0.391999989748	0.006580384448
0.393599987030	0.003887712257
0.395199984312	0.003207296366
0.396799981594	0.004741904326
0.398399978876	0.004690240603
0.399999976158	0.005625824444
0.401600003242	0.005701024551
0.403200000525	0.005210432224
0.404799997807	0.003836752381
0.406399995089	0.006050080527
0.407999992371	0.005012688227
0.409599989653	0.005247840192
0.411199986935	0.004704832565
0.412799984217	0.005543616600
0.414399981499	0.003055616282
0.415999978781	0.005937152542
0.417599976063	0.004987056367
0.419200003147	0.003016416216
0.420800000429	0.005394128617
0.422399997711	0.008120592684
0.423999994993	0.004055168480
0.425599992275	0.004677760415
0.427199989557	0.006381568499
0.428799986839	0.005918592680
0.430399984121	0.005134112202
0.431999981403	0.006912864745
0.433599978685	0.005576544441
0.435199975967	0.004735728260
0.436800003052	0.004770736210
0.438400000334	0.005448848475
0.439999997616	0.003842848353
0.441599994898	0.004418624565
0.443199992180	0.004889824428
0.444799989462	0.005433104467
0.446399986744	0.003621744225
0.447999984026	0.005065888632
0.449599981308	0.005393648520
0.451199978590	0.005555632524
0.452799975872	0.005225888453
0.454400002956	0.005585568491
0.456000000238	0.005468080286
0.457599997520	0.004602784291
0.459199994802	0.005539856385
0.460799992085	0.006969824433
0.462399989367	0.004368032329
0.463999986649	0.003987936303
0.465599983931	0.004641376436
0.467199981213	0.007133232430
0.468799978495	0.004674016498
0.470399975777	0.003350144252
0.472000002861	0.004513344262
0.473600000143	0.005137712229
0.475199997425	0.002634816105
0.476799994707	0.006631376687
0.478399991989	0.004552336410
0.479999989271	0.005492384546
0.481599986553	0.004563088529
0.483199983835	0.004094640259
0.484799981117	0.004702928476
0.486399978399	0.006041696295
0.487999975681	0.005962560419
0.489599972963	0.003546368331
0.491200000048	0.002971184207
0.492799997330	0.003937792499
0.494399994612	0.003400992369
0.495999991894	0.004049424082
0.497599989176	0.006579856388
0.499199986458	0.006447472610
0.500800013542	0.004332672339
0.502399981022	0.005068672355
0.504000008106	0.005930672400
0.505599975586	0.004235248547
0.507200002670	0.004952416290
0.508799970150	0.004830368329
0.510399997234	0.002982736332
0.511999964714	0.003440848319
0.513599991798	0.005265136249
0.515199959278	0.004405584186
0.516799986362	0.003740512300
0.518400013447	0.005183680449
0.519999980927	0.003216560232
0.521600008011	0.003575920360
0.523199975491	0.005883248523
0.524800002575	0.002501856303
0.526399970055	0.002871376229
0.527999997139	0.004421648569
0.529599964619	0.004987840541
0.531199991703	0.004457712173
0.532799959183	0.004318896215
0.534399986267	0.003344208235
0.536000013351	0.001785808126
0.537599980831	0.004261840135
0.539200007915	0.006573920604
0.540799975395	0.002685824176
0.542400002480	0.004219584167
0.543999969959	0.004346800502
0.545599997044	0.004051792435
0.547199964523	0.003909728490
0.548799991608	0.003358144313
0.550399959087	0.002533536172
0.551999986172	0.004695824347
0.553600013256	0.004147104453
0.555199980736	0.003395808395
0.556800007820	0.004899328575
0.558399975300	0.002555904211
0.560000002384	0.003007376334
0.561599969864	0.004009328317
0.563199996948	0.004559328314
0.564799964428	0.002965520136
0.566399991512	0.003952576313
0.567999958992	0.004521680530
0.569599986076	0.004238400143
0.571200013161	0.003487216309
0.572799980640	0.003544464242
0.574400007725	0.003546704305
0.575999975204	0.003281712299
0.577600002289	0.003669072408
0.579199969769	0.004227360245
0.580799996853	0.003895568429
0.582399964333	0.002852848265
0.583999991417	0.004666096531
0.585599958897	0.003724368289
0.587199985981	0.002868272131
0.588800013065	0.003994896542
0.590399980545	0.001212928095
0.592000007629	0.002816592343
0.593599975109	0.003651136300
0.595200002193	0.003147536190
0.596799969673	0.003316672286
0.598399996758	0.003107328201
0.599999964237	0.003152992344
0.601599991322	0.003684208263
0.603199958801	0.003145744326
0.604799985886	0.000804960029
0.606400012970	0.005106272176
0.607999980450	0.003424240276
0.609600007534	0.002148224041
0.611199975014	0.004318048246
0.612800002098	0.004046704154
0.614399969578	0.002670448273
0.615999996662	0.002216144232
0.617599964142	0.001844960148
0.619199991226	0.003072800348
0.620799958706	0.001992944162
0.622399985790	0.003487056354
0.624000012875	0.004189424217
0.625599980354	0.003290944267
0.627200007439	0.002037936123
0.628799974918	0.004193840548
0.630400002003	0.004744656384
0.631999969482	0.003893232206
0.633599996567	0.002962144325
0.635199964046	0.002423808211
0.636799991131	0.002977984259
0.638399958611	0.002516304143
0.639999985695	0.001758800121
0.641600012779	0.002966272179
0.643199980259	0.001399504137
0.644800007343	0.002616768237
0.646399974823	0.002669744194
0.648000001907	0.003814240452
0.649599969387	0.004416656215
0.651199996471	0.003423360409
0.652799963951	0.003294096328
0.654399991035	0.002753840294
0.655999958515	0.004825424403
0.657599985600	0.003946256358
0.659200012684	0.002911520191
0.660799980164	0.002348048147
0.662400007248	0.001961056143
0.663999974728	0.002578464337
0.665600001812	0.003118208377
0.667199969292	0.002956496319
0.668799996376	0.003533280222
0.670399963856	0.002131344052
0.671999990940	0.002251664177
0.673599958420	0.002926880261
0.675199985504	0.003494032193
0.676800012589	0.002043600194
0.678399980068	0.004003168549
0.680000007153	0.002964224201
0.681599974632	0.001814048155
0.683200001717	0.003307664301
0.684799969196	0.002058544196
0.686399996281	0.002575712278
0.687999963760	0.002191456268
0.689599990845	0.001680448186
0.691199958324	0.002956416225
0.692799985409	0.000629679998
0.694399952888	0.002829792211
0.695999979973	0.003055616282
0.697600007057	0.003099824302
0.699199974537	0.005024160258
0.700800001621	0.002925376175
0.702399969101	0.002156496281
0.703999996185	0.001666608150
0.705599963665	0.004617008381
0.707199990749	0.003532704199
0.708799958229	0.003113216255
0.710399985313	0.002989296103
0.711999952793	0.001722432091
0.713599979877	0.001555760158
0.715200006962	0.003100096248
0.716799974442	0.002274272265
0.718400001526	0.000877072103
0.719999969006	0.003275536234
0.721599996090	0.002389696194
0.723199963570	0.003114304272
0.724799990654	0.001199408085
0.726399958134	0.004131616559
0.727999985218	0.003098480171
0.729599952698	0.002776896115
0.731199979782	0.003465472255
0.732800006866	0.003091696184
0.734399974346	0.000497392030
0.736000001431	0.000925328117
0.737599968910	0.002532192273
0.739199995995	0.001477792161
0.740799963474	0.001977584092
0.742399990559	0.000951648050
0.743999958038	0.002113936236
0.745599985123	0.001462496119
0.747199952602	0.001405184157
0.748799979687	0.002290752251
0.750400006771	0.002598912222
0.751999974251	0.003794704331
0.753600001335	0.002524656244
0.755199968815	0.004030704498
0.756799995899	0.003534800373
0.758399963379	0.002041472122
0.759999990463	0.000531136058
0.761599957943	0.000784608070
0.763199985027	0.001893104170
0.764799952507	0.001157584018
0.766399979591	0.002314976184
0.768000006676	0.001819824101
0.769599974155	0.000366336026
0.771200001240	0.001543072052
0.772799968719	0.002153968206
0.774399995804	0.003295776201
0.775999963284	0.002849312266
0.777599990368	0.003499584273
0.779199957848	0.001858176081
0.780799984932	0.002142304089
0.782399952412	0.003138672328
0.783999979496	0.001722240122
0.785600006580	0.001146048075
0.787199974060	0.002589712152
0.788800001144	0.002041616244
0.790399968624	0.000781936047
0.791999995708	0.000876016042
0.793599963188	0.001924672164
0.795199990273	0.002834176179
0.796799957752	0.002599584172
0.798399984837	0.001663536066
0.799999952316	0.002122672275
0.801599979401	0.001904832083
0.803200006485	0.001599888201
0.804799973965	0.000322815991
0.806400001049	-0.000240079971
0.807999968529	0.000917136145
0.809599995613	0.002559728222
0.811199963093	0.002107584151
0.812799990177	0.000872544071
0.814399957657	0.001842496102
0.815999984741	0.002553200116
0.817599952221	0.001376368105
0.819199979305	0.001077840105
0.820800006390	0.002512304112
0.822399973869	0.001181824016
0.824000000954	0.001639440190
0.825599968433	0.000105328021
0.827199995518	0.003755840240
0.828799962997	0.003232720308
0.830399990082	0.003254384268
0.831999957561	0.002731536282
0.833599984646	0.002298048232
0.835199952126	0.002703888342
0.836799979210	0.001212336123
0.838400006294	0.000306992006
0.839999973774	0.000426000013
0.841600000858	0.001842048136
0.843199968338	0.000508016034
0.844799995422	0.000576512073
0.846399962902	0.001283008140
0.847999989986	-0.000561664056
0.849599957466	0.001096304040
0.851199984550	0.002096448094
0.852799952030	0.001268896158
0.854399979115	0.002529712161
0.856000006199	0.002846576273
0.857599973679	0.001214288059
0.859200000763	0.002527792240
0.860799968243	0.001859168173
0.862399995327	0.001554768183
0.863999962807	0.001787216170
0.865599989891	0.001329648076
0.867199957371	0.002397904173
0.868799984455	-0.000849808101
0.870399951935	0.001279184129
0.871999979019	0.002374592237
0.873600006104	0.000793648069
0.875199973583	0.000324288005
0.876800000668	0.002717904281
0.878399968147	0.001058768015
0.879999995232	0.001175264129
0.881599962711	0.001852992107
0.883199989796	0.002144192113
0.884799957275	0.000915840094
0.886399984360	0.001829488087
0.887999951839	0.000967056083
0.889599978924	0.002151776105
0.891200006008	-0.000863056106
0.892799973488	0.000844480062
0.894400000572	0.001287888037
0.895999968052	0.002170432126
0.897599995136	0.000326352107
0.899199962616	0.001774720149
0.900799989700	-0.000597248087
0.902399957180	-0.000171952051
0.903999984264	0.001176496153
0.905599951744	0.001460912172
0.907199978828	-0.000529104029
0.908800005913	0.002534816274
0.910399973392	0.000391264039
0.912000000477	0.000466143974
0.913599967957	0.000866000075
0.915199995041	0.000116431991
0.916799962521	0.001538304146
0.918399989605	-0.000630368071
0.919999957085	0.000705056067
0.921599984169	0.001453936100
0.923199951649	0.001389824087
0.924799978733	0.000825584051
0.926400005817	0.001552224043
0.927999973297	0.002022080123
0.929600000381	0.000434208050
0.931199967861	0.001903168159
0.932799994946	-0.000044448007
0.934399962425	-0.000605536043
0.935999989510	0.001404128154
0.937599956989	0.000681648031
0.939199984074	-0.001264560036
0.940799951553	0.000014752030
0.942399978638	-0.000297056045
0.944000005722	-0.000048816015
0.945599973202	0.000627824105
0.947200000286	-0.000089008005
0.948799967766	-0.000139904034
0.950399994850	0.000544784067
0.951999962330	0.002760656178
0.953599989414	0.000262240006
0.955199956894	0.002324256115
0.956799983978	0.001659728121
0.958399951458	0.000299232022
0.959999978542	0.000588352035
0.961599946022	0.000162127995
0.963199973106	-0.000211616003
0.964800000191	0.000381504011
0.966399967670	-0.000797696062
0.967999994755	-0.000146719991
0.969599962234	-0.000120943994
0.971199989319	0.000977920019
0.972799956799	-0.000392112037
0.974399983883	-0.001112048165
0.975999951363	0.000655472046
0.977599978447	0.001822144142
0.979199945927	-0.000532128033
0.980799973011	0.000138848030
0.982400000095	0.001459184103
0.983999967575	0.000266064046
0.985599994659	0.000718272058
0.987199962139	0.001215984114
0.988799989223	0.000900448067
0.990399956703	0.000534640101
0.991999983788	0.000844480062
0.993599951267	0.000201663992
0.995199978352	-0.000829728087
0.996799945831	0.000299840001
0.998399972916	-0.000552912010
1.000000000000	-0.000148656021
1.001600027084	0.000653952069
1.003199934959	0.001170736039
1.004799962044	0.001932800165
1.006399989128	0.000592400087
1.008000016212	0.000901440042
1.009599924088	-0.001180128078
1.011199951172	0.000678304117
1.012799978256	-0.000715216040
1.014400005341	-0.000670592068
1.016000032425	-0.001251808135
1.017599940300	-0.001343568088
1.019199967384	0.001105856034
1.020799994469	-0.000713152054
1.022400021553	-0.000109568005
1.023999929428	0.000096176002
1.025599956512	0.000206671975
1.027199983597	-0.000761632051
1.028800010681	0.001355776098
1.030399918556	0.000169504012
1.031999945641	-0.001160656102
1.033599972725	0.002376736142
1.035199999809	-0.000438496092
1.036800026894	0.000022080010
1.038399934769	-0.000743600016
1.039999961853	-0.000710304070
1.041599988937	-0.000334832002
1.043200016022	-0.000969296088
1.044799923897	0.000095791969
1.046399950981	-0.000550208031
1.047999978065	0.001272576163
1.049600005150	0.000553600024
1.051200032234	-0.001215632074
1.052799940109	0.001681376132
1.054399967194	0.001226304099
1.055999994278	0.000025375990
1.057600021362	-0.001340032090
1.059199929237	-0.001070352038
1.060799956322	0.000399696059
1.062399983406	-0.000462864031
1.064000010490	-0.000536944077
1.065599918365	0.000063263971
1.067199945450	-0.000310896023
1.068799972534	-0.001788560185
1.070399999619	0.000010607971
1.072000026703	0.000555504055
1.073599934578	-0.000092431997
1.075199961662	-0.000172448024
1.076799988747	-0.000287856034
1.078400015831	0.000248992001
1.079999923706	-0.001025520032
1.081599950790	-0.000453680084
1.083199977875	-0.000125615989
1.084800004959	0.000671232061
1.086400032043	0.001271936111
1.087999939919	-0.000789392099
1.089599967003	0.001304944162
1.091199994087	0.000649168098
1.092800021172	-0.000619568105
1.094399929047	-0.001100592199
1.095999956131	-0.000916992023
1.097599983215	0.000767264050
1.099200010300	0.000050799990
1.100799918175	0.000219520036
1.102399945259	-0.000435855996
1.103999972343	-0.001363488147
1.105599999428	-0.000403376063
1.107200026512	0.000031711988
1.108799934387	0.001319024130
1.110399961472	-0.001438128180
1.111999988556	-0.000777856039
1.113600015640	-0.000650368049
1.115199923515	-0.001694640145
1.116799950600	0.001070640166
1.118399977684	-0.000794784050
1.120000004768	-0.000065072054
1.121599912643	-0.001253680093
1.123199939728	-0.000576320104
1.124799966812	-0.001078832080
1.126399993896	-0.000568528078
1.128000020981	0.000550208089
1.129599928856	-0.000793440035
1.131199955940	0.001612288062
1.132799983025	0.000382560014
1.134400010109	0.001212559990
1.135999917984	-0.000928448106
1.137599945068	-0.002500192262
1.139199972153	-0.001106656040
1.140799999237	-0.001080352115
1.142400026321	-0.000975248113
1.143999934196	-0.000397296011
1.145599961281	-0.001034128130
1.147199988365	-0.000439632015
1.148800015450	-0.000155248010
1.150399923325	-0.001169312047
1.151999950409	-0.001317744143
1.153599977493	0.000459952047
1.155200004578	0.001243680133
1.156799912453	-0.001279008109
1.158399939537	0.000228175995
1.159999966621	-0.001496512094
1.161599993706	-0.001148592099
1.163200020790	-0.002479808172
1.164799928665	0.000035215999
1.166399955750	-0.001570720109
1.167999982834	-0.002077728277
1.169600009918	-0.002529936144
1.171199917793	-0.002519120229
1.172799944878	-0.001115728053
1.174399971962	-0.000260560046
1.175999999046	0.000300880056
1.177600026131	0.000766272016
1.179199934006	-0.001963872230
1.180799961090	-0.000401408033
1.182399988174	-0.001466992078
1.184000015259	0.000241200003
1.185599923134	-0.002718432108
1.187199950218	-0.001050096122
1.188799977303	-0.002685488202
1.190400004387	-0.002126816195
1.191999912262	-0.002394768177
1.193599939346	-0.003281696234
1.195199966431	-0.001460992149
1.196799993515	-0.002494704211
1.198400020599	-0.001675472129
1.199999928474	-0.001282160054
1.201599955559	-0.000802000053
1.203199982643	0.000034064040
1.204800009727	-0.001153136138
1.206399917603	0.000413487985
1.207999944687	-0.002308144234
1.209599971771	-0.001757360180
1.211199998856	-0.000534336083
1.212800025940	-0.001634192187
1.214399933815	-0.002629712224
1.215999960899	-0.001726288116
1.217599987984	0.000090336005
1.219200015068	-0.001102112117
1.220799922943	-0.001844880171
1.222399950027	0.000202064082
1.223999977112	-0.000316640042
1.225600004196	-0.001966000302
1.227199912071	-0.001139520085
1.228799939156	-0.002311376156
1.230399966240	0.000824144110
1.231999993324	0.000276304025
1.233600020409	-0.000584416091
1.235199928284	-0.002298352309
1.236799955368	-0.003193312325
1.238399982452	-0.001817696146
1.240000009537	-0.002444416285
1.241599917412	-0.001130224089
1.243199944496	0.000292207988
1.244799971581	-0.002040976193
1.246399998665	-0.002148464089
1.248000025749	-0.003142240224
1.249599933624	-0.002275568200
1.251199960709	-0.001087280107
1.252799987793	-0.001902096206
1.254400014877	-0.001184352092
1.255999922752	-0.000960576057
1.257599949837	-0.000739792071
1.259199976921	-0.001106544049
1.260800004005	-0.000231792044
1.262399911880	-0.002009136137
1.263999938965	-0.001376208034
1.265599966049	-0.001542768092
1.267199993134	-0.003374304390
1.268800020218	-0.002361568157
1.270399928093	-0.000213392035
1.271999955177	-0.002121808240
1.273599982262	-0.000728848041
1.275200009346	-0.000100351994
1.276799917221	-0.000794064079
1.278399944305	-0.000582944020
1.279999971390	-0.000757552101
1.281599998474	0.000398560049
1.283200025558	0.001130720135
1.284799933434	-0.002633936238
1.286399960518	-0.000542976020
1.287999987602	-0.000697168114
1.289600014687	-0.002205264289
1.291199922562	-0.001172304037
1.292799949646	-0.000393056049
1.294399976730	-0.004412832204
1.296000003815	-0.001900032163
1.297599911690	-0.001284400118
1.299199938774	-0.001200128230
1.300799965858	0.000472512009
1.302399992943	-0.002765792189
1.304000020027	0.000438736024
1.305599927902	-0.000612432021
1.307199954987	0.000446352031
1.308799982071	-0.001865200116
1.310400009155	-0.000474448054
1.311999917030	-0.002274832223
1.313599944115	-0.003588000312
1.315199971199	-0.000769536069
1.316799998283	-0.001932096086
1.318400025368	-0.003368528327
1.319999933243	-0.002625008114
1.321599960327	-0.000865008100
1.323199987411	-0.001740032109
1.324800014496	-0.002354400232
1.326399922371	-0.000036128007
1.327999949455	-0.000750448089
1.329599976540	-0.002059776103
1.331200003624	-0.003612448229
1.332799911499	0.000416592055
1.334399938583	-0.000751008105
1.335999965668	-0.001612352091
1.337599992752	-0.003025152255
1.339200019836	-0.002504416276
1.340799927711	-0.002655664226
1.342399954796	-0.001696576132
1.343999981880	-0.002505296143
1.345600008965	-0.001865760190
1.347199916840	-0.001803024206
1.348799943924	-0.001755232108
1.350399971008	-0.002194320085
1.351999998093	-0.002356880112
1.353600025177	-0.002937664278
1.355199933052	-0.000962736085
1.356799960136	-0.000322512060
1.358399987221	-0.000093584000
1.360000014305	-0.002672016155
1.361599922180	-0.001868512132
1.363199949265	-0.002653520089
1.364799976349	-0.003705296200
1.366400003433	-0.003182416316
1.367999911308	-0.002643152140
1.369599938393	-0.003040480195
1.371199965477	-0.001543056103
1.372799992561	-0.002742848359
1.374400019646	-0.002395952120
1.375999927521	-0.003520192346
1.377599954605	-0.000728496118
1.379199981689	-0.001507456182
1.380800008774	-0.003471920267
1.382399916649	-0.002564240247
1.383999943733	-0.002255856292
1.385599970818	-0.002977232216
1.387199997902	-0.004059072118
1.388799905777	-0.004073936492
1.390399932861	-0.003940656316
1.391999959946	-0.002620464191
1.393599987030	-0.003489616327
1.395200014114	-0.001337168040
1.396799921989	-0.002691504313
1.398399949074	-0.002794256201
1.399999976158	-0.000544992101
1.401600003242	-0.003669712460
1.403199911118	-0.002628496150
1.404799938202	-0.002600288251
1.406399965286	-0.001357968082
1.407999992371	-0.003172176192
1.409600019455	-0.002330096206
1.411199927330	-0.001089968020
1.412799954414	-0.002942832187
1.414399981499	-0.002856976120
1.416000008583	-0.004698240198
1.417599916458	-0.005402432289
1.419199943542	-0.003452624194
1.420799970627	-0.002171296161
1.422399997711	-0.001186608104
1.423999905586	-0.002832544269
1.425599932671	-0.003239216283
1.427199959755	-0.002170960186
1.428799986839	-0.003478224389
1.430400013924	-0.000719935982
1.431999921799	-0.001001136028
1.433599948883	-0.003269776236
1.435199975967	-0.001236448181
1.436800003052	-0.003037648275
1.438399910927	-0.003164464142
1.439999938011	-0.002713952214
1.441599965096	-0.001782784122
1.443199992180	-0.003397248220
1.444800019264	-0.002461200114
1.446399927139	-0.000285151997
1.447999954224	-0.001877312199
1.449599981308	-0.004202032462
1.451200008392	-0.001828304143
1.452799916267	-0.002098432276
1.454399943352	-0.001722064102
1.455999970436	-0.000947344117
1.457599997520	-0.002639104147
1.459199905396	-0.001838752185
1.460799932480	-0.001674544183
1.462399959564	-0.002554016188
1.463999986649	-0.003759984393
1.465600013733	-0.004028288182
1.467199921608	-0.002274208236
1.468799948692	-0.003811872331
1.470399975777	-0.002916240366
1.472000002861	-0.000819424109
1.473599910736	-0.003462848254
1.475199937820	-0.003512640251
1.476799964905	-0.002172144130
1.478399991989	-0.001439488144
1.480000019073	-0.003276608186
1.481599926949	-0.001569248154
1.483199954033	-0.002122800099
1.484799981117	-0.002370736329
1.486400008202	-0.001117744134
1.487999916077	-0.003574208356
1.489599943161	-0.002638352104
1.491199970245	-0.003356496338
1.492799997330	-0.004187232349
1.494399905205	-0.002532768296
1.495999932289	-0.004267856479
1.497599959373	0.000628512120
1.499199986458	-0.002229808131
1.500800013542	-0.002572512254
1.502399921417	-0.001927024219
1.503999948502	-0.003582480364
1.505599975586	0.000578048115
1.507200002670	-0.002130512148
1.508799910545	-0.000581455999
1.510399937630	-0.002775424160
1.511999964714	-0.003904528450
1.513599991798	-0.003202992259
1.515200018883	-0.003591024317
1.516799926758	-0.004954496399
1.518399953842	-0.001801728155
1.519999980927	-0.003643168369
1.521600008011	-0.001852736110
1.523199915886	-0.003925296478
1.524799942970	-0.002495472087
1.526399970055	-0.001853632159
1.527999997139	-0.003338592360
1.529599905014	-0.002726320177
1.531199932098	-0.000906672154
1.532799959183	-0.003481072374
1.534399986267	-0.002990016248
1.536000013351	-0.004563808441
1.537599921227	-0.005636768416
1.539199948311	-0.002825680189
1.540799975395	-0.003480528248
1.542400002480	-0.003421360394
1.543999910355	-0.003587552346
1.545599937439	-0.002305264119
1.547199964523	-0.003204176202
1.548799991608	-0.004573968239
1.550400018692	-0.000607296068
1.551999926567	-0.003599824384
1.553599953651	-0.003271952271
1.555199980736	-0.002656624187
1.556800007820	-0.002658672165
1.558399915695	-0.003731552279
1.559999942780	-0.003108816221
1.561599969864	-0.001711280085
1.563199996948	-0.003833216382
1.564799904823	-0.003018240212
1.566399931908	-0.002215264132
1.567999958992	-0.002485664096
1.569599986076	-0.002775600180
1.571200013161	-0.003543296363
1.572799921036	-0.002741472097
1.574399948120	-0.005246288609
1.575999975204	-0.003137536347
1.577600002289	-0.003526720218
1.579199910164	-0.003235840239
1.580799937248	-0.002553920262
1.582399964333	-0.003704672214
1.583999991417	-0.003459200263
1.585600018501	-0.000293824065
1.587199926376	-0.002608320210
1.588799953461	-0.003762720386
1.590399980545	-0.005948208272
1.592000007629	-0.005797792692
1.593599915504	-0.002492688131
1.595199942589	-0.004253680352
1.596799969673	-0.002141632140
1.598399996758	-0.003313328372
1.599999904633	-0.002499424154
1.601599931717	-0.003178384155
1.603199958801	-0.003474624362
1.604799985886	-0.003883968340
1.606400012970	-0.003304672195
1.607999920845	-0.002006864175
1.609599947929	-0.004297472537
1.611199975014	-0.001756928163
1.612800002098	-0.004475056194
1.614399909973	-0.003982048482
1.615999937057	-0.003592368215
1.617599964142	-0.003023296129
1.619199991226	-0.005478496198
1.620800018311	-0.003126640338
1.622399926186	-0.003267344320
1.623999953270	-0.001635120134
1.625599980354	-0.000707504048
1.627200007439	-0.001849360066
1.628799915314	-0.004036896396
1.630399942398	-0.001079968060
1.631999969482	-0.003032896202
1.633599996567	-0.003463520203
1.635199904442	-0.005152288359
1.636799931526	-0.003075552173
1.638399958611	-0.004231120460
1.639999985695	-0.004390816204
1.641600012779	-0.004158528522
1.643199920654	-0.005805584602
1.644799947739	-0.002857840154
1.646399974823	-0.004948528484
1.648000001907	-0.003201952204
1.649599909782	-0.003022352234
1.651199936867	-0.003510832321
1.652799963951	-0.002439136151
1.654399991035	-0.002397904173
1.655999898911	-0.003238768317
1.657599925995	-0.002820320195
1.659199953079	-0.003195472294
1.660799980164	-0.003469632240
1.662400007248	-0.001670560101
1.663999915123	-0.004504768178
1.665599942207	-0.003468768205
1.667199969292	-0.005029392429
1.668799996376	-0.002797872294
1.670399904251	-0.004273152445
1.671999931335	-0.004565040581
1.673599958420	-0.002336304169
1.675199985504	-0.002812240273
1.676800012589	-0.003226800123
1.678399920464	-0.004652400501
1.679999947548	-0.003127488308
1.681599974632	-0.004153280519
1.683200001717	-0.002981760306
1.684799909592	-0.002496592235
1.686399936676	-0.004977424629
1.687999963760	-0.001987968106
1.689599990845	-0.005459584296
1.691199898720	-0.003076672321
1.692799925804	-0.003491808427
1.694399952888	-0.005514656659
1.695999979973	-0.004217536189
1.697600007057	-0.004536080174
1.699199914932	-0.002209456172
1.700799942017	-0.003149712225
1.702399969101	-0.003281392157
1.703999996185	-0.002882688306
1.705599904060	-0.004857552238
1.707199931145	-0.004038672429
1.708799958229	-0.002631280338
1.710399985313	-0.003216480371
1.712000012398	-0.004197168164
1.713599920273	-0.004776272457
1.715199947357	-0.004114400595
1.716799974442	-0.002461632248
1.718400001526	-0.005192320328
1.719999909401	-0.006337600760
1.721599936485	-0.003810304217
1.723199963570	-0.002150640124
1.724799990654	-0.003695824416
1.726399898529	-0.004016160499
1.727999925613	-0.003866928397
1.729599952698	-0.004309200216
1.731199979782	-0.003120080335
1.732800006866	-0.002732800320
1.734399914742	-0.003538352204
1.735999941826	-0.003361360170
1.737599968910	-0.006083584391
1.739199995995	-0.005307168234
1.740799903870	-0.003313824302
1.742399930954	-0.006173072383
1.743999958038	-0.003483888227
1.745599985123	-0.004401744343
1.747200012207	-0.004955248442
1.748799920082	-0.005624304526
1.750399947166	-0.003321568249
1.751999974251	-0.002503248164
1.753600001335	-0.003839584300
1.755199909210	-0.004221856594
1.756799936295	-0.004457920324
1.758399963379	-0.004548176192
1.759999990463	-0.003580048447
1.761599898338	-0.003621936310
1.763199925423	-0.003972960170
1.764799952507	-0.004494944587
1.766399979591	-0.004234464373
1.768000006676	-0.004320000298
1.769599914551	-0.005557024386
1.771199941635	-0.005930464715
1.772799968719	-0.003050640225
1.774399995804	-0.003019520314
1.775999903679	-0.003885600250
1.777599930763	-0.002150976099
1.779199957848	-0.003874000395
1.780799984932	-0.005219504237
1.782400012016	-0.003891936271
1.783999919891	-0.003197744256
1.785599946976	-0.002936000237
1.787199974060	-0.002790304134
1.788800001144	-0.005704864394
1.790399909019	-0.002939344151
1.791999936104	-0.003259808291
1.793599963188	-0.006701088510
1.795199990273	-0.005066720303
1.796799898148	-0.003590080189
1.798399925232	-0.004222128540
1.799999952316	-0.004134224262
1.801599979401	-0.003421520349
1.803200006485	-0.003231040202
1.804799914360	-0.002735280199
1.806399941444	-0.003494112287
1.807999968529	-0.003237472381
1.809599995613	-0.002823584247
1.811199903488	-0.003298560390
1.812799930573	-0.004424688406
1.814399957657	-0.003618880408
1.815999984741	-0.006150240544
1.817600011826	-0.003529632231
1.819199919701	-0.003418512177
1.820799946785	-0.004400320351
1.822399973869	-0.004810800310
1.824000000954	-0.005885264371
1.825599908829	-0.003870800370
1.827199935913	-0.004945104476
1.828799962997	-0.002203664277
1.830399990082	-0.003486688249
1.831999897957	-0.005430496298
1.833599925041	-0.004500352312
1.835199952126	-0.005520832259
1.836799979210	-0.004029840231
1.838400006294	-0.005271568429
1.839999914169	-0.005273712333
1.841599941254	-0.005377408583
1.843199968338	-0.006029808428
1.844799995422	-0.004064176232
1.846399903297	-0.005292272661
1.847999930382	-0.002814656124
1.849599957466	-0.003971280530
1.851199984550	-0.003410032252
1.852800011635	-0.006499744486
1.854399919510	-0.003112064209
1.855999946594	-0.003751616227
1.857599973679	-0.004747136496
1.859200000763	-0.005034992471
1.860799908638	-0.006102944259
1.862399935722	-0.004414672498
1.863999962807	-0.005173328333
1.865599989891	-0.005148368422
1.867199897766	-0.006869792473
1.868799924850	-0.003256032243
1.870399951935	-0.005077168345
1.871999979019	-0.004303456284
1.873600006104	-0.005032864399
1.875199913979	-0.003770192387
1.876799941063	-0.002236272208
1.878399968147	-0.002957008313
1.879999995232	-0.004740336444
1.881599903107	-0.003798400285
1.883199930191	-0.004041792359
1.884799957275	-0.004492720589
1.886399984360	-0.002566080308
1.888000011444	-0.004725024570
1.889599919319	-0.003958320245
1.891199946404	-0.006214352325
1.892799973488	-0.004121776205
1.894400000572	-0.005825280678
1.895999908447	-0.005776480306
1.897599935532	-0.005625904538
1.899199962616	-0.005397216417
1.900799989700	-0.004302640446
1.902399897575	-0.005925120320
1.903999924660	-0.005233216565
1.905599951744	-0.003955504391
1.907199978828	-0.003518176265
1.908800005913	-0.004014752340
1.910399913788	-0.006293456536
1.911999940872	-0.002891088370
1.913599967957	-0.003848928260
1.915199995041	-0.004829408601
1.916799902916	-0.005177504383
1.918399930000	-0.006205296610
1.919999957085	-0.004810096230
1.921599984169	-0.006254032720
1.923199892044	-0.002856752137
1.924799919128	-0.005651520565
1.926399946213	-0.004137968179
1.927999973297	-0.004155872390
1.929600000381	-0.004502448253
1.931199908257	-0.003663712414
1.932799935341	-0.004429088440
1.934399962425	-0.004629456438
1.935999989510	-0.004920496605
1.937599897385	-0.003642368363
1.939199924469	-0.005432544276
1.940799951553	-0.005736096296
1.942399978638	-0.005197648425
1.944000005722	-0.005755184684
1.945599913597	-0.004980432335
1.947199940681	-0.003977024462
1.948799967766	-0.004703776445
1.950399994850	-0.005945200566
1.951999902725	-0.003198928200
1.953599929810	-0.004466832615
1.955199956894	-0.004739216529
1.956799983978	-0.004918208346
1.958399891853	-0.005604384467
1.959999918938	-0.005438512657
1.961599946022	-0.006922912784
1.963199973106	-0.003269760171
1.964800000191	-0.004857568536
1.966399908066	-0.005014112219
1.967999935150	-0.004093104508
1.969599962234	-0.005766304675
1.971199989319	-0.006266880780
1.972799897194	-0.005739904474
1.974399924278	-0.004445904400
1.975999951363	-0.005368032493
1.977599978447	-0.004471360240
1.979200005531	-0.004262976348
1.980799913406	-0.005062432494
1.982399940491	-0.004838608205
1.983999967575	-0.004749520216
1.985599994659	-0.003996720538
1.987199902534	-0.003759744344
1.988799929619	-0.005409712438
1.990399956703	-0.004980064463
1.991999983788	-0.004521072377
1.993599891663	-0.005294128321
1.995199918747	-0.006386768539
1.996799945831	-0.005951696541
1.998399972916	-0.006249008700
2.000000000000	-0.004367600195
2.001600027084	-0.004673120566
2.003200054169	-0.006648560520
2.004799842834	-0.005212400574
2.006399869919	-0.004549472127
2.007999897003	-0.003483392298
2.009599924088	-0.002436416224
2.011199951172	-0.005299504381
2.012799978256	-0.004937648308
2.014400005341	-0.004683248233
2.016000032425	-0.005646048579
2.017600059509	-0.007005664520
2.019199848175	-0.004712464288
2.020799875259	-0.004872880410
2.022399902344	-0.004869872238
2.023999929428	-0.004916048609
2.025599956512	-0.004549504258
2.027199983597	-0.003978256136
2.028800010681	-0.005131696351
2.030400037766	-0.002406272106
2.032000064850	-0.003661680268
2.033599853516	-0.004437168594
2.035199880600	-0.003343056422
2.036799907684	-0.004305088427
2.038399934769	-0.004082192201
2.039999961853	-0.005750416312
2.041599988937	-0.004652464297
2.043200016022	-0.005559728481
2.044800043106	-0.005070256535
2.046399831772	-0.006315536331
2.047999858856	-0.006650816649
2.049599885941	-0.005975552369
2.051199913025	-0.005562128499
2.052799940109	-0.003545456333
2.054399967194	-0.006180032622
2.055999994278	-0.005601712503
2.057600021362	-0.003251664340
2.059200048447	-0.004292384256
2.060799837112	-0.005614208523
2.062399864197	-0.002948992420
2.063999891281	-0.005393920466
2.065599918365	-0.005004800390
2.067199945450	-0.006713152397
2.068799972534	-0.005796000361
2.070399999619	-0.005772624630
2.072000026703	-0.005374160595
2.073600053787	-0.004707312211
2.075199842453	-0.005727472715
2.076799869537	-0.005516976584
2.078399896622	-0.006715936586
2.079999923706	-0.004692512564
2.081599950790	-0.005122576375
2.083199977875	-0.004918272607
2.084800004959	-0.005833136383
2.086400032043	-0.005566064268
2.088000059128	-0.004995312542
2.089599847794	-0.006529936567
2.091199874878	-0.006001648493
2.092799901962	-0.005824480671
2.094399929047	-0.006929536350
2.095999956131	-0.006022784393
2.097599983215	-0.004300192464
2.099200010300	-0.004792160355
2.100800037384	-0.006608400494
2.102400064468	-0.005144352559
2.103999853134	-0.005577728618
2.105599880219	-0.005631792359
2.107199907303	-0.006501392461
2.108799934387	-0.004841984250
2.110399961472	-0.004659920465
2.111999988556	-0.003681760281
2.113600015640	-0.004633504432
2.115200042725	-0.006785728503
2.116799831390	-0.005987328477
2.118399858475	-0.004981040489
2.119999885559	-0.007344768383
2.121599912643	-0.005604800303
2.123199939728	-0.005180400331
2.124799966812	-0.006195152644
2.126399993896	-0.006690400653
2.128000020981	-0.006608160678
2.129600048065	-0.005237184465
2.131199836731	-0.005897248629
2.132799863815	-0.004187616520
2.134399890900	-0.004776608665
2.135999917984	-0.004323392175
2.137599945068	-0.004591248464
2.139199972153	-0.007303456776
2.140799999237	-0.008002752438
2.142400026321	-0.008343632333
2.144000053406	-0.004980720580
2.145599842072	-0.006184480619
2.147199869156	-0.006422688719
2.148799896240	-0.006594304461
2.150399923325	-0.006226176396
2.151999950409	-0.004535104148
2.153599977493	-0.004882624373
2.155200004578	-0.003738064319
2.156800031662	-0.004740736447
2.158400058746	-0.006997024640
2.159999847412	-0.007237728685
2.161599874496	-0.005476656370
2.163199901581	-0.005348800682
2.164799928665	-0.006264016498
2.166399955750	-0.005290528294
2.167999982834	-0.006354416721
2.169600009918	-0.008390320465
2.171200037003	-0.006135216448
2.172800064087	-0.005128000397
2.174399852753	-0.005758896470
2.175999879837	-0.006830032449
2.177599906921	-0.004381936509
2.179199934006	-0.004033728503
2.180799961090	-0.006399856415
2.182399988174	-0.004878048319
2.184000015259	-0.004933136515
2.185600042343	-0.006245296448
2.187199831009	-0.005233120639
2.188799858093	-0.006313712336
2.190399885178	-0.006421248429
2.191999912262	-0.007020240650
2.193599939346	-0.006909424439
2.195199966431	-0.005279472563
2.196799993515	-0.004802192561
2.198400020599	-0.006406720728
2.200000047684	-0.004288272467
2.201599836349	-0.004295536317
2.203199863434	-0.006669152528
2.204799890518	-0.007602032740
2.206399917603	-0.005740224384
2.207999944687	-0.004384304397
2.209599971771	-0.004746208433
2.211199998856	-0.007664944511
2.212800025940	-0.005611088593
2.214400053024	-0.007420192938
2.215999841690	-0.005482592620
2.217599868774	-0.006951520685
2.219199895859	-0.006224720739
2.220799922943	-0.006016976666
2.222399950027	-0.006544592790
2.223999977112	-0.005199872423
2.225600004196	-0.004771344364
2.227200031281	-0.005877008662
2.228800058365	-0.006477072369
2.230399847031	-0.004637440201
2.231999874115	-0.004386784509
2.233599901199	-0.005458112340
2.235199928284	-0.007600048557
2.236799955368	-0.006297168788
2.238399982452	-0.004966864362
2.240000009537	-0.006787920836
2.241600036621	-0.005398800597
2.243199825287	-0.005730288569
2.244799852371	-0.005099008325
2.246399879456	-0.007848768495
2.247999906540	-0.006821072660
2.249599933624	-0.004789056256
2.251199960709	-0.004955280572
2.252799987793	-0.006170752458
2.254400014877	-0.006287712604
2.256000041962	-0.006091312505
2.257599830627	-0.004412144423
2.259199857712	-0.004546176177
2.260799884796	-0.005411568563
2.262399911880	-0.006061840337
2.263999938965	-0.003742624307
2.265599966049	-0.005355168600
2.267199993134	-0.006826480385
2.268800020218	-0.005463728681
2.270400047302	-0.007737920620
2.271999835968	-0.005589248613
2.273599863052	-0.004718224518
2.275199890137	-0.006704176776
2.276799917221	-0.006138208322
2.278399944305	-0.005004592240
2.279999971390	-0.005135264248
2.281599998474	-0.005440288223
2.283200025558	-0.003496368416
2.284800052643	-0.005133840255
2.286399841309	-0.005028480664
2.287999868393	-0.004729168490
2.289599895477	-0.006450880785
2.291199922562	-0.008074033074
2.292799949646	-0.005482192617
2.294399976730	-0.006457712501
2.296000003815	-0.004419376608
2.297600030899	-0.005332256667
2.299200057983	-0.003984384239
2.300799846649	-0.005787376314
2.302399873734	-0.003973808140
2.303999900818	-0.004785840400
2.305599927902	-0.004090288188
2.307199954987	-0.005835728254
2.308799982071	-0.002877008170
2.310400009155	-0.006487664301
2.312000036240	-0.006300832611
2.313599824905	-0.005003040191
2.315199851990	-0.008639440872
2.316799879074	-0.007019136567
2.318399906158	-0.006834352389
2.319999933243	-0.005217712373
2.321599960327	-0.007830912247
2.323199987411	-0.005131680518
2.324800014496	-0.005816000514
2.326400041580	-0.005957040470
2.327999830246	-0.006054048426
2.329599857330	-0.006636000704
2.331199884415	-0.006788240746
2.332799911499	-0.007245152723
2.334399938583	-0.006310576573
2.335999965668	-0.006135088392
2.337599992752	-0.007948064245
2.339200019836	-0.007350000553
2.340800046921	-0.004657792393
2.342399835587	-0.005818208680
2.343999862671	-0.007497792598
2.345599889755	-0.007070576772
2.347199916840	-0.004235936329
2.348799943924	-0.005547712557
2.350399971008	-0.006377792452
2.351999998093	-0.006277232431
2.353600025177	-0.007525056601
2.355200052261	-0.003892064327
2.356799840927	-0.004775632638
2.358399868011	-0.006514080334
2.359999895096	-0.007558432408
2.361599922180	-0.006058784667
2.363199949265	-0.005102224648
2.364799976349	-0.007493552752
2.366400003433	-0.006905472372
2.368000030518	-0.007863872685
2.369600057602	-0.005907824729
2.371199846268	-0.006962800398
2.372799873352	-0.006279104389
2.374399900436	-0.005671856459
2.375999927521	-0.007397904526
2.377599954605	-0.004342000466
2.379199981689	-0.005888496526
2.380800008774	-0.006720320787
2.382400035858	-0.005832336377
2.383999824524	-0.005292864516
2.385599851608	-0.004740864504
2.387199878693	-0.005431728438
2.388799905777	-0.005772944540
2.390399932861	-0.006172944326
2.391999959946	-0.006245584693
2.393599987030	-0.007101888768
2.395200014114	-0.007023904473
2.396800041199	-0.007885472849
2.398399829865	-0.005916496273
2.399999856949	-0.004286928568
2.401599884033	-0.005785664544
2.403199911118	-0.005944992416
2.404799938202	-0.007100640796
2.406399965286	-0.006197584327
2.407999992371	-0.005747376475
2.409600019455	-0.004305328242
2.411200046539	-0.005768800620
2.412799835205	-0.005996640306
2.414399862289	-0.007227216382
2.415999889374	-0.008421088569
2.417599916458	-0.007298432756
2.419199943542	-0.005412624683
2.420799970627	-0.005075008608
2.422399997711	-0.006360448431
2.424000024796	-0.005678528454
2.425600051880	-0.005671584513
2.427199840546	-0.004865376279
2.428799867630	-0.006341712549
2.430399894714	-0.003808544250
2.431999921799	-0.003979200497
2.433599948883	-0.004896800499
2.435199975967	-0.007219392806
2.436800003052	-0.006082560401
2.438400030136	-0.007536864374
2.440000057220	-0.007360720541
2.441599845886	-0.006316752639
2.443199872971	-0.006924352609
2.444799900055	-0.006670144387
2.446399927139	-0.007029728498
2.447999954224	-0.006688480731
2.449599981308	-0.007510272786
2.451200008392	-0.007240096573
2.452800035477	-0.006577440538
2.454399824142	-0.004936032463
2.455999851227	-0.005759728607
2.457599878311	-0.004262656439
2.459199905396	-0.006345584523
2.460799932480	-0.008362593129
2.462399959564	-0.004456064198
2.463999986649	-0.006147040520
2.465600013733	-0.007776992396
2.467200040817	-0.008548192680
2.468799829483	-0.006078512408
2.470399856567	-0.006628736388
2.471999883652	-0.005844560452
2.473599910736	-0.007110800594
2.475199937820	-0.006774256472
2.476799964905	-0.006156736519
2.478399991989	-0.005728448275
2.480000019073	-0.008551520295
2.481600046158	-0.006043616682
2.483199834824	-0.005174640566
2.484799861908	-0.007193840574
2.486399888992	-0.006410464644
2.487999916077	-0.006076480728
2.489599943161	-0.005712704267
2.491199970245	-0.007401904557
2.492799997330	-0.006616736762
2.494400024414	-0.008884481154
2.496000051498	-0.007178224623
2.497599840164	-0.004400832579
2.499199867249	-0.006126464345
2.500799894333	-0.007660128642
2.502399921417	-0.007914304733
2.503999948502	-0.006653136574
2.505599975586	-0.004339856561
2.507200002670	-0.006427040324
2.508800029755	-0.006007584278
2.510399818420	-0.006544672418
2.511999845505	-0.004007120151
2.513599872589	-0.005125648342
2.515199899673	-0.009131697007
2.516799926758	-0.007616944611
2.518399953842	-0.006080944557
2.519999980927	-0.005266864318
2.521600008011	-0.008087312803
2.523200035095	-0.007323264610
2.524799823761	-0.006629040465
2.526399850845	-0.005642000586
2.527999877930	-0.006712592673
2.529599905014	-0.005636848509
2.531199932098	-0.006616112776
2.532799959183	-0.005420832429
2.534399986267	-0.005858368240
2.536000013351	-0.006260720547
2.537600040436	-0.008478000760
2.539199829102	-0.006984144449
2.540799856186	-0.006685952656
2.542399883270	-0.005202944390
2.543999910355	-0.006211456377
2.545599937439	-0.009086256847
2.547199964523	-0.005305328406
2.548799991608	-0.006929728668
2.550400018692	-0.006519328337
2.552000045776	-0.004752448294
2.553599834442	-0.005202192347
2.555199861526	-0.006864736788
2.556799888611	-0.007421872579
2.558399915695	-0.005947472528
2.559999942780	-0.006261872593
2.561599969864	-0.006354048382
2.563199996948	-0.006568560377
2.564800024033	-0.007214064710
2.566400051117	-0.009454497136
2.567999839783	-0.006532400381
2.569599866867	-0.008889616467
2.571199893951	-0.006552560721
2.572799921036	-0.007647120859
2.574399948120	-0.006208464503
2.575999975204	-0.007457088679
2.577600002289	-0.004273440223
2.579200029373	-0.005803216714
2.580799818039	-0.007425648626
2.582399845123	-0.008046432398
2.583999872208	-0.007985584438
2.585599899292	-0.006346816663
2.587199926376	-0.006763376761
2.588799953461	-0.005544768646
2.590399980545	-0.007242384367
2.592000007629	-0.007645904552
2.593600034714	-0.005551600363
2.595199823380	-0.008358880877
2.596799850464	-0.007175840437
2.598399877548	-0.004467968363
2.599999904633	-0.005122736562
2.601599931717	-0.007888400927
2.603199958801	-0.007668272592
2.604799985886	-0.008412752301
2.606400012970	-0.003004656173
2.608000040054	-0.005238080397
2.609599828720	-0.006800496485
2.611199855804	-0.006343840621
2.612799882889	-0.006004832685
2.614399909973	-0.005583920516
2.615999937057	-0.008151104674
2.617599964142	-0.008852384984
2.619199991226	-0.006463712547
2.620800018311	-0.005639808252
2.622400045395	-0.004008576274
2.623999834061	-0.006324480288
2.625599861145	-0.006281168666
2.627199888229	-0.006817760412
2.628799915314	-0.004936608486
2.630399942398	-0.007483840920
2.631999969482	-0.006423616316
2.633599996567	-0.005003840197
2.635200023651	-0.006123408675
2.636800050735	-0.004323392175
2.638399839401	-0.007665856741
2.639999866486	-0.007554096635
2.641599893570	-0.008653104305
2.643199920654	-0.005617936607
2.644799947739	-0.006830704398
2.646399974823	-0.007040624507
2.648000001907	-0.006218128372
2.649600028992	-0.007091024425
2.651199817657	-0.007774128579
2.652799844742	-0.006334288511
2.654399871826	-0.006322832312
2.655999898911	-0.005972000305
2.657599925995	-0.006597904488
2.659199953079	-0.008719217032
2.660799980164	-0.006519056391
2.662400007248	-0.007012464572
2.664000034332	-0.007444304414
2.665599822998	-0.007581520826
2.667199850082	-0.005353984423
2.668799877167	-0.006746896543
2.670399904251	-0.005975168664
2.671999931335	-0.006877648644
2.673599958420	-0.007783120498
2.675199985504	-0.005409088451
2.676800012589	-0.006088368595
2.678400039673	-0.005937984679
2.679999828339	-0.007058992516
2.681599855423	-0.006786816288
2.683199882507	-0.004371136427
2.684799909592	-0.006717344746
2.686399936676	-0.006695840508
2.687999963760	-0.008023232222
2.689599990845	-0.007958160713
2.691200017929	-0.007563056424
2.692800045013	-0.006683968473
2.694399833679	-0.008250720799
2.695999860764	-0.006757952739
2.697599887848	-0.006756784394
2.699199914932	-0.006113344338
2.700799942017	-0.006571600679
2.702399969101	-0.007671744563
2.703999996185	-0.008692368865
2.705600023270	-0.006103712600
2.707200050354	-0.004863376264
2.708799839020	-0.007257872727
2.710399866104	-0.008750672452
2.711999893188	-0.004109376110
2.713599920273	-0.008593392558
2.715199947357	-0.007077248767
2.716799974442	-0.005896592513
2.718400001526	-0.006749600638
2.720000028610	-0.005444528535
2.721599817276	-0.007969648577
2.723199844360	-0.006990592461
2.724799871445	-0.008001889102
2.726399898529	-0.006550704595
2.727999925613	-0.006073088385
2.729599952698	-0.008856208995
2.731199979782	-0.006525968667
2.732800006866	-0.006342032459
2.734400033951	-0.004982176237
2.735999822617	-0.007278848439
2.737599849701	-0.008102544583
2.739199876785	-0.008718448691
2.740799903870	-0.005964640528
2.742399930954	-0.004726336338
2.743999958038	-0.010001952760
2.745599985123	-0.005589488428
2.747200012207	-0.007222240791
2.748800039291	-0.006993648596
2.750399827957	-0.006319024600
2.751999855042	-0.006864096504
2.753599882126	-0.007473696489
2.755199909210	-0.006915360689
2.756799936295	-0.006117296405
2.758399963379	-0.007863456383
2.759999990463	-0.004871488549
2.761600017548	-0.007083568722
2.763200044632	-0.006352032535
2.764799833298	-0.007951616310
2.766399860382	-0.005945952609
2.767999887466	-0.006838416681
2.769599914551	-0.006953872740
2.771199941635	-0.006233920343
2.772799968719	-0.008281056769
2.774399995804	-0.007046320476
2.776000022888	-0.007345760707
2.777599811554	-0.004734944552
2.779199838638	-0.005121056456
2.780799865723	-0.006858272478
2.782399892807	-0.009100737050
2.783999919891	-0.005315792281
2.785599946976	-0.005181088578
2.787199974060	-0.005432352424
2.788800001144	-0.006958368700
2.790400028229	-0.009415504523
2.791999816895	-0.007778736763
2.793599843979	-0.006387280766
2.795199871063	-0.007870576344
2.796799898148	-0.005200160667
2.798399925232	-0.008004737087
2.799999952316	-0.006919456646
2.801599979401	-0.007387904450
2.803200006485	-0.007050576620
2.804800033569	-0.006462512538
2.806399822235	-0.005657728296
2.807999849319	-0.007006144617
2.809599876404	-0.006353120320
2.811199903488	-0.007045776583
2.812799930573	-0.005525984336
2.814399957657	-0.007820161059
2.815999984741	-0.006889408454
2.817600011826	-0.008318528533
2.819200038910	-0.006707120687
2.820799827576	-0.007697184570
2.822399854660	-0.004647760186
2.823999881744	-0.007837712765
2.825599908829	-0.007067312486
2.827199935913	-0.006502256729
2.828799962997	-0.007608704735
2.830399990082	-0.005622672383
2.832000017166	-0.007335024886
2.833600044250	-0.006415984593
2.835199832916	-0.008349280804
2.836799860001	-0.005001152400
2.838399887085	-0.007384912577
2.839999914169	-0.006931040436
2.841599941254	-0.006491056643
2.843199968338	-0.009730112739
2.844799995422	-0.008240913041
2.846400022507	-0.006370000541
2.847999811172	-0.006564208772
2.849599838257	-0.008411632851
2.851199865341	-0.007485344540
2.852799892426	-0.007017760538
2.854399919510	-0.007377632428
2.855999946594	-0.005384720396
2.857599973679	-0.008251424879
2.859200000763	-0.008474720642
2.860800027847	-0.005361408461
2.862399816513	-0.006732432637
2.863999843597	-0.006489216816
2.865599870682	-0.008604017086
2.867199897766	-0.007571424823
2.868799924850	-0.008862944320
2.870399951935	-0.009157168679
2.871999979019	-0.006178352516
2.873600006104	-0.008323376998
2.875200033188	-0.006923568435
2.876799821854	-0.006188560743
2.878399848938	-0.004763488192
2.879999876022	-0.007944433019
2.881599903107	-0.006310160737
2.883199930191	-0.007434240542
2.884799957275	-0.006703584455
2.886399984360	-0.005407856312
2.888000011444	-0.007954960689
2.889600038528	-0.007544432767
2.891199827194	-0.007989424281
2.892799854279	-0.009103984572
2.894399881363	-0.008646177128
2.895999908447	-0.007722624578
2.897599935532	-0.006442496553
2.899199962616	-0.008048336953
2.900799989700	-0.005580528639
2.902400016785	-0.005012592301
2.904000043869	-0.007809216622
2.905599832535	-0.007377248723
2.907199859619	-0.006040288601
2.908799886703	-0.007699360605
2.910399913788	-0.006656640675
2.911999940872	-0.006809232756
2.913599967957	-0.007428048644
2.915199995041	-0.007750576828
2.916800022125	-0.008293184452
2.918399810791	-0.006767312530
2.919999837875	-0.007162176538
2.921599864960	-0.008206144907
2.923199892044	-0.008902784437
2.924799919128	-0.007034096867
2.926399946213	-0.009078800678
2.927999973297	-0.006900976412
2.929600000381	-0.008616224863
2.931200027466	-0.004539488349
2.932799816132	-0.008420096710
2.934399843216	-0.006694240496
2.935999870300	-0.008454944938
2.937599897385	-0.006973008625
2.939199924469	-0.009278352372
2.940799951553	-0.008158016950
2.942399978638	-0.007119200658
2.944000005722	-0.007909968495
2.945600032806	-0.007328496780
2.947199821472	-0.008443265222
2.948799848557	-0.006671712734
2.950399875641	-0.003657648340
2.951999902725	-0.005812640302
2.953599929810	-0.008513776585
2.955199956894	-0.007390240673
2.956799983978	-0.008647616953
2.958400011063	-0.004913952202
2.960000038147	-0.007760416716
2.961599826813	-0.007379456423
2.963199853897	-0.009570736438
2.964799880981	-0.007182832807
2.966399908066	-0.006257152651
2.967999935150	-0.008225249127
2.969599962234	-0.007713568397
2.971199989319	-0.010467536747
2.972800016403	-0.008518944494
2.974400043488	-0.004397248384
2.975999832153	-0.005491696298
2.977599859238	-0.006673904601
2.979199886322	-0.008441104554
2.980799913406	-0.006810336374
2.982399940491	-0.008363937028
2.983999967575	-0.007207216695
2.985599994659	-0.007719712798
2.987200021744	-0.007680768613
2.988799810410	-0.006317088380
2.990399837494	-0.008959040977
2.991999864578	-0.007926944643
2.993599891663	-0.007023936603
2.995199918747	-0.006539696362
2.996799945831	-0.006898112595
2.998399972916	-0.008606368676
3.000000000000	-0.005947120488
3.001600027084	-0.005973440595
3.003199815750	-0.006707648747
3.004799842834	-0.006010400597
3.006399869919	-0.007776240818
3.007999897003	-0.007143024355
3.009599924088	-0.006361264735
3.011199951172	-0.007533088792
3.012799978256	-0.007893312722
3.014400005341	-0.008529473096
3.016000032425	-0.006720080506
3.017599821091	-0.007245648652
3.019199848175	-0.007700000424
3.020799875259	-0.008840001188
3.022399902344	-0.005315472372
3.023999929428	-0.005175984465
3.025599956512	-0.007892400958
3.027199983597	-0.007041360717
3.028800010681	-0.007144784555
3.030400037766	-0.004237888381
3.031999826431	-0.005679056514
3.033599853516	-0.005988384597
3.035199880600	-0.007570096757
3.036799907684	-0.006668000482
3.038399934769	-0.007201552391
3.039999961853	-0.009939504787
3.041599988937	-0.008144800551
3.043200016022	-0.008351152763
3.044799804687	-0.007429504767
3.046399831772	-0.007639824878
3.047999858856	-0.006954368670
3.049599885941	-0.007494080812
3.051199913025	-0.007798032835
3.052799940109	-0.006177312694
3.054399967194	-0.007427584380
3.055999994278	-0.005408464465
3.057600021362	-0.007050672546
3.059199810028	-0.005745488685
3.060799837112	-0.009486624971
3.062399864197	-0.008975841105
3.063999891281	-0.006279456429
3.065599918365	-0.007950848900
3.067199945450	-0.006003488321
3.068799972534	-0.007359728683
3.070399999619	-0.006196288392
3.072000026703	-0.008771504276
3.073599815369	-0.008000528440
3.075199842453	-0.006979040336
3.076799869537	-0.006306784693
3.078399896622	-0.004641408566
3.079999923706	-0.009333648719
3.081599950790	-0.009301104583
3.083199977875	-0.007595232688
3.084800004959	-0.007016528398
3.086400032043	-0.009655856527
3.087999820709	-0.007360448595
3.089599847794	-0.006414592732
3.091199874878	-0.007267344743
3.092799901962	-0.006624752656
3.094399929047	-0.007927120663
3.095999956131	-0.007829664275
3.097599983215	-0.006004928611
3.099200010300	-0.007625248749
3.100800037384	-0.009157328866
3.102399826050	-0.006278960500
3.103999853134	-0.006738336757
3.105599880219	-0.006806240417
3.107199907303	-0.007925936952
3.108799934387	-0.005877104588
3.110399961472	-0.006322384346
3.111999988556	-0.007477696519
3.113600015640	-0.006493552588
3.115199804306	-0.008913552389
3.116799831390	-0.009546465240
3.118399858475	-0.007863904350
3.119999885559	-0.006922624540
3.121599912643	-0.007053664420
3.123199939728	-0.008457329124
3.124799966812	-0.007241904736
3.126399993896	-0.009712848812
3.128000020981	-0.006639344618
3.129599809647	-0.005364000332
3.131199836731	-0.006573776715
3.132799863815	-0.008592048660
3.134399890900	-0.004459344316
3.135999917984	-0.008322384208
3.137599945068	-0.008227040991
3.139199972153	-0.008993664756
3.140799999237	-0.007836544886
3.142400026321	-0.005421376321
3.143999814987	-0.009342672303
3.145599842072	-0.007882048376
3.147199869156	-0.009273776785
3.148799896240	-0.004669312388
3.150399923325	-0.006336560473
3.151999950409	-0.008576544933
3.153599977493	-0.008260848932
3.155200004578	-0.006881424692
3.156800031662	-0.003890672233
3.158399820328	-0.006779584568
3.159999847412	-0.007811488584
3.161599874496	-0.006397936493
3.163199901581	-0.007064592559
3.164799928665	-0.007097952534
3.166399955750	-0.007449952420
3.167999982834	-0.009834241122
3.169600009918	-0.007945057005
3.171200037003	-0.007720496505
3.172799825668	-0.007195696700
3.174399852753	-0.006149504334
3.175999879837	-0.007916896604
3.177599906921	-0.006120256614
3.179199934006	-0.005053696688
3.180799961090	-0.005982096307
3.182399988174	-0.007088752463
3.184000015259	-0.007624640595
3.185599803925	-0.007892240770
3.187199831009	-0.006978992373
3.188799858093	-0.006475056522
3.190399885178	-0.009048000909
3.191999912262	-0.006673408672
3.193599939346	-0.008723552339
3.195199966431	-0.007340448443
3.196799993515	-0.006400112528
3.198400020599	-0.007099728566
3.199999809265	-0.007156208623
3.201599836349	-0.006586352363
3.203199863434	-0.005785152316
3.204799890518	-0.009462048300
3.206399917603	-0.006746992469
3.207999944687	-0.007191120647
3.209599971771	-0.006541072391
3.211199998856	-0.009154512547
3.212800025940	-0.009504401125
3.214399814606	-0.007670928724
3.215999841690	-0.004905360285
3.217599868774	-0.008023568429
3.219199895859	-0.008329344913
3.220799922943	-0.007564752828
3.222399950027	-0.007548464462
3.223999977112	-0.008330272511
3.225600004196	-0.008461024612
3.227200031281	-0.008307568729
3.228799819946	-0.008669584990
3.230399847031	-0.005425392184
3.231999874115	-0.005341504700
3.233599901199	-0.007566400804
3.235199928284	-0.008877408691
3.236799955368	-0.007293200586
3.238399982452	-0.008194385096
3.240000009537	-0.008559056558
3.241600036621	-0.007271072827
3.243199825287	-0.006393792573
3.244799852371	-0.008515601046
3.246399879456	-0.008472352289
3.247999906540	-0.009015456773
3.249599933624	-0.007347344421
3.251199960709	-0.004509840161
3.252799987793	-0.008245441131
3.254400014877	-0.007896320894
3.255999803543	-0.006462176796
3.257599830627	-0.004309296142
3.259199857712	-0.007273360621
3.260799884796	-0.007945776917
3.262399911880	-0.008916624822
3.263999938965	-0.007524864748
3.265599966049	-0.006228160579
3.267199993134	-0.007008208428
3.268800020218	-0.009879728779
3.270399808884	-0.007501360495
3.271999835968	-0.006623488385
3.273599863052	-0.007701520808
3.275199890137	-0.007874720730
3.276799917221	-0.006314608268
3.278399944305	-0.007017632481
3.279999971390	-0.005293872207
3.281599998474	-0.007238352671
3.283200025558	-0.006017296575
3.284799814224	-0.007762064692
3.286399841309	-0.007718528621
3.287999868393	-0.006419136655
3.289599895477	-0.007600288838
3.291199922562	-0.008949120529
3.292799949646	-0.008470960893
3.294399976730	-0.006191024557
3.296000003815	-0.008493104950
3.297600030899	-0.009197153151
3.299199819565	-0.008134208620
3.300799846649	-0.007422368508
3.302399873734	-0.004969952628
3.303999900818	-0.007755120751
3.305599927902	-0.005520320497
3.307199954987	-0.007351472508
3.308799982071	-0.005944000557
3.310400009155	-0.005903824698
3.311999797821	-0.007175680716
3.313599824905	-0.007754272781
3.315199851990	-0.008481200784
3.316799879074	-0.008345584385
3.318399906158	-0.008474336937
3.319999933243	-0.008618752472
3.321599960327	-0.006323344540
3.323199987411	-0.007119296584
3.324800014496	-0.010648609139
3.326399803162	-0.009958432987
3.327999830246	-0.007101232652
3.329599857330	-0.007361872587
3.331199884415	-0.008448224515
3.332799911499	-0.007035200484
3.334399938583	-0.006403232459
3.335999965668	-0.009520241059
3.337599992752	-0.008009264246
3.339200019836	-0.008182800375
3.340799808502	-0.008264944889
3.342399835587	-0.008410369046
3.343999862671	-0.008573248982
3.345599889755	-0.007816992700
3.347199916840	-0.007615568582
3.348799943924	-0.007382336538
3.350399971008	-0.006616096478
3.351999998093	-0.007114432752
3.353600025177	-0.007865392603
3.355199813843	-0.007971040905
3.356799840927	-0.005032336339
3.358399868011	-0.004861360416
3.359999895096	-0.008643312380
3.361599922180	-0.007895744406
3.363199949265	-0.008383088745
3.364799976349	-0.008078592829
3.366400003433	-0.007625952829
3.368000030518	-0.009698225185
3.369599819183	-0.009409745224
3.371199846268	-0.008289360441
3.372799873352	-0.007051984314
3.374399900436	-0.006993216462
3.375999927521	-0.008423648775
3.377599954605	-0.007257920690
3.379199981689	-0.006230192725
3.380800008774	-0.007222160697
3.382399797440	-0.007586064748
3.383999824524	-0.006650080439
3.385599851608	-0.005175200291
3.387199878693	-0.007515328471
3.388799905777	-0.008343776688
3.390399932861	-0.009988352656
3.391999959946	-0.008230016567
3.393599987030	-0.006756320596
3.395200014114	-0.010703264736
3.396799802780	-0.007521136664
3.398399829865	-0.006362128537
3.399999856949	-0.007601680700
3.401599884033	-0.007586464752
3.403199911118	-0.007354384754
3.404799938202	-0.008491088636
3.406399965286	-0.008166384883
3.407999992371	-0.005485680420
3.409600019455	-0.008136720397
3.411199808121	-0.007670032792
3.412799835205	-0.008575088345
3.414399862289	-0.009892480448
3.415999889374	-0.009364272468
3.417599916458	-0.009988033213
3.419199943542	-0.008402992971
3.420799970627	-0.007495584898
3.422399997711	-0.006437360309
3.424000024796	-0.009649921209
3.425599813461	-0.006453216542
3.427199840546	-0.006490992382
3.428799867630	-0.007724528667
3.430399894714	-0.007213088684
3.431999921799	-0.006352048367
3.433599948883	-0.007536384743
3.435199975967	-0.007724208757
3.436800003052	-0.005204976536
3.438400030136	-0.010044272989
3.439999818802	-0.008373424411
3.441599845886	-0.005702832714
3.443199872971	-0.007162688300
3.444799900055	-0.007203200832
3.446399927139	-0.010010625236
3.447999954224	-0.006696464494
3.449599981308	-0.007733824663
3.451200008392	0.007708544377
