0.000000000000	0.017483297735
0.001599999960	0.019429665059
0.003199999919	0.016855025664
0.004799999762	0.018229825422
0.006399999838	0.019399233162
0.007999999449	0.016519905999
0.009599999525	0.017390321940
0.011199999601	0.019087936729
0.012799999677	0.016428496689
0.014399999753	0.017518881708
0.015999998897	0.015654224902
0.017599999905	0.015894081444
0.019199999049	0.016538321972
0.020800000057	0.013681121171
0.022399999201	0.015329456888
0.024000000209	0.015706032515
0.025599999353	0.014309600927
0.027199998498	0.013390272856
0.028799999505	0.015042449348
0.030399998650	0.014356769621
0.031999997795	0.014083201066
0.033599998802	0.013514016755
0.035199999809	0.012916545384
0.036800000817	0.013539632782
0.038399998099	0.010889088735
0.039999999106	0.014854000881
0.041600000113	0.013707472943
0.043199997395	0.012795728631
0.044799998403	0.014819920994
0.046399999410	0.012812545523
0.048000000417	0.013474944979
0.049599997699	0.012216608971
0.051199998707	0.011852464639
0.052799999714	0.011815168895
0.054399996996	0.011915409006
0.055999998003	0.013906513341
0.057599999011	0.012467345223
0.059200000018	0.011983361095
0.060799997300	0.012102801353
0.062399998307	0.012377249077
0.063999995589	0.010923712514
0.065600000322	0.013229376636
0.067199997604	0.010678321123
0.068799994886	0.010624368675
0.070399999619	0.012477937154
0.071999996901	0.008950432763
0.073600001633	0.011864192784
0.075199998915	0.010490001179
0.076799996197	0.010332864709
0.078400000930	0.012143281288
0.079999998212	0.010336193256
0.081599995494	0.010111632757
0.083200000226	0.010273745283
0.084799997509	0.009731744416
0.086399994791	0.013654720969
0.087999999523	0.011548832990
0.089599996805	0.011323712766
0.091199994087	0.011227120645
0.092799998820	0.011726001278
0.094399996102	0.009848576970
0.096000000834	0.012717489153
0.097599998116	0.010048736818
0.099199995399	0.011782033369
0.100800000131	0.010456528515
0.102399997413	0.011942161247
0.103999994695	0.009615200572
0.105599999428	0.010194704868
0.107199996710	0.009654656984
0.108799993992	0.011596272700
0.110399998724	0.009480800480
0.111999996006	0.011598416604
0.113600000739	0.009580336511
0.115199998021	0.011663600802
0.116799995303	0.008235200308
0.118400000036	0.009381729178
0.119999997318	0.008829968981
0.121599994600	0.009731057100
0.123199999332	0.010114128701
0.124799996614	0.009294576943
0.126399993896	0.010230128653
0.127999991179	0.009357856587
0.129600003362	0.009215072729
0.131200000644	0.009884704836
0.132799997926	0.008716752753
0.134399995208	0.009406721219
0.135999992490	0.011505008675
0.137599989772	0.008844273165
0.139200001955	0.008180128410
0.140799999237	0.009611664340
0.142399996519	0.009770960547
0.143999993801	0.008700432256
0.145599991083	0.010370480828
0.147200003266	0.008424384519
0.148800000548	0.008049312979
0.150399997830	0.009334608912
0.151999995112	0.007774512749
0.153599992394	0.008796384558
0.155199989676	0.008465392515
0.156800001860	0.008135840297
0.158399999142	0.008949184790
0.159999996424	0.007641328499
0.161599993706	0.008973360993
0.163199990988	0.009058528580
0.164800003171	0.008162944578
0.166400000453	0.009799296968
0.167999997735	0.007643648423
0.169599995017	0.008348240517
0.171199992299	0.008803776465
0.172799989581	0.010126017034
0.174400001764	0.008026688360
0.175999999046	0.007890816778
0.177599996328	0.008017009124
0.179199993610	0.007404608652
0.180799990892	0.007918800227
0.182399988174	0.006638576742
0.184000000358	0.008403168991
0.185599997640	0.007945312187
0.187199994922	0.007767856587
0.188799992204	0.008480641060
0.190399989486	0.008551280946
0.192000001669	0.007128800731
0.193599998951	0.008042048663
0.195199996233	0.007956896909
0.196799993515	0.009423328564
0.198399990797	0.005812736228
0.199999988079	0.009857408702
0.201600000262	0.007760288659
0.203199997544	0.005947440397
0.204799994826	0.007973376662
0.206399992108	0.008529008366
0.207999989390	0.006483392790
0.209600001574	0.007477088831
0.211199998856	0.007616320625
0.212799996138	0.008213232271
0.214399993420	0.006654960569
0.215999990702	0.007243168540
0.217599987984	0.007838656195
0.219200000167	0.009074401110
0.220799997449	0.007704320829
0.222399994731	0.008303584531
0.223999992013	0.007618992589
0.225599989295	0.005424992647
0.227200001478	0.007580416743
0.228799998760	0.005771248601
0.230399996042	0.007907104678
0.231999993324	0.007114208769
0.233599990606	0.005235520191
0.235199987888	0.008496784605
0.236800000072	0.005977184512
0.238399997354	0.006495136302
0.239999994636	0.008940672502
0.241599991918	0.008148832247
0.243199989200	0.006830448285
0.244799986482	0.008378400467
0.246399998665	0.007625904866
0.247999995947	0.005939696450
0.249599993229	0.006165648345
0.251199990511	0.007693088613
0.252799987793	0.005711264443
0.254399985075	0.008122272789
0.255999982357	0.007845936343
0.257599979639	0.006984336767
0.259200006723	0.006262288429
0.260800004005	0.007240832783
0.262400001287	0.007082336582
0.263999998569	0.008146016859
0.265599995852	0.006319360342
0.267199993134	0.006733760703
0.268799990416	0.006936016493
0.270399987698	0.006409200374
0.271999984980	0.005469200667
0.273599982262	0.006122576538
0.275199979544	0.005965056363
0.276800006628	0.006046656519
0.278400003910	0.006685984787
0.280000001192	0.007305392530
0.281599998474	0.006574448664
0.283199995756	0.005988896359
0.284799993038	0.008180784993
0.286399990320	0.005964528304
0.287999987602	0.006213760469
0.289599984884	0.007207472809
0.291199982166	0.007415168453
0.292799979448	0.005338480696
0.294400006533	0.007579136640
0.296000003815	0.007307024673
0.297600001097	0.007961808704
0.299199998379	0.006218912546
0.300799995661	0.004905568436
0.302399992943	0.006160112564
0.303999990225	0.005812672433
0.305599987507	0.006355056539
0.307199984789	0.006530576386
0.308799982071	0.005574320443
0.310399979353	0.006203136407
0.312000006437	0.006272576284
0.313600003719	0.006988336798
0.315200001001	0.006979968399
0.316799998283	0.005669088569
0.318399995565	0.006191088352
0.319999992847	0.006477264687
0.321599990129	0.004777072463
0.323199987411	0.004976624623
0.324799984694	0.005553440657
0.326399981976	0.005108864512
0.327999979258	0.004808928352
0.329600006342	0.005724384449
0.331200003624	0.004718112294
0.332800000906	0.007063440513
0.334399998188	0.006453344598
0.335999995470	0.004816880450
0.337599992752	0.006054416299
0.339199990034	0.006028576288
0.340799987316	0.005928848404
0.342399984598	0.006913984660
0.343999981880	0.005472704303
0.345599979162	0.006308368407
0.347199976444	0.005228000227
0.348800003529	0.007856192999
0.350400000811	0.003910512198
0.351999998093	0.006504592486
0.353599995375	0.006316128653
0.355199992657	0.005753296427
0.356799989939	0.007007632405
0.358399987221	0.005341792479
0.359999984503	0.004146032501
0.361599981785	0.004742688499
0.363199979067	0.006026688498
0.364799976349	0.003916928545
0.366400003433	0.005691152532
0.368000000715	0.006234768312
0.369599997997	0.004379856400
0.371199995279	0.004019472282
0.372799992561	0.003861056408
0.374399989843	0.005768048577
0.375999987125	0.004638864193
0.377599984407	0.006157312542
0.379199981689	0.006262352690
0.380799978971	0.003216608195
0.382399976254	0.005128208548
0.384000003338	0.005928512663
0.385600000620	0.004673968535
0.387199997902	0.004414480180
0.388799995184	0.003810256254
0.390399992466	0.005139216315
0.391999989748	0.005038432311
0.393599987030	0.004282736219
0.395199984312	0.004366944544
0.396799981594	0.004430512432
0.398399978876	0.004900128581
0.399999976158	0.003958560526
0.401600003242	0.006157328375
0.403200000525	0.005129088182
0.404799997807	0.003809008282
0.406399995089	0.004364192486
0.407999992371	0.005327600520
0.409599989653	0.005155744497
0.411199986935	0.005968064535
0.412799984217	0.005088304169
0.414399981499	0.003077872330
0.415999978781	0.003982640337
0.417599976063	0.006894592661
0.419200003147	0.003507072339
0.420800000429	0.003921248484
0.422399997711	0.004493392538
0.423999994993	0.004911088385
0.425599992275	0.003883792320
0.427199989557	0.005960448645
0.428799986839	0.004170384258
0.430399984121	0.003989024553
0.431999981403	0.004851792473
0.433599978685	0.004832352512
0.435199975967	0.003803024301
0.436800003052	0.003589280182
0.438400000334	0.004858224187
0.439999997616	0.002802160336
0.441599994898	0.004294848535
0.443199992180	0.007020240650
0.444799989462	0.001445616130
0.446399986744	0.004794080276
0.447999984026	0.004298448563
0.449599981308	0.003301648190
0.451199978590	0.004935120232
0.452799975872	0.005312592257
0.454400002956	0.003183088265
0.456000000238	0.005703424569
0.457599997520	0.003892336274
0.459199994802	0.004836672451
0.460799992085	0.002759200288
0.462399989367	0.005194928497
0.463999986649	0.002981632249
0.465599983931	0.004766144324
0.467199981213	0.004223136231
0.468799978495	0.003516000230
0.470399975777	0.003729920369
0.472000002861	0.004874544218
0.473600000143	0.004080608487
0.475199997425	0.004107952118
0.476799994707	0.003811232280
0.478399991989	0.003227664158
0.479999989271	0.003853360424
0.481599986553	0.004504400305
0.483199983835	0.003551328322
0.484799981117	0.004409056157
0.486399978399	0.004854832310
0.487999975681	0.004887808580
0.489599972963	0.004128192086
0.491200000048	0.004296928179
0.492799997330	0.005180592649
0.494399994612	0.003276048228
0.495999991894	0.004846592434
0.497599989176	0.004336368293
0.499199986458	0.004806080367
0.500800013542	0.003952992149
0.502399981022	0.003998864442
0.504000008106	0.002710512141
0.505599975586	0.003836528398
0.507200002670	0.003825792344
0.508799970150	0.003122928319
0.510399997234	0.003557440359
0.511999964714	0.004680128302
0.513599991798	0.004595520440
0.515199959278	0.005258656573
0.516799986362	0.003688064404
0.518400013447	0.004541104194
0.519999980927	0.003111168277
0.521600008011	0.003759728279
0.523199975491	0.003824512241
0.524800002575	0.002749568317
0.526399970055	0.002971696202
0.527999997139	0.003397296183
0.529599964619	0.003423600225
0.531199991703	0.003924256191
0.532799959183	0.004137344193
0.534399986267	0.003464512294
0.536000013351	0.002754768124
0.537599980831	0.003614944406
0.539200007915	0.003228064161
0.540799975395	0.004964816384
0.542400002480	0.003947296180
0.543999969959	0.004002672154
0.545599997044	0.002710336121
0.547199964523	0.001613888075
0.548799991608	0.002539824229
0.550399959087	0.003299056320
0.551999986172	0.003106896300
0.553600013256	0.004464720376
0.555199980736	0.002441536169
0.556800007820	0.003698688233
0.558399975300	0.000666608044
0.560000002384	0.004598512314
0.561599969864	0.002632400254
0.563199996948	0.002591424156
0.564799964428	0.003724688198
0.566399991512	0.004940016195
0.567999958992	0.003163264366
0.569599986076	0.003779040417
0.571200013161	0.002853040118
0.572799980640	0.003755504265
0.574400007725	0.003051600186
0.575999975204	0.003668320365
0.577600002289	0.001917792135
0.579199969769	0.003087184159
0.580799996853	0.003521744162
0.582399964333	0.003862976329
0.583999991417	0.001208864036
0.585599958897	0.003240176244
0.587199985981	0.003974832129
0.588800013065	0.004180080257
0.590399980545	0.002394848270
0.592000007629	0.003361616284
0.593599975109	0.002323008142
0.595200002193	0.003018960357
0.596799969673	0.002002736088
0.598399996758	0.003643216332
0.599999964237	0.001476448029
0.601599991322	0.002012512181
0.603199958801	0.003998896107
0.604799985886	0.002686064225
0.606400012970	0.002943760250
0.607999980450	0.002614464145
0.609600007534	0.003650752362
0.611199975014	0.003041952150
0.612800002098	0.004034960177
0.614399969578	0.001586560160
0.615999996662	0.003082000185
0.617599964142	0.001072144136
0.619199991226	0.004100320395
0.620799958706	0.003215488279
0.622399985790	0.003302432364
0.624000012875	0.002791808220
0.625599980354	0.001969088102
0.627200007439	0.001698704087
0.628799974918	0.002164944075
0.630400002003	0.001379056019
0.631999969482	0.004351232201
0.633599996567	0.002489968203
0.635199964046	0.003090768354
0.636799991131	0.003870048327
0.638399958611	0.004094512202
0.639999985695	0.001859008102
0.641600012779	0.003134752158
0.643199980259	0.002503984142
0.644800007343	0.004075008444
0.646399974823	0.001258752076
0.648000001907	0.003500400344
0.649599969387	0.002420000266
0.651199996471	0.002449792111
0.652799963951	0.002015040256
0.654399991035	0.002856464125
0.655999958515	0.002511792118
0.657599985600	0.002351984149
0.659200012684	0.001127360156
0.660799980164	0.002553568222
0.662400007248	0.002021600259
0.663999974728	0.002803424140
0.665600001812	0.001984192058
0.667199969292	0.001190128154
0.668799996376	0.000007631975
0.670399963856	0.002576976316
0.671999990940	0.002176832175
0.673599958420	0.003107904224
0.675199985504	0.002633808181
0.676800012589	0.002283152193
0.678399980068	0.002024624264
0.680000007153	0.002280256245
0.681599974632	0.001234912081
0.683200001717	0.002215088112
0.684799969196	0.001047568163
0.686399996281	0.002402944257
0.687999963760	0.002529040212
0.689599990845	0.002292128280
0.691199958324	0.002582176123
0.692799985409	0.002551280195
0.694399952888	0.002926704241
0.695999979973	0.002299888292
0.697600007057	0.002622976201
0.699199974537	0.003638640279
0.700800001621	0.000983600155
0.702399969101	0.001336400164
0.703999996185	0.002266432159
0.705599963665	0.001735904138
0.707199990749	0.002387632150
0.708799958229	0.002019680105
0.710399985313	0.003363568103
0.711999952793	0.001940720133
0.713599979877	0.001896576141
0.715200006962	0.001538080163
0.716799974442	0.002536864253
0.718400001526	0.002942608204
0.719999969006	0.002433536341
0.721599996090	0.002932512201
0.723199963570	0.002046688227
0.724799990654	0.002051264048
0.726399958134	0.001913408167
0.727999985218	0.002845808165
0.729599952698	0.001930992119
0.731199979782	0.001079120091
0.732800006866	0.001982560148
0.734399974346	0.002485760255
0.736000001431	0.002665136242
0.737599968910	0.002080704318
0.739199995995	0.002243904164
0.740799963474	0.000133296038
0.742399990559	0.002507440280
0.743999958038	0.001508432091
0.745599985123	0.002003136091
0.747199952602	0.001857072115
0.748799979687	0.002481792122
0.750400006771	0.001012832043
0.751999974251	0.001815552125
0.753600001335	0.000271135970
0.755199968815	0.002334880177
0.756799995899	0.000787696103
0.758399963379	0.001324096113
0.759999990463	0.002187024103
0.761599957943	0.000972128066
0.763199985027	0.002023056149
0.764799952507	0.001443792135
0.766399979591	0.000516944041
0.768000006676	0.002563744085
0.769599974155	0.000977776013
0.771200001240	0.002212256193
0.772799968719	0.002083360218
0.774399995804	0.000596704078
0.775999963284	0.001533856150
0.777599990368	0.002123680199
0.779199957848	0.001143936068
0.780799984932	0.000651168055
0.782399952412	0.000305488036
0.783999979496	0.002076064004
0.785600006580	0.001314736088
0.787199974060	0.002296128310
0.788800001144	0.001040400122
0.790399968624	0.003010432236
0.791999995708	0.000274496066
0.793599963188	0.002314528218
0.795199990273	-0.000433152047
0.796799957752	0.000255296036
0.798399984837	0.001228064066
0.799999952316	0.002366256202
0.801599979401	0.001138064079
0.803200006485	0.000869536074
0.804799973965	0.000484368036
0.806400001049	0.002439312171
0.807999968529	0.000164991987
0.809599995613	0.001466752146
0.811199963093	0.000873472076
0.812799990177	0.001274704118
0.814399957657	0.001775312121
0.815999984741	0.002297952306
0.817599952221	0.001278464100
0.819199979305	0.001217344077
0.820800006390	0.000517888053
0.822399973869	0.001573536196
0.824000000954	0.000426960032
0.825599968433	0.002429344226
0.827199995518	0.001940080198
0.828799962997	0.000686800049
0.830399990082	0.000847408024
0.831999957561	0.001398560125
0.833599984646	0.000104752005
0.835199952126	0.001260880032
0.836799979210	0.001347296056
0.838400006294	0.001092064078
0.839999973774	0.001456080121
0.841600000858	0.001634928165
0.843199968338	0.002793760272
0.844799995422	0.000672736031
0.846399962902	0.002525216201
0.847999989986	-0.000025007981
0.849599957466	0.001531072077
0.851199984550	0.001601376105
0.852799952030	0.001062656054
0.854399979115	-0.000246863987
0.856000006199	0.000521888025
0.857599973679	0.001878704177
0.859200000763	0.002516496228
0.860799968243	0.001848768094
0.862399995327	0.001269792090
0.863999962807	-0.000221695998
0.865599989891	0.002307680203
0.867199957371	0.000830800098
0.868799984455	-0.000470416067
0.870399951935	0.001637040172
0.871999979019	0.000255552033
0.873600006104	-0.001032128115
0.875199973583	0.001989344135
0.876800000668	-0.000117920012
0.878399968147	-0.000567424053
0.879999995232	0.000177839989
0.881599962711	0.002191600157
0.883199989796	0.000610016054
0.884799957275	0.001142240129
0.886399984360	-0.000255296007
0.887999951839	0.003009296255
0.889599978924	0.000536336040
0.891200006008	0.002488528145
0.892799973488	0.001006640145
0.894400000572	0.000315280049
0.895999968052	0.000789088081
0.897599995136	0.002551264130
0.899199962616	0.002049120143
0.900799989700	0.001295280177
0.902399957180	-0.000448767998
0.903999984264	0.000982032041
0.905599951744	-0.000483632088
0.907199978828	0.000542912050
0.908800005913	0.001301520038
0.910399973392	0.001053296030
0.912000000477	0.001240880112
0.913599967957	0.001298528165
0.915199995041	-0.000106912048
0.916799962521	0.000826304138
0.918399989605	-0.000543184055
0.919999957085	0.000411248038
0.921599984169	0.000518255983
0.923199951649	-0.000048736001
0.924799978733	0.000058304035
0.926400005817	0.000491456012
0.927999973297	-0.001206304063
0.929600000381	0.000195775981
0.931199967861	0.001352640102
0.932799994946	0.001136544044
0.934399962425	0.001130224089
0.935999989510	0.000540736073
0.937599956989	-0.000315248035
0.939199984074	-0.000842000067
0.940799951553	0.000674256007
0.942399978638	0.000785600103
0.944000005722	-0.000763200107
0.945599973202	0.000564448070
0.947200000286	0.001446976094
0.948799967766	0.000055424029
0.950399994850	0.000092048023
0.951999962330	-0.000339343998
0.953599989414	-0.000196560024
0.955199956894	-0.000609904062
0.956799983978	0.001018720097
0.958399951458	-0.000137007999
0.959999978542	-0.000026960013
0.961599946022	-0.000722128083
0.963199973106	0.001767328125
0.964800000191	0.000611440046
0.966399967670	0.001459888066
0.967999994755	0.001184832072
0.969599962234	0.001057600020
0.971199989319	0.001855728100
0.972799956799	0.000272112025
0.974399983883	0.000826912059
0.975999951363	-0.000237711996
0.977599978447	-0.001108352095
0.979199945927	0.000730464119
0.980799973011	-0.001147424104
0.982400000095	-0.000091520022
0.983999967575	0.000534192019
0.985599994659	-0.000232512029
0.987199962139	-0.000261423993
0.988799989223	-0.000997072086
0.990399956703	0.000635232078
0.991999983788	0.000704160077
0.993599951267	-0.000145296013
0.995199978352	-0.000429744017
0.996799945831	-0.000219552006
0.998399972916	-0.000730688102
1.000000000000	-0.000585936010
1.001600027084	0.002257024171
1.003199934959	-0.001110880054
1.004799962044	-0.000446656020
1.006399989128	0.000452576001
1.008000016212	0.000447680010
1.009599924088	-0.000428144034
1.011199951172	0.001316304086
1.012799978256	0.000389424065
1.014400005341	0.000827584066
1.016000032425	-0.001684368122
1.017599940300	0.001816112199
1.019199967384	-0.000295200065
1.020799994469	0.001663472154
1.022400021553	0.001245968044
1.023999929428	-0.000236736043
1.025599956512	-0.001040816074
1.027199983597	0.000195232031
1.028800010681	-0.000581904023
1.030399918556	-0.000247232034
1.031999945641	-0.000924288062
1.033599972725	-0.000755312096
1.035199999809	0.001191920135
1.036800026894	-0.000964000123
1.038399934769	0.000113343987
1.039999961853	0.000025984014
1.041599988937	0.000512576022
1.043200016022	0.001001264085
1.044799923897	-0.000029231989
1.046399950981	0.000308128016
1.047999978065	0.000626976020
1.049600005150	-0.001214592136
1.051200032234	-0.000197663991
1.052799940109	-0.000310960022
1.054399967194	0.000834864040
1.055999994278	0.000774752058
1.057600021362	-0.000485344004
1.059199929237	-0.000058351990
1.060799956322	0.000469056045
1.062399983406	0.000565120019
1.064000010490	0.000511136022
1.065599918365	-0.000123792008
1.067199945450	-0.000810608093
1.068799972534	-0.000686128042
1.070399999619	-0.001273040078
1.072000026703	-0.000582896057
1.073599934578	-0.000390448025
1.075199961662	-0.001019136049
1.076799988747	0.001832704176
1.078400015831	0.000468576036
1.079999923706	-0.000212416038
1.081599950790	0.000216272019
1.083199977875	-0.001027568127
1.084800004959	-0.001365168137
1.086400032043	0.000878688064
1.087999939919	-0.000247152057
1.089599967003	0.000736416085
1.091199994087	0.000402384030
1.092800021172	-0.001002656063
1.094399929047	-0.000980496057
1.095999956131	0.000025984027
1.097599983215	-0.000796640059
1.099200010300	0.000512560015
1.100799918175	-0.000789568061
1.102399945259	-0.000222976028
1.103999972343	-0.000925120024
1.105599999428	-0.000980688143
1.107200026512	-0.001651424216
1.108799934387	0.000106831991
1.110399961472	-0.000309008028
1.111999988556	0.000387088076
1.113600015640	-0.000831024023
1.115199923515	0.000406304054
1.116799950600	-0.000783952069
1.118399977684	-0.000941136095
1.120000004768	-0.001115200110
1.121599912643	0.000776352012
1.123199939728	-0.000538512017
1.124799966812	0.000031472002
1.126399993896	-0.002571376273
1.128000020981	-0.001572704175
1.129599928856	-0.001220816164
1.131199955940	0.001142304158
1.132799983025	-0.001088112011
1.134400010109	-0.000136144023
1.135999917984	-0.000876032107
1.137599945068	0.000414767972
1.139199972153	0.000494096021
1.140799999237	0.000098015989
1.142400026321	-0.000867984083
1.143999934196	-0.000790432037
1.145599961281	-0.000927344081
1.147199988365	-0.000446512015
1.148800015450	-0.001321200049
1.150399923325	0.000351791998
1.151999950409	-0.000898256083
1.153599977493	-0.001318800030
1.155200004578	-0.000450352061
1.156799912453	-0.000437600014
1.158399939537	-0.000769280014
1.159999966621	-0.001783648157
1.161599993706	-0.001957808156
1.163200020790	-0.001021664124
1.164799928665	-0.001085072174
1.166399955750	-0.000520752044
1.167999982834	-0.000455551984
1.169600009918	-0.001704512048
1.171199917793	-0.000067680041
1.172799944878	-0.001828704146
1.174399971962	-0.001422768109
1.175999999046	-0.000106224019
1.177600026131	-0.001448192052
1.179199934006	-0.000787504076
1.180799961090	-0.000848832075
1.182399988174	-0.001449024072
1.184000015259	-0.001546416082
1.185599923134	-0.001804512111
1.187199950218	-0.001542752143
1.188799977303	-0.000451408006
1.190400004387	-0.000940752099
1.191999912262	-0.001675696112
1.193599939346	-0.001217344077
1.195199966431	-0.002479376271
1.196799993515	-0.000707312080
1.198400020599	-0.001342400094
1.199999928474	-0.000499504036
1.201599955559	-0.002739024116
1.203199982643	-0.000692704110
1.204800009727	-0.000364976062
1.206399917603	-0.000653984025
1.207999944687	-0.001352608087
1.209599971771	-0.000492320047
1.211199998856	-0.003199488390
1.212800025940	-0.000677808071
1.214399933815	-0.002054800279
1.215999960899	-0.000693184091
1.217599987984	-0.002263472183
1.219200015068	-0.001409664052
1.220799922943	-0.000273872021
1.222399950027	-0.000702592079
1.223999977112	-0.001786816167
1.225600004196	-0.000815632055
1.227199912071	-0.001652576146
1.228799939156	-0.000459536037
1.230399966240	-0.002709728200
1.231999993324	-0.001850576140
1.233600020409	-0.001940352144
1.235199928284	0.000438960036
1.236799955368	-0.002772992244
1.238399982452	-0.000719888078
1.240000009537	-0.000836896070
1.241599917412	-0.000956624106
1.243199944496	-0.000778416055
1.244799971581	-0.001404672163
1.246399998665	-0.001118160086
1.248000025749	0.000043968037
1.249599933624	-0.000772864034
1.251199960709	-0.002016208135
1.252799987793	-0.001596208080
1.254400014877	-0.000450624095
1.255999922752	-0.002800480230
1.257599949837	-0.000649264024
1.259199976921	-0.000381552032
1.260800004005	-0.001393552171
1.262399911880	-0.001017168048
1.263999938965	-0.001185952104
1.265599966049	-0.001490336144
1.267199993134	-0.001356000081
1.268800020218	-0.001841584104
1.270399928093	-0.002010720083
1.271999955177	-0.002289936179
1.273599982262	-0.000129632026
1.275200009346	-0.002038016217
1.276799917221	-0.000910672068
1.278399944305	-0.001410512137
1.279999971390	-0.002005008049
1.281599998474	-0.000744272082
1.283200025558	-0.001339856186
1.284799933434	-0.001713216188
1.286399960518	-0.002609600313
1.287999987602	-0.001152512035
1.289600014687	-0.000805616088
1.291199922562	-0.000896432088
1.292799949646	-0.001200736151
1.294399976730	-0.001954384148
1.296000003815	-0.001611072221
1.297599911690	-0.001635392080
1.299199938774	-0.000336272089
1.300799965858	-0.000924720021
1.302399992943	-0.002015664242
1.304000020027	-0.001354480046
1.305599927902	-0.002132240217
1.307199954987	-0.000777488051
1.308799982071	-0.001041744137
1.310400009155	-0.001628080150
1.311999917030	-0.002343136352
1.313599944115	-0.000729216088
1.315199971199	-0.001805024105
1.316799998283	-0.001091520069
1.318400025368	-0.001344000106
1.319999933243	-0.001347328071
1.321599960327	-0.003332544351
1.323199987411	-0.000041743995
1.324800014496	-0.001340560149
1.326399922371	-0.001850736095
1.327999949455	-0.003742736299
1.329599976540	-0.001459840103
1.331200003624	-0.001174544101
1.332799911499	0.000280928041
1.334399938583	-0.003039504169
1.335999965668	-0.001267616055
1.337599992752	-0.001485744142
1.339200019836	-0.001495024073
1.340799927711	-0.001524256077
1.342399954796	-0.000872592034
1.343999981880	-0.001625072095
1.345600008965	-0.002096736105
1.347199916840	-0.001860864111
1.348799943924	-0.000684784027
1.350399971008	-0.002462224104
1.351999998093	-0.001152992016
1.353600025177	-0.000948624103
1.355199933052	-0.002835360356
1.356799960136	-0.002621056279
1.358399987221	-0.002284288174
1.360000014305	-0.002355792327
1.361599922180	-0.001414336148
1.363199949265	-0.002013424179
1.364799976349	-0.002017424209
1.366400003433	-0.002866352210
1.367999911308	-0.001354128122
1.369599938393	-0.002617904218
1.371199965477	-0.001498000114
1.372799992561	-0.002442240249
1.374400019646	-0.001161360065
1.375999927521	-0.002308768220
1.377599954605	-0.002699456178
1.379199981689	-0.001895360183
1.380800008774	-0.002816848224
1.382399916649	-0.000861408073
1.383999943733	-0.003155664308
1.385599970818	-0.001960480120
1.387199997902	-0.001667712117
1.388799905777	-0.002719440265
1.390399932861	-0.001976720057
1.391999959946	-0.002905744361
1.393599987030	-0.003459536238
1.395200014114	-0.002682272345
1.396799921989	-0.000977376010
1.398399949074	-0.002803344280
1.399999976158	-0.003498784266
1.401600003242	-0.002522048308
1.403199911118	-0.001759024104
1.404799938202	-0.002180064097
1.406399965286	-0.002437872114
1.407999992371	-0.002181648044
1.409600019455	-0.001964608207
1.411199927330	-0.001954720123
1.412799954414	-0.000284544018
1.414399981499	-0.002179232193
1.416000008583	-0.001534960116
1.417599916458	-0.001768512186
1.419199943542	-0.002029936295
1.420799970627	-0.001678016153
1.422399997711	-0.002480272204
1.423999905586	-0.000404944032
1.425599932671	-0.001832160167
1.427199959755	-0.003144240240
1.428799986839	-0.002106416272
1.430400013924	-0.003030032152
1.431999921799	-0.001797760138
1.433599948883	-0.001963888295
1.435199975967	-0.001848624204
1.436800003052	-0.002169200219
1.438399910927	-0.004080448300
1.439999938011	-0.002050224226
1.441599965096	-0.002816768363
1.443199992180	-0.001491488074
1.444800019264	-0.002560448134
1.446399927139	-0.001285056118
1.447999954224	-0.002332016127
1.449599981308	-0.001667040167
1.451200008392	-0.001832416165
1.452799916267	-0.002483280143
1.454399943352	-0.003609776264
1.455999970436	-0.000355648022
1.457599997520	-0.002393728122
1.459199905396	-0.002387248212
1.460799932480	-0.004451840185
1.462399959564	-0.002585120266
1.463999986649	-0.003822992323
1.465600013733	-0.001210848102
1.467199921608	-0.002188080223
1.468799948692	-0.003699968336
1.470399975777	-0.002141360193
1.472000002861	-0.002182928147
1.473599910736	-0.004003632348
1.475199937820	-0.002750720363
1.476799964905	-0.003223008243
1.478399991989	-0.002293968108
1.480000019073	-0.003265680280
1.481599926949	-0.002323984168
1.483199954033	-0.003273824230
1.484799981117	-0.001614208100
1.486400008202	-0.002824928146
1.487999916077	-0.002371360315
1.489599943161	-0.002099472331
1.491199970245	-0.002355696168
1.492799997330	-0.002376576187
1.494399905205	-0.001861920115
1.495999932289	-0.003141264198
1.497599959373	-0.001933760126
1.499199986458	-0.002132928232
1.500800013542	-0.003066576319
1.502399921417	-0.002886592178
1.503999948502	-0.002818272216
1.505599975586	-0.002587024122
1.507200002670	-0.002941024257
1.508799910545	-0.003375840373
1.510399937630	-0.001719312160
1.511999964714	-0.002602624241
1.513599991798	-0.001273344154
1.515200018883	-0.000059008016
1.516799926758	-0.002040064195
1.518399953842	-0.002226880286
1.519999980927	-0.003351520281
1.521600008011	-0.002209456172
1.523199915886	-0.001314144116
1.524799942970	-0.002223440213
1.526399970055	-0.003002352314
1.527999997139	-0.002709232271
1.529599905014	-0.002962112194
1.531199932098	-0.001341808122
1.532799959183	-0.002513280138
1.534399986267	-0.002825968200
1.536000013351	-0.002366944216
1.537599921227	-0.002079984173
1.539199948311	-0.003930208273
1.540799975395	-0.002226672135
1.542400002480	-0.002710432280
1.543999910355	-0.002794032218
1.545599937439	-0.003479088191
1.547199964523	-0.002726368140
1.548799991608	-0.003222816158
1.550400018692	-0.005161936395
1.551999926567	-0.002615632256
1.553599953651	-0.003368896199
1.555199980736	-0.004514832515
1.556800007820	-0.002533536172
1.558399915695	-0.004978240468
1.559999942780	-0.002668208210
1.561599969864	-0.004852336366
1.563199996948	-0.002510928083
1.564799904823	-0.002993808361
1.566399931908	-0.001649136189
1.567999958992	-0.001692480175
1.569599986076	-0.001600656076
1.571200013161	-0.002836464206
1.572799921036	-0.003297888208
1.574399948120	-0.002551696263
1.575999975204	-0.002994000213
1.577600002289	-0.004822768271
1.579199910164	-0.003113840241
1.580799937248	-0.004943488631
1.582399964333	-0.001505488064
1.583999991417	-0.003193488345
1.585600018501	-0.003423312213
1.587199926376	-0.002218416194
1.588799953461	-0.001974688144
1.590399980545	-0.001493296120
1.592000007629	-0.003271248424
1.593599915504	-0.005351168569
1.595199942589	-0.001656208187
1.596799969673	-0.003354400396
1.598399996758	-0.001780960127
1.599999904633	-0.003550112247
1.601599931717	-0.000763056101
1.603199958801	-0.003232304240
1.604799985886	-0.003884560429
1.606400012970	-0.003677216358
1.607999920845	-0.003010752378
1.609599947929	-0.003191744210
1.611199975014	-0.002463888144
1.612800002098	-0.001914576162
1.614399909973	-0.002827152144
1.615999937057	-0.002864928218
1.617599964142	-0.002959392266
1.619199991226	-0.001911168103
1.620800018311	-0.002245504176
1.622399926186	-0.004498976283
1.623999953270	-0.003403888317
1.625599980354	-0.003502992215
1.627200007439	-0.003974032123
1.628799915314	-0.003494512290
1.630399942398	-0.004379968159
1.631999969482	-0.003989328165
1.633599996567	-0.003271232359
1.635199904442	-0.002765456215
1.636799931526	-0.003388864221
1.638399958611	-0.002710928209
1.639999985695	-0.003201120300
1.641600012779	-0.002070976188
1.643199920654	-0.003064976307
1.644799947739	-0.002464720281
1.646399974823	-0.002456128132
1.648000001907	-0.002648384310
1.649599909782	-0.003906976432
1.651199936867	-0.003152928315
1.652799963951	-0.004211360123
1.654399991035	-0.003012432251
1.655999898911	-0.004595024511
1.657599925995	-0.002232928295
1.659199953079	-0.003052928252
1.660799980164	-0.002873216290
1.662400007248	-0.004318720195
1.663999915123	-0.004083680455
1.665599942207	-0.003165488364
1.667199969292	-0.002924480243
1.668799996376	-0.004490832333
1.670399904251	-0.000906880130
1.671999931335	-0.002772688167
1.673599958420	-0.003099664347
1.675199985504	-0.003542288207
1.676800012589	-0.002582272282
1.678399920464	-0.004098352510
1.679999947548	-0.001682944130
1.681599974632	-0.004898384213
1.683200001717	-0.002413872164
1.684799909592	-0.004512704443
1.686399936676	-0.003404048271
1.687999963760	-0.003229120281
1.689599990845	-0.001975504216
1.691199898720	-0.003709360259
1.692799925804	-0.003448864212
1.694399952888	-0.004018720239
1.695999979973	-0.002390560228
1.697600007057	-0.002513600281
1.699199914932	-0.003312672256
1.700799942017	-0.003692016238
1.702399969101	-0.004044304136
1.703999996185	-0.004445792176
1.705599904060	-0.002087824279
1.707199931145	-0.003844320308
1.708799958229	-0.002488816157
1.710399985313	-0.004442496225
1.712000012398	-0.002165280282
1.713599920273	-0.003370608203
1.715199947357	-0.003062624251
1.716799974442	-0.004186064471
1.718400001526	-0.001570448163
1.719999909401	-0.003930752166
1.721599936485	-0.004587520380
1.723199963570	-0.002304336289
1.724799990654	-0.003634768305
1.726399898529	-0.004093728494
1.727999925613	-0.004381584469
1.729599952698	-0.002931552241
1.731199979782	-0.003765248228
1.732800006866	-0.004208768252
1.734399914742	-0.002658704296
1.735999941826	-0.003518368350
1.737599968910	-0.004368672147
1.739199995995	-0.003771440359
1.740799903870	-0.005039968528
1.742399930954	-0.003951792140
1.743999958038	-0.003196976380
1.745599985123	-0.002822912298
1.747200012207	-0.003865856444
1.748799920082	-0.002932144329
1.750399947166	-0.003871744266
1.751999974251	-0.003001248231
1.753600001335	-0.004541376606
1.755199909210	-0.004078528378
1.756799936295	-0.003903696314
1.758399963379	-0.002839872148
1.759999990463	-0.005140288267
1.761599898338	-0.002389312256
1.763199925423	-0.003297792282
1.764799952507	-0.003099408234
1.766399979591	-0.003193568205
1.768000006676	-0.002400080208
1.769599914551	-0.005729424767
1.771199941635	-0.004077520221
1.772799968719	-0.004830864258
1.774399995804	-0.003547168337
1.775999903679	-0.005439888220
1.777599930763	-0.003359376220
1.779199957848	-0.004082272295
1.780799984932	-0.003778240411
1.782400012016	-0.004275776446
1.783999919891	-0.004770672414
1.785599946976	-0.003276832169
1.787199974060	-0.003009616164
1.788800001144	-0.004474768415
1.790399909019	-0.002887792187
1.791999936104	-0.004749120213
1.793599963188	-0.002314896090
1.795199990273	-0.004611648154
1.796799898148	-0.005765424576
1.798399925232	-0.004145824350
1.799999952316	-0.004313648213
1.801599979401	-0.004357296508
1.803200006485	-0.002877168357
1.804799914360	-0.003943040501
1.806399941444	-0.003989104182
1.807999968529	-0.003795568366
1.809599995613	-0.004365728237
1.811199903488	-0.002923936350
1.812799930573	-0.003785104258
1.814399957657	-0.004375424236
1.815999984741	-0.003385424381
1.817600011826	-0.005218752660
1.819199919701	-0.005238128360
1.820799946785	-0.004216256551
1.822399973869	-0.003926736303
1.824000000954	-0.003510016249
1.825599908829	-0.004556256346
1.827199935913	-0.004326320253
1.828799962997	-0.004633280449
1.830399990082	-0.003481360385
1.831999897957	-0.003432000289
1.833599925041	-0.004247712437
1.835199952126	-0.002962400205
1.836799979210	-0.002896560356
1.838400006294	-0.003976048436
1.839999914169	-0.003160784254
1.841599941254	-0.003509168280
1.843199968338	-0.003210832365
1.844799995422	-0.003130672267
1.846399903297	-0.003727216274
1.847999930382	-0.003588752355
1.849599957466	-0.003713200334
1.851199984550	-0.004649840295
1.852800011635	-0.004146000370
1.854399919510	-0.003586464329
1.855999946594	-0.003841056256
1.857599973679	-0.002437216230
1.859200000763	-0.005464544520
1.860799908638	-0.004431152251
1.862399935722	-0.003315216396
1.863999962807	-0.005071520340
1.865599989891	-0.002842784161
1.867199897766	-0.004558368586
1.868799924850	-0.002866320312
1.870399951935	-0.003889984451
1.871999979019	-0.003864352359
1.873600006104	-0.004655232187
1.875199913979	-0.005471840501
1.876799941063	-0.002727840329
1.878399968147	-0.004869808443
1.879999995232	-0.005567376502
1.881599903107	-0.005232832395
1.883199930191	-0.005479904357
1.884799957275	-0.003268400207
1.886399984360	-0.004714096431
1.888000011444	-0.003821712220
1.889599919319	-0.003814160358
1.891199946404	-0.004070304334
1.892799973488	-0.003134352388
1.894400000572	-0.002861472312
1.895999908447	-0.004825888202
1.897599935532	-0.004051968455
1.899199962616	-0.003276000265
1.900799989700	-0.003970912192
1.902399897575	-0.004397536162
1.903999924660	-0.003735808190
1.905599951744	-0.004581840243
1.907199978828	-0.002306464128
1.908800005913	-0.003272816306
1.910399913788	-0.002888432238
1.911999940872	-0.003221552353
1.913599967957	-0.003127792384
1.915199995041	-0.005691408645
1.916799902916	-0.003486320376
1.918399930000	-0.003840480233
1.919999957085	-0.004132320173
1.921599984169	-0.003493008204
1.923199892044	-0.003007824300
1.924799919128	-0.006234336644
1.926399946213	-0.003354224144
1.927999973297	-0.005539680365
1.929600000381	-0.002676368225
1.931199908257	-0.004446752369
1.932799935341	-0.004847200587
1.934399962425	-0.004604000598
1.935999989510	-0.004075920209
1.937599897385	-0.003981936257
1.939199924469	-0.003277488286
1.940799951553	-0.003516016295
1.942399978638	-0.002332016127
1.944000005722	-0.004078272264
1.945599913597	-0.004557728302
1.947199940681	-0.004898512270
1.948799967766	-0.003493328346
1.950399994850	-0.005587328225
1.951999902725	-0.005739008542
1.953599929810	-0.005435088649
1.955199956894	-0.004518192261
1.956799983978	-0.006288112607
1.958399891853	-0.004331008531
1.959999918938	-0.004456848372
1.961599946022	-0.003587632207
1.963199973106	-0.004407248460
1.964800000191	-0.003297584364
1.966399908066	-0.002415600233
1.967999935150	-0.004181984346
1.969599962234	-0.005868000444
1.971199989319	-0.003982624505
1.972799897194	-0.005212144461
1.974399924278	-0.007484288421
1.975999951363	-0.003724320326
1.977599978447	-0.004344288260
1.979200005531	-0.003043680219
1.980799913406	-0.006985056680
1.982399940491	-0.005260944366
1.983999967575	-0.003705792362
1.985599994659	-0.005148304626
1.987199902534	-0.003317024326
1.988799929619	-0.002996800235
1.990399956703	-0.004691088572
1.991999983788	-0.005363088567
1.993599891663	-0.005267760251
1.995199918747	-0.004868864547
1.996799945831	-0.004764672369
1.998399972916	-0.003892720211
2.000000000000	-0.005641760305
2.001600027084	-0.003083504271
2.003200054169	-0.005186464638
2.004799842834	-0.004055136349
2.006399869919	-0.005409536418
2.007999897003	-0.004640672356
2.009599924088	-0.003984192386
2.011199951172	-0.003956752364
2.012799978256	-0.003673328320
2.014400005341	-0.004427856300
2.016000032425	-0.004290880170
2.017600059509	-0.003901456250
2.019199848175	-0.005543904379
2.020799875259	-0.002504144330
2.022399902344	-0.005238384474
2.023999929428	-0.003912048414
2.025599956512	-0.004331456497
2.027199983597	-0.004079872277
2.028800010681	-0.005153856240
2.030400037766	-0.005189056508
2.032000064850	-0.004370528273
2.033599853516	-0.004872528370
2.035199880600	-0.004632768221
2.036799907684	-0.004078624304
2.038399934769	-0.004255792592
2.039999961853	-0.006006448530
2.041599988937	-0.004927216563
2.043200016022	-0.003331856336
2.044800043106	-0.006223280448
2.046399831772	-0.005807984620
2.047999858856	-0.005603696685
2.049599885941	-0.003932592459
2.051199913025	-0.005241536535
2.052799940109	-0.005668864585
2.054399967194	-0.005432480481
2.055999994278	-0.006753456779
2.057600021362	-0.005911888555
2.059200048447	-0.003861056408
2.060799837112	-0.003577696392
2.062399864197	-0.004720304627
2.063999891281	-0.005096064415
2.065599918365	-0.003772912314
2.067199945450	-0.006724784616
2.068799972534	-0.004820224363
2.070399999619	-0.004470080137
2.072000026703	-0.004524432588
2.073600053787	-0.005121040624
2.075199842453	-0.005288224667
2.076799869537	-0.005074880552
2.078399896622	-0.004360656254
2.079999923706	-0.004949568305
2.081599950790	-0.004560368601
2.083199977875	-0.005632080603
2.084800004959	-0.004459728487
2.086400032043	-0.004208576400
2.088000059128	-0.005298208445
2.089599847794	-0.005389152560
2.091199874878	-0.004820832517
2.092799901962	-0.002931904281
2.094399929047	-0.004304912407
2.095999956131	-0.004367088433
2.097599983215	-0.004563488532
2.099200010300	-0.004152384587
2.100800037384	-0.004287280608
2.102400064468	-0.005369120277
2.103999853134	-0.004996864591
2.105599880219	-0.005180976354
2.107199907303	-0.005213104188
2.108799934387	-0.003066256177
2.110399961472	-0.004785072524
2.111999988556	-0.005913104396
2.113600015640	-0.005625952501
2.115200042725	-0.004765584599
2.116799831390	-0.005534016527
2.118399858475	-0.004070048220
2.119999885559	-0.004300272092
2.121599912643	-0.005362368654
2.123199939728	-0.005011312198
2.124799966812	-0.003817664227
2.126399993896	-0.005060720257
2.128000020981	-0.006231280509
2.129600048065	-0.005613568239
2.131199836731	-0.003212656360
2.132799863815	-0.005898032337
2.134399890900	-0.004074464552
2.135999917984	-0.004124832340
2.137599945068	-0.006202048622
2.139199972153	-0.005444832612
2.140799999237	-0.004588944372
2.142400026321	-0.004954640288
2.144000053406	-0.003966464195
2.145599842072	-0.004790912382
2.147199869156	-0.004467888270
2.148799896240	-0.006130288355
2.150399923325	-0.004517936613
2.151999950409	-0.005304736551
2.153599977493	-0.003703424241
2.155200004578	-0.005319328513
2.156800031662	-0.004965568427
2.158400058746	-0.006940400694
2.159999847412	-0.004974944517
2.161599874496	-0.005342272576
2.163199901581	-0.003949648235
2.164799928665	-0.005159632303
2.166399955750	-0.005451904610
2.167999982834	-0.004286928568
2.169600009918	-0.004115312360
2.171200037003	-0.005233248230
2.172800064087	-0.004941280466
2.174399852753	-0.006680912338
2.175999879837	-0.004439312499
2.177599906921	-0.003378912341
2.179199934006	-0.004599056207
2.180799961090	-0.006065728609
2.182399988174	-0.006775616668
2.184000015259	-0.004288944416
2.185600042343	-0.005660656374
2.187199831009	-0.005770688411
2.188799858093	-0.005567408632
2.190399885178	-0.004474288318
2.191999912262	-0.005989008583
2.193599939346	-0.005871408619
2.195199966431	-0.004652624484
2.196799993515	-0.005289184395
2.198400020599	-0.007003168575
2.200000047684	-0.006103280466
2.201599836349	-0.004770672414
2.203199863434	-0.005169536453
2.204799890518	-0.006962208543
2.206399917603	-0.006057808641
2.207999944687	-0.006670112722
2.209599971771	-0.003516672179
2.211199998856	-0.005401824601
2.212800025940	-0.005457792431
2.214400053024	-0.005240496248
2.215999841690	-0.003643888282
2.217599868774	-0.005902784411
2.219199895859	-0.004552272148
2.220799922943	-0.005023760255
2.222399950027	-0.003118080320
2.223999977112	-0.004547216464
2.225600004196	-0.006495872512
2.227200031281	-0.006317584310
2.228800058365	-0.004582144320
2.230399847031	-0.006084160414
2.231999874115	-0.004695952404
2.233599901199	-0.005372976419
2.235199928284	-0.003912496381
2.236799955368	-0.005080256611
2.238399982452	-0.005983024370
2.240000009537	-0.005979456473
2.241600036621	-0.004430064466
2.243199825287	-0.005890352651
2.244799852371	-0.004073424265
2.246399879456	-0.005782720633
2.247999906540	-0.005341648590
2.249599933624	-0.004116864409
2.251199960709	-0.005151056219
2.252799987793	-0.004824608564
2.254400014877	-0.004026976414
2.256000041962	-0.004811424296
2.257599830627	-0.004746832419
2.259199857712	-0.006129840389
2.260799884796	-0.004946224391
2.262399911880	-0.007417856716
2.263999938965	-0.005995008629
2.265599966049	-0.005236336496
2.267199993134	-0.005096624605
2.268800020218	-0.005855648313
2.270400047302	-0.005855616648
2.271999835968	-0.005982064642
2.273599863052	-0.004323040601
2.275199890137	-0.006685184315
2.276799917221	-0.004617120605
2.278399944305	-0.006675344426
2.279999971390	-0.005407376681
2.281599998474	-0.004279344343
2.283200025558	-0.006106752437
2.284800052643	-0.006525264587
2.286399841309	-0.003905408317
2.287999868393	-0.003464816371
2.289599895477	-0.006550128572
2.291199922562	-0.003870160319
2.292799949646	-0.004738448653
2.294399976730	-0.006580064539
2.296000003815	-0.003377888352
2.297600030899	-0.005773664452
2.299200057983	-0.006459040567
2.300799846649	-0.004524544347
2.302399873734	-0.005156640429
2.303999900818	-0.005324032623
2.305599927902	-0.005371184554
2.307199954987	-0.006714208517
2.308799982071	-0.005725664552
2.310400009155	-0.006598336622
2.312000036240	-0.004351312295
2.313599824905	-0.005304416642
2.315199851990	-0.006862832699
2.316799879074	-0.005435312632
2.318399906158	-0.004363744520
2.319999933243	-0.006360528525
2.321599960327	-0.005099072587
2.323199987411	-0.004146736115
2.324800014496	-0.006428320426
2.326400041580	-0.003987920471
2.327999830246	-0.006179952528
2.329599857330	-0.005315216258
2.331199884415	-0.006216976792
2.332799911499	-0.004465520382
2.334399938583	-0.005458960310
2.335999965668	-0.005418656394
2.337599992752	-0.004865840543
2.339200019836	-0.002929648152
2.340800046921	-0.005402096547
2.342399835587	-0.004730976187
2.343999862671	-0.006109200418
2.345599889755	-0.004621632397
2.347199916840	-0.004448032472
2.348799943924	-0.005177328363
2.350399971008	-0.007162624504
2.351999998093	-0.005202352535
2.353600025177	-0.007329328451
2.355200052261	-0.004922896624
2.356799840927	-0.007094352506
2.358399868011	-0.004593664315
2.359999895096	-0.007435664535
2.361599922180	-0.006083744578
2.363199949265	-0.003815584350
2.364799976349	-0.004394768272
2.366400003433	-0.005482720211
2.368000030518	-0.006041040644
2.369600057602	-0.006380400620
2.371199846268	-0.003551664297
2.372799873352	-0.005509712268
2.374399900436	-0.005759616382
2.375999927521	-0.007046496496
2.377599954605	-0.004936560523
2.379199981689	-0.007641408592
2.380800008774	-0.006531792693
2.382400035858	-0.007051888388
2.383999824524	-0.006851776503
2.385599851608	-0.006138880737
2.387199878693	-0.005879232660
2.388799905777	-0.006459296681
2.390399932861	-0.004812688567
2.391999959946	-0.006401600316
2.393599987030	-0.005610224325
2.395200014114	-0.006062128581
2.396800041199	-0.006148352753
2.398399829865	-0.004905504640
2.399999856949	-0.006385216489
2.401599884033	-0.005251088645
2.403199911118	-0.004817344248
2.404799938202	-0.006051840261
2.406399965286	-0.006210048683
2.407999992371	-0.006441472564
2.409600019455	-0.005052176304
2.411200046539	-0.004137904383
2.412799835205	-0.005349280313
2.414399862289	-0.006176128518
2.415999889374	-0.005501072388
2.417599916458	-0.004691504408
2.419199943542	-0.006476784591
2.420799970627	-0.004248640500
2.422399997711	-0.005347328261
2.424000024796	-0.005488784518
2.425600051880	-0.006013472565
2.427199840546	-0.006548528560
2.428799867630	-0.008143280633
2.430399894714	-0.004551024176
2.431999921799	-0.006556080654
2.433599948883	-0.005682512652
2.435199975967	-0.005966928322
2.436800003052	-0.004608512390
2.438400030136	-0.005190992262
2.440000057220	-0.005370032508
2.441599845886	-0.006914848462
2.443199872971	-0.003778048325
2.444799900055	-0.005539616570
2.446399927139	-0.005291568581
2.447999954224	-0.005969568621
2.449599981308	-0.005758752581
2.451200008392	-0.006255520508
2.452800035477	-0.005532224663
2.454399824142	-0.005681520328
2.455999851227	-0.005819712300
2.457599878311	-0.004505488556
2.459199905396	-0.006149168592
2.460799932480	-0.006808736827
2.462399959564	-0.006135936361
2.463999986649	-0.007163552567
2.465600013733	-0.004180992488
2.467200040817	-0.005465664435
2.468799829483	-0.004907984287
2.470399856567	-0.005998160690
2.471999883652	-0.005745136645
2.473599910736	-0.005951440427
2.475199937820	-0.006405664608
2.476799964905	-0.006801936775
2.478399991989	-0.006477696355
2.480000019073	-0.004702560138
2.481600046158	-0.006078272592
2.483199834824	-0.007584960666
2.484799861908	-0.005837056320
2.486399888992	-0.006829232443
2.487999916077	-0.005227504298
2.489599943161	-0.005886032712
2.491199970245	-0.006030464545
2.492799997330	-0.006461296696
2.494400024414	-0.005695552565
2.496000051498	-0.006547008641
2.497599840164	-0.006131104659
2.499199867249	-0.007387168705
2.500799894333	-0.006215216592
2.502399921417	-0.007068448700
2.503999948502	-0.005007888190
2.505599975586	-0.005877296440
2.507200002670	-0.005958320573
2.508800029755	-0.005966032390
2.510399818420	-0.006148320623
2.511999845505	-0.006392512470
2.513599872589	-0.006009872537
2.515199899673	-0.005425408483
2.516799926758	-0.005349008366
2.518399953842	-0.006723872386
2.519999980927	-0.006240288727
2.521600008011	-0.005711904261
2.523200035095	-0.006397824734
2.524799823761	-0.005292448215
2.526399850845	-0.005955312401
2.527999877930	-0.005317776464
2.529599905014	-0.004918528255
2.531199932098	-0.006355776452
2.532799959183	-0.005109024234
2.534399986267	-0.006132656708
2.536000013351	-0.006003488321
2.537600040436	-0.004666864406
2.539199829102	-0.005749408621
2.540799856186	-0.006401328370
2.542399883270	-0.005950416438
2.543999910355	-0.006769328378
2.545599937439	-0.006672160700
2.547199964523	-0.006132112350
2.548799991608	-0.006587120704
2.550400018692	-0.005529712420
2.552000045776	-0.007290704641
2.553599834442	-0.006302464753
2.555199861526	-0.007062992547
2.556799888611	-0.005588640459
2.558399915695	-0.007800032385
2.559999942780	-0.005450672470
2.561599969864	-0.007174240425
2.563199996948	-0.005225600209
2.564800024033	-0.005053424276
2.566400051117	-0.004880624358
2.567999839783	-0.006276016589
2.569599866867	-0.006202768534
2.571199893951	-0.005589280277
2.572799921036	-0.006376272533
2.574399948120	-0.006528720725
2.575999975204	-0.004943088628
2.577600002289	-0.006146512460
2.579200029373	-0.006236192770
2.580799818039	-0.007384560537
2.582399845123	-0.006604464725
2.583999872208	-0.006875056773
2.585599899292	-0.007195712533
2.587199926376	-0.007395600434
2.588799953461	-0.005062848330
2.590399980545	-0.006286784541
2.592000007629	-0.006455840543
2.593600034714	-0.005875584669
2.595199823380	-0.006554096472
2.596799850464	-0.006267536432
2.598399877548	-0.006339136511
2.599999904633	-0.006448736414
2.601599931717	-0.006241376512
2.603199958801	-0.005147616379
2.604799985886	-0.005600816570
2.606400012970	-0.006373120472
2.608000040054	-0.005636144429
2.609599828720	-0.006406320725
2.611199855804	-0.006002704613
2.612799882889	-0.005505776498
2.614399909973	-0.005638864357
2.615999937057	-0.006344256457
2.617599964142	-0.005864416715
2.619199991226	-0.006597936619
2.620800018311	-0.005114080384
2.622400045395	-0.006514704786
2.623999834061	-0.005234848242
2.625599861145	-0.007965840399
2.627199888229	-0.006728432607
2.628799915314	-0.005796464626
2.630399942398	-0.008287184872
2.631999969482	-0.005599056371
2.633599996567	-0.006733920425
2.635200023651	-0.007110160775
2.636800050735	-0.006193920504
2.638399839401	-0.007309232373
2.639999866486	-0.005155888386
2.641599893570	-0.005192752462
2.643199920654	-0.006723392755
2.644799947739	-0.005132816266
2.646399974823	-0.005157744512
2.648000001907	-0.007100080606
2.649600028992	-0.006021888461
2.651199817657	-0.005831360351
2.652799844742	-0.007617728785
2.654399871826	-0.005346976686
2.655999898911	-0.006585296709
2.657599925995	-0.004560256377
2.659199953079	-0.006880640518
2.660799980164	-0.006117248442
2.662400007248	-0.007608016487
2.664000034332	-0.005372448359
2.665599822998	-0.005504688714
2.667199850082	-0.006437744480
2.668799877167	-0.007194032427
2.670399904251	-0.004229040351
2.671999931335	-0.007659392431
2.673599958420	-0.006837920751
2.675199985504	-0.006801392417
2.676800012589	-0.005177440587
2.678400039673	-0.006876256317
2.679999828339	-0.006139888428
2.681599855423	-0.006853152532
2.683199882507	-0.005436704494
2.684799909592	-0.008959056810
2.686399936676	-0.004377584439
2.687999963760	-0.005427312572
2.689599990845	-0.005442000460
2.691200017929	-0.005233520642
2.692800045013	-0.005632896442
2.694399833679	-0.007107504643
2.695999860764	-0.006727216765
2.697599887848	-0.006762768608
2.699199914932	-0.005499584600
2.700799942017	-0.006030160468
2.702399969101	-0.007104624528
2.703999996185	-0.006753008813
2.705600023270	-0.007032896392
2.707200050354	-0.007095504552
2.708799839020	-0.005291424226
2.710399866104	-0.007468592376
2.711999893188	-0.005528816488
2.713599920273	-0.007297472563
2.715199947357	-0.006496768445
2.716799974442	-0.006316144485
2.718400001526	-0.007196416613
2.720000028610	-0.005583200604
2.721599817276	-0.005700432695
2.723199844360	-0.007075968664
2.724799871445	-0.006381936371
2.726399898529	-0.006412176415
2.727999925613	-0.006554000545
2.729599952698	-0.007375696674
2.731199979782	-0.007293888833
2.732800006866	-0.005440640263
2.734400033951	-0.005103968550
2.735999822617	-0.004869760480
2.737599849701	-0.005935152527
2.739199876785	-0.006032672711
2.740799903870	-0.005685456563
2.742399930954	-0.005541920662
2.743999958038	-0.004853424616
2.745599985123	-0.005385648459
2.747200012207	-0.007145760581
2.748800039291	-0.005978160538
2.750399827957	-0.006387536414
2.751999855042	-0.006780592725
2.753599882126	-0.007273920812
2.755199909210	-0.006766928360
2.756799936295	-0.007054848596
2.758399963379	-0.006834864616
2.759999990463	-0.007422912866
2.761600017548	-0.008598688990
2.763200044632	-0.006180368364
2.764799833298	-0.006570160389
2.766399860382	-0.008349920623
2.767999887466	-0.006200992502
2.769599914551	-0.006188800558
2.771199941635	-0.007138528395
2.772799968719	-0.007467856631
2.774399995804	-0.005721456371
2.776000022888	-0.007778176572
2.777599811554	-0.005494576413
2.779199838638	-0.007095152512
2.780799865723	-0.006518192589
2.782399892807	-0.006835552398
2.783999919891	-0.006496304646
2.785599946976	-0.007891200483
2.787199974060	-0.005124848336
2.788800001144	-0.007305200677
2.790400028229	-0.005123632494
2.791999816895	-0.008593216538
2.793599843979	-0.005272768438
2.795199871063	-0.007235232741
2.796799898148	-0.006811344530
2.798399925232	-0.008102928288
2.799999952316	-0.006310640369
2.801599979401	-0.006833408494
2.803200006485	-0.007129552774
2.804800033569	-0.006307744421
2.806399822235	-0.005660944618
2.807999849319	-0.008166112937
2.809599876404	-0.006747120526
2.811199903488	-0.007323760539
2.812799930573	-0.005612736568
2.814399957657	-0.007841392420
2.815999984741	-0.006772896741
2.817600011826	-0.006817888469
2.819200038910	-0.006834816653
2.820799827576	-0.007280432619
2.822399854660	-0.007941313088
2.823999881744	-0.006903760601
2.825599908829	-0.006444432773
2.827199935913	-0.007061232813
2.828799962997	-0.007654384710
2.830399990082	-0.007591392379
2.832000017166	-0.006836688612
2.833600044250	-0.005801312625
2.835199832916	-0.005511680618
2.836799860001	-0.008409360424
2.838399887085	-0.007758784574
2.839999914169	-0.006027280353
2.841599941254	-0.007798224688
2.843199968338	-0.006221552379
2.844799995422	-0.005810080562
2.846400022507	-0.005665232427
2.847999811172	-0.006068096496
2.849599838257	-0.007304176688
2.851199865341	-0.006903696805
2.852799892426	-0.005785104353
2.854399919510	-0.006951792631
2.855999946594	-0.006308192387
2.857599973679	-0.004702672362
2.859200000763	-0.007255312521
2.860800027847	-0.005298768636
2.862399816513	-0.007184944581
2.863999843597	-0.006669216324
2.865599870682	-0.004533888306
2.867199897766	-0.007145408541
2.868799924850	-0.007573952433
2.870399951935	-0.006495216396
2.871999979019	-0.007775152568
2.873600006104	-0.005879040342
2.875200033188	-0.007006800734
2.876799821854	-0.005959280767
2.878399848938	-0.006724128500
2.879999876022	-0.008727217093
2.881599903107	-0.006495712325
2.883199930191	-0.007236448582
2.884799957275	-0.007004800718
2.886399984360	-0.005227632355
2.888000011444	-0.007140512578
2.889600038528	-0.005980160553
2.891199827194	-0.005002160557
2.892799854279	-0.005765424576
2.894399881363	-0.006081072614
2.895999908447	-0.007540560793
2.897599935532	-0.005911808461
2.899199962616	-0.006014672574
2.900799989700	-0.006381616462
2.902400016785	-0.006354880519
2.904000043869	-0.007503664587
2.905599832535	-0.007472416386
2.907199859619	-0.005835472606
2.908799886703	-0.005619232543
2.910399913788	-0.005110768601
2.911999940872	-0.007395936642
2.913599967957	-0.006868288387
2.915199995041	-0.007225648500
2.916800022125	-0.006214112509
2.918399810791	-0.008839152753
2.919999837875	-0.006667312700
2.921599864960	-0.007610224653
2.923199892044	-0.007697136607
2.924799919128	-0.007758464664
2.926399946213	-0.007139104418
2.927999973297	-0.007550240494
2.929600000381	-0.007555424701
2.931200027466	-0.006631744560
2.932799816132	-0.007486720569
2.934399843216	-0.006715792697
2.935999870300	-0.005554432515
2.937599897385	-0.006430512760
2.939199924469	-0.007010224741
2.940799951553	-0.007362720557
2.942399978638	-0.006769104395
2.944000005722	-0.006349200383
2.945600032806	-0.006449520588
2.947199821472	-0.007152032573
2.948799848557	-0.006924576592
2.950399875641	-0.007213008590
2.951999902725	-0.007002032362
2.953599929810	-0.006534032524
2.955199956894	-0.007719056681
2.956799983978	-0.008078576997
2.958400011063	-0.006839232519
2.960000038147	-0.007537696511
2.961599826813	-0.009103680961
2.963199853897	-0.005959632341
2.964799880981	-0.006918368395
2.966399908066	-0.006016032305
2.967999935150	-0.006925168447
2.969599962234	-0.006781264674
2.971199989319	-0.006234944332
2.972800016403	-0.007067376748
2.974400043488	-0.007992896251
2.975999832153	-0.006589552388
2.977599859238	-0.007662704680
2.979199886322	-0.006688880734
2.980799913406	-0.007122784853
2.982399940491	-0.006113152485
2.983999967575	-0.007679344621
2.985599994659	-0.007559696678
2.987200021744	-0.004824512638
2.988799810410	-0.007396496832
2.990399837494	-0.007967872545
2.991999864578	-0.005017488264
2.993599891663	-0.008528864942
2.995199918747	-0.007390400860
2.996799945831	-0.007843664847
2.998399972916	-0.004016592167
3.000000000000	-0.007890144363
3.001600027084	-0.005403392483
3.003199815750	-0.007363472600
3.004799842834	-0.006911120377
3.006399869919	-0.007436432876
3.007999897003	-0.007430944592
3.009599924088	-0.006878880784
3.011199951172	-0.006599728484
3.012799978256	-0.006583904382
3.014400005341	-0.007409872487
3.016000032425	-0.007234352641
3.017599821091	-0.006474544294
3.019199848175	-0.005279056262
3.020799875259	-0.006795680616
3.022399902344	-0.006992832758
3.023999929428	-0.005934368353
3.025599956512	-0.008041088469
3.027199983597	-0.007833104581
3.028800010681	-0.008462800644
3.030400037766	-0.005059664603
3.031999826431	-0.008115393110
3.033599853516	-0.007041072473
3.035199880600	-0.007665936835
3.036799907684	-0.008915504441
3.038399934769	-0.006791792810
3.039999961853	-0.006703712512
3.041599988937	-0.007264304440
3.043200016022	-0.007203040645
3.044799804687	-0.009301313199
3.046399831772	-0.007237696555
3.047999858856	-0.006709072739
3.049599885941	-0.006577344611
3.051199913025	-0.007476496510
3.052799940109	-0.007013712544
3.054399967194	-0.007856208831
3.055999994278	-0.007899968885
3.057600021362	-0.006505536381
3.059199810028	-0.008161712438
3.060799837112	-0.008117392659
3.062399864197	-0.006346656475
3.063999891281	-0.007891808636
3.065599918365	-0.007153120358
3.067199945450	-0.007527632639
3.068799972534	-0.005132080521
3.070399999619	-0.006165856495
3.072000026703	-0.007682528812
3.073599815369	-0.007017888594
3.075199842453	-0.008132561110
3.076799869537	-0.006648128387
3.078399896622	-0.006884752773
3.079999923706	-0.005891568493
3.081599950790	-0.007941120304
3.083199977875	-0.008071185090
3.084800004959	-0.006205200683
3.086400032043	-0.006422816310
3.087999820709	-0.008028512821
3.089599847794	-0.007101840805
3.091199874878	-0.006826080382
3.092799901962	-0.006548480596
3.094399929047	-0.005872096401
3.095999956131	-0.006435328629
3.097599983215	-0.006985632703
3.099200010300	-0.004507008474
3.100800037384	-0.007095584646
3.102399826050	-0.006186192390
3.103999853134	-0.009072416462
3.105599880219	-0.006916752551
3.107199907303	-0.007052752655
3.108799934387	-0.006729680579
3.110399961472	-0.006531440653
3.111999988556	-0.005742576439
3.113600015640	-0.005880112294
3.115199804306	-0.006108896341
3.116799831390	-0.006849792320
3.118399858475	-0.006510720588
3.119999885559	-0.007213424426
3.121599912643	-0.006115152501
3.123199939728	-0.006627440453
3.124799966812	-0.005745296367
3.126399993896	-0.006822000723
3.128000020981	-0.006880800705
3.129599809647	-0.007979872636
3.131199836731	-0.008237136528
3.132799863815	-0.005502272397
3.134399890900	-0.006592880469
3.135999917984	-0.007599008735
3.137599945068	-0.005897536408
3.139199972153	-0.007125824690
3.140799999237	-0.006261328701
3.142400026321	-0.006716096308
3.143999814987	-0.007420352660
3.145599842072	-0.007330432534
3.147199869156	-0.007430048659
3.148799896240	-0.007473216858
3.150399923325	-0.008136896417
3.151999950409	-0.008143153042
3.153599977493	-0.008451729082
3.155200004578	-0.007876784541
3.156800031662	-0.006937200669
3.158399820328	-0.006375200581
3.159999847412	-0.008058144711
3.161599874496	-0.008674304932
3.163199901581	-0.005755376536
3.164799928665	-0.008361488581
3.166399955750	-0.007490016520
3.167999982834	-0.006509808358
3.169600009918	-0.006590240635
3.171200037003	-0.007435056847
3.172799825668	-0.007814976387
3.174399852753	-0.006447840482
3.175999879837	-0.007308224682
3.177599906921	-0.007021600846
3.179199934006	-0.006302384660
3.180799961090	-0.007827633061
3.182399988174	-0.007487264927
3.184000015259	-0.007211904507
3.185599803925	-0.008494384587
3.187199831009	-0.005115904380
3.188799858093	-0.007151632570
3.190399885178	-0.008147376589
3.191999912262	-0.007180720568
3.193599939346	-0.007134368643
3.195199966431	-0.006062000524
3.196799993515	-0.007111792453
3.198400020599	-0.006638080347
3.199999809265	-0.006863168441
3.201599836349	-0.008725873195
3.203199863434	-0.007511792704
3.204799890518	-0.006298336666
3.206399917603	-0.008387888782
3.207999944687	-0.006490608677
3.209599971771	-0.005439072382
3.211199998856	-0.006777328439
3.212800025940	-0.007614016533
3.214399814606	-0.008317568339
3.215999841690	-0.005522352643
3.217599868774	-0.008581712842
3.219199895859	-0.007590192836
3.220799922943	-0.007174736355
3.222399950027	-0.006394736469
3.223999977112	-0.006115616299
3.225600004196	-0.007250528783
3.227200031281	-0.008167840540
3.228799819946	-0.008617840707
3.230399847031	-0.008586608805
3.231999874115	-0.007759856526
3.233599901199	-0.006203536410
3.235199928284	-0.006797728594
3.236799955368	-0.006882496644
3.238399982452	-0.007013664581
3.240000009537	-0.008125024848
3.241600036621	-0.007690544706
3.243199825287	-0.007906912826
3.244799852371	-0.006809584796
3.246399879456	-0.008321088739
3.247999906540	-0.008186496794
3.249599933624	-0.005774160381
3.251199960709	-0.007309200708
3.252799987793	-0.007033008616
3.254400014877	-0.006738592405
3.255999803543	-0.006617744453
3.257599830627	-0.006958336569
3.259199857712	-0.006851744372
3.260799884796	-0.007650400512
3.262399911880	-0.008050096221
3.263999938965	-0.007872976363
3.265599966049	-0.006378560793
3.267199993134	-0.007629008498
3.268800020218	-0.007343216334
3.270399808884	-0.007813344710
3.271999835968	-0.007054160349
3.273599863052	-0.007472848520
3.275199890137	-0.007635088637
3.276799917221	-0.006333728321
3.278399944305	-0.007796176709
3.279999971390	-0.008775777183
3.281599998474	-0.007676048670
3.283200025558	-0.006329472642
3.284799814224	-0.007576544769
3.286399841309	-0.006183568388
3.287999868393	-0.008415952325
3.289599895477	-0.007494464517
3.291199922562	-0.005587152671
3.292799949646	-0.007098496426
3.294399976730	-0.006325840484
3.296000003815	-0.006537248380
3.297600030899	-0.007369344588
3.299199819565	-0.004809872247
3.300799846649	-0.008293745108
3.302399873734	-0.005778256338
3.303999900818	-0.006850976497
3.305599927902	-0.008192656562
3.307199954987	-0.008750944398
3.308799982071	-0.007512912620
3.310400009155	-0.007391152438
3.311999797821	-0.007756112609
3.313599824905	-0.008668160997
3.315199851990	-0.007751104888
3.316799879074	-0.007593456656
3.318399906158	-0.004999312572
3.319999933243	-0.006303728558
3.321599960327	-0.007985472679
3.323199987411	-0.007039184682
3.324800014496	-0.007380640600
3.326399803162	-0.007305280771
3.327999830246	-0.007406400517
3.329599857330	-0.008087649010
3.331199884415	-0.008826976642
3.332799911499	-0.006152576301
3.334399938583	-0.008600560948
3.335999965668	-0.006589664612
3.337599992752	-0.007461952511
3.339200019836	-0.007070496678
3.340799808502	-0.007038688753
3.342399835587	-0.006986160763
3.343999862671	-0.005920720287
3.345599889755	-0.008314896375
3.347199916840	-0.008874353021
3.348799943924	-0.007138592657
3.350399971008	-0.007766464725
3.351999998093	-0.006858640350
3.353600025177	-0.007232544478
3.355199813843	-0.007442592643
3.356799840927	-0.007176288404
3.358399868011	-0.007385056466
3.359999895096	-0.006398784462
3.361599922180	-0.006177792326
3.363199949265	-0.007139712572
3.364799976349	-0.006619200576
3.366400003433	-0.006527024321
3.368000030518	-0.007119856775
3.369599819183	-0.006140288431
3.371199846268	-0.007034368347
3.372799873352	-0.006928864401
3.374399900436	-0.007369360421
3.375999927521	-0.007697280496
3.377599954605	-0.007719312795
3.379199981689	-0.007282112725
3.380800008774	-0.007806256413
3.382399797440	-0.007351280656
3.383999824524	-0.007089264691
3.385599851608	-0.006796336733
3.387199878693	-0.007438800763
3.388799905777	-0.006736768410
3.390399932861	-0.007287472486
3.391999959946	-0.008135072887
3.393599987030	-0.006196112372
3.395200014114	-0.007269360591
3.396799802780	-0.008236944675
3.398399829865	-0.007082960568
3.399999856949	-0.007840881124
3.401599884033	-0.008137120865
3.403199911118	-0.006525744684
3.404799938202	-0.006428976543
3.406399965286	-0.007919728756
3.407999992371	-0.006992192473
3.409600019455	-0.006091408432
3.411199808121	-0.006637968589
3.412799835205	-0.007703232579
3.414399862289	-0.007450960577
3.415999889374	-0.007747056428
3.417599916458	-0.008259712718
3.419199943542	-0.008609889075
3.420799970627	-0.007480736356
3.422399997711	-0.006185312290
3.424000024796	-0.008677968755
3.425599813461	-0.006721424405
3.427199840546	-0.008440192789
3.428799867630	-0.008172384463
3.430399894714	-0.007147984579
3.431999921799	-0.006928928662
3.433599948883	-0.008845024742
3.435199975967	-0.007069248706
3.436800003052	-0.007165696472
3.438400030136	-0.007806544658
3.439999818802	-0.007023456506
3.441599845886	-0.006539952476
3.443199872971	-0.005872144364
3.444799900055	-0.007787616458
3.446399927139	-0.008157568984
3.447999954224	-0.006965920795
3.449599981308	-0.009327056818
3.451200008392	0.008189424872
