0.000000000000	0.021101394668
0.001599999960	0.020141426474
0.003199999919	0.019353922457
0.004799999762	0.018882673234
0.006399999838	0.020085137337
0.007999999449	0.018745280802
0.009599999525	0.016490977257
0.011199999601	0.016126321629
0.012799999677	0.019051505253
0.014399999753	0.018167249858
0.015999998897	0.016687329859
0.017599999905	0.016529953107
0.019199999049	0.016501186416
0.020800000057	0.015607137233
0.022399999201	0.015371360816
0.024000000209	0.017623472959
0.025599999353	0.014287521131
0.027199998498	0.015701312572
0.028799999505	0.015984993428
0.030399998650	0.015103985555
0.031999997795	0.014492240734
0.033599998802	0.016251921654
0.035199999809	0.015118865296
0.036800000817	0.013683441095
0.038399998099	0.013124128804
0.039999999106	0.013061713427
0.041600000113	0.014342321083
0.043199997395	0.013537056744
0.044799998403	0.013262385502
0.046399999410	0.014970193617
0.048000000417	0.013255328871
0.049599997699	0.013875393197
0.051199998707	0.012395377271
0.052799999714	0.013735793531
0.054399996996	0.012399041094
0.055999998003	0.013540545478
0.057599999011	0.013619201258
0.059200000018	0.011717952788
0.060799997300	0.011840176769
0.062399998307	0.012210257351
0.063999995589	0.012874385342
0.065600000322	0.011462672614
0.067199997604	0.014291313477
0.068799994886	0.013399217278
0.070399999619	0.014336497523
0.071999996901	0.011866129003
0.073600001633	0.010349905118
0.075199998915	0.013279329054
0.076799996197	0.012698480859
0.078400000930	0.012200272642
0.079999998212	0.011424752884
0.081599995494	0.011816080660
0.083200000226	0.012197840959
0.084799997509	0.009600672871
0.086399994791	0.011237553321
0.087999999523	0.012030176818
0.089599996805	0.011259424500
0.091199994087	0.012954032980
0.092799998820	0.011091088876
0.094399996102	0.011514849029
0.096000000834	0.010628256947
0.097599998116	0.011763905175
0.099199995399	0.012393376790
0.100800000131	0.009820112959
0.102399997413	0.011869857088
0.103999994695	0.010411281139
0.105599999428	0.011982193217
0.107199996710	0.008910032921
0.108799993992	0.009674784727
0.110399998724	0.010934464633
0.111999996006	0.011275553145
0.113600000739	0.010818401352
0.115199998021	0.011325073428
0.116799995303	0.011109792627
0.118400000036	0.009193824604
0.119999997318	0.010893280618
0.121599994600	0.011118193157
0.123199999332	0.011468352750
0.124799996614	0.009549137205
0.126399993896	0.011740785092
0.127999991179	0.009645360522
0.129600003362	0.012213440612
0.131200000644	0.008882896975
0.132799997926	0.010234848596
0.134399995208	0.010849809274
0.135999992490	0.011751441285
0.137599989772	0.009917472489
0.139200001955	0.010848673061
0.140799999237	0.011243904941
0.142399996519	0.012013665400
0.143999993801	0.009319712408
0.145599991083	0.009962016717
0.147200003266	0.008454049006
0.148800000548	0.010721312836
0.150399997830	0.010004000738
0.151999995112	0.008179456927
0.153599992394	0.007932112552
0.155199989676	0.011478545144
0.156800001860	0.009446464479
0.158399999142	0.009310864843
0.159999996424	0.010484992526
0.161599993706	0.010247617029
0.163199990988	0.009389825165
0.164800003171	0.008968801238
0.166400000453	0.011227057315
0.167999997735	0.011344080791
0.169599995017	0.012193361297
0.171199992299	0.008485104889
0.172799989581	0.008516240865
0.174400001764	0.009437888861
0.175999999046	0.009962065145
0.177599996328	0.009367840365
0.179199993610	0.009010864422
0.180799990892	0.008235936984
0.182399988174	0.006438640412
0.184000000358	0.008470992558
0.185599997640	0.007046656683
0.187199994922	0.008398368955
0.188799992204	0.010230672546
0.190399989486	0.010740912519
0.192000001669	0.010057760403
0.193599998951	0.008548320271
0.195199996233	0.009520560503
0.196799993515	0.008838384412
0.198399990797	0.009464416653
0.199999988079	0.007925856858
0.201600000262	0.009257297032
0.203199997544	0.009787664749
0.204799994826	0.008541952819
0.206399992108	0.008001776412
0.207999989390	0.008926272392
0.209600001574	0.008075776510
0.211199998856	0.006090144627
0.212799996138	0.008961104788
0.214399993420	0.007435616571
0.215999990702	0.007370320614
0.217599987984	0.007944704965
0.219200000167	0.009537360631
0.220799997449	0.005994144361
0.222399994731	0.008322753012
0.223999992013	0.009885328822
0.225599989295	0.008230928332
0.227200001478	0.007712496445
0.228799998760	0.006432480644
0.230399996042	0.008173632436
0.231999993324	0.010214032605
0.233599990606	0.008793313056
0.235199987888	0.006395936478
0.236800000072	0.010292177089
0.238399997354	0.005321936216
0.239999994636	0.005736320280
0.241599991918	0.006672864780
0.243199989200	0.009779904969
0.244799986482	0.006499024574
0.246399998665	0.008984528482
0.247999995947	0.008999280632
0.249599993229	0.007589424495
0.251199990511	0.005798032507
0.252799987793	0.007876928896
0.254399985075	0.007924544625
0.255999982357	0.007746032439
0.257599979639	0.006498992443
0.259200006723	0.008393008262
0.260800004005	0.006343936548
0.262400001287	0.005640592426
0.263999998569	0.005159952212
0.265599995852	0.008073233068
0.267199993134	0.008076688275
0.268799990416	0.005704656243
0.270399987698	0.005281104241
0.271999984980	0.008903312497
0.273599982262	0.006717408542
0.275199979544	0.006260576658
0.276800006628	0.007618752774
0.278400003910	0.006750832777
0.280000001192	0.007612416521
0.281599998474	0.007045488805
0.283199995756	0.006247664336
0.284799993038	0.006616112776
0.286399990320	0.006447104737
0.287999987602	0.007311248686
0.289599984884	0.007692528423
0.291199982166	0.006718560588
0.292799979448	0.008821072988
0.294400006533	0.007152880542
0.296000003815	0.009063201025
0.297600001097	0.005396560300
0.299199998379	0.007675440516
0.300799995661	0.006893456448
0.302399992943	0.006814256776
0.303999990225	0.004869056400
0.305599987507	0.006302368362
0.307199984789	0.006637200713
0.308799982071	0.005082960241
0.310399979353	0.007136640605
0.312000006437	0.006834624801
0.313600003719	0.006424208637
0.315200001001	0.005624256562
0.316799998283	0.007630384527
0.318399995565	0.008837873116
0.319999992847	0.006539168768
0.321599990129	0.006512208376
0.323199987411	0.008709728718
0.324799984694	0.006684192456
0.326399981976	0.005337200593
0.327999979258	0.003416768275
0.329600006342	0.005950048566
0.331200003624	0.004911728203
0.332800000906	0.006505968515
0.334399998188	0.006233040243
0.335999995470	0.007401856594
0.337599992752	0.005374544300
0.339199990034	0.005004960578
0.340799987316	0.006943296641
0.342399984598	0.006921520457
0.343999981880	0.005893936381
0.345599979162	0.005643504672
0.347199976444	0.004574528430
0.348800003529	0.005310560577
0.350400000811	0.007188752759
0.351999998093	0.006019920576
0.353599995375	0.003683520248
0.355199992657	0.006684704684
0.356799989939	0.006178880576
0.358399987221	0.006690752693
0.359999984503	0.006502976641
0.361599981785	0.003785584355
0.363199979067	0.005916512571
0.364799976349	0.004931056406
0.366400003433	0.006073584314
0.368000000715	0.004858432338
0.369599997997	0.007698464673
0.371199995279	0.003967760596
0.372799992561	0.003527072258
0.374399989843	0.007098128553
0.375999987125	0.006223040633
0.377599984407	0.005926976446
0.379199981689	0.006765072700
0.380799978971	0.006198832300
0.382399976254	0.003604176221
0.384000003338	0.004121632315
0.385600000620	0.004668640438
0.387199997902	0.004738256335
0.388799995184	0.005315616261
0.390399992466	0.003847808344
0.391999989748	0.006308224518
0.393599987030	0.008248113096
0.395199984312	0.003953152336
0.396799981594	0.004168464337
0.398399978876	0.005003136583
0.399999976158	0.005074416287
0.401600003242	0.003297296353
0.403200000525	0.006183376536
0.404799997807	0.006276928354
0.406399995089	0.004191952292
0.407999992371	0.004743024241
0.409599989653	0.006472096778
0.411199986935	0.005542384461
0.412799984217	0.005640544463
0.414399981499	0.005095600616
0.415999978781	0.004484912381
0.417599976063	0.004647936206
0.419200003147	0.004129248206
0.420800000429	0.005398480222
0.422399997711	0.007640288677
0.423999994993	0.003957408480
0.425599992275	0.003665824188
0.427199989557	0.005547408480
0.428799986839	0.005129568279
0.430399984121	0.005133360624
0.431999981403	0.003918256145
0.433599978685	0.003551872214
0.435199975967	0.005041232333
0.436800003052	0.004878144246
0.438400000334	0.004317984451
0.439999997616	0.003449856304
0.441599994898	0.002840160159
0.443199992180	0.004790768493
0.444799989462	0.003477648366
0.446399986744	0.004738528281
0.447999984026	0.005499248393
0.449599981308	0.005406272598
0.451199978590	0.002348720096
0.452799975872	0.004143904429
0.454400002956	0.005348720588
0.456000000238	0.006238624454
0.457599997520	0.004157936200
0.459199994802	0.004000144079
0.460799992085	0.004645952489
0.462399989367	0.005466320552
0.463999986649	0.002895664191
0.465599983931	0.004768688232
0.467199981213	0.005605056416
0.468799978495	0.004876240622
0.470399975777	0.002550320234
0.472000002861	0.004222272430
0.473600000143	0.004968304653
0.475199997425	0.003139584325
0.476799994707	0.004626992624
0.478399991989	0.004179392476
0.479999989271	0.004306624178
0.481599986553	0.001557296142
0.483199983835	0.005598608404
0.484799981117	0.003548928304
0.486399978399	0.005150512327
0.487999975681	0.001827760134
0.489599972963	0.003860864323
0.491200000048	0.003453008365
0.492799997330	0.003949120175
0.494399994612	0.001920320210
0.495999991894	0.003226736328
0.497599989176	0.003362352261
0.499199986458	0.005163408350
0.500800013542	0.003763824236
0.502399981022	0.003725872375
0.504000008106	0.002284464194
0.505599975586	0.004222176503
0.507200002670	0.003964800388
0.508799970150	0.002484800294
0.510399997234	0.004613152239
0.511999964714	0.004598640371
0.513599991798	0.006536496803
0.515199959278	0.002637200290
0.516799986362	0.002613136312
0.518400013447	0.003485616297
0.519999980927	0.003662432311
0.521600008011	0.005210832227
0.523199975491	0.005102720577
0.524800002575	0.004606096540
0.526399970055	0.003780624364
0.527999997139	0.002194896108
0.529599964619	0.005822544452
0.531199991703	0.002494032262
0.532799959183	0.002920640167
0.534399986267	0.003449904267
0.536000013351	0.004905872513
0.537599980831	0.003913472407
0.539200007915	0.003114384133
0.540799975395	0.002756672213
0.542400002480	0.004665472545
0.543999969959	0.003726224415
0.545599997044	0.003417328233
0.547199964523	0.003360992298
0.548799991608	0.004599024542
0.550399959087	0.001546752173
0.551999986172	0.002385248197
0.553600013256	0.004646384157
0.555199980736	0.004514960572
0.556800007820	0.002296032151
0.558399975300	0.003847216256
0.560000002384	0.003144576214
0.561599969864	0.000825504074
0.563199996948	0.002776176203
0.564799964428	0.002160912147
0.566399991512	0.003827552311
0.567999958992	0.003249536268
0.569599986076	0.004960416351
0.571200013161	0.003745728405
0.572799980640	0.002805504249
0.574400007725	0.004229456186
0.575999975204	0.003374976339
0.577600002289	0.003583744168
0.579199969769	0.003264528234
0.580799996853	0.003610992339
0.582399964333	0.003404224291
0.583999991417	0.003982656170
0.585599958897	0.001512928051
0.587199985981	0.004546432290
0.588800013065	0.005206240341
0.590399980545	0.005057968199
0.592000007629	0.000846816052
0.593599975109	0.003402544186
0.595200002193	0.003146384144
0.596799969673	0.002481984207
0.598399996758	0.001334800036
0.599999964237	0.004912688397
0.601599991322	0.003096384229
0.603199958801	0.001632576110
0.604799985886	0.002737296280
0.606400012970	0.002432160079
0.607999980450	0.002859728178
0.609600007534	0.002005008049
0.611199975014	0.002211568179
0.612800002098	0.004003728274
0.614399969578	0.000406623993
0.615999996662	0.002598064253
0.617599964142	0.002630784176
0.619199991226	0.002472672146
0.620799958706	0.003683040384
0.622399985790	0.002997136209
0.624000012875	0.003311728360
0.625599980354	0.003190000309
0.627200007439	0.000799648056
0.628799974918	0.001656864071
0.630400002003	0.001946192235
0.631999969482	0.001629344188
0.633599996567	0.001233440125
0.635199964046	0.002583296271
0.636799991131	0.002351152245
0.638399958611	0.002083648229
0.639999985695	0.002521152142
0.641600012779	0.002213840140
0.643199980259	0.000400799967
0.644800007343	0.002667280147
0.646399974823	0.003354336135
0.648000001907	0.003289280226
0.649599969387	0.001018864103
0.651199996471	0.002753024222
0.652799963951	0.002208672231
0.654399991035	-0.000421632081
0.655999958515	0.003022672143
0.657599985600	0.004090000410
0.659200012684	0.000220560032
0.660799980164	0.001426080125
0.662400007248	0.002039344050
0.663999974728	0.003835392185
0.665600001812	0.001019760035
0.667199969292	0.003441120265
0.668799996376	0.001727120136
0.670399963856	0.001883680117
0.671999990940	0.001634848071
0.673599958420	0.001812864095
0.675199985504	0.001828128123
0.676800012589	0.003734768368
0.678399980068	0.000715040078
0.680000007153	0.001115728053
0.681599974632	0.002857520245
0.683200001717	0.000142239980
0.684799969196	0.001201712061
0.686399996281	0.003199568251
0.687999963760	0.003066752339
0.689599990845	0.003589552362
0.691199958324	0.003867344465
0.692799985409	0.002726336243
0.694399952888	0.001151072094
0.695999979973	0.002406784100
0.697600007057	0.002916240133
0.699199974537	0.000749232073
0.700800001621	0.002360368147
0.702399969101	0.004571136553
0.703999996185	0.003063648241
0.705599963665	0.001711856108
0.707199990749	0.003797376296
0.708799958229	0.001537232078
0.710399985313	0.002286288189
0.711999952793	0.000720576092
0.713599979877	0.003622048302
0.715200006962	0.003283920232
0.716799974442	0.000424416037
0.718400001526	0.000263024063
0.719999969006	0.003836784279
0.721599996090	0.002048096154
0.723199963570	0.004277968314
0.724799990654	0.000815968087
0.726399958134	0.005233776290
0.727999985218	0.002636240097
0.729599952698	0.002145440085
0.731199979782	0.001645520213
0.732800006866	0.002502288204
0.734399974346	0.000253200007
0.736000001431	0.003482000204
0.737599968910	0.002657888224
0.739199995995	0.002876832150
0.740799963474	-0.000784912088
0.742399990559	0.002315008314
0.743999958038	0.001504576067
0.745599985123	-0.000184608027
0.747199952602	-0.000460704003
0.748799979687	0.003347120248
0.750400006771	0.002370224101
0.751999974251	0.001962464070
0.753600001335	0.002733280184
0.755199968815	0.000581088068
0.756799995899	0.002090720227
0.758399963379	-0.000472432032
0.759999990463	0.002946784254
0.761599957943	0.004033984151
0.763199985027	-0.000296288024
0.764799952507	-0.000078991980
0.766399979591	0.004155328497
0.768000006676	0.001673792140
0.769599974155	0.002034016186
0.771200001240	0.001021536067
0.772799968719	0.005762368441
0.774399995804	0.002412368311
0.775999963284	-0.000020399979
0.777599990368	0.000204031996
0.779199957848	0.004168688320
0.780799984932	0.000383759994
0.782399952412	0.000478864036
0.783999979496	0.001191120129
0.785600006580	0.000388784043
0.787199974060	0.001498304191
0.788800001144	0.001885872218
0.790399968624	0.003036176320
0.791999995708	0.003479728242
0.793599963188	0.002919536317
0.795199990273	0.000851088087
0.796799957752	0.002747808350
0.798399984837	0.002479472198
0.799999952316	0.002755216323
0.801599979401	0.000898256025
0.803200006485	0.001800288213
0.804799973965	0.001246832078
0.806400001049	0.000672288064
0.807999968529	0.000949632085
0.809599995613	0.002140000230
0.811199963093	0.001124048140
0.812799990177	0.002353360178
0.814399957657	0.001497168094
0.815999984741	0.002562848153
0.817599952221	0.001135504106
0.819199979305	0.000665904081
0.820800006390	-0.000441056065
0.822399973869	0.002819920192
0.824000000954	0.002029552124
0.825599968433	-0.000061120038
0.827199995518	-0.000262896036
0.828799962997	0.000595488062
0.830399990082	0.000829024066
0.831999957561	-0.002620800165
0.833599984646	0.001881504199
0.835199952126	0.001187520102
0.836799979210	0.000679328048
0.838400006294	-0.000840832072
0.839999973774	0.002022096189
0.841600000858	0.002377904253
0.843199968338	0.000562912086
0.844799995422	0.001374592073
0.846399962902	0.003174032317
0.847999989986	-0.000476320041
0.849599957466	-0.000644080108
0.851199984550	-0.000580608030
0.852799952030	0.001456416096
0.854399979115	0.000376336015
0.856000006199	-0.001771360170
0.857599973679	0.002298784209
0.859200000763	0.002377232304
0.860799968243	-0.000092479953
0.862399995327	-0.000631664065
0.863999962807	0.001289552078
0.865599989891	0.001144656097
0.867199957371	0.000039200004
0.868799984455	0.001704064198
0.870399951935	0.003712672275
0.871999979019	-0.000462016091
0.873600006104	-0.001678224187
0.875199973583	-0.000533920014
0.876800000668	0.000981824123
0.878399968147	0.000765472068
0.879999995232	0.001254096162
0.881599962711	0.002997488249
0.883199989796	-0.000152224107
0.884799957275	-0.001099136076
0.886399984360	-0.000209088001
0.887999951839	0.000049536015
0.889599978924	0.001349056140
0.891200006008	0.001027792110
0.892799973488	0.000393360038
0.894400000572	0.001007760060
0.895999968052	-0.000020224059
0.897599995136	0.000945744046
0.899199962616	0.001719344174
0.900799989700	0.000631456031
0.902399957180	0.001786608249
0.903999984264	0.001414384111
0.905599951744	0.000716448063
0.907199978828	-0.001116592088
0.908800005913	-0.000789776095
0.910399973392	0.002032432240
0.912000000477	-0.000535344065
0.913599967957	0.000861360051
0.915199995041	0.001835840172
0.916799962521	0.000333088043
0.918399989605	0.002240304137
0.919999957085	0.001539808116
0.921599984169	0.002628832124
0.923199951649	0.000412688009
0.924799978733	0.000074336029
0.926400005817	-0.000190592051
0.927999973297	-0.000810528058
0.929600000381	-0.001702432171
0.931199967861	0.001248976099
0.932799994946	0.000333696051
0.934399962425	0.001028720057
0.935999989510	0.001307312050
0.937599956989	-0.000007088012
0.939199984074	-0.000090336012
0.940799951553	0.000236288019
0.942399978638	0.000806080003
0.944000005722	0.002787408186
0.945599973202	0.000929664064
0.947200000286	0.000759920047
0.948799967766	-0.000912448042
0.950399994850	-0.002616176149
0.951999962330	-0.002651808318
0.953599989414	0.000176927992
0.955199956894	0.000169008010
0.956799983978	0.003757376457
0.958399951458	0.000071376024
0.959999978542	0.000881040120
0.961599946022	0.000903680047
0.963199973106	0.001673168154
0.964800000191	-0.000540992070
0.966399967670	0.001401744084
0.967999994755	0.001477440121
0.969599962234	0.001031312044
0.971199989319	-0.000712928071
0.972799956799	0.001183664193
0.974399983883	0.000508096011
0.975999951363	0.000808320008
0.977599978447	0.000182383985
0.979199945927	-0.000326864043
0.980799973011	-0.001118768007
0.982400000095	-0.000420144002
0.983999967575	-0.003072560299
0.985599994659	0.000501040078
0.987199962139	0.001562592108
0.988799989223	-0.001635520137
0.990399956703	0.000617024081
0.991999983788	0.000633744057
0.993599951267	0.000700064062
0.995199978352	-0.001047952101
0.996799945831	0.000496896042
0.998399972916	0.000971072062
1.000000000000	-0.000088848035
1.001600027084	0.000545312010
1.003199934959	0.000474896078
1.004799962044	-0.000678800105
1.006399989128	-0.000335840014
1.008000016212	0.000184368066
1.009599924088	-0.001713408157
1.011199951172	0.000030032015
1.012799978256	0.000595888007
1.014400005341	-0.001564656151
1.016000032425	-0.000904240122
1.017599940300	0.000668256020
1.019199967384	-0.002395568183
1.020799994469	0.002197840251
1.022400021553	0.001248592162
1.023999929428	0.003030976281
1.025599956512	-0.000478256086
1.027199983597	0.000326192036
1.028800010681	0.000286976108
1.030399918556	-0.000310464035
1.031999945641	-0.001454272075
1.033599972725	0.001276368159
1.035199999809	-0.000831344048
1.036800026894	0.001148495940
1.038399934769	-0.000899312086
1.039999961853	-0.002372336341
1.041599988937	-0.001017775969
1.043200016022	-0.000862000044
1.044799923897	0.000230832025
1.046399950981	0.003194032237
1.047999978065	0.001824192121
1.049600005150	-0.000677888049
1.051200032234	0.000347024034
1.052799940109	-0.000610720075
1.054399967194	-0.000713824062
1.055999994278	0.000003840045
1.057600021362	-0.000132064029
1.059199929237	-0.000940256054
1.060799956322	-0.000211887993
1.062399983406	-0.000364288077
1.064000010490	-0.000181232041
1.065599918365	-0.001017216127
1.067199945450	0.000509312027
1.068799972534	-0.002525008284
1.070399999619	0.000006016003
1.072000026703	-0.000261104025
1.073599934578	-0.002694864059
1.075199961662	-0.001513968105
1.076799988747	0.001203888096
1.078400015831	-0.000532096019
1.079999923706	0.000640911981
1.081599950790	0.000285952003
1.083199977875	-0.000535616069
1.084800004959	-0.000736672024
1.086400032043	0.000115968025
1.087999939919	0.000295920006
1.089599967003	0.001272512018
1.091199994087	0.001356240129
1.092800021172	-0.001867552171
1.094399929047	-0.003782656277
1.095999956131	-0.000001520025
1.097599983215	-0.000832416117
1.099200010300	-0.002405968262
1.100799918175	0.000892960117
1.102399945259	-0.000149455998
1.103999972343	-0.000489184051
1.105599999428	-0.000708992069
1.107200026512	-0.000464048062
1.108799934387	-0.000669103989
1.110399961472	0.000163312026
1.111999988556	-0.000190831997
1.113600015640	0.000523792056
1.115199923515	-0.000524320058
1.116799950600	-0.001566640218
1.118399977684	-0.001795632183
1.120000004768	0.000330944022
1.121599912643	0.000609712035
1.123199939728	-0.002148896223
1.124799966812	-0.001675280160
1.126399993896	0.000412496069
1.128000020981	-0.000223200041
1.129599928856	-0.001074048108
1.131199955940	-0.001187263988
1.132799983025	-0.001409152057
1.134400010109	0.000228111996
1.135999917984	-0.001668656128
1.137599945068	-0.003774144221
1.139199972153	-0.001652864157
1.140799999237	0.000305216032
1.142400026321	-0.000485504046
1.143999934196	-0.001768784248
1.145599961281	-0.001762528205
1.147199988365	-0.000561232038
1.148800015450	-0.001428032061
1.150399923325	0.001438784064
1.151999950409	-0.000938320125
1.153599977493	-0.001268367982
1.155200004578	0.000433519977
1.156799912453	0.000394912000
1.158399939537	-0.001216704142
1.159999966621	0.000196751978
1.161599993706	-0.000949712063
1.163200020790	-0.001546176150
1.164799928665	-0.002367248060
1.166399955750	0.000415935967
1.167999982834	-0.000169024046
1.169600009918	-0.000284559996
1.171199917793	-0.001341456082
1.172799944878	-0.000051951996
1.174399971962	-0.001939712092
1.175999999046	0.000251791993
1.177600026131	-0.000606048037
1.179199934006	-0.000660688034
1.180799961090	-0.000319056067
1.182399988174	-0.001635376131
1.184000015259	-0.002655296354
1.185599923134	-0.000114176029
1.187199950218	-0.000249568024
1.188799977303	-0.000259408000
1.190400004387	-0.000872208038
1.191999912262	-0.000947920082
1.193599939346	0.000477936032
1.195199966431	-0.000176256057
1.196799993515	-0.000783328083
1.198400020599	-0.001124464092
1.199999928474	-0.000534847961
1.201599955559	0.000662640028
1.203199982643	-0.000520880043
1.204800009727	-0.001272928086
1.206399917603	-0.001930960105
1.207999944687	-0.001021408010
1.209599971771	-0.001162592089
1.211199998856	-0.001046832069
1.212800025940	-0.000790768012
1.214399933815	-0.000727872073
1.215999960899	-0.001788736088
1.217599987984	-0.002042512177
1.219200015068	-0.000836096006
1.220799922943	-0.001607504091
1.222399950027	-0.001220592065
1.223999977112	-0.000372656039
1.225600004196	-0.001075072098
1.227199912071	0.000441968004
1.228799939156	-0.001319472096
1.230399966240	-0.000554864062
1.231999993324	0.000250511977
1.233600020409	-0.002111040289
1.235199928284	-0.001685408177
1.236799955368	-0.001795888180
1.238399982452	-0.001116144005
1.240000009537	-0.001747872098
1.241599917412	-0.001398912049
1.243199944496	-0.003230000380
1.244799971581	-0.001969392179
1.246399998665	-0.000060416030
1.248000025749	-0.000222448027
1.249599933624	-0.002434880240
1.251199960709	-0.002202144125
1.252799987793	-0.002505856333
1.254400014877	-0.001017936040
1.255999922752	-0.001474880148
1.257599949837	-0.001065968070
1.259199976921	-0.001968208235
1.260800004005	-0.001068416052
1.262399911880	-0.003418656299
1.263999938965	-0.002592080273
1.265599966049	0.000242240028
1.267199993134	-0.000077295961
1.268800020218	-0.001065696124
1.270399928093	-0.001994368155
1.271999955177	-0.000290432014
1.273599982262	-0.001911328174
1.275200009346	0.000134608024
1.276799917221	-0.001470736112
1.278399944305	-0.000366160035
1.279999971390	-0.002121760044
1.281599998474	-0.001011344022
1.283200025558	-0.001794192242
1.284799933434	-0.001255392097
1.286399960518	-0.003013088368
1.287999987602	-0.001564256148
1.289600014687	-0.002638992155
1.291199922562	0.000486480043
1.292799949646	0.000013024016
1.294399976730	-0.002915168181
1.296000003815	-0.001696048072
1.297599911690	-0.000726592087
1.299199938774	-0.002157680225
1.300799965858	-0.002935664263
1.302399992943	0.000787504017
1.304000020027	-0.001093488070
1.305599927902	-0.001986512216
1.307199954987	-0.002734784270
1.308799982071	-0.001088480116
1.310400009155	-0.002166752238
1.311999917030	-0.001518016215
1.313599944115	-0.001408272190
1.315199971199	-0.000305840047
1.316799998283	-0.000817568041
1.318400025368	-0.001792656141
1.319999933243	-0.003636640264
1.321599960327	-0.000028960003
1.323199987411	0.000250527955
1.324800014496	-0.002651168266
1.326399922371	-0.003013104200
1.327999949455	-0.001657616114
1.329599976540	-0.001607280108
1.331200003624	-0.001867632149
1.332799911499	-0.002407472115
1.334399938583	-0.001474064076
1.335999965668	-0.000470144063
1.337599992752	-0.000698512071
1.339200019836	-0.002000560053
1.340799927711	-0.002666768152
1.342399954796	-0.001221104059
1.343999981880	-0.001924320241
1.345600008965	-0.001676704152
1.347199916840	-0.002361120190
1.348799943924	-0.001554384129
1.350399971008	-0.001243856153
1.351999998093	-0.001681728172
1.353600025177	-0.000966656138
1.355199933052	-0.000764384109
1.356799960136	-0.000521248090
1.358399987221	-0.000759520102
1.360000014305	-0.002398320241
1.361599922180	-0.002465376165
1.363199949265	-0.001920992159
1.364799976349	-0.003456880338
1.366400003433	-0.002563776216
1.367999911308	-0.001011072076
1.369599938393	-0.000683936058
1.371199965477	-0.001545664156
1.372799992561	-0.001835824107
1.374400019646	-0.002021104330
1.375999927521	-0.001389840152
1.377599954605	0.000438864023
1.379199981689	-0.001577088144
1.380800008774	-0.002053712262
1.382399916649	-0.002312064171
1.383999943733	-0.002151920227
1.385599970818	-0.004035088234
1.387199997902	-0.002121872269
1.388799905777	-0.001052784151
1.390399932861	-0.000223216004
1.391999959946	-0.001607808168
1.393599987030	-0.001421552151
1.395200014114	-0.001396128093
1.396799921989	-0.002024816116
1.398399949074	-0.001593888155
1.399999976158	-0.003636336420
1.401600003242	-0.000221104041
1.403199911118	-0.001866768114
1.404799938202	-0.002706368221
1.406399965286	-0.004047968425
1.407999992371	-0.002128976164
1.409600019455	-0.002510656137
1.411199927330	-0.001456752070
1.412799954414	-0.001787200221
1.414399981499	-0.002089152113
1.416000008583	-0.003519088263
1.417599916458	-0.002409712179
1.419199943542	-0.003307056148
1.420799970627	-0.002234368119
1.422399997711	-0.002308688127
1.423999905586	-0.002394672250
1.425599932671	-0.000853168080
1.427199959755	-0.000523264054
1.428799986839	-0.002613824327
1.430400013924	-0.003483056324
1.431999921799	-0.001538032084
1.433599948883	-0.001961408183
1.435199975967	-0.001365888165
1.436800003052	-0.002903088229
1.438399910927	-0.001296736184
1.439999938011	-0.002725088270
1.441599965096	-0.000729008054
1.443199992180	-0.004158400465
1.444800019264	-0.002127936110
1.446399927139	-0.000681008096
1.447999954224	-0.001095552114
1.449599981308	-0.001122960122
1.451200008392	-0.002543216338
1.452799916267	-0.001830032095
1.454399943352	-0.001707072253
1.455999970436	-0.000497280038
1.457599997520	-0.000412399997
1.459199905396	-0.000886432070
1.460799932480	-0.003921296448
1.462399959564	-0.001966240117
1.463999986649	-0.002731872257
1.465600013733	0.001684832154
1.467199921608	0.000117135984
1.468799948692	-0.001680192188
1.470399975777	-0.001760384184
1.472000002861	-0.002913536271
1.473599910736	-0.003139024368
1.475199937820	-0.002519024303
1.476799964905	-0.001088240067
1.478399991989	-0.002712784335
1.480000019073	-0.003205168294
1.481599926949	-0.002334496239
1.483199954033	-0.001393328072
1.484799981117	-0.004271456506
1.486400008202	-0.002294480335
1.487999916077	-0.003326608334
1.489599943161	-0.001215904136
1.491199970245	-0.001835600124
1.492799997330	-0.002449232154
1.494399905205	-0.001378144138
1.495999932289	-0.000143040001
1.497599959373	-0.003979984205
1.499199986458	-0.002408128232
1.500800013542	-0.001706464100
1.502399921417	-0.000437584065
1.503999948502	-0.002186576137
1.505599975586	-0.004088192247
1.507200002670	-0.004066096619
1.508799910545	-0.000783120049
1.510399937630	-0.001946496195
1.511999964714	-0.001872224151
1.513599991798	-0.004703680519
1.515200018883	-0.000682335987
1.516799926758	-0.002008768264
1.518399953842	-0.002816720167
1.519999980927	-0.004391808528
1.521600008011	-0.001000927994
1.523199915886	-0.001429552212
1.524799942970	0.000037968024
1.526399970055	-0.004360624123
1.527999997139	-0.002439152217
1.529599905014	-0.002144160215
1.531199932098	-0.003787696362
1.532799959183	-0.002455952112
1.534399986267	-0.001938464120
1.536000013351	-0.000577728089
1.537599921227	-0.002719840268
1.539199948311	-0.001038816059
1.540799975395	-0.002301776316
1.542400002480	-0.002862336347
1.543999910355	-0.002806368284
1.545599937439	-0.001130736084
1.547199964523	-0.002851136262
1.548799991608	-0.003280736273
1.550400018692	-0.003950816579
1.551999926567	-0.002953888383
1.553599953651	-0.001263232087
1.555199980736	-0.002620640211
1.556800007820	-0.003499440383
1.558399915695	-0.001412352081
1.559999942780	-0.003204576205
1.561599969864	-0.002337856218
1.563199996948	-0.003285024315
1.564799904823	-0.003515856341
1.566399931908	-0.002981344238
1.567999958992	-0.002868448151
1.569599986076	-0.002031360287
1.571200013161	-0.004126832355
1.572799921036	-0.002806016244
1.574399948120	-0.002805440221
1.575999975204	-0.003123424249
1.577600002289	-0.002907184185
1.579199910164	-0.001013408066
1.580799937248	-0.002367136301
1.582399964333	-0.003186880145
1.583999991417	-0.003169584321
1.585600018501	-0.003437760286
1.587199926376	-0.004501088522
1.588799953461	-0.000875728147
1.590399980545	-0.001166208065
1.592000007629	-0.001744688139
1.593599915504	-0.001871600165
1.595199942589	-0.001626688056
1.596799969673	-0.001617504167
1.598399996758	-0.004140640143
1.599999904633	-0.001744896173
1.601599931717	-0.003280704143
1.603199958801	-0.000693104055
1.604799985886	-0.003011984285
1.606400012970	-0.003746592440
1.607999920845	-0.003908656538
1.609599947929	-0.000183968004
1.611199975014	-0.004104800522
1.612800002098	-0.001504016109
1.614399909973	-0.004237456247
1.615999937057	-0.002309072064
1.617599964142	-0.003467808245
1.619199991226	-0.002074016258
1.620800018311	-0.003407536307
1.622399926186	-0.001440128195
1.623999953270	-0.003952304367
1.625599980354	-0.004766224418
1.627200007439	-0.002904032124
1.628799915314	-0.001027344144
1.630399942398	-0.002189120278
1.631999969482	-0.003079328220
1.633599996567	-0.001911312109
1.635199904442	-0.002061984269
1.636799931526	-0.002842800226
1.638399958611	-0.004999376368
1.639999985695	-0.005317456555
1.641600012779	-0.003349536331
1.643199920654	-0.002572064288
1.644799947739	-0.002877504332
1.646399974823	-0.003585504368
1.648000001907	-0.001456544152
1.649599909782	-0.000939680089
1.651199936867	-0.004548160359
1.652799963951	-0.002745856298
1.654399991035	-0.004190272186
1.655999898911	-0.002435120288
1.657599925995	-0.002337200101
1.659199953079	-0.003052400192
1.660799980164	-0.003687888384
1.662400007248	-0.004138080403
1.663999915123	-0.003761904314
1.665599942207	-0.001292048139
1.667199969292	-0.003571616253
1.668799996376	-0.001007200102
1.670399904251	-0.003038192168
1.671999931335	-0.003592960304
1.673599958420	-0.003864752362
1.675199985504	-0.003196816193
1.676800012589	-0.002682752209
1.678399920464	-0.002624496119
1.679999947548	-0.004381280392
1.681599974632	-0.002691504313
1.683200001717	-0.002340992214
1.684799909592	-0.004477824550
1.686399936676	-0.003926448524
1.687999963760	-0.003096896224
1.689599990845	-0.001420112094
1.691199898720	-0.000395600044
1.692799925804	-0.002836992266
1.694399952888	-0.001279088086
1.695999979973	-0.004705616273
1.697600007057	-0.002636496210
1.699199914932	-0.002618096303
1.700799942017	-0.003114208346
1.702399969101	-0.003158224281
1.703999996185	-0.004537520465
1.705599904060	-0.003099088324
1.707199931145	-0.003350528423
1.708799958229	-0.002497600159
1.710399985313	-0.003869216423
1.712000012398	-0.003247904358
1.713599920273	-0.003549248446
1.715199947357	-0.002185840160
1.716799974442	-0.005330080166
1.718400001526	-0.002343904227
1.719999909401	-0.001113936072
1.721599936485	-0.002842448186
1.723199963570	-0.002406144282
1.724799990654	-0.003277088283
1.726399898529	-0.003774864366
1.727999925613	-0.003625248326
1.729599952698	-0.000587168091
1.731199979782	-0.004316016566
1.732800006866	-0.001992656151
1.734399914742	-0.003438096261
1.735999941826	-0.001886464190
1.737599968910	-0.005076496396
1.739199995995	-0.002065472072
1.740799903870	-0.003327904269
1.742399930954	-0.001705296105
1.743999958038	-0.003504144261
1.745599985123	-0.003649920225
1.747200012207	-0.003328976221
1.748799920082	-0.001817344222
1.750399947166	-0.004134160466
1.751999974251	-0.005458736327
1.753600001335	-0.003345456207
1.755199909210	-0.002824800089
1.756799936295	-0.001446064096
1.758399963379	-0.004598784260
1.759999990463	-0.003819232341
1.761599898338	-0.004719440360
1.763199925423	-0.002183696255
1.764799952507	-0.004119456280
1.766399979591	-0.003769184230
1.768000006676	-0.005374864675
1.769599914551	-0.002576672239
1.771199941635	-0.003594128415
1.772799968719	-0.003671984421
1.774399995804	-0.002737872303
1.775999903679	-0.002635536250
1.777599930763	-0.005008144304
1.779199957848	-0.004338608123
1.780799984932	-0.003661280265
1.782400012016	-0.003438016400
1.783999919891	-0.003460928332
1.785599946976	-0.005003008526
1.787199974060	-0.004264080431
1.788800001144	-0.003083648160
1.790399909019	-0.003220528364
1.791999936104	-0.002944096224
1.793599963188	-0.004392128438
1.795199990273	-0.003089056350
1.796799898148	-0.002769808285
1.798399925232	-0.004640624393
1.799999952316	-0.005293344148
1.801599979401	-0.003439936321
1.803200006485	-0.003622128395
1.804799914360	-0.003255056217
1.806399941444	-0.005318896379
1.807999968529	-0.005129200406
1.809599995613	-0.003689776408
1.811199903488	-0.003650672268
1.812799930573	-0.001411088044
1.814399957657	-0.002874240279
1.815999984741	-0.003321424359
1.817600011826	-0.003232448129
1.819199919701	-0.004009104334
1.820799946785	-0.004190720152
1.822399973869	-0.003189328127
1.824000000954	-0.003659072332
1.825599908829	-0.004439312499
1.827199935913	-0.003987296484
1.828799962997	-0.003830880392
1.830399990082	-0.002467616228
1.831999897957	-0.004084176384
1.833599925041	-0.004677888472
1.835199952126	-0.003125264309
1.836799979210	-0.001009408152
1.838400006294	-0.003901792457
1.839999914169	-0.005329520442
1.841599941254	-0.006316976622
1.843199968338	-0.002730272245
1.844799995422	-0.002836384345
1.846399903297	-0.002722512232
1.847999930382	-0.005182832479
1.849599957466	-0.003580832155
1.851199984550	-0.004253712483
1.852800011635	-0.002462048316
1.854399919510	-0.005229904316
1.855999946594	-0.001707584132
1.857599973679	-0.001251040143
1.859200000763	-0.001951824175
1.860799908638	-0.003565632273
1.862399935722	-0.005318080541
1.863999962807	-0.003157056402
1.865599989891	-0.002763072262
1.867199897766	-0.002261920134
1.868799924850	-0.004625600297
1.870399951935	-0.002700816141
1.871999979019	-0.004162704572
1.873600006104	-0.003324688179
1.875199913979	-0.005229008384
1.876799941063	-0.003692256287
1.878399968147	-0.004274208564
1.879999995232	-0.003217456164
1.881599903107	-0.003869440407
1.883199930191	-0.004571008496
1.884799957275	-0.002855648287
1.886399984360	-0.004029600415
1.888000011444	-0.003120624227
1.889599919319	-0.003651808249
1.891199946404	-0.004570064601
1.892799973488	-0.005630400497
1.894400000572	-0.003333168337
1.895999908447	-0.003717568237
1.897599935532	-0.004443232436
1.899199962616	-0.002875456354
1.900799989700	-0.005014352500
1.902399897575	-0.004577600397
1.903999924660	-0.002118304139
1.905599951744	-0.003025600221
1.907199978828	-0.003867040388
1.908800005913	-0.006570448633
1.910399913788	-0.003204048146
1.911999940872	-0.004909904208
1.913599967957	-0.003768656403
1.915199995041	-0.003833504394
1.916799902916	-0.004197168164
1.918399930000	-0.004722752143
1.919999957085	-0.003400144400
1.921599984169	-0.004201568197
1.923199892044	-0.002266192110
1.924799919128	-0.002651632298
1.926399946213	-0.004906736314
1.927999973297	-0.003345680190
1.929600000381	-0.003775232239
1.931199908257	-0.003271520371
1.932799935341	-0.005290496629
1.934399962425	-0.003724112408
1.935999989510	-0.004913920537
1.937599897385	-0.003517200239
1.939199924469	-0.003308736254
1.940799951553	-0.002811952261
1.942399978638	-0.003565936349
1.944000005722	-0.004700688180
1.945599913597	-0.004235472530
1.947199940681	-0.003473760327
1.948799967766	-0.003005328355
1.950399994850	-0.005641872529
1.951999902725	-0.002681552200
1.953599929810	-0.005592240486
1.955199956894	-0.004299264401
1.956799983978	-0.003436992411
1.958399891853	-0.004220000468
1.959999918938	-0.004781680182
1.961599946022	-0.006605984643
1.963199973106	-0.003963296302
1.964800000191	-0.005297808442
1.966399908066	-0.003745264374
1.967999935150	-0.004847904202
1.969599962234	-0.004137232434
1.971199989319	-0.002169200219
1.972799897194	-0.002401920268
1.974399924278	-0.004606880248
1.975999951363	-0.005091472529
1.977599978447	-0.003206080291
1.979200005531	-0.001732992125
1.980799913406	-0.005390368402
1.982399940491	-0.004506512545
1.983999967575	-0.005291312467
1.985599994659	-0.002590992255
1.987199902534	-0.004645840265
1.988799929619	-0.006026464514
1.990399956703	-0.003209824208
1.991999983788	-0.003234528238
1.993599891663	-0.002811648184
1.995199918747	-0.004778384231
1.996799945831	-0.005158688407
1.998399972916	-0.004610176664
2.000000000000	-0.003241936211
2.001600027084	-0.003812208306
2.003200054169	-0.002756448230
2.004799842834	-0.005652960390
2.006399869919	-0.005527360365
2.007999897003	-0.004879376385
2.009599924088	-0.002960368292
2.011199951172	-0.005818576552
2.012799978256	-0.004324544221
2.014400005341	-0.004595568404
2.016000032425	-0.005613520276
2.017600059509	-0.004617344588
2.019199848175	-0.004015488550
2.020799875259	-0.003791984404
2.022399902344	-0.003347792197
2.023999929428	-0.004084320273
2.025599956512	-0.005890320521
2.027199983597	-0.005224096589
2.028800010681	-0.005009856541
2.030400037766	-0.004285856150
2.032000064850	-0.006390256342
2.033599853516	-0.005474656355
2.035199880600	-0.004449184518
2.036799907684	-0.004773808178
2.038399934769	-0.004443728365
2.039999961853	-0.004427600186
2.041599988937	-0.005013408605
2.043200016022	-0.003616976319
2.044800043106	-0.003756032325
2.046399831772	-0.003063680371
2.047999858856	-0.004188288469
2.049599885941	-0.004390688147
2.051199913025	-0.006105120294
2.052799940109	-0.004630992189
2.054399967194	-0.004519024398
2.055999994278	-0.003582880367
2.057600021362	-0.004857376218
2.059200048447	-0.005851600319
2.060799837112	-0.002117408207
2.062399864197	-0.004878848325
2.063999891281	-0.003817376448
2.065599918365	-0.005373024382
2.067199945450	-0.002645200118
2.068799972534	-0.005549168680
2.070399999619	-0.003500608262
2.072000026703	-0.005624320358
2.073600053787	-0.004293024540
2.075199842453	-0.004688672256
2.076799869537	-0.004790752195
2.078399896622	-0.004694256466
2.079999923706	-0.005165072624
2.081599950790	-0.003371888306
2.083199977875	-0.004476080183
2.084800004959	-0.003930576146
2.086400032043	-0.005316528492
2.088000059128	-0.003457024228
2.089599847794	-0.002462400356
2.091199874878	-0.005271648522
2.092799901962	-0.003938912414
2.094399929047	-0.004747040570
2.095999956131	-0.004527424462
2.097599983215	-0.005930976477
2.099200010300	-0.003608576255
2.100800037384	-0.004008800257
2.102400064468	-0.002546128351
2.103999853134	-0.006215584464
2.105599880219	-0.006078464445
2.107199907303	-0.004152048379
2.108799934387	-0.004357104190
2.110399961472	-0.004458016250
2.111999988556	-0.006112608593
2.113600015640	-0.003917840309
2.115200042725	-0.003129680175
2.116799831390	-0.003842736362
2.118399858475	-0.004935280420
2.119999885559	-0.005229472183
2.121599912643	-0.003928016406
2.123199939728	-0.003157088300
2.124799966812	-0.004475056194
2.126399993896	-0.005379376467
2.128000020981	-0.005459056236
2.129600048065	-0.003566448344
2.131199836731	-0.004609168507
2.132799863815	-0.004428720567
2.134399890900	-0.005016400479
2.135999917984	-0.003122896422
2.137599945068	-0.005379904527
2.139199972153	-0.004145232495
2.140799999237	-0.005860672332
2.142400026321	-0.004930672236
2.144000053406	-0.002998480340
2.145599842072	-0.002999408171
2.147199869156	-0.003573440248
2.148799896240	-0.005648240447
2.150399923325	-0.003556752345
2.151999950409	-0.004864144605
2.153599977493	-0.005240208469
2.155200004578	-0.004823488183
2.156800031662	-0.006285824347
2.158400058746	-0.003972112201
2.159999847412	-0.003901344258
2.161599874496	-0.006296576466
2.163199901581	-0.007084480487
2.164799928665	-0.004105296452
2.166399955750	-0.004855616484
2.167999982834	-0.004636048339
2.169600009918	-0.003968608566
2.171200037003	-0.006270208396
2.172800064087	-0.004026384093
2.174399852753	-0.003702272195
2.175999879837	-0.004066528287
2.177599906921	-0.004636544269
2.179199934006	-0.004103584215
2.180799961090	-0.003177696373
2.182399988174	-0.004649984185
2.184000015259	-0.002994112205
2.185600042343	-0.007905504666
2.187199831009	-0.004643376451
2.188799858093	-0.005543056410
2.190399885178	-0.003829696449
2.191999912262	-0.003656896297
2.193599939346	-0.005184032489
2.195199966431	-0.002903936198
2.196799993515	-0.004232144449
2.198400020599	-0.004486080259
2.200000047684	-0.005786688533
2.201599836349	-0.005492704455
2.203199863434	-0.004982784390
2.204799890518	-0.004697264638
2.206399917603	-0.006131264381
2.207999944687	-0.005698624533
2.209599971771	-0.003998032305
2.211199998856	-0.005161072593
2.212800025940	-0.004044720437
2.214400053024	-0.007081408519
2.215999841690	-0.004246832337
2.217599868774	-0.005451056641
2.219199895859	-0.004587232601
2.220799922943	-0.008226720616
2.222399950027	-0.005259088706
2.223999977112	-0.004066720139
2.225600004196	-0.004860736430
2.227200031281	-0.003898272291
2.228800058365	-0.005551024340
2.230399847031	-0.005421072245
2.231999874115	-0.005783904344
2.233599901199	-0.002320880303
2.235199928284	-0.005984720308
2.236799955368	-0.005136800464
2.238399982452	-0.005069056526
2.240000009537	-0.004081056453
2.241600036621	-0.004885264207
2.243199825287	-0.005199328531
2.244799852371	-0.004238608293
2.246399879456	-0.005118896253
2.247999906540	-0.004916496575
2.249599933624	-0.004851120524
2.251199960709	-0.005128816236
2.252799987793	-0.005713776685
2.254400014877	-0.003128080396
2.256000041962	-0.003876096336
2.257599830627	-0.005454864353
2.259199857712	-0.005151520483
2.260799884796	-0.006348672323
2.262399911880	-0.002344048116
2.263999938965	-0.005972304381
2.265599966049	-0.005313184578
2.267199993134	-0.003861344419
2.268800020218	-0.001718384097
2.270400047302	-0.003947056364
2.271999835968	-0.005065056495
2.273599863052	-0.005734240636
2.275199890137	-0.006550048478
2.276799917221	-0.005122352391
2.278399944305	-0.004129072186
2.279999971390	-0.002600464271
2.281599998474	-0.005516816396
2.283200025558	-0.004729472566
2.284800052643	-0.004650608636
2.286399841309	-0.006084192544
2.287999868393	-0.006199888419
2.289599895477	-0.004884624388
2.291199922562	-0.001942784176
2.292799949646	-0.005132592283
2.294399976730	-0.003378544236
2.296000003815	-0.006053696387
2.297600030899	-0.003497104393
2.299200057983	-0.004542992450
2.300799846649	-0.004457920324
2.302399873734	-0.004481728189
2.303999900818	-0.006327600684
2.305599927902	-0.003231104231
2.307199954987	-0.004525424447
2.308799982071	-0.005328688305
2.310400009155	-0.007356624585
2.312000036240	-0.004923120141
2.313599824905	-0.004253040534
2.315199851990	-0.003344528377
2.316799879074	-0.005017808173
2.318399906158	-0.006216432434
2.319999933243	-0.003743936308
2.321599960327	-0.003898160299
2.323199987411	-0.005785264540
2.324800014496	-0.005429904442
2.326400041580	-0.005294352304
2.327999830246	-0.005127728451
2.329599857330	-0.006219824310
2.331199884415	-0.005041792523
2.332799911499	-0.005661536474
2.334399938583	-0.006782448385
2.335999965668	-0.001800128142
2.337599992752	-0.005797632504
2.339200019836	-0.005826224573
2.340800046921	-0.006518128794
2.342399835587	-0.004901552573
2.343999862671	-0.003958656453
2.345599889755	-0.004369184375
2.347199916840	-0.004642400425
2.348799943924	-0.007016208488
2.350399971008	-0.004029824398
2.351999998093	-0.005527856294
2.353600025177	-0.004421104211
2.355200052261	-0.006421712693
2.356799840927	-0.003227264388
2.358399868011	-0.005880112294
2.359999895096	-0.005764976609
2.361599922180	-0.004492064472
2.363199949265	-0.006903328467
2.364799976349	-0.004379888531
2.366400003433	-0.007783456706
2.368000030518	-0.005396192428
2.369600057602	-0.003292240202
2.371199846268	-0.003225952387
2.372799873352	-0.005436896347
2.374399900436	-0.005162480287
2.375999927521	-0.006732224487
2.377599954605	-0.005519072525
2.379199981689	-0.004026656505
2.380800008774	-0.005196976475
2.382400035858	-0.003451344324
2.383999824524	-0.005805072375
2.385599851608	-0.006147856358
2.387199878693	-0.006972864736
2.388799905777	-0.002962960163
2.390399932861	-0.003239776241
2.391999959946	-0.005907744635
2.393599987030	-0.005446224473
2.395200014114	-0.002941616345
2.396800041199	-0.004907424562
2.398399829865	-0.004348816350
2.399999856949	-0.005293360446
2.401599884033	-0.007433008403
2.403199911118	-0.005488992669
2.404799938202	-0.005897840485
2.406399965286	-0.005713488441
2.407999992371	-0.007111888379
2.409600019455	-0.007205792703
2.411200046539	-0.005768816452
2.412799835205	-0.003575008363
2.414399862289	-0.003872592235
2.415999889374	-0.007431136444
2.417599916458	-0.006018032320
2.419199943542	-0.006158672739
2.420799970627	-0.003049264196
2.422399997711	-0.006184496451
2.424000024796	-0.004704752471
2.425600051880	-0.005944480654
2.427199840546	-0.003276800271
2.428799867630	-0.005990720354
2.430399894714	-0.006025472656
2.431999921799	-0.006645664573
2.433599948883	-0.003871600376
2.435199975967	-0.003883872181
2.436800003052	-0.007305568550
2.438400030136	-0.006876192521
2.440000057220	-0.005774368532
2.441599845886	-0.004720000550
2.443199872971	-0.006236656569
2.444799900055	-0.005966480356
2.446399927139	-0.004912336357
2.447999954224	-0.005228720605
2.449599981308	-0.003409424331
2.451200008392	-0.007220096420
2.452800035477	-0.006328544579
2.454399824142	-0.006728080567
2.455999851227	-0.003496096237
2.457599878311	-0.006446272600
2.459199905396	-0.004236496519
2.460799932480	-0.007321552373
2.462399959564	-0.004443216138
2.463999986649	-0.003292112378
2.465600013733	-0.004720560275
2.467200040817	-0.008057041094
2.468799829483	-0.006747504696
2.470399856567	-0.003638208378
2.471999883652	-0.006924192421
2.473599910736	-0.006692256778
2.475199937820	-0.005786784459
2.476799964905	-0.004949680530
2.478399991989	-0.004768704530
2.480000019073	-0.005090656225
2.481600046158	-0.006082128733
2.483199834824	-0.005033488385
2.484799861908	-0.004649664275
2.486399888992	-0.004114672542
2.487999916077	-0.004641552456
2.489599943161	-0.007764880545
2.491199970245	-0.005414400250
2.492799997330	-0.003834992414
2.494400024414	-0.006389920600
2.496000051498	-0.007103712764
2.497599840164	-0.006792960688
2.499199867249	-0.005043856334
2.500799894333	-0.003679008223
2.502399921417	-0.005243312567
2.503999948502	-0.007514608558
2.505599975586	-0.005314656533
2.507200002670	-0.007688928861
2.508800029755	-0.004552224185
2.510399818420	-0.006571520586
2.511999845505	-0.007343712728
2.513599872589	-0.006405744702
2.515199899673	-0.001862080186
2.516799926758	-0.005799584556
2.518399953842	-0.006077920552
2.519999980927	-0.007616832852
2.521600008011	-0.003552800277
2.523200035095	-0.005111056380
2.524799823761	-0.003662224393
2.526399850845	-0.007901729085
2.527999877930	-0.005640576594
2.529599905014	-0.006824736483
2.531199932098	-0.006593904458
2.532799959183	-0.006723008584
2.534399986267	-0.004053632263
2.536000013351	-0.004897072446
2.537600040436	-0.007856240496
2.539199829102	-0.004192624241
2.540799856186	-0.005253200419
2.542399883270	-0.007352176588
2.543999910355	-0.005156288389
2.545599937439	-0.006650560535
2.547199964523	-0.006462624762
2.548799991608	-0.005123296287
2.550400018692	-0.003440976376
2.552000045776	-0.007486288436
2.553599834442	-0.005281760357
2.555199861526	-0.004546800628
2.556799888611	-0.005411776248
2.558399915695	-0.005758672487
2.559999942780	-0.004639792256
2.561599969864	-0.005161312409
2.563199996948	-0.006403152365
2.564800024033	-0.004224288277
2.566400051117	-0.004962528590
2.567999839783	-0.004929584451
2.569599866867	-0.004733440466
2.571199893951	-0.005049904343
2.572799921036	-0.004570848309
2.574399948120	-0.004072608426
2.575999975204	-0.007257552817
2.577600002289	-0.005808864255
2.579200029373	-0.005790016614
2.580799818039	-0.005987456534
2.582399845123	-0.004314672202
2.583999872208	-0.008225760423
2.585599899292	-0.004551792517
2.587199926376	-0.007934928872
2.588799953461	-0.005136016291
2.590399980545	-0.004005280323
2.592000007629	-0.005684832577
2.593600034714	-0.004600368440
2.595199823380	-0.005841856357
2.596799850464	-0.006508096587
2.598399877548	-0.004873648286
2.599999904633	-0.006427408662
2.601599931717	-0.005382656585
2.603199958801	-0.006710464600
2.604799985886	-0.004811104387
2.606400012970	-0.006825712509
2.608000040054	-0.004230880179
2.609599828720	-0.005548112560
2.611199855804	-0.007525792811
2.612799882889	-0.006559664384
2.614399909973	-0.005899952725
2.615999937057	-0.005384528544
2.617599964142	-0.008091312833
2.619199991226	-0.004762640223
2.620800018311	-0.006436768454
2.622400045395	-0.003567536362
2.623999834061	-0.006739856675
2.625599861145	-0.007111536805
2.627199888229	-0.004983072169
2.628799915314	-0.006466592662
2.630399942398	-0.004555056337
2.631999969482	-0.006996736396
2.633599996567	-0.007317152806
2.635200023651	-0.004449344240
2.636800050735	-0.006395840552
2.638399839401	-0.006708224304
2.639999866486	-0.008721568622
2.641599893570	-0.005271584261
2.643199920654	-0.008589969017
2.644799947739	-0.004680976272
2.646399974823	-0.005161600653
2.648000001907	-0.005069680512
2.649600028992	-0.007100400515
2.651199817657	-0.006283312570
2.652799844742	-0.004506928381
2.654399871826	-0.006472448353
2.655999898911	-0.007201696746
2.657599925995	-0.007290432695
2.659199953079	-0.005970192607
2.660799980164	-0.005187760573
2.662400007248	-0.007830144837
2.664000034332	-0.008253633045
2.665599822998	-0.005041728262
2.667199850082	-0.008241856471
2.668799877167	-0.005416848231
2.670399904251	-0.004901488312
2.671999931335	-0.008459936827
2.673599958420	-0.008286176249
2.675199985504	-0.006713136565
2.676800012589	-0.006516608410
2.678400039673	-0.004463360179
2.679999828339	-0.005061568227
2.681599855423	-0.005815120414
2.683199882507	-0.005301888566
2.684799909592	-0.008975313045
2.686399936676	-0.006324112415
2.687999963760	-0.006320832297
2.689599990845	-0.006654576398
2.691200017929	-0.004985712469
2.692800045013	-0.004603488371
2.694399833679	-0.006327504292
2.695999860764	-0.005016880576
2.697599887848	-0.008547089063
2.699199914932	-0.004426160362
2.700799942017	-0.004449648317
2.702399969101	-0.008760849014
2.703999996185	-0.005744288675
2.705600023270	-0.004102304578
2.707200050354	-0.005360352341
2.708799839020	-0.009058320895
2.710399866104	-0.007945233025
2.711999893188	-0.007093920372
2.713599920273	-0.004273040220
2.715199947357	-0.004984384403
2.716799974442	-0.005769088399
2.718400001526	-0.007610640489
2.720000028610	-0.005039888434
2.721599817276	-0.005799552426
2.723199844360	-0.003534992225
2.724799871445	-0.007543312851
2.726399898529	-0.007079616655
2.727999925613	-0.007855104282
2.729599952698	-0.001209904091
2.731199979782	-0.006892256439
2.732800006866	-0.008546976373
2.734400033951	-0.004371696152
2.735999822617	-0.004554304294
2.737599849701	-0.005058672279
2.739199876785	-0.005530608352
2.740799903870	-0.006450560410
2.742399930954	-0.006216816604
2.743999958038	-0.004354784265
2.745599985123	-0.004882416222
2.747200012207	-0.006550800521
2.748800039291	-0.004761344288
2.750399827957	-0.006061840337
2.751999855042	-0.004490288440
2.753599882126	-0.006428432651
2.755199909210	-0.006665488705
2.756799936295	-0.005436528474
2.758399963379	-0.006622832734
2.759999990463	-0.003630032297
2.761600017548	-0.011654816568
2.763200044632	-0.005721488502
2.764799833298	-0.004969776608
2.766399860382	-0.007907249033
2.767999887466	-0.006114160642
2.769599914551	-0.007738112472
2.771199941635	-0.007444336545
2.772799968719	-0.006251184735
2.774399995804	-0.004581328481
2.776000022888	-0.008779952303
2.777599811554	-0.009155632928
2.779199838638	-0.008054400794
2.780799865723	-0.004352384247
2.782399892807	-0.007539312821
2.783999919891	-0.009023712948
2.785599946976	-0.005895440467
2.787199974060	-0.008022512309
2.788800001144	-0.004551392514
2.790400028229	-0.007472608704
2.791999816895	-0.008374609053
2.793599843979	-0.006085456349
2.795199871063	-0.005422112532
2.796799898148	-0.005448960699
2.798399925232	-0.006040832493
2.799999952316	-0.006965424865
2.801599979401	-0.006333424710
2.803200006485	-0.002376928227
2.804800033569	-0.006718336605
2.806399822235	-0.007181840483
2.807999849319	-0.008592880331
2.809599876404	-0.004657040350
2.811199903488	-0.004733936395
2.812799930573	-0.007130352780
2.814399957657	-0.006484624464
2.815999984741	-0.008408000693
2.817600011826	-0.006556928623
2.819200038910	-0.004290336277
2.820799827576	-0.008143440820
2.822399854660	-0.006706144661
2.823999881744	-0.006529360544
2.825599908829	-0.002790064318
2.827199935913	-0.002842192072
2.828799962997	-0.007975808345
2.830399990082	-0.008632608689
2.832000017166	-0.005667680409
2.833600044250	-0.003574272385
2.835199832916	-0.005982480478
2.836799860001	-0.007219200488
2.838399887085	-0.008743904531
2.839999914169	-0.005233712494
2.841599941254	-0.009333073162
2.843199968338	-0.004249984398
2.844799995422	-0.005015568342
2.846400022507	-0.008267568424
2.847999811172	-0.005724960472
2.849599838257	-0.004108352121
2.851199865341	-0.007704304531
2.852799892426	-0.007150752470
2.854399919510	-0.007457328495
2.855999946594	-0.005061712582
2.857599973679	-0.008762625046
2.859200000763	-0.006809184793
2.860800027847	-0.006898272783
2.862399816513	-0.002521872055
2.863999843597	-0.009109312668
2.865599870682	-0.006560464390
2.867199897766	-0.009061616845
2.868799924850	-0.005304080434
2.870399951935	-0.004160144366
2.871999979019	-0.007041344419
2.873600006104	-0.005843152292
2.875200033188	-0.009074768983
2.876799821854	-0.005462688394
2.878399848938	-0.005425344687
2.879999876022	-0.008330800571
2.881599903107	-0.010540544987
2.883199930191	-0.005581664387
2.884799957275	-0.003970208112
2.886399984360	-0.006491472479
2.888000011444	-0.006057616323
2.889600038528	-0.005454656668
2.891199827194	-0.005963936448
2.892799854279	-0.006847104523
2.894399881363	-0.005583872553
2.895999908447	-0.007877856493
2.897599935532	-0.011277984828
2.899199962616	-0.003374608234
2.900799989700	-0.004451952409
2.902400016785	-0.006416992750
2.904000043869	-0.007338000461
2.905599832535	-0.009313824587
2.907199859619	-0.003787376219
2.908799886703	-0.004350704607
2.910399913788	-0.006896736566
2.911999940872	-0.009151200764
2.913599967957	-0.005682736635
2.915199995041	-0.004706672393
2.916800022125	-0.003060832154
2.918399810791	-0.008637105115
2.919999837875	-0.005669216625
2.921599864960	-0.008612272330
2.923199892044	-0.004487200174
2.924799919128	-0.003845696338
2.926399946213	-0.010025168769
2.927999973297	-0.009963920340
2.929600000381	-0.005128640682
2.931200027466	-0.003990320489
2.932799816132	-0.007452928461
2.934399843216	-0.007859088480
2.935999870300	-0.008889377117
2.937599897385	-0.005970416591
2.939199924469	-0.006877040491
2.940799951553	-0.006762192585
2.942399978638	-0.007904544473
2.944000005722	-0.007562128827
2.945600032806	-0.007063920610
2.947199821472	-0.004746416584
2.948799848557	-0.009242304601
2.950399875641	-0.005432640668
2.951999902725	-0.009236992337
2.953599929810	-0.005121136550
2.955199956894	-0.007480944507
2.956799983978	-0.008719344623
2.958400011063	-0.007277136669
2.960000038147	-0.006929296535
2.961599826813	-0.007445584517
2.963199853897	-0.007380256429
2.964799880981	-0.008160945028
2.966399908066	-0.006059760693
2.967999935150	-0.008562864736
2.969599962234	-0.005681184586
2.971199989319	-0.006849200465
2.972800016403	-0.003851968329
2.974400043488	-0.008167216554
2.975999832153	-0.004815216176
2.977599859238	-0.007136160508
2.979199886322	-0.007802320644
2.980799913406	-0.007433632854
2.982399940491	-0.007212176453
2.983999967575	-0.005058992654
2.985599994659	-0.009174944833
2.987200021744	-0.006203744560
2.988799810410	-0.006169376429
2.990399837494	-0.005306720268
2.991999864578	-0.005896848626
2.993599891663	-0.007438384462
2.995199918747	-0.006439728662
2.996799945831	-0.006168320309
2.998399972916	-0.003235088196
3.000000000000	-0.008011984639
3.001600027084	-0.007667360827
3.003199815750	-0.009363857098
3.004799842834	-0.005062352400
3.006399869919	-0.007010512520
3.007999897003	-0.007824656554
3.009599924088	-0.009733584709
3.011199951172	-0.008492688648
3.012799978256	-0.004142304417
3.014400005341	-0.003979376517
3.016000032425	-0.007767216768
3.017599821091	-0.006955680437
3.019199848175	-0.006347872317
3.020799875259	-0.006732368376
3.022399902344	-0.004755680449
3.023999929428	-0.009642256424
3.025599956512	-0.007667472586
3.027199983597	-0.004626304377
3.028800010681	-0.006341744680
3.030400037766	-0.006233456545
3.031999826431	-0.014523921534
3.033599853516	-0.005997984670
3.035199880600	-0.004653744400
3.036799907684	-0.005213488359
3.038399934769	-0.007676800713
3.039999961853	-0.007090704516
3.041599988937	-0.008272305131
3.043200016022	-0.006473792717
3.044799804687	-0.005493488628
3.046399831772	-0.010727168992
3.047999858856	-0.006796832662
3.049599885941	-0.007377360482
3.051199913025	-0.003132912330
3.052799940109	-0.007954288274
3.054399967194	-0.007864193060
3.055999994278	-0.006687184796
3.057600021362	-0.007127712481
3.059199810028	-0.007670752704
3.060799837112	-0.003176128259
3.062399864197	-0.009472544305
3.063999891281	-0.008249809034
3.065599918365	-0.004357920494
3.067199945450	-0.007662000600
3.068799972534	-0.006924032699
3.070399999619	-0.005107984412
3.072000026703	-0.008591152728
3.073599815369	-0.005934800487
3.075199842453	-0.004515008535
3.076799869537	-0.004132240545
3.078399896622	-0.010938337073
3.079999923706	-0.002641984262
3.081599950790	-0.005025728606
3.083199977875	-0.007820464671
3.084800004959	-0.011232720688
3.086400032043	-0.004009520169
3.087999820709	-0.008605648763
3.089599847794	-0.007260384504
3.091199874878	-0.006414512638
3.092799901962	-0.009788145311
3.094399929047	-0.005475008395
3.095999956131	-0.008013648912
3.097599983215	-0.006096912548
3.099200010300	-0.009774400853
3.100800037384	-0.007237616461
3.102399826050	-0.006748752668
3.103999853134	-0.005001968239
3.105599880219	-0.003518320154
3.107199907303	-0.010078497231
3.108799934387	-0.005667040590
3.110399961472	-0.008139200509
3.111999988556	-0.007701568771
3.113600015640	-0.007463152520
3.115199804306	-0.004013760481
3.116799831390	-0.006987872534
3.118399858475	-0.006251952611
3.119999885559	-0.005361664575
3.121599912643	-0.008237216622
3.123199939728	-0.008038656786
3.124799966812	-0.004553312436
3.126399993896	-0.006381712388
3.128000020981	-0.008707808331
3.129599809647	-0.007073936518
3.131199836731	-0.005656704307
3.132799863815	-0.005276144482
3.134399890900	-0.006101808511
3.135999917984	-0.008740400895
3.137599945068	-0.007141248789
3.139199972153	-0.006381104700
3.140799999237	-0.005595920607
3.142400026321	-0.007529552560
3.143999814987	-0.004210560583
3.145599842072	-0.006480016280
3.147199869156	-0.007281808648
3.148799896240	-0.008336336352
3.150399923325	-0.008940128610
3.151999950409	-0.007583392784
3.153599977493	-0.006658864673
3.155200004578	-0.005424112547
3.156800031662	-0.004704000428
3.158399820328	-0.005233264528
3.159999847412	-0.007864304818
3.161599874496	-0.006031280383
3.163199901581	-0.006622000597
3.164799928665	-0.008895744570
3.166399955750	-0.007740320638
3.167999982834	-0.004985008389
3.169600009918	-0.007307952736
3.171200037003	-0.008305776864
3.172799825668	-0.007019360550
3.174399852753	-0.005350720603
3.175999879837	-0.009086784907
3.177599906921	-0.006680560764
3.179199934006	-0.007682240568
3.180799961090	-0.006819520611
3.182399988174	-0.006417024415
3.184000015259	-0.007565104403
3.185599803925	-0.011100769043
3.187199831009	-0.007401696406
3.188799858093	-0.006239840761
3.190399885178	-0.006766480394
3.191999912262	-0.006406160537
3.193599939346	-0.007130080368
3.195199966431	-0.009580848739
3.196799993515	-0.006200704724
3.198400020599	-0.006284000352
3.199999809265	-0.008431472816
3.201599836349	-0.006744640414
3.203199863434	-0.005870784633
3.204799890518	-0.005865504500
3.206399917603	-0.009650672786
3.207999944687	-0.006493120454
3.209599971771	-0.009112880565
3.211199998856	-0.006551600527
3.212800025940	-0.007041376550
3.214399814606	-0.006479072385
3.215999841690	-0.008309217170
3.217599868774	-0.009526400827
3.219199895859	-0.006724192761
3.220799922943	-0.008968176320
3.222399950027	-0.006158080418
3.223999977112	-0.006808912382
3.225600004196	-0.005116576329
3.227200031281	-0.005413952284
3.228799819946	-0.006598272361
3.230399847031	-0.007979024202
3.231999874115	-0.007597184740
3.233599901199	-0.006812944543
3.235199928284	-0.009443392977
3.236799955368	-0.006919104606
3.238399982452	-0.007371456828
3.240000009537	-0.009189761244
3.241600036621	-0.005528544541
3.243199825287	-0.008184161037
3.244799852371	-0.007778000552
3.246399879456	-0.007989504375
3.247999906540	-0.005095328670
3.249599933624	-0.007839232683
3.251199960709	-0.005549712572
3.252799987793	-0.007017232478
3.254400014877	-0.006112928502
3.255999803543	-0.008555552922
3.257599830627	-0.009563312866
3.259199857712	-0.007651776541
3.260799884796	-0.007265280467
3.262399911880	-0.008200785145
3.263999938965	-0.007999328896
3.265599966049	-0.005980032496
3.267199993134	-0.004584320355
3.268800020218	-0.005650208332
3.270399808884	-0.005706720520
3.271999835968	-0.006258224603
3.273599863052	-0.010460704565
3.275199890137	-0.007555712480
3.276799917221	-0.004026416223
3.278399944305	-0.005982000381
3.279999971390	-0.008390832692
3.281599998474	-0.008445632644
3.283200025558	-0.007974976674
3.284799814224	-0.005997536704
3.286399841309	-0.009531280957
3.287999868393	-0.006847920362
3.289599895477	-0.006914624479
3.291199922562	-0.003976624459
3.292799949646	-0.006461296696
3.294399976730	-0.003851152258
3.296000003815	-0.009005312808
3.297600030899	-0.010084017180
3.299199819565	-0.006777008530
3.300799846649	-0.005437632557
3.302399873734	-0.006867184769
3.303999900818	-0.006731568370
3.305599927902	-0.007729616482
3.307199954987	-0.007348992396
3.308799982071	-0.007702688687
3.310400009155	-0.007185264491
3.311999797821	-0.009909057058
3.313599824905	-0.006771952379
3.315199851990	-0.006707696710
3.316799879074	-0.007733744569
3.318399906158	-0.004650096409
3.319999933243	-0.007783440873
3.321599960327	-0.007741664536
3.323199987411	-0.005141968373
3.324800014496	-0.005480992608
3.326399803162	-0.009327504784
3.327999830246	-0.008143505082
3.329599857330	-0.006198160350
3.331199884415	-0.007864817046
3.332799911499	-0.004986864515
3.334399938583	-0.006537072826
3.335999965668	-0.005708000623
3.337599992752	-0.008567360230
3.339200019836	-0.006576240528
3.340799808502	-0.006549680606
3.342399835587	-0.006476576440
3.343999862671	-0.009379888885
3.345599889755	-0.006552672479
3.347199916840	-0.008439392783
3.348799943924	-0.002734432230
3.350399971008	-0.010356561281
3.351999998093	-0.007716496475
3.353600025177	-0.007443136536
3.355199813843	-0.007165728603
3.356799840927	-0.008027440868
3.358399868011	-0.005585968494
3.359999895096	-0.008421504870
3.361599922180	-0.010196256451
3.363199949265	-0.007593056653
3.364799976349	-0.008913041092
3.366400003433	-0.009694192559
3.368000030518	-0.006884000730
3.369599819183	-0.007128032390
3.371199846268	-0.007646496873
3.372799873352	-0.006609040312
3.374399900436	-0.005956800655
3.375999927521	-0.009572785348
3.377599954605	-0.006407296285
3.379199981689	-0.006864128634
3.380800008774	-0.008022896945
3.382399797440	-0.006622288376
3.383999824524	-0.008841568604
3.385599851608	-0.009149264544
3.387199878693	-0.007891536690
3.388799905777	-0.008025328629
3.390399932861	-0.008586753160
3.391999959946	-0.005038128234
3.393599987030	-0.006591728423
3.395200014114	-0.006552400533
3.396799802780	-0.008396112360
3.398399829865	-0.004761440214
3.399999856949	-0.008970848285
3.401599884033	-0.008539232425
3.403199911118	-0.006896560546
3.404799938202	-0.008949616924
3.406399965286	-0.008455232717
3.407999992371	-0.006878016517
3.409600019455	-0.007946176454
3.411199808121	-0.007621872704
3.412799835205	-0.008427680470
3.414399862289	-0.008131824434
3.415999889374	-0.006586368661
3.417599916458	-0.006786672864
3.419199943542	-0.009028384462
3.420799970627	-0.006103712600
3.422399997711	-0.007317248732
3.424000024796	-0.006711872760
3.425599813461	-0.007283136714
3.427199840546	-0.006705136504
3.428799867630	-0.007038720418
3.430399894714	-0.009300224483
3.431999921799	-0.008016640320
3.433599948883	-0.007808912545
3.435199975967	-0.007793024648
3.436800003052	-0.006751488429
3.438400030136	-0.008953472599
3.439999818802	-0.006768480409
3.441599845886	-0.007027856540
3.443199872971	-0.006309008691
3.444799900055	-0.007039584685
3.446399927139	-0.004519872367
3.447999954224	-0.008550784551
3.449599981308	-0.007910560817
3.451200008392	0.009329888970
