0.000000000000	0.019943665713
0.001599999960	0.018197281286
0.003199999919	0.020631682128
0.004799999762	0.019387137145
0.006399999838	0.018546016887
0.007999999449	0.016723969951
0.009599999525	0.016887377948
0.011199999601	0.016318321228
0.012799999677	0.016331793740
0.014399999753	0.017775986344
0.015999998897	0.016653889790
0.017599999905	0.014830801636
0.019199999049	0.016651056707
0.020800000057	0.015670849010
0.022399999201	0.013698529452
0.024000000209	0.016298674047
0.025599999353	0.016989842057
0.027199998498	0.014668080956
0.028799999505	0.015458065085
0.030399998650	0.016363250092
0.031999997795	0.012777744792
0.033599998802	0.014514689334
0.035199999809	0.013562065549
0.036800000817	0.014354608953
0.038399998099	0.014010849409
0.039999999106	0.012897777371
0.041600000113	0.014614657499
0.043199997395	0.012695728801
0.044799998403	0.011764816940
0.046399999410	0.014274241403
0.048000000417	0.013222672977
0.049599997699	0.011949713342
0.051199998707	0.013493793085
0.052799999714	0.013054241426
0.054399996996	0.012019232847
0.055999998003	0.013382161036
0.057599999011	0.013842753135
0.059200000018	0.013339697383
0.060799997300	0.013888465241
0.062399998307	0.012256353162
0.063999995589	0.013559632935
0.065600000322	0.011880257167
0.067199997604	0.012786049396
0.068799994886	0.011962721124
0.070399999619	0.011069200933
0.071999996901	0.012560721487
0.073600001633	0.012639313005
0.075199998915	0.010931680910
0.076799996197	0.012771377340
0.078400000930	0.010936496779
0.079999998212	0.012335984968
0.081599995494	0.012272961438
0.083200000226	0.011229344644
0.084799997509	0.009862368926
0.086399994791	0.011214768514
0.087999999523	0.009766032919
0.089599996805	0.011399840936
0.091199994087	0.010988352820
0.092799998820	0.010733520612
0.094399996102	0.011231296696
0.096000000834	0.011036993004
0.097599998116	0.011145409197
0.099199995399	0.010840929113
0.100800000131	0.012689985335
0.102399997413	0.011202032678
0.103999994695	0.012117520906
0.105599999428	0.012040672824
0.107199996710	0.011538368650
0.108799993992	0.009795760736
0.110399998724	0.011691200547
0.111999996006	0.011146000586
0.113600000739	0.011692129076
0.115199998021	0.011082513258
0.116799995303	0.011347904801
0.118400000036	0.010849328712
0.119999997318	0.009510320611
0.121599994600	0.010078528896
0.123199999332	0.012489057146
0.124799996614	0.009971280582
0.126399993896	0.008651777171
0.127999991179	0.011182992719
0.129600003362	0.010022512637
0.131200000644	0.008936944418
0.132799997926	0.010693169199
0.134399995208	0.010443729348
0.135999992490	0.009174305014
0.137599989772	0.009431616403
0.139200001955	0.010016048327
0.140799999237	0.010476753116
0.142399996519	0.009859632701
0.143999993801	0.010524609126
0.145599991083	0.011093248613
0.147200003266	0.008788672276
0.148800000548	0.011767568998
0.150399997830	0.011401953176
0.151999995112	0.011010592803
0.153599992394	0.008880209178
0.155199989676	0.009209712967
0.156800001860	0.008939184248
0.158399999142	0.007996768691
0.159999996424	0.009226912633
0.161599993706	0.009244209155
0.163199990988	0.008116480894
0.164800003171	0.008148096502
0.166400000453	0.008606769145
0.167999997735	0.011295264587
0.169599995017	0.008727393113
0.171199992299	0.008267728612
0.172799989581	0.008719664998
0.174400001764	0.009957232513
0.175999999046	0.008462368511
0.177599996328	0.009935360402
0.179199993610	0.011109408922
0.180799990892	0.008265120909
0.182399988174	0.008999568410
0.184000000358	0.008638560772
0.185599997640	0.010151793249
0.187199994922	0.010800672695
0.188799992204	0.008574385196
0.190399989486	0.009831473231
0.192000001669	0.008882592432
0.193599998951	0.009168848395
0.195199996233	0.009287696332
0.196799993515	0.009291457012
0.198399990797	0.008403376676
0.199999988079	0.007529424503
0.201600000262	0.008225088939
0.203199997544	0.009992512874
0.204799994826	0.007714400534
0.206399992108	0.007854128256
0.207999989390	0.008467216976
0.209600001574	0.006885104347
0.211199998856	0.007894176990
0.212799996138	0.010424848646
0.214399993420	0.007699040696
0.215999990702	0.005961440504
0.217599987984	0.008218528703
0.219200000167	0.009347440675
0.220799997449	0.008458880708
0.222399994731	0.009614832699
0.223999992013	0.008184944279
0.225599989295	0.008243744262
0.227200001478	0.007320736535
0.228799998760	0.009213056415
0.230399996042	0.007031664718
0.231999993324	0.007328976411
0.233599990606	0.008316433057
0.235199987888	0.005252432544
0.236800000072	0.007139392663
0.238399997354	0.009401184507
0.239999994636	0.006908992771
0.241599991918	0.008130272850
0.243199989200	0.006669888739
0.244799986482	0.006479632575
0.246399998665	0.006613104604
0.247999995947	0.008120816201
0.249599993229	0.007413968444
0.251199990511	0.004273792263
0.252799987793	0.008677776903
0.254399985075	0.007537744474
0.255999982357	0.004118704237
0.257599979639	0.006500240415
0.259200006723	0.008337425068
0.260800004005	0.007397552487
0.262400001287	0.006877344567
0.263999998569	0.008889888413
0.265599995852	0.006739392411
0.267199993134	0.008805888705
0.268799990416	0.008426208980
0.270399987698	0.005621904507
0.271999984980	0.006967744790
0.273599982262	0.007876992226
0.275199979544	0.006104848348
0.276800006628	0.007066048682
0.278400003910	0.008059936576
0.280000001192	0.005502336193
0.281599998474	0.005442576483
0.283199995756	0.008330368437
0.284799993038	0.006179872435
0.286399990320	0.005482592620
0.287999987602	0.006634144578
0.289599984884	0.006268736441
0.291199982166	0.005936096422
0.292799979448	0.006233120337
0.294400006533	0.007180576678
0.296000003815	0.004480576143
0.297600001097	0.007224864792
0.299199998379	0.007824288681
0.300799995661	0.005983360577
0.302399992943	0.008193424903
0.303999990225	0.007995489053
0.305599987507	0.005638528615
0.307199984789	0.006433792412
0.308799982071	0.007099712733
0.310399979353	0.006996384356
0.312000006437	0.005856400356
0.313600003719	0.005542480387
0.315200001001	0.005490592681
0.316799998283	0.005464256275
0.318399995565	0.007300752681
0.319999992847	0.007871472277
0.321599990129	0.005233024247
0.323199987411	0.006682144478
0.324799984694	0.005820672493
0.326399981976	0.003991952166
0.327999979258	0.006346048322
0.329600006342	0.007367968559
0.331200003624	0.006790112704
0.332800000906	0.006209632382
0.334399998188	0.005482240580
0.335999995470	0.005364576355
0.337599992752	0.004103008192
0.339199990034	0.008665152825
0.340799987316	0.005608528387
0.342399984598	0.005598096643
0.343999981880	0.006661760621
0.345599979162	0.005652880296
0.347199976444	0.004888848402
0.348800003529	0.005981280468
0.350400000811	0.004687664565
0.351999998093	0.006602224428
0.353599995375	0.004075504374
0.355199992657	0.004717296455
0.356799989939	0.004049616400
0.358399987221	0.006987760775
0.359999984503	0.005567168351
0.361599981785	0.006317200605
0.363199979067	0.004581248388
0.364799976349	0.004272160586
0.366400003433	0.005514480639
0.368000000715	0.004983840510
0.369599997997	0.004327200353
0.371199995279	0.004921504296
0.372799992561	0.004201568197
0.374399989843	0.006807488389
0.375999987125	0.004712432623
0.377599984407	0.003091024235
0.379199981689	0.005030288361
0.380799978971	0.005592848640
0.382399976254	0.005760656670
0.384000003338	0.006687664427
0.385600000620	0.005558848381
0.387199997902	0.006377440412
0.388799995184	0.006707088556
0.390399992466	0.006095008459
0.391999989748	0.005059888586
0.393599987030	0.007231936790
0.395199984312	0.006373184733
0.396799981594	0.003380176146
0.398399978876	0.006366528571
0.399999976158	0.004298640415
0.401600003242	0.003716208274
0.403200000525	0.003151520155
0.404799997807	0.005186752416
0.406399995089	0.003611872206
0.407999992371	0.003332928289
0.409599989653	0.003964816220
0.411199986935	0.003435312305
0.412799984217	0.004279408138
0.414399981499	0.004815184511
0.415999978781	0.003431760240
0.417599976063	0.004814592190
0.419200003147	0.004741360433
0.420800000429	0.003963456489
0.422399997711	0.004608352203
0.423999994993	0.004443776328
0.425599992275	0.005176272243
0.427199989557	0.004871552344
0.428799986839	0.005991664715
0.430399984121	0.004757136572
0.431999981403	0.003082928248
0.433599978685	0.002915680176
0.435199975967	0.003698144341
0.436800003052	0.006300384644
0.438400000334	0.004233408254
0.439999997616	0.005286032334
0.441599994898	0.003131088335
0.443199992180	0.003790704301
0.444799989462	0.005066640209
0.446399986744	0.002977088327
0.447999984026	0.001569568180
0.449599981308	0.004636368249
0.451199978590	0.003998736385
0.452799975872	0.003030128311
0.454400002956	0.004629072268
0.456000000238	0.002637616126
0.457599997520	0.004354528617
0.459199994802	0.002425888320
0.460799992085	0.004483792465
0.462399989367	0.004837696441
0.463999986649	0.004103168380
0.465599983931	0.005787632428
0.467199981213	0.004093712196
0.468799978495	0.003292576410
0.470399975777	0.003078208305
0.472000002861	0.005030512344
0.473600000143	0.004129216541
0.475199997425	0.003563952399
0.476799994707	0.005041216500
0.478399991989	0.003547360189
0.479999989271	0.002858880209
0.481599986553	0.003655120265
0.483199983835	0.003828560235
0.484799981117	0.003303136211
0.486399978399	0.003852960421
0.487999975681	0.003921168391
0.489599972963	0.002282736357
0.491200000048	0.003964560106
0.492799997330	0.004639712628
0.494399994612	0.004869568162
0.495999991894	0.003628688399
0.497599989176	0.002773760119
0.499199986458	0.004345536232
0.500800013542	0.004751792178
0.502399981022	0.006045776419
0.504000008106	0.003027504310
0.505599975586	0.004080944229
0.507200002670	0.002281088149
0.508799970150	0.004474672489
0.510399997234	0.002470896114
0.511999964714	0.003845408326
0.513599991798	0.003271184396
0.515199959278	0.003460928332
0.516799986362	0.001734336140
0.518400013447	0.005404000636
0.519999980927	0.002614816185
0.521600008011	0.001399648143
0.523199975491	0.003348112339
0.524800002575	0.003496944206
0.526399970055	0.004277840257
0.527999997139	0.003586480161
0.529599964619	0.002989520319
0.531199991703	0.002376800170
0.532799959183	0.002771040192
0.534399986267	0.002828544239
0.536000013351	0.003419408342
0.537599980831	0.004507856444
0.539200007915	0.002582976129
0.540799975395	0.004642416257
0.542400002480	0.004295824561
0.543999969959	0.004985088482
0.545599997044	0.001630896120
0.547199964523	0.004254304338
0.548799991608	0.003540464211
0.550399959087	0.003848048393
0.551999986172	0.002051024232
0.553600013256	0.005326608196
0.555199980736	0.003352640197
0.556800007820	0.002724704100
0.558399975300	0.002582528163
0.560000002384	0.002942512278
0.561599969864	0.001965728123
0.563199996948	0.003220656188
0.564799964428	0.001530080102
0.566399991512	0.002575104125
0.567999958992	0.003017680254
0.569599986076	0.003294944298
0.571200013161	0.002810992301
0.572799980640	0.003404944204
0.574400007725	0.002394592157
0.575999975204	0.002421280136
0.577600002289	0.002810960170
0.579199969769	0.003932544496
0.580799996853	0.002716160147
0.582399964333	0.005447472446
0.583999991417	0.002066848101
0.585599958897	0.001414944069
0.587199985981	0.003441792214
0.588800013065	0.001466560061
0.590399980545	0.002159728203
0.592000007629	0.003068576334
0.593599975109	0.002869856311
0.595200002193	0.002042304259
0.596799969673	0.002266272204
0.598399996758	0.002354864264
0.599999964237	0.003939664457
0.601599991322	0.001135936007
0.603199958801	0.001637360081
0.604799985886	0.003097136272
0.606400012970	0.001444112160
0.607999980450	0.003805248300
0.609600007534	0.002848336240
0.611199975014	-0.000016687936
0.612800002098	0.003030080348
0.614399969578	0.002562128240
0.615999996662	0.001273920177
0.617599964142	0.002356784185
0.619199991226	0.002355584176
0.620799958706	0.002625664230
0.622399985790	0.002655264223
0.624000012875	0.001413376187
0.625599980354	0.002762896242
0.627200007439	0.001847536187
0.628799974918	0.004818784539
0.630400002003	0.003060672199
0.631999969482	0.001256064046
0.633599996567	0.002156224102
0.635199964046	0.003293440212
0.636799991131	0.000654656091
0.638399958611	0.003134896280
0.639999985695	0.001819504076
0.641600012779	-0.000103824037
0.643199980259	0.001641472103
0.644800007343	0.001992144156
0.646399974823	0.002328000264
0.648000001907	0.003787584370
0.649599969387	0.000913840020
0.651199996471	0.000473407999
0.652799963951	0.002591824159
0.654399991035	0.002266880125
0.655999958515	0.001988944132
0.657599985600	0.001790320151
0.659200012684	0.002753248205
0.660799980164	0.001846144209
0.662400007248	0.003381216200
0.663999974728	0.003218752332
0.665600001812	0.001213408075
0.667199969292	0.001517328084
0.668799996376	0.003430272220
0.670399963856	0.002079344122
0.671999990940	0.003217936261
0.673599958420	0.003573248163
0.675199985504	0.002481552074
0.676800012589	0.000087312008
0.678399980068	0.002411536174
0.680000007153	0.000309952011
0.681599974632	0.000887040107
0.683200001717	0.001486256137
0.684799969196	0.000482256000
0.686399996281	-0.000678784098
0.687999963760	0.000644624117
0.689599990845	0.002891488140
0.691199958324	0.001498704194
0.692799985409	0.001223696047
0.694399952888	0.002550640143
0.695999979973	0.002001328161
0.697600007057	0.002669120207
0.699199974537	0.002503184136
0.700800001621	0.002695248229
0.702399969101	0.002694320166
0.703999996185	0.001230592141
0.705599963665	0.003797296202
0.707199990749	0.002426672261
0.708799958229	0.001249072142
0.710399985313	0.002622704254
0.711999952793	0.001123168040
0.713599979877	0.002793808235
0.715200006962	0.003791072406
0.716799974442	0.002086336259
0.718400001526	0.001628720085
0.719999969006	0.000966448104
0.721599996090	0.002566928277
0.723199963570	0.000425360078
0.724799990654	0.002024240093
0.726399958134	0.002125168219
0.727999985218	0.001435376122
0.729599952698	0.000931424147
0.731199979782	0.002394000301
0.732800006866	0.002554848325
0.734399974346	0.002075376222
0.736000001431	0.001913648215
0.737599968910	0.001712928060
0.739199995995	0.002744480269
0.740799963474	0.002091136063
0.742399990559	0.001039616065
0.743999958038	0.000950864051
0.745599985123	0.001674544183
0.747199952602	0.002931792289
0.748799979687	0.001990688266
0.750400006771	0.001448720112
0.751999974251	0.001155696111
0.753600001335	0.001678448170
0.755199968815	0.001895648194
0.756799995899	-0.000106927982
0.758399963379	0.001498992089
0.759999990463	0.002056928119
0.761599957943	0.000986336032
0.763199985027	-0.000442736025
0.764799952507	-0.000252128055
0.766399979591	0.000840816123
0.768000006676	-0.000613023993
0.769599974155	0.002422608202
0.771200001240	0.001254688133
0.772799968719	0.001322912169
0.774399995804	0.001390496036
0.775999963284	0.000331247982
0.777599990368	0.000235440020
0.779199957848	0.001259760116
0.780799984932	0.002477936214
0.782399952412	0.003546432359
0.783999979496	0.000849872071
0.785600006580	-0.000285424030
0.787199974060	0.000482400035
0.788800001144	0.003574256320
0.790399968624	0.001154224039
0.791999995708	-0.000203088028
0.793599963188	0.001387808123
0.795199990273	0.001377312117
0.796799957752	-0.000329280068
0.798399984837	-0.000062640000
0.799999952316	0.000826288073
0.801599979401	-0.000500783965
0.803200006485	0.000111456073
0.804799973965	0.001666080090
0.806400001049	0.000852864061
0.807999968529	0.002557216212
0.809599995613	-0.000005616039
0.811199963093	0.000034479974
0.812799990177	0.001658912166
0.814399957657	0.000725648017
0.815999984741	-0.000146640014
0.817599952221	0.000060144030
0.819199979305	0.001785424189
0.820800006390	0.000886752096
0.822399973869	0.000930656039
0.824000000954	0.002648336114
0.825599968433	0.001347664162
0.827199995518	-0.000166512036
0.828799962997	0.001727328170
0.830399990082	0.001471184078
0.831999957561	0.000506000069
0.833599984646	0.001739904168
0.835199952126	0.002934976248
0.836799979210	0.000462224038
0.838400006294	0.000101424012
0.839999973774	-0.000231152022
0.841600000858	0.000518144050
0.843199968338	-0.001797744189
0.844799995422	0.001878896146
0.846399962902	0.000643648033
0.847999989986	-0.001535600168
0.849599957466	0.001610384206
0.851199984550	0.001479872153
0.852799952030	0.000082288032
0.854399979115	0.002209648257
0.856000006199	-0.001650496153
0.857599973679	0.001007312094
0.859200000763	0.000786192075
0.860799968243	0.000424048019
0.862399995327	-0.000658560020
0.863999962807	0.002716000192
0.865599989891	-0.000164016048
0.867199957371	0.000702880032
0.868799984455	0.001209600130
0.870399951935	0.001399792032
0.871999979019	-0.000351167982
0.873600006104	0.000278352003
0.875199973583	0.001509552123
0.876800000668	0.000827088021
0.878399968147	-0.000542960013
0.879999995232	0.001146464027
0.881599962711	0.001376528176
0.883199989796	0.000900320068
0.884799957275	-0.001161264139
0.886399984360	0.000232479986
0.887999951839	0.002310608281
0.889599978924	-0.001501632156
0.891200006008	0.000551344070
0.892799973488	0.000418880023
0.894400000572	-0.000168256040
0.895999968052	0.000110911998
0.897599995136	0.000426048035
0.899199962616	-0.000907856040
0.900799989700	0.001677920111
0.902399957180	-0.001295520109
0.903999984264	0.001733200159
0.905599951744	0.001020208118
0.907199978828	0.003042336321
0.908800005913	0.000051775991
0.910399973392	0.000475103996
0.912000000477	0.001426608069
0.913599967957	-0.000123903985
0.915199995041	-0.000968032109
0.916799962521	0.000086207998
0.918399989605	0.000224336007
0.919999957085	0.000386864034
0.921599984169	-0.000215791981
0.923199951649	-0.001494688098
0.924799978733	-0.000259648019
0.926400005817	0.001406976138
0.927999973297	-0.002999168355
0.929600000381	-0.002372480230
0.931199967861	0.001763184089
0.932799994946	0.000309103983
0.934399962425	0.000874528021
0.935999989510	-0.000104560058
0.937599956989	0.000815296080
0.939199984074	0.000570720003
0.940799951553	-0.001933264197
0.942399978638	0.000691696070
0.944000005722	-0.000832304067
0.945599973202	-0.000329312054
0.947200000286	0.000870304066
0.948799967766	0.001449088217
0.950399994850	0.001105952077
0.951999962330	0.000408688007
0.953599989414	0.000034736058
0.955199956894	0.001782624167
0.956799983978	0.000932592084
0.958399951458	0.000041840034
0.959999978542	0.000590464042
0.961599946022	-0.001259344048
0.963199973106	0.000908880087
0.964800000191	-0.001002048026
0.966399967670	-0.001012880006
0.967999994755	0.000786800054
0.969599962234	-0.000431232067
0.971199989319	-0.001594672212
0.972799956799	0.001304544159
0.974399983883	-0.000953520124
0.975999951363	0.000194367996
0.977599978447	0.001429968164
0.979199945927	0.001392816077
0.980799973011	-0.002292080317
0.982400000095	-0.000173952023
0.983999967575	0.001395120169
0.985599994659	0.002193776192
0.987199962139	-0.002070448129
0.988799989223	-0.001066320110
0.990399956703	0.000371120026
0.991999983788	-0.002178176073
0.993599951267	-0.001854272210
0.995199978352	0.001528480090
0.996799945831	0.001371440012
0.998399972916	-0.000194592008
1.000000000000	-0.001274896087
1.001600027084	-0.000756752095
1.003199934959	-0.001852624118
1.004799962044	0.000424576079
1.006399989128	-0.001317184069
1.008000016212	-0.000775344088
1.009599924088	0.000967312080
1.011199951172	-0.000926352048
1.012799978256	0.000172224012
1.014400005341	-0.000055696051
1.016000032425	-0.000806288095
1.017599940300	0.000692832051
1.019199967384	-0.000590512005
1.020799994469	-0.001141712070
1.022400021553	-0.000487536076
1.023999929428	0.001895040157
1.025599956512	-0.000681008096
1.027199983597	-0.000275312021
1.028800010681	-0.002072704257
1.030399918556	0.001130656106
1.031999945641	-0.001270752167
1.033599972725	-0.000228528021
1.035199999809	0.002173056128
1.036800026894	0.000416192022
1.038399934769	-0.002299344167
1.039999961853	-0.001485104207
1.041599988937	-0.000490992039
1.043200016022	-0.001153936028
1.044799923897	-0.002600784181
1.046399950981	-0.002269856166
1.047999978065	-0.002806128236
1.049600005150	0.001335616107
1.051200032234	-0.002187312115
1.052799940109	0.001115424093
1.054399967194	-0.000430288055
1.055999994278	0.001929488149
1.057600021362	0.000375584030
1.059199929237	0.001619856106
1.060799956322	-0.000263855967
1.062399983406	-0.000600896077
1.064000010490	-0.001636560075
1.065599918365	-0.001102144131
1.067199945450	-0.001100256108
1.068799972534	-0.000535424042
1.070399999619	-0.000127936029
1.072000026703	-0.000564992079
1.073599934578	-0.000109775989
1.075199961662	0.001472784090
1.076799988747	-0.001343584154
1.078400015831	-0.001121552079
1.079999923706	-0.001394576160
1.081599950790	-0.000649200112
1.083199977875	-0.000778320071
1.084800004959	-0.002163168276
1.086400032043	-0.000850240060
1.087999939919	-0.002761072246
1.089599967003	-0.001592800138
1.091199994087	-0.001854176167
1.092800021172	-0.001762352185
1.094399929047	0.000262432033
1.095999956131	-0.000475312030
1.097599983215	-0.000439728057
1.099200010300	-0.000553776044
1.100799918175	-0.002036864171
1.102399945259	-0.001617888222
1.103999972343	-0.001908000209
1.105599999428	-0.000701760058
1.107200026512	-0.001177184167
1.108799934387	0.000298783969
1.110399961472	0.000286096008
1.111999988556	-0.000455071975
1.113600015640	-0.002071424155
1.115199923515	0.000612016011
1.116799950600	-0.000346640038
1.118399977684	-0.001341568190
1.120000004768	-0.000329695991
1.121599912643	-0.001556320116
1.123199939728	-0.001303216093
1.124799966812	-0.002193504246
1.126399993896	-0.002225968288
1.128000020981	0.001141696004
1.129599928856	-0.001423168113
1.131199955940	0.000399456039
1.132799983025	-0.001761184190
1.134400010109	-0.000820960093
1.135999917984	-0.001771040144
1.137599945068	0.002015408128
1.139199972153	-0.000337616046
1.140799999237	-0.001624672092
1.142400026321	-0.001362304087
1.143999934196	-0.000522800081
1.145599961281	0.000623328029
1.147199988365	-0.002174336230
1.148800015450	-0.001751760137
1.150399923325	0.000298816041
1.151999950409	-0.001470480114
1.153599977493	-0.000090688023
1.155200004578	-0.002237920184
1.156799912453	-0.000015680011
1.158399939537	-0.002759504132
1.159999966621	-0.002239712281
1.161599993706	-0.000842480047
1.163200020790	-0.001568880165
1.164799928665	-0.000234687963
1.166399955750	-0.002181616146
1.167999982834	-0.000594096025
1.169600009918	-0.000437712035
1.171199917793	0.000284768059
1.172799944878	-0.000834256061
1.174399971962	-0.001383632189
1.175999999046	-0.002333168173
1.177600026131	-0.000566880044
1.179199934006	-0.001496896148
1.180799961090	-0.000942976098
1.182399988174	0.000787264027
1.184000015259	-0.002761808224
1.185599923134	-0.000611904019
1.187199950218	0.002425888088
1.188799977303	-0.002460432239
1.190400004387	0.000548576063
1.191999912262	-0.000315264042
1.193599939346	-0.000679328048
1.195199966431	-0.000780464034
1.196799993515	-0.000774240005
1.198400020599	-0.001488688053
1.199999928474	-0.000956192089
1.201599955559	-0.000664832070
1.203199982643	-0.000982512138
1.204800009727	-0.003164368216
1.206399917603	-0.001231584116
1.207999944687	-0.000701680081
1.209599971771	-0.001786448178
1.211199998856	-0.001348624122
1.212800025940	-0.000106688058
1.214399933815	-0.001433632104
1.215999960899	-0.000372111943
1.217599987984	-0.001270064153
1.219200015068	-0.003724608338
1.220799922943	0.001390704070
1.222399950027	-0.001149856136
1.223999977112	-0.002034384059
1.225600004196	-0.001539376099
1.227199912071	-0.002261984162
1.228799939156	-0.000649296038
1.230399966240	-0.001999344211
1.231999993324	-0.000616992067
1.233600020409	-0.001668560086
1.235199928284	-0.002229376230
1.236799955368	-0.000755504065
1.238399982452	-0.002268032171
1.240000009537	-0.000612048083
1.241599917412	0.000369600020
1.243199944496	-0.001421904191
1.244799971581	-0.001772000105
1.246399998665	-0.000879888132
1.248000025749	-0.001906176214
1.249599933624	-0.003037376329
1.251199960709	-0.003126544179
1.252799987793	-0.001793280127
1.254400014877	0.000343376014
1.255999922752	-0.001210352057
1.257599949837	-0.001723312191
1.259199976921	-0.000538224063
1.260800004005	-0.001243024133
1.262399911880	-0.002295680111
1.263999938965	-0.001990480116
1.265599966049	-0.000686208019
1.267199993134	-0.001458160114
1.268800020218	-0.003106016200
1.270399928093	-0.000958048098
1.271999955177	0.000430416025
1.273599982262	-0.002850816119
1.275200009346	-0.001451520133
1.276799917221	-0.001534368144
1.278399944305	0.000427472027
1.279999971390	-0.001200480154
1.281599998474	-0.001615088084
1.283200025558	-0.000949424051
1.284799933434	0.000155168018
1.286399960518	-0.003577472409
1.287999987602	-0.002036944265
1.289600014687	-0.002416592324
1.291199922562	-0.001474672114
1.292799949646	-0.001732608187
1.294399976730	-0.002326352056
1.296000003815	-0.000271760073
1.297599911690	-0.000300016021
1.299199938774	-0.002491392195
1.300799965858	-0.000391232054
1.302399992943	-0.003328544321
1.304000020027	-0.003436640371
1.305599927902	-0.000389888068
1.307199954987	-0.001222528052
1.308799982071	-0.001523440122
1.310400009155	-0.002137936186
1.311999917030	-0.000222895978
1.313599944115	-0.002244336065
1.315199971199	-0.000860672037
1.316799998283	-0.000786848075
1.318400025368	-0.001938032103
1.319999933243	-0.000513040053
1.321599960327	0.000508880068
1.323199987411	-0.001666800119
1.324800014496	-0.001373648061
1.326399922371	-0.000777760055
1.327999949455	-0.002875728300
1.329599976540	-0.003823376261
1.331200003624	-0.002037824132
1.332799911499	-0.003811088391
1.334399938583	-0.000995600130
1.335999965668	-0.001317168120
1.337599992752	-0.002463136334
1.339200019836	-0.001038016053
1.340799927711	-0.000245824078
1.342399954796	-0.001309056068
1.343999981880	-0.003501360305
1.345600008965	-0.000750288076
1.347199916840	0.002017008141
1.348799943924	-0.002952512354
1.350399971008	-0.003061312251
1.351999998093	-0.000416704017
1.353600025177	-0.002095696051
1.355199933052	-0.002839232329
1.356799960136	-0.002137152245
1.358399987221	-0.003220384242
1.360000014305	0.000168528029
1.361599922180	-0.002349408343
1.363199949265	-0.001273056143
1.364799976349	-0.001553040114
1.366400003433	-0.003046416212
1.367999911308	-0.001598080155
1.369599938393	-0.002529936377
1.371199965477	-0.001848944230
1.372799992561	-0.000885088113
1.374400019646	-0.003720640438
1.375999927521	-0.002259984147
1.377599954605	-0.001334896078
1.379199981689	-0.005118080415
1.380800008774	-0.001805200125
1.382399916649	0.000825536088
1.383999943733	-0.000231600017
1.385599970818	-0.001046192134
1.387199997902	-0.003054560395
1.388799905777	-0.001363984076
1.390399932861	-0.000571904005
1.391999959946	-0.001187744085
1.393599987030	-0.002122880192
1.395200014114	-0.002203968121
1.396799921989	-0.003170656273
1.398399949074	-0.001205616049
1.399999976158	-0.002610432217
1.401600003242	-0.001467552152
1.403199911118	-0.001565104118
1.404799938202	-0.002409136156
1.406399965286	-0.002165664220
1.407999992371	-0.002318608109
1.409600019455	-0.003884320380
1.411199927330	-0.001293760142
1.412799954414	-0.002814912237
1.414399981499	-0.002863088157
1.416000008583	-0.000660256017
1.417599916458	-0.002222624142
1.419199943542	-0.002505936194
1.420799970627	-0.001069216058
1.422399997711	-0.001020544092
1.423999905586	-0.002058032202
1.425599932671	-0.000935840071
1.427199959755	-0.001567392144
1.428799986839	-0.002451088279
1.430400013924	-0.001206128043
1.431999921799	-0.000683392049
1.433599948883	-0.001140480163
1.435199975967	-0.000730320055
1.436800003052	-0.002112560207
1.438399910927	-0.003384560347
1.439999938011	-0.003242320148
1.441599965096	-0.002309616189
1.443199992180	-0.001584144193
1.444800019264	-0.001287168125
1.446399927139	-0.003036288312
1.447999954224	-0.004096608143
1.449599981308	-0.003300000215
1.451200008392	-0.000912480114
1.452799916267	-0.003300080309
1.454399943352	-0.003504240420
1.455999970436	-0.003283296246
1.457599997520	-0.000963024038
1.459199905396	-0.003551248228
1.460799932480	0.000360160077
1.462399959564	-0.001731568133
1.463999986649	-0.002801440191
1.465600013733	-0.000608672039
1.467199921608	-0.000393472001
1.468799948692	-0.001750320080
1.470399975777	-0.000893680088
1.472000002861	-0.000736560090
1.473599910736	-0.002339248313
1.475199937820	-0.000376944052
1.476799964905	-0.003578864271
1.478399991989	-0.002811984159
1.480000019073	-0.003724784357
1.481599926949	-0.003022432327
1.483199954033	-0.002715648152
1.484799981117	-0.002681360114
1.486400008202	-0.002923280234
1.487999916077	-0.001679328154
1.489599943161	-0.003063664306
1.491199970245	-0.001462576096
1.492799997330	-0.002878816333
1.494399905205	-0.001275776187
1.495999932289	-0.000463136006
1.497599959373	-0.002600976266
1.499199986458	-0.003111984348
1.500800013542	-0.001551888185
1.502399921417	-0.002239664318
1.503999948502	-0.003299136413
1.505599975586	-0.002872576239
1.507200002670	-0.002795888344
1.508799910545	-0.001660976093
1.510399937630	-0.001445152098
1.511999964714	-0.002939184196
1.513599991798	-0.001893776236
1.515200018883	-0.001567184110
1.516799926758	-0.000741808093
1.518399953842	-0.003281024285
1.519999980927	-0.004543952178
1.521600008011	-0.002256560139
1.523199915886	-0.003383920295
1.524799942970	-0.002240560250
1.526399970055	-0.003822192317
1.527999997139	-0.003806928406
1.529599905014	-0.003195680212
1.531199932098	-0.001419664128
1.532799959183	-0.003717472311
1.534399986267	-0.003596848343
1.536000013351	-0.002777760150
1.537599921227	-0.001563680125
1.539199948311	-0.002815792337
1.540799975395	-0.001930672093
1.542400002480	-0.002248048084
1.543999910355	-0.003172080265
1.545599937439	-0.004455392249
1.547199964523	-0.001807824126
1.548799991608	-0.003080320312
1.550400018692	-0.003202016233
1.551999926567	-0.002159472322
1.553599953651	-0.003026416292
1.555199980736	-0.002855744213
1.556800007820	-0.002967072185
1.558399915695	-0.003070480190
1.559999942780	-0.001369488076
1.561599969864	-0.003177280305
1.563199996948	-0.002268576296
1.564799904823	-0.003408320248
1.566399931908	-0.003238336183
1.567999958992	-0.004548800644
1.569599986076	-0.004996864591
1.571200013161	-0.004046080168
1.572799921036	-0.001920992159
1.574399948120	-0.005125376396
1.575999975204	-0.003406192409
1.577600002289	-0.002415968105
1.579199910164	-0.003566448344
1.580799937248	-0.005858848337
1.582399964333	-0.002650560346
1.583999991417	-0.002012160141
1.585600018501	-0.003803808242
1.587199926376	-0.003036144190
1.588799953461	-0.001809184207
1.590399980545	-0.006135408301
1.592000007629	-0.003055936191
1.593599915504	-0.002324512228
1.595199942589	-0.002259536181
1.596799969673	-0.005665792618
1.598399996758	-0.000367424043
1.599999904633	-0.002486112295
1.601599931717	-0.001673312159
1.603199958801	-0.004993472248
1.604799985886	-0.001818864141
1.606400012970	-0.002132160123
1.607999920845	-0.002877104329
1.609599947929	-0.004352208227
1.611199975014	-0.003932432272
1.612800002098	-0.001698112115
1.614399909973	-0.003184704343
1.615999937057	-0.003004224272
1.617599964142	-0.001040447969
1.619199991226	-0.002907232149
1.620800018311	-0.001327808131
1.622399926186	-0.002770160092
1.623999953270	-0.002885504160
1.625599980354	-0.004595216364
1.627200007439	-0.003464368172
1.628799915314	-0.003163536312
1.630399942398	-0.003257232253
1.631999969482	-0.003577248193
1.633599996567	-0.003179984167
1.635199904442	-0.000590719981
1.636799931526	-0.004479632247
1.638399958611	-0.004473936278
1.639999985695	-0.002691664267
1.641600012779	-0.001237376127
1.643199920654	-0.002324768109
1.644799947739	-0.003771440359
1.646399974823	-0.001626512152
1.648000001907	-0.002840688219
1.649599909782	-0.004751776345
1.651199936867	-0.002931488212
1.652799963951	-0.003213872202
1.654399991035	-0.003326320322
1.655999898911	-0.002689040266
1.657599925995	-0.002040432068
1.659199953079	-0.002852032194
1.660799980164	-0.001960032154
1.662400007248	-0.002445008140
1.663999915123	-0.003725968301
1.665599942207	-0.003121744143
1.667199969292	-0.002348256297
1.668799996376	-0.001807232155
1.670399904251	-0.002006640192
1.671999931335	-0.002844368340
1.673599958420	-0.003181680338
1.675199985504	-0.002454912290
1.676800012589	-0.004982512444
1.678399920464	-0.001680288115
1.679999947548	-0.002186368220
1.681599974632	-0.002304064110
1.683200001717	-0.005807296373
1.684799909592	-0.002829792211
1.686399936676	-0.001957536209
1.687999963760	-0.002339584287
1.689599990845	-0.005299216602
1.691199898720	-0.001862368197
1.692799925804	-0.002210848266
1.694399952888	-0.004728000611
1.695999979973	-0.004937360529
1.697600007057	-0.002276144223
1.699199914932	-0.004273152445
1.700799942017	-0.004749680404
1.702399969101	-0.001438272069
1.703999996185	-0.000908384100
1.705599904060	-0.001191056101
1.707199931145	-0.003019552212
1.708799958229	-0.004444208462
1.710399985313	-0.004290672485
1.712000012398	-0.000827200070
1.713599920273	-0.002215952147
1.715199947357	-0.002589360112
1.716799974442	-0.004000992514
1.718400001526	0.000380640005
1.719999909401	-0.002758848248
1.721599936485	-0.003292288398
1.723199963570	-0.005181152374
1.724799990654	-0.001201520092
1.726399898529	-0.002455600305
1.727999925613	-0.003926832229
1.729599952698	-0.005428272299
1.731199979782	-0.000514768064
1.732800006866	-0.003346752375
1.734399914742	-0.002698592143
1.735999941826	-0.004815408494
1.737599968910	-0.002170992317
1.739199995995	-0.002892480232
1.740799903870	-0.002642352367
1.742399930954	-0.002622928238
1.743999958038	-0.002615744248
1.745599985123	-0.004530992359
1.747200012207	-0.002791296225
1.748799920082	-0.002790608210
1.750399947166	-0.003185632173
1.751999974251	-0.003849120345
1.753600001335	-0.001229632064
1.755199909210	-0.004773712251
1.756799936295	-0.005198496394
1.758399963379	-0.003029344371
1.759999990463	-0.003622416407
1.761599898338	-0.002905792324
1.763199925423	-0.002700704150
1.764799952507	-0.003146912204
1.766399979591	-0.004436688498
1.768000006676	-0.001623888151
1.769599914551	-0.003095472232
1.771199941635	-0.004249328282
1.772799968719	-0.002773312153
1.774399995804	-0.004924352281
1.775999903679	-0.005686400458
1.777599930763	-0.001679856097
1.779199957848	-0.003534640418
1.780799984932	-0.003347648308
1.782400012016	-0.004080352373
1.783999919891	-0.001638464164
1.785599946976	-0.003681376344
1.787199974060	-0.003611696186
1.788800001144	-0.002992960159
1.790399909019	-0.005547440611
1.791999936104	-0.003069552127
1.793599963188	-0.003265056293
1.795199990273	-0.002414640272
1.796799898148	-0.004669552203
1.798399925232	-0.004981312435
1.799999952316	-0.004166800529
1.801599979401	-0.003551936243
1.803200006485	-0.002192912158
1.804799914360	-0.002990208333
1.806399941444	-0.003801248269
1.807999968529	-0.002685200190
1.809599995613	-0.004722624552
1.811199903488	-0.002326096175
1.812799930573	-0.004176400136
1.814399957657	-0.003345616395
1.815999984741	-0.005138688255
1.817600011826	-0.001137792016
1.819199919701	-0.002865040209
1.820799946785	-0.004352048505
1.822399973869	-0.004320112523
1.824000000954	-0.002053120174
1.825599908829	-0.001944336225
1.827199935913	-0.003296944313
1.828799962997	-0.002513792133
1.830399990082	-0.002425344195
1.831999897957	-0.003626560327
1.833599925041	-0.001871408196
1.835199952126	-0.004242880270
1.836799979210	-0.003163264366
1.838400006294	-0.003284208244
1.839999914169	-0.003693936393
1.841599941254	-0.003335552290
1.843199968338	-0.004129088484
1.844799995422	-0.004482464399
1.846399903297	-0.002857328160
1.847999930382	-0.003173728241
1.849599957466	-0.005274016410
1.851199984550	-0.003977040295
1.852800011635	-0.003358656308
1.854399919510	-0.004958320409
1.855999946594	-0.005684896372
1.857599973679	-0.003258080222
1.859200000763	-0.002025264315
1.860799908638	-0.003194592195
1.862399935722	-0.003146176226
1.863999962807	-0.001897120150
1.865599989891	-0.002823120216
1.867199897766	-0.005021408666
1.868799924850	-0.003009104403
1.870399951935	-0.001138736028
1.871999979019	-0.002842528280
1.873600006104	-0.004900976550
1.875199913979	-0.003881168319
1.876799941063	-0.002027856186
1.878399968147	-0.003311024280
1.879999995232	-0.005555296317
1.881599903107	-0.003514800221
1.883199930191	-0.002333888086
1.884799957275	-0.005450976547
1.886399984360	-0.004733568523
1.888000011444	-0.002885920228
1.889599919319	-0.005058464129
1.891199946404	-0.002988944296
1.892799973488	-0.003889264306
1.894400000572	-0.003399424255
1.895999908447	-0.004052448552
1.897599935532	-0.005204912275
1.899199962616	-0.002258560155
1.900799989700	-0.003511536401
1.902399897575	-0.002264176263
1.903999924660	-0.003947184421
1.905599951744	-0.002309296280
1.907199978828	-0.004315392580
1.908800005913	-0.004299936350
1.910399913788	-0.000301903987
1.911999940872	-0.005043520592
1.913599967957	-0.005003360566
1.915199995041	-0.002442192053
1.916799902916	-0.002805104246
1.918399930000	-0.001825280138
1.919999957085	-0.006871856749
1.921599984169	0.000212879982
1.923199892044	-0.004154832568
1.924799919128	-0.003458576277
1.926399946213	-0.004656992387
1.927999973297	-0.002932848176
1.929600000381	-0.002831152175
1.931199908257	-0.003216336248
1.932799935341	-0.003922768403
1.934399962425	-0.004936352372
1.935999989510	-0.003771312302
1.937599897385	-0.003494736273
1.939199924469	-0.003256400349
1.940799951553	-0.002582800342
1.942399978638	-0.003307792358
1.944000005722	-0.005092368461
1.945599913597	-0.002877120161
1.947199940681	-0.002851152327
1.948799967766	-0.001020496013
1.950399994850	-0.004656800535
1.951999902725	-0.001534368144
1.953599929810	-0.005407536402
1.955199956894	-0.002572960220
1.956799983978	-0.003634928260
1.958399891853	-0.003105936339
1.959999918938	-0.004741904326
1.961599946022	-0.003909856547
1.963199973106	-0.003709728364
1.964800000191	-0.004244640470
1.966399908066	-0.003227072302
1.967999935150	-0.003797184210
1.969599962234	-0.005908336490
1.971199989319	-0.004988208413
1.972799897194	-0.003871504217
1.974399924278	-0.004311504308
1.975999951363	-0.005399760325
1.977599978447	-0.002493168227
1.979200005531	-0.003177184379
1.980799913406	-0.004355264362
1.982399940491	-0.003983648494
1.983999967575	-0.003891664324
1.985599994659	-0.004274272360
1.987199902534	-0.004010368139
1.988799929619	-0.003828304354
1.990399956703	-0.001635696040
1.991999983788	-0.004018592183
1.993599891663	-0.006044832524
1.995199918747	-0.003461248241
1.996799945831	-0.004635152407
1.998399972916	-0.004374128301
2.000000000000	-0.003886912251
2.001600027084	-0.003209728282
2.003200054169	-0.003104512347
2.004799842834	-0.003554672236
2.006399869919	-0.003979104105
2.007999897003	-0.004141760524
2.009599924088	-0.004421424586
2.011199951172	-0.003703776281
2.012799978256	-0.004307440482
2.014400005341	-0.003969520330
2.016000032425	-0.003268672386
2.017600059509	-0.003801664338
2.019199848175	-0.004692480434
2.020799875259	-0.002701904159
2.022399902344	-0.004770448431
2.023999929428	-0.003913936205
2.025599956512	-0.005114080384
2.027199983597	-0.001415456180
2.028800010681	-0.004317200277
2.030400037766	-0.004110800568
2.032000064850	-0.006367296446
2.033599853516	-0.003585760249
2.035199880600	-0.003451040247
2.036799907684	-0.004126272164
2.038399934769	-0.004538720474
2.039999961853	-0.003058224218
2.041599988937	-0.004311280325
2.043200016022	-0.001575744129
2.044800043106	-0.004675168544
2.046399831772	-0.005025568418
2.047999858856	-0.005732272286
2.049599885941	-0.004999152385
2.051199913025	-0.004817488603
2.052799940109	-0.004877408501
2.054399967194	-0.003943712451
2.055999994278	-0.003611120395
2.057600021362	-0.003016320290
2.059200048447	-0.003237968311
2.060799837112	-0.006007488351
2.062399864197	-0.002500704257
2.063999891281	-0.003526032204
2.065599918365	-0.003900608281
2.067199945450	-0.003952288534
2.068799972534	-0.003382512368
2.070399999619	-0.002435088158
2.072000026703	-0.004338496365
2.073600053787	-0.004774368368
2.075199842453	-0.003904240206
2.076799869537	-0.003935792483
2.078399896622	-0.003541936399
2.079999923706	-0.002930752235
2.081599950790	-0.003544608364
2.083199977875	-0.004487568513
2.084800004959	-0.005158672575
2.086400032043	-0.004597904626
2.088000059128	-0.003734624246
2.089599847794	-0.005783808418
2.091199874878	-0.005385088269
2.092799901962	-0.004414800555
2.094399929047	-0.002863744274
2.095999956131	-0.003363024211
2.097599983215	-0.004254832398
2.099200010300	-0.004374896176
2.100800037384	-0.003224848304
2.102400064468	-0.003883904312
2.103999853134	-0.003964432515
2.105599880219	-0.002647328191
2.107199907303	-0.002375648124
2.108799934387	-0.002806240227
2.110399961472	-0.006987424567
2.111999988556	-0.002574416343
2.113600015640	-0.003312064335
2.115200042725	-0.004368944559
2.116799831390	-0.003072560299
2.118399858475	-0.003349984298
2.119999885559	-0.004226128571
2.121599912643	-0.004293504171
2.123199939728	-0.005825856701
2.124799966812	-0.004688608460
2.126399993896	-0.004067664500
2.128000020981	-0.006519616581
2.129600048065	-0.004902288318
2.131199836731	-0.004398240242
2.132799863815	-0.004310624208
2.134399890900	-0.005151744466
2.135999917984	-0.004330720287
2.137599945068	-0.003548704321
2.139199972153	-0.003194592195
2.140799999237	-0.005174784455
2.142400026321	-0.002009760123
2.144000053406	-0.004702864215
2.145599842072	-0.002703888109
2.147199869156	-0.002156320261
2.148799896240	-0.002851424273
2.150399923325	-0.003499520244
2.151999950409	-0.004116064403
2.153599977493	-0.004403024446
2.155200004578	-0.003279696219
2.156800031662	-0.005951840430
2.158400058746	-0.004070432391
2.159999847412	-0.004722640384
2.161599874496	-0.004103552550
2.163199901581	-0.003898608265
2.164799928665	-0.004790960345
2.166399955750	-0.006206832360
2.167999982834	-0.004077904392
2.169600009918	-0.003586640349
2.171200037003	-0.003914400470
2.172800064087	-0.006386720575
2.174399852753	-0.003196080215
2.175999879837	-0.004209072329
2.177599906921	-0.005663616583
2.179199934006	-0.006082576700
2.180799961090	-0.003235088428
2.182399988174	-0.004327888135
2.184000015259	-0.003597888397
2.185600042343	-0.004371264484
2.187199831009	-0.004125024192
2.188799858093	-0.005513504613
2.190399885178	-0.003171088174
2.191999912262	-0.005167392548
2.193599939346	-0.002672672272
2.195199966431	-0.005883216392
2.196799993515	-0.004277424421
2.198400020599	-0.004467872437
2.200000047684	-0.002385280328
2.201599836349	-0.006024512462
2.203199863434	-0.005644688383
2.204799890518	-0.005286080297
2.206399917603	-0.005690960679
2.207999944687	-0.003875632305
2.209599971771	-0.004322576337
2.211199998856	-0.003494080389
2.212800025940	-0.005950528663
2.214400053024	-0.003078192240
2.215999841690	-0.005291744601
2.217599868774	-0.005150576588
2.219199895859	-0.003770912299
2.220799922943	-0.003866208252
2.222399950027	-0.003735120175
2.223999977112	-0.005012784619
2.225600004196	-0.003739920212
2.227200031281	-0.002646928187
2.228800058365	-0.003979280125
2.230399847031	-0.003927648067
2.231999874115	-0.006640080828
2.233599901199	-0.004629552364
2.235199928284	-0.004392960574
2.236799955368	-0.004338704515
2.238399982452	-0.006240048446
2.240000009537	-0.005748688243
2.241600036621	-0.005436480511
2.243199825287	-0.006080864463
2.244799852371	-0.004972560331
2.246399879456	-0.006595680490
2.247999906540	-0.006040976383
2.249599933624	-0.002958272351
2.251199960709	-0.006351008546
2.252799987793	-0.004129568581
2.254400014877	-0.007076400798
2.256000041962	-0.003724544309
2.257599830627	-0.006773616653
2.259199857712	-0.007092864718
2.260799884796	-0.004039440304
2.262399911880	-0.003922224510
2.263999938965	-0.002882528119
2.265599966049	-0.004983840510
2.267199993134	-0.004487120081
2.268800020218	-0.003521504346
2.270400047302	-0.002856192179
2.271999835968	-0.005100944545
2.273599863052	-0.004330176394
2.275199890137	-0.004849264398
2.276799917221	-0.004781072494
2.278399944305	-0.005831680261
2.279999971390	-0.003702608403
2.281599998474	-0.006658336613
2.283200025558	-0.003775536316
2.284800052643	-0.005766288377
2.286399841309	-0.005387040321
2.287999868393	-0.006862768438
2.289599895477	-0.004280736204
2.291199922562	-0.003498736303
2.292799949646	-0.005175744183
2.294399976730	-0.004203392193
2.296000003815	-0.005346624646
2.297600030899	-0.003311776323
2.299200057983	-0.007032640744
2.300799846649	-0.004636512138
2.302399873734	-0.006274288520
2.303999900818	-0.004972640425
2.305599927902	-0.005907056388
2.307199954987	-0.002257648157
2.308799982071	-0.004580880515
2.310400009155	-0.003607232356
2.312000036240	-0.003926912323
2.313599824905	-0.002564432332
2.315199851990	-0.004190656357
2.316799879074	-0.005980304442
2.318399906158	-0.004517312162
2.319999933243	-0.003859984223
2.321599960327	-0.004392336123
2.323199987411	-0.005720352288
2.324800014496	-0.004905488342
2.326400041580	-0.005126720294
2.327999830246	-0.004898016341
2.329599857330	-0.005735200364
2.331199884415	-0.003019952215
2.332799911499	-0.004452688154
2.334399938583	-0.004983152263
2.335999965668	-0.003494672477
2.337599992752	-0.005632048473
2.339200019836	-0.004201968201
2.340800046921	-0.004838240333
2.342399835587	-0.003629856277
2.343999862671	-0.005421680398
2.345599889755	-0.001938960166
2.347199916840	-0.003546192311
2.348799943924	-0.003388400190
2.350399971008	-0.005689536687
2.351999998093	-0.001094560139
2.353600025177	-0.005645840429
2.355200052261	-0.004039744381
2.356799840927	-0.002855488332
2.358399868011	-0.003236352233
2.359999895096	-0.006149760447
2.361599922180	-0.003053904278
2.363199949265	-0.003017632291
2.364799976349	-0.005229440518
2.366400003433	-0.005751360673
2.368000030518	-0.005373696331
2.369600057602	-0.003963504452
2.371199846268	-0.004789632279
2.372799873352	-0.002983536338
2.374399900436	-0.006794320419
2.375999927521	-0.004548016470
2.377599954605	-0.006251424551
2.379199981689	-0.002635056153
2.380800008774	-0.006258816458
2.382400035858	-0.001305024140
2.383999824524	-0.005104208365
2.385599851608	-0.004922064487
2.387199878693	-0.004327152390
2.388799905777	-0.005369760562
2.390399932861	-0.005399888381
2.391999959946	-0.005499280524
2.393599987030	-0.004131376278
2.395200014114	-0.004966768436
2.396800041199	-0.005146112293
2.398399829865	-0.004533728585
2.399999856949	-0.004856768530
2.401599884033	-0.004852016456
2.403199911118	-0.005596304312
2.404799938202	-0.006633552723
2.406399965286	-0.003409568220
2.407999992371	-0.005451744422
2.409600019455	-0.005215216428
2.411200046539	-0.005452224519
2.412799835205	-0.006217088550
2.414399862289	-0.005856416654
2.415999889374	-0.005371952429
2.417599916458	-0.003150208155
2.419199943542	-0.007255328819
2.420799970627	-0.004508528393
2.422399997711	-0.006765280385
2.424000024796	-0.002588672098
2.425600051880	-0.004701680504
2.427199840546	-0.003795504337
2.428799867630	-0.006280608475
2.430399894714	-0.003307504347
2.431999921799	-0.005677856505
2.433599948883	-0.004730688408
2.435199975967	-0.004958288278
2.436800003052	-0.004814576358
2.438400030136	-0.006034384482
2.440000057220	-0.005532768555
2.441599845886	-0.006076448597
2.443199872971	-0.005212912336
2.444799900055	-0.006565568503
2.446399927139	-0.004502032418
2.447999954224	-0.005535088480
2.449599981308	-0.004403584171
2.451200008392	-0.005230752286
2.452800035477	-0.006123216357
2.454399824142	-0.003974160179
2.455999851227	-0.004871760495
2.457599878311	-0.006133936346
2.459199905396	-0.006083408371
2.460799932480	-0.003689504229
2.462399959564	-0.003884384409
2.463999986649	-0.006126832683
2.465600013733	-0.006775840651
2.467200040817	-0.005516592413
2.468799829483	-0.004669952206
2.470399856567	-0.004404128529
2.471999883652	-0.005721472669
2.473599910736	-0.006548928563
2.475199937820	-0.005287904292
2.476799964905	-0.004264704417
2.478399991989	-0.004237456247
2.480000019073	-0.003125088289
2.481600046158	-0.004297968466
2.483199834824	-0.006904336624
2.484799861908	-0.002017744118
2.486399888992	-0.003813792253
2.487999916077	-0.006752176676
2.489599943161	-0.007273136638
2.491199970245	-0.003342320211
2.492799997330	-0.004849232268
2.494400024414	-0.005013680551
2.496000051498	-0.006186912302
2.497599840164	-0.003210192313
2.499199867249	-0.005294800270
2.500799894333	-0.004640080500
2.502399921417	-0.005234112497
2.503999948502	-0.004077088553
2.505599975586	-0.002659008140
2.507200002670	-0.003678160254
2.508800029755	-0.005048176274
2.510399818420	-0.006240128540
2.511999845505	-0.004926224239
2.513599872589	-0.003141456284
2.515199899673	-0.003754224395
2.516799926758	-0.006404000334
2.518399953842	-0.004405760206
2.519999980927	-0.005418160465
2.521600008011	-0.005686272401
2.523200035095	-0.006311248522
2.524799823761	-0.004836784210
2.526399850845	-0.002791968174
2.527999877930	-0.004381424282
2.529599905014	-0.006735408679
2.531199932098	-0.007388784550
2.532799959183	-0.003842816222
2.534399986267	-0.004228352569
2.536000013351	-0.005996496417
2.537600040436	-0.006411824375
2.539199829102	-0.004329568241
2.540799856186	-0.005882224534
2.542399883270	-0.006288736593
2.543999910355	-0.006348112598
2.545599937439	-0.005904912483
2.547199964523	-0.003513344331
2.548799991608	-0.005273440387
2.550400018692	-0.003095392371
2.552000045776	-0.004368640482
2.553599834442	-0.005147808231
2.555199861526	-0.006637616549
2.556799888611	-0.004076784477
2.558399915695	-0.004554032348
2.559999942780	-0.004541072529
2.561599969864	-0.004992128350
2.563199996948	-0.003974144347
2.564800024033	-0.007953424938
2.566400051117	-0.004291168414
2.567999839783	-0.006966896821
2.569599866867	-0.003966800403
2.571199893951	-0.006144592538
2.572799921036	-0.004859344568
2.574399948120	-0.005749312695
2.575999975204	-0.004439712502
2.577600002289	-0.004444576334
2.579200029373	-0.004724304192
2.580799818039	-0.006366160698
2.582399845123	-0.005940640345
2.583999872208	-0.003859920194
2.585599899292	-0.005346624646
2.587199926376	-0.003668128280
2.588799953461	-0.004135696217
2.590399980545	-0.006819888484
2.592000007629	-0.006523120683
2.593600034714	-0.004120352212
2.595199823380	-0.006491904613
2.596799850464	-0.006044832524
2.598399877548	-0.005941344425
2.599999904633	-0.005269664340
2.601599931717	-0.007220736705
2.603199958801	-0.006870368496
2.604799985886	-0.003721088404
2.606400012970	-0.004945872352
2.608000040054	-0.004689728376
2.609599828720	-0.005759104621
2.611199855804	-0.005140640307
2.612799882889	-0.005382240284
2.614399909973	-0.006845184602
2.615999937057	-0.006262032781
2.617599964142	-0.005472528283
2.619199991226	-0.005292912479
2.620800018311	-0.004865824245
2.622400045395	-0.005592800677
2.623999834061	-0.004433136433
2.625599861145	-0.003048464190
2.627199888229	-0.005589040462
2.628799915314	-0.006435168441
2.630399942398	-0.003632192267
2.631999969482	-0.003743200330
2.633599996567	-0.006067216396
2.635200023651	-0.004992704373
2.636800050735	-0.005269248504
2.638399839401	-0.006044608541
2.639999866486	-0.007365168538
2.641599893570	-0.005078048445
2.643199920654	-0.005313984584
2.644799947739	-0.007022240665
2.646399974823	-0.007448288612
2.648000001907	-0.005139680579
2.649600028992	-0.006408544723
2.651199817657	-0.005053504370
2.652799844742	-0.005885136314
2.654399871826	-0.006796192378
2.655999898911	-0.005983968731
2.657599925995	-0.004528256133
2.659199953079	-0.003977440298
2.660799980164	-0.006647616625
2.662400007248	-0.006064352579
2.664000034332	-0.003974512219
2.665599822998	-0.004087184556
2.667199850082	-0.003514048411
2.668799877167	-0.006410496775
2.670399904251	-0.005803680513
2.671999931335	-0.003595856251
2.673599958420	-0.005229632370
2.675199985504	-0.007285232656
2.676800012589	-0.004855104256
2.678400039673	-0.006986336783
2.679999828339	-0.004754672293
2.681599855423	-0.005924384575
2.683199882507	-0.005535264499
2.684799909592	-0.006773936562
2.686399936676	-0.005709584337
2.687999963760	-0.005800208542
2.689599990845	-0.006116736680
2.691200017929	-0.007362736855
2.692800045013	-0.004552464467
2.694399833679	-0.004950944334
2.695999860764	-0.006166512612
2.697599887848	-0.006375232711
2.699199914932	-0.004808992147
2.700799942017	-0.004968512338
2.702399969101	-0.005153280217
2.703999996185	-0.006046656519
2.705600023270	-0.003397520166
2.707200050354	-0.004497888498
2.708799839020	-0.005421536509
2.710399866104	-0.004755632486
2.711999893188	-0.004774288274
2.713599920273	-0.004955568351
2.715199947357	-0.004563296214
2.716799974442	-0.005003568251
2.718400001526	-0.005271120463
2.720000028610	-0.006928144488
2.721599817276	-0.005422128364
2.723199844360	-0.004823456518
2.724799871445	-0.007785888854
2.726399898529	-0.005694496445
2.727999925613	-0.007829360664
2.729599952698	-0.007615504786
2.731199979782	-0.004851200618
2.732800006866	-0.005875280593
2.734400033951	-0.005661616568
2.735999822617	-0.005623472389
2.737599849701	-0.007684656419
2.739199876785	-0.005440176465
2.740799903870	-0.005779536441
2.742399930954	-0.003516864264
2.743999958038	-0.005857632495
2.745599985123	-0.005366240628
2.747200012207	-0.004557088483
2.748800039291	-0.004428768530
2.750399827957	-0.004662752151
2.751999855042	-0.003432928352
2.753599882126	-0.007429936435
2.755199909210	-0.005107744597
2.756799936295	-0.004914160352
2.758399963379	-0.006132800598
2.759999990463	-0.006196976639
2.761600017548	-0.004871536512
2.763200044632	-0.006623696536
2.764799833298	-0.007730576675
2.766399860382	-0.004260560498
2.767999887466	-0.005116000306
2.769599914551	-0.004606960341
2.771199941635	-0.007326352410
2.772799968719	-0.002787360223
2.774399995804	-0.005190272350
2.776000022888	-0.008830528706
2.777599811554	-0.007037152536
2.779199838638	-0.005485152360
2.780799865723	-0.004358736333
2.782399892807	-0.008046512492
2.783999919891	-0.005628016312
2.785599946976	-0.005824160296
2.787199974060	-0.004264560528
2.788800001144	-0.007726672571
2.790400028229	-0.005685120355
2.791999816895	-0.004936208483
2.793599843979	-0.004534192383
2.795199871063	-0.004299664404
2.796799898148	-0.007312624715
2.798399925232	-0.005220080260
2.799999952316	-0.005341168493
2.801599979401	-0.007352304645
2.803200006485	-0.007176752668
2.804800033569	-0.006830448750
2.806399822235	-0.006889936514
2.807999849319	-0.006113728508
2.809599876404	-0.008339553140
2.811199903488	-0.005198480561
2.812799930573	-0.006610512733
2.814399957657	-0.004521056544
2.815999984741	-0.006647952367
2.817600011826	-0.005245808512
2.819200038910	-0.005263680592
2.820799827576	-0.004755120259
2.822399854660	-0.006551664788
2.823999881744	-0.006861504633
2.825599908829	-0.004514608532
2.827199935913	-0.004960624501
2.828799962997	-0.006274096668
2.830399990082	-0.006663104519
2.832000017166	-0.003304000245
2.833600044250	-0.003715968225
2.835199832916	-0.005213664379
2.836799860001	-0.006123440340
2.838399887085	-0.006448272616
2.839999914169	-0.007409600541
2.841599941254	-0.005485664587
2.843199968338	-0.005772784352
2.844799995422	-0.007440352812
2.846400022507	-0.008343712427
2.847999811172	-0.005899792537
2.849599838257	-0.005553424358
2.851199865341	-0.005796608515
2.852799892426	-0.006278832443
2.854399919510	-0.005721104331
2.855999946594	-0.006201360375
2.857599973679	-0.004797408357
2.859200000763	-0.007255232427
2.860800027847	-0.008268944919
2.862399816513	-0.003310320200
2.863999843597	-0.004644448403
2.865599870682	-0.005847504362
2.867199897766	-0.007411200553
2.868799924850	-0.005438144319
2.870399951935	-0.004095616285
2.871999979019	-0.002817696193
2.873600006104	-0.006269152742
2.875200033188	-0.005418000277
2.876799821854	-0.006677680649
2.878399848938	-0.004616544582
2.879999876022	-0.005717792548
2.881599903107	-0.005938480608
2.883199930191	-0.006121856626
2.884799957275	-0.007370000705
2.886399984360	-0.006561152637
2.888000011444	-0.006807360332
2.889600038528	-0.006509568542
2.891199827194	-0.007676768582
2.892799854279	-0.006609952543
2.894399881363	-0.007271936629
2.895999908447	-0.005134480540
2.897599935532	-0.008501920849
2.899199962616	-0.006678208709
2.900799989700	-0.005018816330
2.902400016785	-0.006854496431
2.904000043869	-0.007464976516
2.905599832535	-0.007729824632
2.907199859619	-0.003286832245
2.908799886703	-0.004585312214
2.910399913788	-0.005141056608
2.911999940872	-0.006640736479
2.913599967957	-0.005751248449
2.915199995041	-0.006180064753
2.916800022125	-0.003227824345
2.918399810791	-0.008843745105
2.919999837875	-0.007572352886
2.921599864960	-0.004196512513
2.923199892044	-0.006981712766
2.924799919128	-0.005828064401
2.926399946213	-0.006827600766
2.927999973297	-0.006833728403
2.929600000381	-0.007880848832
2.931200027466	-0.003811776172
2.932799816132	-0.007082192693
2.934399843216	-0.006104336586
2.935999870300	-0.005285952240
2.937599897385	-0.004669952206
2.939199924469	-0.006707248744
2.940799951553	-0.006977472454
2.942399978638	-0.004522432573
2.944000005722	-0.006860752590
2.945600032806	-0.004740368575
2.947199821472	-0.004888992291
2.948799848557	-0.006426576525
2.950399875641	-0.005764448550
2.951999902725	-0.003989840392
2.953599929810	-0.007212208584
2.955199956894	-0.005918272305
2.956799983978	-0.006581312511
2.958400011063	-0.006942192558
2.960000038147	-0.004733536392
2.961599826813	-0.005660080351
2.963199853897	-0.005731376354
2.964799880981	-0.008237728849
2.966399908066	-0.006826560479
2.967999935150	-0.007287408691
2.969599962234	-0.006833968684
2.971199989319	-0.005679184571
2.972800016403	-0.006968080532
2.974400043488	-0.009219921194
2.975999832153	-0.006092864554
2.977599859238	-0.005608944688
2.979199886322	-0.006078976672
2.980799913406	-0.005212224554
2.982399940491	-0.007491616532
2.983999967575	-0.006582640577
2.985599994659	-0.005733232480
2.987200021744	-0.005993728526
2.988799810410	-0.005439696368
2.990399837494	-0.005541888531
2.991999864578	-0.003727936419
2.993599891663	-0.006434336770
2.995199918747	-0.007330256514
2.996799945831	-0.005017104559
2.998399972916	-0.004544320516
3.000000000000	-0.008978528902
3.001600027084	-0.005901680328
3.003199815750	-0.005970720667
3.004799842834	-0.005455424543
3.006399869919	-0.008216897026
3.007999897003	-0.006010144483
3.009599924088	-0.006708640605
3.011199951172	-0.006149760447
3.012799978256	-0.006258736365
3.014400005341	-0.006527312566
3.016000032425	-0.006991360802
3.017599821091	-0.006988528650
3.019199848175	-0.004677200224
3.020799875259	-0.006292048376
3.022399902344	-0.007064272650
3.023999929428	-0.006063712295
3.025599956512	-0.005072736181
3.027199983597	-0.001989696175
3.028800010681	-0.006661840715
3.030400037766	-0.005353392567
3.031999826431	-0.005480960477
3.033599853516	-0.004365072120
3.035199880600	-0.006470448337
3.036799907684	-0.005370064639
3.038399934769	-0.007217760663
3.039999961853	-0.006100496743
3.041599988937	-0.009042672813
3.043200016022	-0.007345632650
3.044799804687	-0.006780016702
3.046399831772	-0.007198048756
3.047999858856	-0.007205872796
3.049599885941	-0.006988624576
3.051199913025	-0.008198352531
3.052799940109	-0.006418336648
3.054399967194	-0.006325840484
3.055999994278	-0.007579872850
3.057600021362	-0.004585424438
3.059199810028	-0.005535968579
3.060799837112	-0.005921184551
3.062399864197	-0.006276992615
3.063999891281	-0.004579904489
3.065599918365	-0.004553728271
3.067199945450	-0.006979392376
3.068799972534	-0.006410160568
3.070399999619	-0.007388000842
3.072000026703	-0.004334368277
3.073599815369	-0.004739744123
3.075199842453	-0.008835456334
3.076799869537	-0.007186256815
3.078399896622	-0.005559552461
3.079999923706	-0.005716048647
3.081599950790	-0.007670560852
3.083199977875	-0.007155904546
3.084800004959	-0.005808448419
3.086400032043	-0.005290032364
3.087999820709	-0.007982400246
3.089599847794	-0.006974336691
3.091199874878	-0.007984193042
3.092799901962	-0.004202800337
3.094399929047	-0.006584976334
3.095999956131	-0.007515760604
3.097599983215	-0.007451648824
3.099200010300	-0.007367776707
3.100800037384	-0.006635632366
3.102399826050	-0.006962256506
3.103999853134	-0.007306560874
3.105599880219	-0.004390816204
3.107199907303	-0.003155136248
3.108799934387	-0.006649216637
3.110399961472	-0.006303536706
3.111999988556	-0.004361312371
3.113600015640	-0.007754720747
3.115199804306	-0.004095856566
3.116799831390	-0.005314448383
3.118399858475	-0.005409408361
3.119999885559	-0.007962976582
3.121599912643	-0.005105408374
3.123199939728	-0.004768432584
3.124799966812	-0.007283744402
3.126399993896	-0.007900080644
3.128000020981	-0.008122672327
3.129599809647	-0.005947168451
3.131199836731	-0.008561840281
3.132799863815	-0.007993008941
3.134399890900	-0.008113952354
3.135999917984	-0.005870768335
3.137599945068	-0.005527968518
3.139199972153	-0.005660432391
3.140799999237	-0.005561952479
3.142400026321	-0.005769664422
3.143999814987	-0.005684832577
3.145599842072	-0.004973248579
3.147199869156	-0.006518096663
3.148799896240	-0.006703120656
3.150399923325	-0.006127824541
3.151999950409	-0.004477808252
3.153599977493	-0.006325984374
3.155200004578	-0.004958224483
3.156800031662	-0.006555872504
3.158399820328	-0.007967473008
3.159999847412	-0.006178816315
3.161599874496	-0.005481440574
3.163199901581	-0.007318240590
3.164799928665	-0.006942256819
3.166399955750	-0.007353984751
3.167999982834	-0.007118352689
3.169600009918	-0.006349216681
3.171200037003	-0.006968576461
3.172799825668	-0.006945280358
3.174399852753	-0.007683728356
3.175999879837	-0.004659472499
3.177599906921	-0.007401136681
3.179199934006	-0.006772992667
3.180799961090	-0.006797968410
3.182399988174	-0.002746736165
3.184000015259	-0.006925008725
3.185599803925	-0.006208592560
3.187199831009	-0.007595536765
3.188799858093	-0.005526928231
3.190399885178	-0.006990672555
3.191999912262	-0.006654752418
3.193599939346	-0.007759584580
3.195199966431	-0.007325216662
3.196799993515	-0.005359648261
3.198400020599	-0.008182528429
3.199999809265	-0.005375472363
3.201599836349	-0.009154976346
3.203199863434	-0.006501344498
3.204799890518	-0.008187440224
3.206399917603	-0.006971888710
3.207999944687	-0.008996209130
3.209599971771	-0.007145968731
3.211199998856	-0.008129440248
3.212800025940	-0.006113248412
3.214399814606	-0.009105296806
3.215999841690	-0.003959040157
3.217599868774	-0.006386304274
3.219199895859	-0.007766848430
3.220799922943	-0.005819328595
3.222399950027	-0.006614992395
3.223999977112	-0.004932016600
3.225600004196	-0.005566112697
3.227200031281	-0.006767136510
3.228799819946	-0.006338112522
3.230399847031	-0.006900656503
3.231999874115	-0.005906208418
3.233599901199	-0.006110240240
3.235199928284	-0.007275440730
3.236799955368	-0.006833728403
3.238399982452	-0.005995360669
3.240000009537	-0.007872304879
3.241600036621	-0.006221488584
3.243199825287	-0.007506800815
3.244799852371	-0.007489520591
3.246399879456	-0.005792560522
3.247999906540	-0.006730144378
3.249599933624	-0.008326176554
3.251199960709	-0.007563152816
3.252799987793	-0.006743248552
3.254400014877	-0.005969360471
3.255999803543	-0.008607872762
3.257599830627	-0.006578080356
3.259199857712	-0.007453184575
3.260799884796	-0.006908048410
3.262399911880	-0.005304336548
3.263999938965	-0.005616720300
3.265599966049	-0.006122608669
3.267199993134	-0.002552112332
3.268800020218	-0.006941520609
3.270399808884	-0.007829296403
3.271999835968	-0.006718608551
3.273599863052	-0.005960064474
3.275199890137	-0.005151904654
3.276799917221	-0.006758080330
3.278399944305	-0.006595728453
3.279999971390	-0.008280304261
3.281599998474	-0.006659280509
3.283200025558	-0.005483824294
3.284799814224	-0.006900576409
3.286399841309	-0.006920496468
3.287999868393	-0.004808848258
3.289599895477	-0.006835328415
3.291199922562	-0.007694496773
3.292799949646	-0.006825968623
3.294399976730	-0.008173489012
3.296000003815	-0.004818128422
3.297600030899	-0.004786720499
3.299199819565	-0.008863872848
3.300799846649	-0.007870656438
3.302399873734	-0.007151312660
3.303999900818	-0.003502336331
3.305599927902	-0.005344480276
3.307199954987	-0.006332432386
3.308799982071	-0.007748944685
3.310400009155	-0.004861248191
3.311999797821	-0.005254128482
3.313599824905	-0.006213344634
3.315199851990	-0.007849872112
3.316799879074	-0.007644512691
3.318399906158	-0.005427888595
3.319999933243	-0.009181808680
3.321599960327	-0.006331440527
3.323199987411	-0.009368496947
3.324800014496	-0.008413168602
3.326399803162	-0.003634784371
3.327999830246	-0.007294160780
3.329599857330	-0.009628816508
3.331199884415	-0.005547968671
3.332799911499	-0.006589680444
3.334399938583	-0.006579872686
3.335999965668	-0.006722000428
3.337599992752	-0.006268672645
3.339200019836	-0.008329760283
3.340799808502	-0.007126080804
3.342399835587	-0.004646608140
3.343999862671	-0.005526432302
3.345599889755	-0.007964816876
3.347199916840	-0.004810224287
3.348799943924	-0.005914560519
3.350399971008	-0.005459456239
3.351999998093	-0.002758240327
3.353600025177	-0.008154160343
3.355199813843	-0.005983616691
3.356799840927	-0.005174608435
3.358399868011	-0.007697328459
3.359999895096	-0.006275360473
3.361599922180	-0.006119744387
3.363199949265	-0.007927920669
3.364799976349	-0.007423136849
3.366400003433	-0.006184992380
3.368000030518	-0.006670848466
3.369599819183	-0.006998976693
3.371199846268	-0.006480368320
3.372799873352	-0.006907552481
3.374399900436	-0.008747360669
3.375999927521	-0.006321680732
3.377599954605	-0.005571536254
3.379199981689	-0.008937664330
3.380800008774	-0.006196016446
3.382399797440	-0.006985792425
3.383999824524	-0.004395984113
3.385599851608	-0.006396912504
3.387199878693	-0.006873008329
3.388799905777	-0.007597200572
3.390399932861	-0.005901392549
3.391999959946	-0.005239040591
3.393599987030	-0.005965696648
3.395200014114	-0.007944544777
3.396799802780	-0.006163872313
3.398399829865	-0.006901456509
3.399999856949	-0.007640176453
3.401599884033	-0.007704128511
3.403199911118	-0.008059936576
3.404799938202	-0.007342224475
3.406399965286	-0.006035136525
3.407999992371	-0.008224912919
3.409600019455	-0.009341793135
3.411199808121	-0.006716576405
3.412799835205	-0.005931168795
3.414399862289	-0.006671600509
3.415999889374	-0.006206096616
3.417599916458	-0.005586096551
3.419199943542	-0.007640864700
3.420799970627	-0.006193264388
3.422399997711	-0.005349968560
3.424000024796	-0.005549808498
3.425599813461	-0.008130513132
3.427199840546	-0.008072912693
3.428799867630	-0.007777552586
3.430399894714	-0.005979920272
3.431999921799	-0.003419120330
3.433599948883	-0.006612112746
3.435199975967	-0.006436336320
3.436800003052	-0.006199712399
3.438400030136	-0.006533616688
3.439999818802	-0.007334928494
3.441599845886	-0.008739360608
3.443199872971	-0.009465776384
3.444799900055	-0.007084912620
3.446399927139	-0.005499200430
3.447999954224	-0.006934768520
3.449599981308	-0.009074736387
3.451200008392	0.009148640558
