0.000000000000	0.019793793559
0.001599999960	0.021162098274
0.003199999919	0.020736385137
0.004799999762	0.017362033948
0.006399999838	0.018893873319
0.007999999449	0.018926769495
0.009599999525	0.018900496885
0.011199999601	0.017047233880
0.012799999677	0.016933729872
0.014399999753	0.016719473526
0.015999998897	0.016601344571
0.017599999905	0.016589136794
0.019199999049	0.016053296626
0.020800000057	0.017683137208
0.022399999201	0.014151280746
0.024000000209	0.015871984884
0.025599999353	0.015872288495
0.027199998498	0.015568193048
0.028799999505	0.012986449525
0.030399998650	0.014916689135
0.031999997795	0.014269169420
0.033599998802	0.014383937232
0.035199999809	0.015074705705
0.036800000817	0.015243825503
0.038399998099	0.013416193426
0.039999999106	0.013116112910
0.041600000113	0.012793201022
0.043199997395	0.014320849441
0.044799998403	0.012988192961
0.046399999410	0.014047393575
0.048000000417	0.011758545414
0.049599997699	0.014005905017
0.051199998707	0.013234193437
0.052799999714	0.013897856697
0.054399996996	0.013175681233
0.055999998003	0.013441281393
0.057599999011	0.012962081470
0.059200000018	0.012814480811
0.060799997300	0.011997440830
0.062399998307	0.014778497629
0.063999995589	0.012436512858
0.065600000322	0.012567697093
0.067199997604	0.012706801295
0.068799994886	0.012122864835
0.070399999619	0.013148913160
0.071999996901	0.012765873224
0.073600001633	0.013534241356
0.075199998915	0.013494096696
0.076799996197	0.011868305504
0.078400000930	0.012960753404
0.079999998212	0.011931057088
0.081599995494	0.011134833097
0.083200000226	0.011551201344
0.084799997509	0.011432193220
0.086399994791	0.010629248805
0.087999999523	0.010423600674
0.089599996805	0.012877665460
0.091199994087	0.011545232497
0.092799998820	0.011781120673
0.094399996102	0.011114160530
0.096000000834	0.013544225134
0.097599998116	0.011521280743
0.099199995399	0.011679168791
0.100800000131	0.010127008893
0.102399997413	0.010809408501
0.103999994695	0.009934481233
0.105599999428	0.011068897322
0.107199996710	0.012862305157
0.108799993992	0.011292465031
0.110399998724	0.010829345323
0.111999996006	0.011991024949
0.113600000739	0.012575089000
0.115199998021	0.011203777045
0.116799995303	0.008927520365
0.118400000036	0.011727648787
0.119999997318	0.008374144323
0.121599994600	0.009932081215
0.123199999332	0.009646465071
0.124799996614	0.011113424785
0.126399993896	0.010417616926
0.127999991179	0.011113825254
0.129600003362	0.009495712817
0.131200000644	0.011220432818
0.132799997926	0.009100784548
0.134399995208	0.010832944885
0.135999992490	0.008703905158
0.137599989772	0.008613969199
0.139200001955	0.009493440390
0.140799999237	0.010205200873
0.142399996519	0.010298240930
0.143999993801	0.011612352915
0.145599991083	0.010056433268
0.147200003266	0.010202352889
0.148800000548	0.009754977189
0.150399997830	0.010908464901
0.151999995112	0.010450720787
0.153599992394	0.009419985116
0.155199989676	0.008408928290
0.156800001860	0.011003392749
0.158399999142	0.009453984909
0.159999996424	0.008824720979
0.161599993706	0.008570624515
0.163199990988	0.010328672826
0.164800003171	0.007676912472
0.166400000453	0.008939553052
0.167999997735	0.010033233091
0.169599995017	0.009056768380
0.171199992299	0.009574929252
0.172799989581	0.008198929019
0.174400001764	0.007879280485
0.175999999046	0.008459473029
0.177599996328	0.008753824979
0.179199993610	0.008156704716
0.180799990892	0.009386177175
0.182399988174	0.009398193099
0.184000000358	0.008745281026
0.185599997640	0.009571360424
0.187199994922	0.008906144649
0.188799992204	0.009108096361
0.190399989486	0.009804208763
0.192000001669	0.008617809042
0.193599998951	0.008534864523
0.195199996233	0.007211664692
0.196799993515	0.008844528347
0.198399990797	0.008711968549
0.199999988079	0.008503248915
0.201600000262	0.008735328913
0.203199997544	0.008431952447
0.204799994826	0.008479344659
0.206399992108	0.006273456383
0.207999989390	0.009070736356
0.209600001574	0.009619008750
0.211199998856	0.008773632348
0.212799996138	0.006802544463
0.214399993420	0.008194608614
0.215999990702	0.009176513180
0.217599987984	0.007907760330
0.219200000167	0.007681376766
0.220799997449	0.008884849027
0.222399994731	0.006385808345
0.223999992013	0.007726176642
0.225599989295	0.007324208505
0.227200001478	0.009257377125
0.228799998760	0.007842496969
0.230399996042	0.008661104366
0.231999993324	0.008213329129
0.233599990606	0.006798176561
0.235199987888	0.006886640564
0.236800000072	0.006833344698
0.238399997354	0.007905088365
0.239999994636	0.007569808513
0.241599991918	0.007565056439
0.243199989200	0.006617488340
0.244799986482	0.007848177105
0.246399998665	0.007658512797
0.247999995947	0.007424144540
0.249599993229	0.007612112444
0.251199990511	0.006794656627
0.252799987793	0.004941440187
0.254399985075	0.008635488339
0.255999982357	0.007829968818
0.257599979639	0.007806784473
0.259200006723	0.006224256475
0.260800004005	0.006971216295
0.262400001287	0.006374112330
0.263999998569	0.007269120775
0.265599995852	0.007379280403
0.267199993134	0.006011808291
0.268799990416	0.006162896287
0.270399987698	0.006416448392
0.271999984980	0.006286048330
0.273599982262	0.007130272686
0.275199979544	0.006721456535
0.276800006628	0.006713648327
0.278400003910	0.006551344413
0.280000001192	0.007646368816
0.281599998474	0.005706192460
0.283199995756	0.007189360447
0.284799993038	0.006487264298
0.286399990320	0.006349136587
0.287999987602	0.008352064528
0.289599984884	0.007202192675
0.291199982166	0.004582064226
0.292799979448	0.005859488621
0.294400006533	0.006039008498
0.296000003815	0.005842464510
0.297600001097	0.005834720563
0.299199998379	0.007535776589
0.300799995661	0.006673888769
0.302399992943	0.006121808663
0.303999990225	0.005752464291
0.305599987507	0.006590768695
0.307199984789	0.006954768673
0.308799982071	0.006135696545
0.310399979353	0.005560176447
0.312000006437	0.005728864577
0.313600003719	0.006337216590
0.315200001001	0.005893200636
0.316799998283	0.005020352546
0.318399995565	0.007352864835
0.319999992847	0.005148928612
0.321599990129	0.005404992495
0.323199987411	0.006362000480
0.324799984694	0.006004160270
0.326399981976	0.005102240480
0.327999979258	0.004958976526
0.329600006342	0.006317968480
0.331200003624	0.005366208497
0.332800000906	0.006645280402
0.334399998188	0.005728784483
0.335999995470	0.005663792603
0.337599992752	0.005602320656
0.339199990034	0.005895344540
0.340799987316	0.005225632340
0.342399984598	0.005191760603
0.343999981880	0.004897696432
0.345599979162	0.006111792289
0.347199976444	0.004230976105
0.348800003529	0.004876560532
0.350400000811	0.006050768308
0.351999998093	0.007284256630
0.353599995375	0.006499088369
0.355199992657	0.005391776562
0.356799989939	0.005085312296
0.358399987221	0.004367648158
0.359999984503	0.004761328455
0.361599981785	0.005696400534
0.363199979067	0.005732272286
0.364799976349	0.005922944285
0.366400003433	0.004078704398
0.368000000715	0.005107856356
0.369599997997	0.004900176544
0.371199995279	0.006137424614
0.372799992561	0.005241648294
0.374399989843	0.005047520623
0.375999987125	0.005665888544
0.377599984407	0.004870416131
0.379199981689	0.005375760607
0.380799978971	0.004499424249
0.382399976254	0.006753776688
0.384000003338	0.002138176234
0.385600000620	0.005400848575
0.387199997902	0.006312976591
0.388799995184	0.003776352387
0.390399992466	0.005328752566
0.391999989748	0.003606864251
0.393599987030	0.005806064699
0.395199984312	0.004458544310
0.396799981594	0.004577584565
0.398399978876	0.005348256323
0.399999976158	0.002873840276
0.401600003242	0.005264016334
0.403200000525	0.005295952316
0.404799997807	0.005113920197
0.406399995089	0.003869568231
0.407999992371	0.003038736293
0.409599989653	0.005689904559
0.411199986935	0.005131632555
0.412799984217	0.004494976252
0.414399981499	0.003924976103
0.415999978781	0.005073792301
0.417599976063	0.004354352131
0.419200003147	0.004879120272
0.420800000429	0.005228000227
0.422399997711	0.003892928362
0.423999994993	0.005602208432
0.425599992275	0.004130064510
0.427199989557	0.005309312604
0.428799986839	0.003998064436
0.430399984121	0.003722096328
0.431999981403	0.005903648678
0.433599978685	0.004586976487
0.435199975967	0.004686240572
0.436800003052	0.003350304207
0.438400000334	0.003649440361
0.439999997616	0.004902096465
0.441599994898	0.002443696139
0.443199992180	0.005019104574
0.444799989462	0.003927712329
0.446399986744	0.004537664354
0.447999984026	0.004095680546
0.449599981308	0.003812416224
0.451199978590	0.003337264294
0.452799975872	0.004632480443
0.454400002956	0.003975632135
0.456000000238	0.003387056291
0.457599997520	0.003427728312
0.459199994802	0.002553488128
0.460799992085	0.002630208153
0.462399989367	0.004126912449
0.463999986649	0.002542032162
0.465599983931	0.004344416317
0.467199981213	0.003080880269
0.468799978495	0.004582064226
0.470399975777	0.004325296264
0.472000002861	0.001615808113
0.473600000143	0.003851120360
0.475199997425	0.002965472173
0.476799994707	0.003521280363
0.478399991989	0.004398528486
0.479999989271	0.004352064338
0.481599986553	0.003089760197
0.483199983835	0.002844224218
0.484799981117	0.004126336426
0.486399978399	0.004125760403
0.487999975681	0.003293088172
0.489599972963	0.002385328291
0.491200000048	0.004011360463
0.492799997330	0.002962608123
0.494399994612	0.003858224256
0.495999991894	0.003441728186
0.497599989176	0.002303232206
0.499199986458	0.002836672124
0.500800013542	0.004448048305
0.502399981022	0.003556320211
0.504000008106	0.004662336316
0.505599975586	0.003281840356
0.507200002670	0.004595984239
0.508799970150	0.004674448166
0.510399997234	0.002926352201
0.511999964714	0.002902768319
0.513599991798	0.003017616225
0.515199959278	0.002191888168
0.516799986362	0.003896624316
0.518400013447	0.003049456282
0.519999980927	0.001529984060
0.521600008011	0.002399488119
0.523199975491	0.003474560333
0.524800002575	0.003784048371
0.526399970055	0.002644320251
0.527999997139	0.000317904021
0.529599964619	0.002390304115
0.531199991703	0.002986368258
0.532799959183	0.003000528319
0.534399986267	0.003196528181
0.536000013351	0.001875904156
0.537599980831	0.002139888238
0.539200007915	0.002035728190
0.540799975395	0.003787824186
0.542400002480	0.002247504191
0.543999969959	0.002783952281
0.545599997044	0.002547584241
0.547199964523	0.002705376130
0.548799991608	0.003022704273
0.550399959087	0.002491376130
0.551999986172	0.002203616314
0.553600013256	0.002158256248
0.555199980736	0.001858816133
0.556800007820	0.003135984298
0.558399975300	0.002474160166
0.560000002384	0.003077216214
0.561599969864	-0.000194656008
0.563199996948	0.003410128411
0.564799964428	0.001675456180
0.566399991512	0.001703760121
0.567999958992	0.002152896253
0.569599986076	0.003190592164
0.571200013161	0.002787200268
0.572799980640	0.002052592114
0.574400007725	0.002629984170
0.575999975204	0.003565888386
0.577600002289	0.000691600027
0.579199969769	0.003191824304
0.580799996853	0.003112240229
0.582399964333	0.001892976114
0.583999991417	0.000260751985
0.585599958897	0.002536144108
0.587199985981	0.002543232171
0.588800013065	0.002222384093
0.590399980545	0.002135504270
0.592000007629	0.002194496104
0.593599975109	-0.000271983998
0.595200002193	0.002426528139
0.596799969673	0.001668768120
0.598399996758	0.001173136174
0.599999964237	0.002227632096
0.601599991322	0.001106656040
0.603199958801	0.000913072086
0.604799985886	0.003040560288
0.606400012970	0.001285184175
0.607999980450	0.001835840172
0.609600007534	0.001953296131
0.611199975014	0.000871232129
0.612800002098	0.002200960182
0.614399969578	0.000952176109
0.615999996662	0.002764208242
0.617599964142	0.001067184028
0.619199991226	0.002075680299
0.620799958706	0.003013600130
0.622399985790	0.002663056133
0.624000012875	0.001506112167
0.625599980354	0.001204336062
0.627200007439	0.003082848154
0.628799974918	0.002015296137
0.630400002003	0.000970864086
0.631999969482	0.002766848309
0.633599996567	0.001372592058
0.635199964046	0.001561504090
0.636799991131	0.001020624069
0.638399958611	0.001914592111
0.639999985695	0.000965488085
0.641600012779	0.000863136142
0.643199980259	0.002809136175
0.644800007343	0.002737136325
0.646399974823	0.002892720280
0.648000001907	0.001621488133
0.649599969387	0.001426784089
0.651199996471	0.003604768310
0.652799963951	0.001581808086
0.654399991035	0.001301472075
0.655999958515	0.001580720185
0.657599985600	0.002102640225
0.659200012684	0.001881152159
0.660799980164	0.002193952212
0.662400007248	0.000254336046
0.663999974728	0.001622432144
0.665600001812	0.002463280223
0.667199969292	0.000162175973
0.668799996376	0.002161776181
0.670399963856	0.002225664211
0.671999990940	0.000788992038
0.673599958420	0.000936304103
0.675199985504	0.002290256321
0.676800012589	0.001546448097
0.678399980068	0.000972208101
0.680000007153	0.001596416114
0.681599974632	0.001807296183
0.683200001717	0.000721552060
0.684799969196	0.000547312084
0.686399996281	0.001382704126
0.687999963760	0.000174112021
0.689599990845	0.000711008033
0.691199958324	0.001490560127
0.692799985409	0.001134240068
0.694399952888	0.001209584181
0.695999979973	0.001223600120
0.697600007057	0.001042048098
0.699199974537	0.001170592033
0.700800001621	0.000686432060
0.702399969101	0.002953616204
0.703999996185	0.002315888181
0.705599963665	0.001925232238
0.707199990749	0.001119520050
0.708799958229	0.000563600042
0.710399985313	0.000146416001
0.711999952793	0.001555344090
0.713599979877	0.000416864030
0.715200006962	0.000262527930
0.716799974442	-0.000211312057
0.718400001526	0.000729904044
0.719999969006	0.001353584114
0.721599996090	0.002819552319
0.723199963570	0.000910032075
0.724799990654	0.000631984032
0.726399958134	-0.000753536122
0.727999985218	0.000798336056
0.729599952698	-0.000471328065
0.731199979782	0.000148288003
0.732800006866	-0.000270416000
0.734399974346	0.000122720041
0.736000001431	0.001307600061
0.737599968910	0.000011152002
0.739199995995	0.000646032044
0.740799963474	0.000588048075
0.742399990559	0.000216368018
0.743999958038	0.001500096172
0.745599985123	-0.000554496073
0.747199952602	0.001130160061
0.748799979687	0.000769328093
0.750400006771	0.000591360033
0.751999974251	-0.001167312032
0.753600001335	0.001043328084
0.755199968815	0.000060815972
0.756799995899	0.000413600006
0.758399963379	-0.001099968096
0.759999990463	0.000576672086
0.761599957943	0.000550576020
0.763199985027	0.000775007997
0.764799952507	-0.000623664062
0.766399979591	0.000365280051
0.768000006676	0.001324384124
0.769599974155	0.000075248034
0.771200001240	0.001306304126
0.772799968719	0.000243184040
0.774399995804	0.000742640055
0.775999963284	0.000482000003
0.777599990368	0.000638112018
0.779199957848	0.000486880075
0.780799984932	0.000180384057
0.782399952412	0.000051568029
0.783999979496	0.000881392043
0.785600006580	0.000088831977
0.787199974060	-0.000382768078
0.788800001144	-0.000665232074
0.790399968624	0.000137519994
0.791999995708	-0.000496495981
0.793599963188	-0.001407440170
0.795199990273	0.000406768027
0.796799957752	-0.000032223976
0.798399984837	-0.002085840097
0.799999952316	0.001173264114
0.801599979401	0.000350639981
0.803200006485	0.000715072034
0.804799973965	-0.000555088103
0.806400001049	-0.000152880035
0.807999968529	-0.000655344047
0.809599995613	0.000121456003
0.811199963093	0.000017040022
0.812799990177	0.000746496080
0.814399957657	-0.002417200245
0.815999984741	0.000304832007
0.817599952221	0.001047808095
0.819199979305	0.000720656069
0.820800006390	0.000183647979
0.822399973869	0.001296608127
0.824000000954	-0.000388704037
0.825599968433	-0.000621648040
0.827199995518	0.000135408045
0.828799962997	0.001745216083
0.830399990082	0.000241775997
0.831999957561	-0.000902544067
0.833599984646	-0.000688064087
0.835199952126	0.000869424082
0.836799979210	0.000544591981
0.838400006294	0.000688208034
0.839999973774	-0.000922896084
0.841600000858	0.000570208009
0.843199968338	-0.000070976006
0.844799995422	0.001526496140
0.846399962902	0.001665632124
0.847999989986	-0.000093664072
0.849599957466	-0.000129568027
0.851199984550	0.000110959983
0.852799952030	-0.000122768033
0.854399979115	0.001018384122
0.856000006199	-0.001055376139
0.857599973679	-0.000401120022
0.859200000763	-0.001168640098
0.860799968243	-0.000271327997
0.862399995327	-0.001471152180
0.863999962807	0.000507072022
0.865599989891	0.000367503992
0.867199957371	-0.000457967981
0.868799984455	0.000692352070
0.870399951935	-0.001027296064
0.871999979019	-0.002479824238
0.873600006104	0.000554480008
0.875199973583	0.000035440014
0.876800000668	-0.000709088054
0.878399968147	0.000116639945
0.879999995232	0.001333440188
0.881599962711	-0.000373888004
0.883199989796	-0.000709696033
0.884799957275	-0.000692880072
0.886399984360	-0.001241712132
0.887999951839	-0.000860880071
0.889599978924	0.000154528039
0.891200006008	0.001103680115
0.892799973488	0.000777984038
0.894400000572	-0.002063424094
0.895999968052	-0.000127919993
0.897599995136	-0.000255024061
0.899199962616	-0.000571936020
0.900799989700	-0.000041952051
0.902399957180	0.000507952063
0.903999984264	-0.000848208030
0.905599951744	-0.000755024084
0.907199978828	0.000727200066
0.908800005913	-0.000439760042
0.910399973392	-0.000821648049
0.912000000477	-0.001924384153
0.913599967957	0.000155551999
0.915199995041	-0.000988784130
0.916799962521	-0.000680480036
0.918399989605	-0.000505856064
0.919999957085	-0.001891872147
0.921599984169	0.000343407999
0.923199951649	-0.000637616089
0.924799978733	-0.000551952049
0.926400005817	0.000600576052
0.927999973297	-0.001221232116
0.929600000381	-0.000986768049
0.931199967861	0.000790896069
0.932799994946	-0.000129872002
0.934399962425	-0.001214160118
0.935999989510	0.000487200043
0.937599956989	-0.000928848051
0.939199984074	-0.001567824162
0.940799951553	-0.000733824098
0.942399978638	0.000453312095
0.944000005722	-0.001236512093
0.945599973202	-0.001702352078
0.947200000286	-0.000268272008
0.948799967766	-0.000015520003
0.950399994850	-0.003004720202
0.951999962330	-0.000830720062
0.953599989414	-0.002245392185
0.955199956894	-0.001558320131
0.956799983978	-0.000641920080
0.958399951458	0.000780688133
0.959999978542	-0.001700192224
0.961599946022	-0.001765200170
0.963199973106	-0.000643984065
0.964800000191	-0.001897792215
0.966399967670	-0.000450960069
0.967999994755	-0.001330896164
0.969599962234	-0.000763600110
0.971199989319	-0.000964496052
0.972799956799	-0.000438400020
0.974399983883	-0.001951824175
0.975999951363	-0.000836032094
0.977599978447	-0.000003343974
0.979199945927	-0.001527728164
0.980799973011	-0.001749760122
0.982400000095	-0.001132016070
0.983999967575	-0.001524768188
0.985599994659	-0.002544736257
0.987199962139	-0.001074400148
0.988799989223	-0.001419248176
0.990399956703	-0.001713360194
0.991999983788	-0.001229568152
0.993599951267	-0.002939184196
0.995199978352	-0.001186864101
0.996799945831	-0.000914656091
0.998399972916	-0.002333440119
1.000000000000	-0.001775488141
1.001600027084	-0.001222976134
1.003199934959	-0.001464192173
1.004799962044	-0.000797072076
1.006399989128	-0.001839776174
1.008000016212	-0.001449504169
1.009599924088	-0.001882944140
1.011199951172	-0.000509728095
1.012799978256	-0.002072896110
1.014400005341	-0.001421040157
1.016000032425	-0.000631824019
1.017599940300	-0.000674272073
1.019199967384	-0.002355952282
1.020799994469	-0.000683440070
1.022400021553	-0.001031168038
1.023999929428	-0.000831440091
1.025599956512	-0.001245232066
1.027199983597	-0.001006384147
1.028800010681	-0.002140240278
1.030399918556	-0.002430032240
1.031999945641	-0.002292816294
1.033599972725	-0.000505760021
1.035199999809	-0.001782784122
1.036800026894	-0.002617200138
1.038399934769	-0.001351536135
1.039999961853	-0.001042048098
1.041599988937	-0.000657136028
1.043200016022	-0.001834832132
1.044799923897	-0.002809680300
1.046399950981	-0.000189568018
1.047999978065	-0.000659312005
1.049600005150	-0.001890368178
1.051200032234	-0.000406784005
1.052799940109	-0.002512944164
1.054399967194	-0.001442640088
1.055999994278	-0.000942752114
1.057600021362	-0.001795744174
1.059199929237	-0.001953008119
1.060799956322	-0.001168976072
1.062399983406	-0.001543008140
1.064000010490	-0.001369568170
1.065599918365	-0.000719936099
1.067199945450	-0.001906208228
1.068799972534	0.001460176194
1.070399999619	-0.001781936153
1.072000026703	-0.001642128103
1.073599934578	-0.001842816127
1.075199961662	-0.000971984118
1.076799988747	0.000696592033
1.078400015831	-0.001281328150
1.079999923706	-0.002042384120
1.081599950790	-0.001659056172
1.083199977875	-0.003596896306
1.084800004959	-0.001432192163
1.086400032043	-0.002242016140
1.087999939919	-0.000563136069
1.089599967003	-0.003186672227
1.091199994087	-0.002371888142
1.092800021172	-0.000659936049
1.094399929047	-0.002311312128
1.095999956131	-0.002271856181
1.097599983215	-0.001262432081
1.099200010300	-0.001663952135
1.100799918175	-0.003754208330
1.102399945259	-0.001195952063
1.103999972343	-0.000612767995
1.105599999428	-0.001388768200
1.107200026512	-0.001833952148
1.108799934387	-0.001020208118
1.110399961472	-0.001017072122
1.111999988556	-0.000980720040
1.113600015640	-0.001468368107
1.115199923515	-0.001699408167
1.116799950600	-0.002186896279
1.118399977684	-0.001326784026
1.120000004768	-0.003079648362
1.121599912643	-0.001566928113
1.123199939728	-0.000550656056
1.124799966812	-0.001045744051
1.126399993896	-0.001937264227
1.128000020981	-0.002758208197
1.129599928856	-0.001145760063
1.131199955940	-0.001628944185
1.132799983025	-0.002073888201
1.134400010109	-0.002908432158
1.135999917984	-0.002138944110
1.137599945068	-0.001618816284
1.139199972153	-0.001401824062
1.140799999237	-0.001816912205
1.142400026321	-0.001389344106
1.143999934196	-0.001804752159
1.145599961281	-0.002162112156
1.147199988365	-0.001538512064
1.148800015450	-0.001045216108
1.150399923325	-0.002563376212
1.151999950409	-0.000471536012
1.153599977493	-0.001338048140
1.155200004578	-0.002630000236
1.156799912453	-0.003061808180
1.158399939537	-0.001497904072
1.159999966621	-0.001579136122
1.161599993706	-0.003364928300
1.163200020790	-0.002680720296
1.164799928665	-0.001833040151
1.166399955750	-0.001776736113
1.167999982834	-0.002025040099
1.169600009918	-0.001952000079
1.171199917793	-0.002268448239
1.172799944878	-0.002257968299
1.174399971962	-0.001426416100
1.175999999046	-0.001620240160
1.177600026131	-0.003193712328
1.179199934006	-0.001769360155
1.180799961090	-0.002326272195
1.182399988174	-0.001270944136
1.184000015259	-0.001505616121
1.185599923134	-0.002205248224
1.187199950218	-0.002504080301
1.188799977303	-0.003181904322
1.190400004387	-0.002937760204
1.191999912262	-0.001951248152
1.193599939346	-0.002532192273
1.195199966431	-0.002058608225
1.196799993515	-0.001491616131
1.198400020599	-0.004090672359
1.199999928474	-0.002596176229
1.201599955559	-0.001638256130
1.203199982643	-0.002709408291
1.204800009727	-0.002158704214
1.206399917603	-0.001269088127
1.207999944687	-0.002116928110
1.209599971771	-0.002824192168
1.211199998856	-0.001262816135
1.212800025940	-0.000869392068
1.214399933815	-0.002397968201
1.215999960899	-0.001636400120
1.217599987984	-0.001444496214
1.219200015068	-0.004337344319
1.220799922943	-0.001939376118
1.222399950027	-0.002609888325
1.223999977112	-0.001890128129
1.225600004196	-0.002453120193
1.227199912071	-0.003141040215
1.228799939156	-0.001343472162
1.230399966240	-0.001824656152
1.231999993324	-0.002583120251
1.233600020409	-0.003858416341
1.235199928284	-0.001278592157
1.236799955368	-0.001099328045
1.238399982452	-0.000518768094
1.240000009537	-0.001501600142
1.241599917412	-0.001508272137
1.243199944496	-0.000747552083
1.244799971581	-0.002639584243
1.246399998665	-0.001691968180
1.248000025749	-0.001872960129
1.249599933624	-0.002621488180
1.251199960709	-0.002433184301
1.252799987793	-0.002335344208
1.254400014877	-0.001210016198
1.255999922752	-0.002099840203
1.257599949837	-0.001420464134
1.259199976921	-0.002637440339
1.260800004005	-0.004222032148
1.262399911880	-0.002514016116
1.263999938965	-0.002003152156
1.265599966049	-0.003538672347
1.267199993134	-0.001879248186
1.268800020218	-0.001703152084
1.270399928093	-0.003934848122
1.271999955177	-0.004039808176
1.273599982262	-0.004785136320
1.275200009346	-0.002409872133
1.276799917221	-0.002762416145
1.278399944305	-0.002093296265
1.279999971390	-0.001340672141
1.281599998474	-0.002918080427
1.283200025558	-0.001977168256
1.284799933434	-0.001796208089
1.286399960518	-0.004141168203
1.287999987602	-0.002756576287
1.289600014687	-0.003149088239
1.291199922562	-0.003948288504
1.292799949646	-0.003778624348
1.294399976730	-0.002201776020
1.296000003815	-0.002640656196
1.297599911690	-0.003100416157
1.299199938774	-0.000975856092
1.300799965858	-0.001951008220
1.302399992943	-0.002492864151
1.304000020027	-0.001116128056
1.305599927902	-0.002833168255
1.307199954987	-0.001620272174
1.308799982071	-0.003013712121
1.310400009155	-0.002842752263
1.311999917030	-0.003293968271
1.313599944115	-0.003596656257
1.315199971199	-0.002116144169
1.316799998283	-0.003750432283
1.318400025368	-0.004069744144
1.319999933243	-0.003484800225
1.321599960327	-0.002037696075
1.323199987411	-0.002499408321
1.324800014496	-0.004098912235
1.326399922371	-0.002592048142
1.327999949455	-0.001818224206
1.329599976540	-0.001620400115
1.331200003624	-0.001468336093
1.332799911499	-0.002201936208
1.334399938583	-0.002247056225
1.335999965668	-0.002902240260
1.337599992752	-0.002611280186
1.339200019836	-0.001234048046
1.340799927711	-0.002531120321
1.342399954796	-0.003764016321
1.343999981880	-0.001395904110
1.345600008965	-0.001254480099
1.347199916840	-0.002450000262
1.348799943924	-0.001543568098
1.350399971008	-0.003455968341
1.351999998093	-0.002899008337
1.353600025177	-0.002063424094
1.355199933052	-0.000981408171
1.356799960136	-0.002872176236
1.358399987221	-0.003356416244
1.360000014305	-0.002692976268
1.361599922180	-0.002557296306
1.363199949265	-0.001754848170
1.364799976349	-0.002925488167
1.366400003433	-0.001998384250
1.367999911308	-0.003886096412
1.369599938393	-0.002338464139
1.371199965477	-0.002339552157
1.372799992561	-0.003020080272
1.374400019646	-0.002866176190
1.375999927521	-0.002478512237
1.377599954605	-0.002034752164
1.379199981689	-0.001891584136
1.380800008774	-0.003352848347
1.382399916649	-0.002733840141
1.383999943733	-0.002784864279
1.385599970818	-0.003680624301
1.387199997902	-0.004096336197
1.388799905777	-0.002326176269
1.390399932861	-0.001042336109
1.391999959946	-0.003221408231
1.393599987030	-0.002211984247
1.395200014114	-0.002707616193
1.396799921989	-0.003267216263
1.398399949074	-0.003106720280
1.399999976158	-0.002581200097
1.401600003242	-0.004748880398
1.403199911118	-0.003619856201
1.404799938202	-0.001420944114
1.406399965286	-0.003966688178
1.407999992371	-0.002433536109
1.409600019455	-0.002332736272
1.411199927330	-0.003987024538
1.412799954414	-0.002632960211
1.414399981499	-0.003194240155
1.416000008583	-0.001308768056
1.417599916458	-0.002983728191
1.419199943542	-0.003739200300
1.420799970627	-0.000895488076
1.422399997711	-0.002094752155
1.423999905586	-0.002976960270
1.425599932671	-0.003678800305
1.427199959755	-0.002538064262
1.428799986839	-0.001155520091
1.430400013924	-0.003346208250
1.431999921799	-0.002475552261
1.433599948883	-0.003386128228
1.435199975967	-0.002605840331
1.436800003052	-0.002306352137
1.438399910927	-0.003472272307
1.439999938011	-0.002932352247
1.441599965096	-0.003771232208
1.443199992180	-0.002963072155
1.444800019264	-0.003746800357
1.446399927139	-0.002297408180
1.447999954224	-0.003573424416
1.449599981308	-0.002160048112
1.451200008392	-0.004083984066
1.452799916267	-0.004538768437
1.454399943352	-0.001870944165
1.455999970436	-0.003825872205
1.457599997520	-0.003929920495
1.459199905396	-0.002174224239
1.460799932480	-0.002559040207
1.462399959564	-0.003399648238
1.463999986649	-0.002852432197
1.465600013733	-0.002342704218
1.467199921608	-0.004246048164
1.468799948692	-0.004526784178
1.470399975777	-0.002973456169
1.472000002861	-0.005034880247
1.473599910736	-0.004408048466
1.475199937820	-0.002360256156
1.476799964905	-0.001175168087
1.478399991989	-0.003952848259
1.480000019073	-0.003330224194
1.481599926949	-0.002347552218
1.483199954033	-0.003962480463
1.484799981117	-0.001532592112
1.486400008202	-0.003788400209
1.487999916077	-0.000446992053
1.489599943161	-0.003938304260
1.491199970245	-0.001749424147
1.492799997330	-0.002230160171
1.494399905205	-0.003358992282
1.495999932289	-0.003741760273
1.497599959373	-0.003491712268
1.499199986458	-0.002594432328
1.500800013542	-0.001687344164
1.502399921417	-0.003079824382
1.503999948502	-0.003009776352
1.505599975586	-0.003479728242
1.507200002670	-0.003090048209
1.508799910545	-0.004726928193
1.510399937630	-0.003241856350
1.511999964714	-0.002928592265
1.513599991798	-0.004088800400
1.515200018883	-0.004671600182
1.516799926758	-0.002893344266
1.518399953842	-0.003138032276
1.519999980927	-0.005471648648
1.521600008011	-0.003381168237
1.523199915886	-0.004049696494
1.524799942970	-0.004038176499
1.526399970055	-0.003317632247
1.527999997139	-0.003256224329
1.529599905014	-0.002690576250
1.531199932098	-0.004286864307
1.532799959183	-0.001866928185
1.534399986267	-0.002717392286
1.536000013351	-0.005231952295
1.537599921227	-0.003262752201
1.539199948311	-0.002697760239
1.540799975395	-0.005119856447
1.542400002480	-0.002467104234
1.543999910355	-0.003011600347
1.545599937439	-0.003578592325
1.547199964523	-0.003249584232
1.548799991608	-0.002534784144
1.550400018692	-0.004889376462
1.551999926567	-0.003563808277
1.553599953651	-0.002099632286
1.555199980736	-0.003798080375
1.556800007820	-0.002609728137
1.558399915695	-0.002186432248
1.559999942780	-0.002535536187
1.561599969864	-0.004525328521
1.563199996948	-0.003901504213
1.564799904823	-0.002612976125
1.566399931908	-0.005094000604
1.567999958992	-0.004340672400
1.569599986076	-0.003891328350
1.571200013161	-0.004637776408
1.572799921036	-0.004815920256
1.574399948120	-0.002866176423
1.575999975204	-0.002924176166
1.577600002289	-0.004562880378
1.579199910164	-0.003165152390
1.580799937248	-0.003062384203
1.582399964333	-0.004467120394
1.583999991417	-0.003824048443
1.585600018501	-0.003490128322
1.587199926376	-0.004306192510
1.588799953461	-0.004261984490
1.590399980545	-0.002889568219
1.592000007629	-0.004487264436
1.593599915504	-0.003348672297
1.595199942589	-0.004203824326
1.596799969673	-0.005272976588
1.598399996758	-0.003565088380
1.599999904633	-0.004739632364
1.601599931717	-0.004358896520
1.603199958801	-0.002178528113
1.604799985886	-0.002527168253
1.606400012970	-0.002929568291
1.607999920845	-0.003656688146
1.609599947929	-0.004028592259
1.611199975014	-0.004006560426
1.612800002098	-0.005227152258
1.614399909973	-0.003623712342
1.615999937057	-0.003321040189
1.617599964142	-0.004775920417
1.619199991226	-0.002897184109
1.620800018311	-0.002745584352
1.622399926186	-0.003123744391
1.623999953270	-0.004444560502
1.625599980354	-0.004003936425
1.627200007439	-0.004020240158
1.628799915314	-0.004695232492
1.630399942398	-0.002006576164
1.631999969482	-0.004181600176
1.633599996567	-0.005161520559
1.635199904442	-0.003236848395
1.636799931526	-0.005141616333
1.638399958611	-0.003899632255
1.639999985695	-0.004097248428
1.641600012779	-0.004939136561
1.643199920654	-0.003169680247
1.644799947739	-0.004589264281
1.646399974823	-0.002713040216
1.648000001907	-0.001864768215
1.649599909782	-0.004569216166
1.651199936867	-0.003103024326
1.652799963951	-0.003497168189
1.654399991035	-0.004310176242
1.655999898911	-0.003115440253
1.657599925995	-0.005341808312
1.659199953079	-0.002704800107
1.660799980164	-0.004630016629
1.662400007248	-0.002775072120
1.663999915123	-0.003754512407
1.665599942207	-0.003257664386
1.667199969292	-0.004190240521
1.668799996376	-0.003639712231
1.670399904251	-0.003778576385
1.671999931335	-0.005945296492
1.673599958420	-0.002643296262
1.675199985504	-0.002316592261
1.676800012589	-0.001812928123
1.678399920464	-0.004991520196
1.679999947548	-0.003953008447
1.681599974632	-0.001007952145
1.683200001717	-0.003224144224
1.684799909592	-0.003026672173
1.686399936676	-0.004288480617
1.687999963760	-0.004150256515
1.689599990845	-0.004086720292
1.691199898720	-0.003997856285
1.692799925804	-0.003131584264
1.694399952888	-0.004754864611
1.695999979973	-0.005072688218
1.697600007057	-0.004937904421
1.699199914932	-0.002819328336
1.700799942017	-0.004063840490
1.702399969101	-0.003700736212
1.703999996185	-0.003118080320
1.705599904060	-0.005649472587
1.707199931145	-0.004404352512
1.708799958229	-0.004818928428
1.710399985313	-0.004222112242
1.712000012398	-0.005385408644
1.713599920273	-0.004021872301
1.715199947357	-0.003867392428
1.716799974442	-0.004211760126
1.718400001526	-0.002851056168
1.719999909401	-0.004343680106
1.721599936485	-0.003282816382
1.723199963570	-0.004258240573
1.724799990654	-0.004720384255
1.726399898529	-0.004215728492
1.727999925613	-0.004426432308
1.729599952698	-0.001997440122
1.731199979782	-0.002478640061
1.732800006866	-0.004234640393
1.734399914742	-0.004045024514
1.735999941826	-0.003846144304
1.737599968910	-0.003566560335
1.739199995995	-0.004387680441
1.740799903870	-0.004141936544
1.742399930954	-0.005113568157
1.743999958038	-0.004924624227
1.745599985123	-0.003305472201
1.747200012207	-0.003198592225
1.748799920082	-0.004207312129
1.750399947166	-0.005039424635
1.751999974251	-0.001465136069
1.753600001335	-0.005184096284
1.755199909210	-0.004789120518
1.756799936295	-0.002202688251
1.758399963379	-0.005263360683
1.759999990463	-0.002683600178
1.761599898338	-0.004557056352
1.763199925423	-0.004962048493
1.764799952507	-0.004628768191
1.766399979591	-0.003559104167
1.768000006676	-0.004328240175
1.769599914551	-0.004520928487
1.771199941635	-0.004071216565
1.772799968719	-0.003767200280
1.774399995804	-0.003600272350
1.775999903679	-0.005558000412
1.777599930763	-0.004841568414
1.779199957848	-0.003609344363
1.780799984932	-0.004284256138
1.782400012016	-0.002465280239
1.783999919891	-0.003226560308
1.785599946976	-0.005530688446
1.787199974060	-0.005167856347
1.788800001144	-0.004202688113
1.790399909019	-0.003815888427
1.791999936104	-0.005554528441
1.793599963188	-0.003616080387
1.795199990273	-0.003813168267
1.796799898148	-0.002274592174
1.798399925232	-0.003448112169
1.799999952316	-0.004603392445
1.801599979401	-0.004211472347
1.803200006485	-0.004672592506
1.804799914360	-0.002660704311
1.806399941444	-0.005091888364
1.807999968529	-0.002865760354
1.809599995613	-0.002917344216
1.811199903488	-0.005499040242
1.812799930573	-0.004183664452
1.814399957657	-0.004579280503
1.815999984741	-0.004138768185
1.817600011826	-0.003775280435
1.819199919701	-0.003770368407
1.820799946785	-0.003830592381
1.822399973869	-0.004848752636
1.824000000954	-0.003810384311
1.825599908829	-0.003309888300
1.827199935913	-0.003782064421
1.828799962997	-0.003703536233
1.830399990082	-0.002774848137
1.831999897957	-0.005038272589
1.833599925041	-0.004248400219
1.835199952126	-0.003931008279
1.836799979210	-0.004941056482
1.838400006294	-0.002965904307
1.839999914169	-0.005070176441
1.841599941254	-0.005400432274
1.843199968338	-0.003016304225
1.844799995422	-0.003861456411
1.846399903297	-0.004322512541
1.847999930382	-0.005037760362
1.849599957466	-0.004830000456
1.851199984550	-0.004622112494
1.852800011635	-0.004811136518
1.854399919510	-0.003503232263
1.855999946594	-0.005448800512
1.857599973679	-0.005559264682
1.859200000763	-0.004741616547
1.860799908638	-0.002601696178
1.862399935722	-0.005439472385
1.863999962807	-0.004329536576
1.865599989891	-0.004655504599
1.867199897766	-0.005260688253
1.868799924850	-0.005011936650
1.870399951935	-0.004930192605
1.871999979019	-0.004176096525
1.873600006104	-0.004010464530
1.875199913979	-0.005930304527
1.876799941063	-0.002398992190
1.878399968147	-0.005819472484
1.879999995232	-0.002556544263
1.881599903107	-0.003909552470
1.883199930191	-0.006044416688
1.884799957275	-0.003439728403
1.886399984360	-0.003174944315
1.888000011444	-0.004301856272
1.889599919319	-0.004150064196
1.891199946404	-0.003901840420
1.892799973488	-0.004495456349
1.894400000572	-0.004260400310
1.895999908447	-0.004933088552
1.897599935532	-0.004616816528
1.899199962616	-0.004710736219
1.900799989700	-0.003152176272
1.902399897575	-0.003446416231
1.903999924660	-0.005664176308
1.905599951744	-0.003366208402
1.907199978828	-0.004337712191
1.908800005913	-0.004637648351
1.910399913788	-0.004664288368
1.911999940872	-0.006090080366
1.913599967957	-0.003395952284
1.915199995041	-0.002915344201
1.916799902916	-0.004383648280
1.918399930000	-0.003046912141
1.919999957085	-0.006100176368
1.921599984169	-0.004559760448
1.923199892044	-0.004720464349
1.924799919128	-0.005882768426
1.926399946213	-0.004208928440
1.927999973297	-0.004867904354
1.929600000381	-0.005072288681
1.931199908257	-0.003868384287
1.932799935341	-0.004934512544
1.934399962425	-0.005132272374
1.935999989510	-0.004848928191
1.937599897385	-0.005264064297
1.939199924469	-0.005343616474
1.940799951553	-0.005762304645
1.942399978638	-0.002677952172
1.944000005722	-0.005178976338
1.945599913597	-0.003696592292
1.947199940681	-0.004844608251
1.948799967766	-0.005744736642
1.950399994850	-0.004731808323
1.951999902725	-0.004033200443
1.953599929810	-0.004375616554
1.955199956894	-0.004904336296
1.956799983978	-0.003063584212
1.958399891853	-0.005465232302
1.959999918938	-0.005274208263
1.961599946022	-0.003832656192
1.963199973106	-0.005140864290
1.964800000191	-0.004298336338
1.966399908066	-0.007068960462
1.967999935150	-0.003408800345
1.969599962234	-0.003839584300
1.971199989319	-0.004730960354
1.972799897194	-0.005646496546
1.974399924278	-0.006596256513
1.975999951363	-0.003657856258
1.977599978447	-0.002355456119
1.979200005531	-0.003542432329
1.980799913406	-0.004360384308
1.982399940491	-0.004740064498
1.983999967575	-0.006315136794
1.985599994659	-0.004132512491
1.987199902534	-0.003705104347
1.988799929619	-0.006496016402
1.990399956703	-0.006370928604
1.991999983788	-0.004912624601
1.993599891663	-0.005357104354
1.995199918747	-0.005436032545
1.996799945831	-0.003935696092
1.998399972916	-0.003953616135
2.000000000000	-0.006301408634
2.001600027084	-0.004492720589
2.003200054169	-0.005067568272
2.004799842834	-0.005190640222
2.006399869919	-0.005136672407
2.007999897003	-0.005540464539
2.009599924088	-0.006015120540
2.011199951172	-0.005468976684
2.012799978256	-0.003139216220
2.014400005341	-0.005824304651
2.016000032425	-0.003271632362
2.017600059509	-0.005127664190
2.019199848175	-0.005643968470
2.020799875259	-0.003872464411
2.022399902344	-0.002860976150
2.023999929428	-0.003313008230
2.025599956512	-0.005917520262
2.027199983597	-0.004323440604
2.028800010681	-0.005215744488
2.030400037766	-0.004699536599
2.032000064850	-0.005014944356
2.033599853516	-0.005065264646
2.035199880600	-0.005210032221
2.036799907684	-0.005238576327
2.038399934769	-0.006409600377
2.039999961853	-0.004404832143
2.041599988937	-0.004458928481
2.043200016022	-0.004097728059
2.044800043106	-0.004652032629
2.046399831772	-0.006170624401
2.047999858856	-0.007157296408
2.049599885941	-0.003759360407
2.051199913025	-0.005517216399
2.052799940109	-0.003429840319
2.054399967194	-0.004834880587
2.055999994278	-0.005771456286
2.057600021362	-0.004042752553
2.059200048447	-0.006273088511
2.060799837112	-0.003944736440
2.062399864197	-0.005862256512
2.063999891281	-0.005132352468
2.065599918365	-0.003313344205
2.067199945450	-0.005183616187
2.068799972534	-0.005088608246
2.070399999619	-0.006023136433
2.072000026703	-0.004598976579
2.073600053787	-0.004850400612
2.075199842453	-0.006089008413
2.076799869537	-0.003832144197
2.078399896622	-0.003635904286
2.079999923706	-0.004550144542
2.081599950790	-0.004879872315
2.083199977875	-0.003847216256
2.084800004959	-0.005214464385
2.086400032043	-0.006198224612
2.088000059128	-0.005087952595
2.089599847794	-0.005367056467
2.091199874878	-0.005296816584
2.092799901962	-0.007070096675
2.094399929047	-0.004242768511
2.095999956131	-0.005711328704
2.097599983215	-0.004944480490
2.099200010300	-0.003307584440
2.100800037384	-0.005284464452
2.102400064468	-0.004265568219
2.103999853134	-0.004427472129
2.105599880219	-0.005433072336
2.107199907303	-0.004889616277
2.108799934387	-0.004888352472
2.110399961472	-0.004019568209
2.111999988556	-0.005210848525
2.113600015640	-0.004864720628
2.115200042725	-0.003747056238
2.116799831390	-0.005189552438
2.118399858475	-0.004782208242
2.119999885559	-0.005535056349
2.121599912643	-0.005839840509
2.123199939728	-0.004909392446
2.124799966812	-0.004921104293
2.126399993896	-0.005110016558
2.128000020981	-0.003882720368
2.129600048065	-0.002612768207
2.131199836731	-0.003594720270
2.132799863815	-0.006081392523
2.134399890900	-0.005527888425
2.135999917984	-0.005959072616
2.137599945068	-0.004642848391
2.139199972153	-0.006619520485
2.140799999237	-0.004788336344
2.142400026321	-0.005425040610
2.144000053406	-0.004609584343
2.145599842072	-0.005330960266
2.147199869156	-0.003295984352
2.148799896240	-0.005593584385
2.150399923325	-0.002988240216
2.151999950409	-0.005374576431
2.153599977493	-0.004762896337
2.155200004578	-0.004745424259
2.156800031662	-0.002638304140
2.158400058746	-0.005881360732
2.159999847412	-0.003808688372
2.161599874496	-0.003927280195
2.163199901581	-0.005323376507
2.164799928665	-0.005104144569
2.166399955750	-0.003375904402
2.167999982834	-0.005027568433
2.169600009918	-0.003650320228
2.171200037003	-0.004499968141
2.172800064087	-0.006723632570
2.174399852753	-0.003960384056
2.175999879837	-0.003370032180
2.177599906921	-0.006751968525
2.179199934006	-0.004023232497
2.180799961090	-0.005582656246
2.182399988174	-0.005021456629
2.184000015259	-0.004274640232
2.185600042343	-0.004758288153
2.187199831009	-0.005208880641
2.188799858093	-0.005469440483
2.190399885178	-0.003957872279
2.191999912262	-0.004347440321
2.193599939346	-0.004958032630
2.195199966431	-0.004893376492
2.196799993515	-0.005613712594
2.198400020599	-0.004727888387
2.200000047684	-0.005484256428
2.201599836349	-0.004970976617
2.203199863434	-0.005885744467
2.204799890518	-0.002319568302
2.206399917603	-0.004671776202
2.207999944687	-0.004249856342
2.209599971771	-0.004527936224
2.211199998856	-0.006883248687
2.212800025940	-0.005315376446
2.214400053024	-0.003635248402
2.215999841690	-0.004101856612
2.217599868774	-0.004519488197
2.219199895859	-0.005610336550
2.220799922943	-0.004215632565
2.222399950027	-0.004370048176
2.223999977112	-0.004993504379
2.225600004196	-0.005821328610
2.227200031281	-0.004370608367
2.228800058365	-0.004818736576
2.230399847031	-0.005099712405
2.231999874115	-0.005245344248
2.233599901199	-0.006652560551
2.235199928284	-0.005249856506
2.236799955368	-0.005078656599
2.238399982452	-0.004573904444
2.240000009537	-0.005186944269
2.241600036621	-0.005982688628
2.243199825287	-0.003370464314
2.244799852371	-0.006972896401
2.246399879456	-0.006688320544
2.247999906540	-0.004022256471
2.249599933624	-0.005336848553
2.251199960709	-0.005684704520
2.252799987793	-0.005866080523
2.254400014877	-0.004714432638
2.256000041962	-0.005541680381
2.257599830627	-0.003885120386
2.259199857712	-0.006124656647
2.260799884796	-0.005940528587
2.262399911880	-0.006381440442
2.263999938965	-0.007099248469
2.265599966049	-0.004922704305
2.267199993134	-0.004854336381
2.268800020218	-0.004623664543
2.270400047302	-0.005681632552
2.271999835968	-0.006289920304
2.273599863052	-0.005828896537
2.275199890137	-0.006870464422
2.276799917221	-0.005061760545
2.278399944305	-0.004794464447
2.279999971390	-0.006833168678
2.281599998474	-0.005017520394
2.283200025558	-0.004808352329
2.284800052643	-0.007436096668
2.286399841309	-0.007731248625
2.287999868393	-0.004354320467
2.289599895477	-0.005326576531
2.291199922562	-0.005357104354
2.292799949646	-0.005037648603
2.294399976730	-0.004713392351
2.296000003815	-0.005207568407
2.297600030899	-0.003541936167
2.299200057983	-0.006119408645
2.300799846649	-0.006814528722
2.302399873734	-0.004551744554
2.303999900818	-0.006120864768
2.305599927902	-0.004912096541
2.307199954987	-0.004352880176
2.308799982071	-0.005062720273
2.310400009155	-0.005447984207
2.312000036240	-0.006212432403
2.313599824905	-0.006750944536
2.315199851990	-0.004719392397
2.316799879074	-0.005450368393
2.318399906158	-0.005531488452
2.319999933243	-0.007064144593
2.321599960327	-0.005696272478
2.323199987411	-0.005004048347
2.324800014496	-0.006905824412
2.326400041580	-0.005651536398
2.327999830246	-0.003433200298
2.329599857330	-0.004629200324
2.331199884415	-0.005939888768
2.332799911499	-0.004560224246
2.334399938583	-0.004322512541
2.335999965668	-0.004782032222
2.337599992752	-0.005481984466
2.339200019836	-0.004876096267
2.340800046921	-0.004419600591
2.342399835587	-0.005153280683
2.343999862671	-0.003511776216
2.345599889755	-0.005697248504
2.347199916840	-0.004725904204
2.348799943924	-0.003058080329
2.350399971008	-0.006521552335
2.351999998093	-0.004266512580
2.353600025177	-0.005010528490
2.355200052261	-0.006558352616
2.356799840927	-0.003005616367
2.358399868011	-0.008308816701
2.359999895096	-0.007055648603
2.361599922180	-0.006084544584
2.363199949265	-0.004754912574
2.364799976349	-0.005587008316
2.366400003433	-0.005052816588
2.368000030518	-0.004466624465
2.369600057602	-0.003224864136
2.371199846268	-0.006124352571
2.372799873352	-0.004306864459
2.374399900436	-0.004156752490
2.375999927521	-0.006123136729
2.377599954605	-0.006160576362
2.379199981689	-0.005799584556
2.380800008774	-0.004415952601
2.382400035858	-0.003261088161
2.383999824524	-0.006243728567
2.385599851608	-0.006012816448
2.387199878693	-0.005607008468
2.388799905777	-0.005245936569
2.390399932861	-0.004748224281
2.391999959946	-0.004605536349
2.393599987030	-0.004670224153
2.395200014114	-0.004942848347
2.396800041199	-0.005954448599
2.398399829865	-0.004677504301
2.399999856949	-0.004558944143
2.401599884033	-0.006144384388
2.403199911118	-0.003436352359
2.404799938202	-0.003692496335
2.406399965286	-0.006719280500
2.407999992371	-0.004458848387
2.409600019455	-0.006574960425
2.411200046539	-0.005094464403
2.412799835205	-0.004423472565
2.414399862289	-0.005605104379
2.415999889374	-0.005421936512
2.417599916458	-0.004921104293
2.419199943542	-0.005199040286
2.420799970627	-0.004461760633
2.422399997711	-0.005426912569
2.424000024796	-0.003486736212
2.425600051880	-0.006164224353
2.427199840546	-0.004751824308
2.428799867630	-0.005351888482
2.430399894714	-0.004700464197
2.431999921799	-0.004446352366
2.433599948883	-0.006374672521
2.435199975967	-0.007166592404
2.436800003052	-0.005724608433
2.438400030136	-0.004246736411
2.440000057220	-0.004706736188
2.441599845886	-0.006310384721
2.443199872971	-0.004959760234
2.444799900055	-0.007099792361
2.446399927139	-0.005459168460
2.447999954224	-0.005480272695
2.449599981308	-0.004512576386
2.451200008392	-0.005624192301
2.452800035477	-0.004775776528
2.454399824142	-0.004322976340
2.455999851227	-0.005848848727
2.457599878311	-0.006804720499
2.459199905396	-0.005145424511
2.460799932480	-0.006320816465
2.462399959564	-0.005721632391
2.463999986649	-0.005099488422
2.465600013733	-0.006543024443
2.467200040817	-0.005873392336
2.468799829483	-0.004345024470
2.470399856567	-0.005516912322
2.471999883652	-0.007011264563
2.473599910736	-0.006259008311
2.475199937820	-0.004933344200
2.476799964905	-0.004441312514
2.478399991989	-0.004881264642
2.480000019073	-0.006951728836
2.481600046158	-0.007149536628
2.483199834824	-0.006475408562
2.484799861908	-0.004511664156
2.486399888992	-0.007624208461
2.487999916077	-0.004930896219
2.489599943161	-0.004961616360
2.491199970245	-0.006083792541
2.492799997330	-0.005054560490
2.494400024414	-0.005931792315
2.496000051498	-0.004098576494
2.497599840164	-0.007025232539
2.499199867249	-0.002132208087
2.500799894333	-0.005881264340
2.502399921417	-0.005849712528
2.503999948502	-0.007587728556
2.505599975586	-0.006073888391
2.507200002670	-0.003894576337
2.508800029755	-0.006237856578
2.510399818420	-0.005464528687
2.511999845505	-0.006349168718
2.513599872589	-0.005088224541
2.515199899673	-0.005773776677
2.516799926758	-0.006827712525
2.518399953842	-0.002923200140
2.519999980927	-0.005476528313
2.521600008011	-0.006504544523
2.523200035095	-0.004878656473
2.524799823761	-0.005551184528
2.526399850845	-0.005706544500
2.527999877930	-0.008783152327
2.529599905014	-0.004013760481
2.531199932098	-0.005301216152
2.532799959183	-0.007053984329
2.534399986267	-0.004653520416
2.536000013351	-0.006739056669
2.537600040436	-0.006121936720
2.539199829102	-0.006161504425
2.540799856186	-0.006609360687
2.542399883270	-0.005722064525
2.543999910355	-0.005010016263
2.545599937439	-0.006192224566
2.547199964523	-0.006230016705
2.548799991608	-0.005518752616
2.550400018692	-0.007423552684
2.552000045776	-0.003997712396
2.553599834442	-0.005329776555
2.555199861526	-0.006172000431
2.556799888611	-0.004466416314
2.558399915695	-0.005451104604
2.559999942780	-0.005988752469
2.561599969864	-0.007954848930
2.563199996948	-0.005850096233
2.564800024033	-0.004720480181
2.566400051117	-0.006486448459
2.567999839783	-0.005346976686
2.569599866867	-0.006955104414
2.571199893951	-0.005635760259
2.572799921036	-0.005589824636
2.574399948120	-0.004836576525
2.575999975204	-0.006106608547
2.577600002289	-0.008076608181
2.579200029373	-0.006590160541
2.580799818039	-0.005660800263
2.582399845123	-0.004687296227
2.583999872208	-0.006118432619
2.585599899292	-0.003935984336
2.587199926376	-0.006782640703
2.588799953461	-0.006396720652
2.590399980545	-0.005927408580
2.592000007629	-0.007262016647
2.593600034714	-0.004359248560
2.595199823380	-0.006019616500
2.596799850464	-0.006457472686
2.598399877548	-0.006544496398
2.599999904633	-0.005794032477
2.601599931717	-0.005553760566
2.603199958801	-0.005198752508
2.604799985886	-0.008393312804
2.606400012970	-0.007125440519
2.608000040054	-0.004076208454
2.609599828720	-0.005042928271
2.611199855804	-0.007853616960
2.612799882889	-0.005592288449
2.614399909973	-0.005938160233
2.615999937057	-0.005334752612
2.617599964142	-0.006668832619
2.619199991226	-0.005347264465
2.620800018311	-0.005615488626
2.622400045395	-0.004342848435
2.623999834061	-0.004538448527
2.625599861145	-0.006023232359
2.627199888229	-0.004971712362
2.628799915314	-0.005960240494
2.630399942398	-0.006197744515
2.631999969482	-0.005513008684
2.633599996567	-0.005085984245
2.635200023651	-0.005166688468
2.636800050735	-0.006163984537
2.638399839401	-0.006977968849
2.639999866486	-0.005641872529
2.641599893570	-0.005537888501
2.643199920654	-0.004993136507
2.644799947739	-0.006228144281
2.646399974823	-0.007944032550
2.648000001907	-0.005708592478
2.649600028992	-0.004612512421
2.651199817657	-0.006380464416
2.652799844742	-0.006314352620
2.654399871826	-0.002828752156
2.655999898911	-0.005895632319
2.657599925995	-0.006795184687
2.659199953079	-0.006917440798
2.660799980164	-0.005025680643
2.662400007248	-0.004921344575
2.664000034332	-0.008188832551
2.665599822998	-0.005168400239
2.667199850082	-0.005977168679
2.668799877167	-0.004560592584
2.670399904251	-0.004513920285
2.671999931335	-0.006767008454
2.673599958420	-0.006595136598
2.675199985504	-0.007059504744
2.676800012589	-0.006223344710
2.678400039673	-0.006279744674
2.679999828339	-0.005696384702
2.681599855423	-0.006632512435
2.683199882507	-0.005629264284
2.684799909592	-0.006270240527
2.686399936676	-0.005275296513
2.687999963760	-0.005833472591
2.689599990845	-0.006293040700
2.691200017929	-0.004346176516
2.692800045013	-0.005333392415
2.694399833679	-0.006029184442
2.695999860764	-0.004931728356
2.697599887848	-0.007224256638
2.699199914932	-0.004497280344
2.700799942017	-0.008288321085
2.702399969101	-0.005328528583
2.703999996185	-0.006096560508
2.705600023270	-0.006221216638
2.707200050354	-0.005745200440
2.708799839020	-0.006479632575
2.710399866104	-0.007278816774
2.711999893188	-0.006958320737
2.713599920273	-0.005370656494
2.715199947357	-0.004716512281
2.716799974442	-0.008486480452
2.718400001526	-0.003710288322
2.720000028610	-0.005693408661
2.721599817276	-0.005966912489
2.723199844360	-0.007520528510
2.724799871445	-0.005496992264
2.726399898529	-0.005323568359
2.727999925613	-0.007213472389
2.729599952698	-0.004732144531
2.731199979782	-0.004726864398
2.732800006866	-0.006085408386
2.734400033951	-0.006135472562
2.735999822617	-0.005542416591
2.737599849701	-0.004618192557
2.739199876785	-0.007821696810
2.740799903870	-0.005686080549
2.742399930954	-0.006416096352
2.743999958038	-0.006751104724
2.745599985123	-0.007327728439
2.747200012207	-0.006782224402
2.748800039291	-0.004687280394
2.750399827957	-0.006253168453
2.751999855042	-0.004812304396
2.753599882126	-0.007413488813
2.755199909210	-0.005491536576
2.756799936295	-0.006433328614
2.758399963379	-0.007639456540
2.759999990463	-0.002881344175
2.761600017548	-0.006285104435
2.763200044632	-0.005760784261
2.764799833298	-0.007253280841
2.766399860382	-0.005942848511
2.767999887466	-0.003618192393
2.769599914551	-0.005101056304
2.771199941635	-0.005172320642
2.772799968719	-0.008192560636
2.774399995804	-0.005863616709
2.776000022888	-0.005656880327
2.777599811554	-0.006649152376
2.779199838638	-0.006311984733
2.780799865723	-0.006822816562
2.782399892807	-0.005851904396
2.783999919891	-0.008348880336
2.785599946976	-0.006194944493
2.787199974060	-0.005497488193
2.788800001144	-0.007425136399
2.790400028229	-0.006827376783
2.791999816895	-0.006219728384
2.793599843979	-0.005305280443
2.795199871063	-0.008342112415
2.796799898148	-0.007253264543
2.798399925232	-0.005321664270
2.799999952316	-0.006565808784
2.801599979401	-0.006582768634
2.803200006485	-0.005889728665
2.804800033569	-0.005862016696
2.806399822235	-0.006737744436
2.807999849319	-0.007804336492
2.809599876404	-0.005559040233
2.811199903488	-0.006538368296
2.812799930573	-0.007086704485
2.814399957657	-0.008021696471
2.815999984741	-0.004629328381
2.817600011826	-0.005656608380
2.819200038910	-0.007975264452
2.820799827576	-0.004489792511
2.822399854660	-0.007363632787
2.823999881744	-0.006566352677
2.825599908829	-0.006563984323
2.827199935913	-0.005753136240
2.828799962997	-0.006613888778
2.830399990082	-0.005669920705
2.832000017166	-0.007132560480
2.833600044250	-0.006558400579
2.835199832916	-0.006618496496
2.836799860001	-0.006143408362
2.838399887085	-0.008749824949
2.839999914169	-0.005141600501
2.841599941254	-0.007430096623
2.843199968338	-0.005098368507
2.844799995422	-0.006765568629
2.846400022507	-0.007177568506
2.847999811172	-0.006922864355
2.849599838257	-0.005691680592
2.851199865341	-0.004748304375
2.852799892426	-0.005951280706
2.854399919510	-0.007146096788
2.855999946594	-0.006748432759
2.857599973679	-0.005947376601
2.859200000763	-0.006505632773
2.860800027847	-0.005862768274
2.862399816513	-0.005636128597
2.863999843597	-0.006818544585
2.865599870682	-0.006744176615
2.867199897766	-0.006311840378
2.868799924850	-0.006792528555
2.870399951935	-0.006081776693
2.871999979019	-0.006125584710
2.873600006104	-0.005872816313
2.875200033188	-0.006185824517
2.876799821854	-0.004778192379
2.878399848938	-0.006949120667
2.879999876022	-0.005329040345
2.881599903107	-0.005965488497
2.883199930191	-0.008067680523
2.884799957275	-0.006399824284
2.886399984360	-0.005470256321
2.888000011444	-0.005326448474
2.889600038528	-0.007680256851
2.891199827194	-0.006977328565
2.892799854279	-0.004120960366
2.894399881363	-0.005628688261
2.895999908447	-0.005503664725
2.897599935532	-0.006781968754
2.899199962616	-0.005610096734
2.900799989700	-0.006577680353
2.902400016785	-0.006890176795
2.904000043869	-0.005844512489
2.905599832535	-0.006364128552
2.907199859619	-0.006366352551
2.908799886703	-0.006018816493
2.910399913788	-0.006171712652
2.911999940872	-0.005435824394
2.913599967957	-0.006145808380
2.915199995041	-0.006296096370
2.916800022125	-0.005211344454
2.918399810791	-0.006628960837
2.919999837875	-0.007526000496
2.921599864960	-0.007289168425
2.923199892044	-0.005266640335
2.924799919128	-0.006127488334
2.926399946213	-0.005207696464
2.927999973297	-0.006704800762
2.929600000381	-0.005676896311
2.931200027466	-0.006402976345
2.932799816132	-0.006969808601
2.934399843216	-0.006255664397
2.935999870300	-0.004999216646
2.937599897385	-0.004939888604
2.939199924469	-0.007576320786
2.940799951553	-0.006940208375
2.942399978638	-0.004746352322
2.944000005722	-0.007471776567
2.945600032806	-0.006871584337
2.947199821472	-0.005426624324
2.948799848557	-0.007073024753
2.950399875641	-0.005809584633
2.951999902725	-0.005785712507
2.953599929810	-0.006295088679
2.955199956894	-0.005520160310
2.956799983978	-0.008105888963
2.958400011063	-0.007740048692
2.960000038147	-0.007018288597
2.961599826813	-0.007138320711
2.963199853897	-0.006670928560
2.964799880981	-0.005899408367
2.966399908066	-0.005913680419
2.967999935150	-0.006572112441
2.969599962234	-0.006651152391
2.971199989319	-0.007838544436
2.972800016403	-0.007537056692
2.974400043488	-0.007049136795
2.975999832153	-0.004570592195
2.977599859238	-0.006807824597
2.979199886322	-0.007303024642
2.980799913406	-0.004785488360
2.982399940491	-0.004807984456
2.983999967575	-0.008080672473
2.985599994659	-0.006787504535
2.987200021744	-0.008464608341
2.988799810410	-0.007664464414
2.990399837494	-0.004582784604
2.991999864578	-0.005556224380
2.993599891663	-0.005897184368
2.995199918747	-0.009488112293
2.996799945831	-0.007815312594
2.998399972916	-0.005510048475
3.000000000000	-0.007611392532
3.001600027084	-0.006176368333
3.003199815750	-0.006891392637
3.004799842834	-0.007187520619
3.006399869919	-0.006637504790
3.007999897003	-0.008067809045
3.009599924088	-0.007138288580
3.011199951172	-0.006319680717
3.012799978256	-0.007352688350
3.014400005341	-0.006203760393
3.016000032425	-0.005230944604
3.017599821091	-0.007120688446
3.019199848175	-0.005340960342
3.020799875259	-0.004294048529
3.022399902344	-0.007649680600
3.023999929428	-0.007360416465
3.025599956512	-0.004642528482
3.027199983597	-0.003968032543
3.028800010681	-0.005994384643
3.030400037766	-0.005242768675
3.031999826431	-0.006920576561
3.033599853516	-0.005584816448
3.035199880600	-0.006899840664
3.036799907684	-0.006641392596
3.038399934769	-0.005552592222
3.039999961853	-0.006995072588
3.041599988937	-0.007444624789
3.043200016022	-0.005388688296
3.044799804687	-0.006176944356
3.046399831772	-0.006517856382
3.047999858856	-0.006865664385
3.049599885941	-0.005102896597
3.051199913025	-0.007810160518
3.052799940109	-0.005719936453
3.054399967194	-0.006472288631
3.055999994278	-0.005669488572
3.057600021362	-0.006845008582
3.059199810028	-0.006756112445
3.060799837112	-0.006190480664
3.062399864197	-0.008326864801
3.063999891281	-0.009609408677
3.065599918365	-0.004773744382
3.067199945450	-0.007362544537
3.068799972534	-0.007175424602
3.070399999619	-0.006996528711
3.072000026703	-0.004585872404
3.073599815369	-0.007957568392
3.075199842453	-0.007720688824
3.076799869537	-0.004953408614
3.078399896622	-0.005555664655
3.079999923706	-0.007589072455
3.081599950790	-0.007660896517
3.083199977875	-0.006561840419
3.084800004959	-0.004724752158
3.086400032043	-0.006538192742
3.087999820709	-0.007553392556
3.089599847794	-0.005061584525
3.091199874878	-0.005463712383
3.092799901962	-0.007141808514
3.094399929047	-0.005957408343
3.095999956131	-0.006521184463
3.097599983215	-0.006048928481
3.099200010300	-0.006641296670
3.100800037384	-0.007773712743
3.102399826050	-0.005147760268
3.103999853134	-0.006286960561
3.105599880219	-0.007047792431
3.107199907303	-0.004964352585
3.108799934387	-0.008270512335
3.110399961472	-0.006920000538
3.111999988556	-0.008213968948
3.113600015640	-0.006385104731
3.115199804306	-0.006476832554
3.116799831390	-0.006803440396
3.118399858475	-0.006541552488
3.119999885559	-0.008228928782
3.121599912643	-0.005625824444
3.123199939728	-0.005968176294
3.124799966812	-0.006419376470
3.126399993896	-0.005065088626
3.128000020981	-0.004560320172
3.129599809647	-0.006861856673
3.131199836731	-0.007347872481
3.132799863815	-0.005726800300
3.134399890900	-0.008032528684
3.135999917984	-0.007171360776
3.137599945068	-0.004452656489
3.139199972153	-0.005887472536
3.140799999237	-0.007689792663
3.142400026321	-0.007977697067
3.143999814987	-0.005851808470
3.145599842072	-0.007150656544
3.147199869156	-0.007668176666
3.148799896240	-0.007086608559
3.150399923325	-0.005633408669
3.151999950409	-0.006023328286
3.153599977493	-0.007148960605
3.155200004578	-0.006387856789
3.156800031662	-0.005428016651
3.158399820328	-0.008825184777
3.159999847412	-0.007635712624
3.161599874496	-0.007520048413
3.163199901581	-0.004695120268
3.164799928665	-0.007992672734
3.166399955750	-0.005509984214
3.167999982834	-0.005259200465
3.169600009918	-0.005673440639
3.171200037003	-0.007078032475
3.172799825668	-0.008187072352
3.174399852753	-0.006656688638
3.175999879837	-0.007461488713
3.177599906921	-0.005964592565
3.179199934006	-0.005384224467
3.180799961090	-0.006236880552
3.182399988174	-0.005899840500
3.184000015259	-0.007358352654
3.185599803925	-0.006527856458
3.187199831009	-0.006735424511
3.188799858093	-0.005788400304
3.190399885178	-0.005458464380
3.191999912262	-0.006856064778
3.193599939346	-0.005162768532
3.195199966431	-0.008200272918
3.196799993515	-0.006692848634
3.198400020599	-0.006600096356
3.199999809265	-0.007126672659
3.201599836349	-0.006400544662
3.203199863434	-0.006814096589
3.204799890518	-0.007147840690
3.206399917603	-0.006128368434
3.207999944687	-0.007542480715
3.209599971771	-0.008240561001
3.211199998856	-0.007408336736
3.212800025940	-0.006536896341
3.214399814606	-0.006723136641
3.215999841690	-0.007126752753
3.217599868774	-0.007759136613
3.219199895859	-0.004560816102
3.220799922943	-0.005888016429
3.222399950027	-0.004887376446
3.223999977112	-0.007746688556
3.225600004196	-0.008186496794
3.227200031281	-0.006839696784
3.228799819946	-0.006058928557
3.230399847031	-0.008680592291
3.231999874115	-0.007595952600
3.233599901199	-0.007408336736
3.235199928284	-0.006130704656
3.236799955368	-0.005644896533
3.238399982452	-0.005368288606
3.240000009537	-0.007021904457
3.241600036621	-0.005588928238
3.243199825287	-0.006807376631
3.244799852371	-0.006181712262
3.246399879456	-0.005816208664
3.247999906540	-0.007421232760
3.249599933624	-0.007946416736
3.251199960709	-0.006417728495
3.252799987793	-0.008810784668
3.254400014877	-0.007730528712
3.255999803543	-0.008503088728
3.257599830627	-0.005663632415
3.259199857712	-0.006672704592
3.260799884796	-0.006328288466
3.262399911880	-0.007286832668
3.263999938965	-0.007583904546
3.265599966049	-0.005677504465
3.267199993134	-0.006378976628
3.268800020218	-0.006344784517
3.270399808884	-0.007822833024
3.271999835968	-0.006172528490
3.273599863052	-0.007736704778
3.275199890137	-0.007511104457
3.276799917221	-0.004823264200
3.278399944305	-0.005664656404
3.279999971390	-0.005984000396
3.281599998474	-0.007158224471
3.283200025558	-0.006304128561
3.284799814224	-0.008354048245
3.286399841309	-0.006417168770
3.287999868393	-0.006466256455
3.289599895477	-0.007567696739
3.291199922562	-0.007067520637
3.292799949646	-0.006655056495
3.294399976730	-0.006016816478
3.296000003815	-0.006992256735
3.297600030899	-0.007997584529
3.299199819565	-0.007675008848
3.300799846649	-0.005669936538
3.302399873734	-0.006084992550
3.303999900818	-0.006460240576
3.305599927902	-0.005923936609
3.307199954987	-0.005603680387
3.308799982071	-0.006299232598
3.310400009155	-0.007693696767
3.311999797821	-0.006690592505
3.313599824905	-0.004800528288
3.315199851990	-0.007019184530
3.316799879074	-0.007608752698
3.318399906158	-0.006396176293
3.319999933243	-0.008058992215
3.321599960327	-0.006852032617
3.323199987411	-0.007065392565
3.324800014496	-0.007122224662
3.326399803162	-0.006765808444
3.327999830246	-0.007497536484
3.329599857330	-0.007099344395
3.331199884415	-0.007554384414
3.332799911499	-0.006475552451
3.334399938583	-0.007496464532
3.335999965668	-0.007918545045
3.337599992752	-0.006889632437
3.339200019836	-0.007566272747
3.340799808502	-0.005769792479
3.342399835587	-0.006499728654
3.343999862671	-0.006842944771
3.345599889755	-0.006979360711
3.347199916840	-0.007233552635
3.348799943924	-0.007021040656
3.350399971008	-0.005775744561
3.351999998093	-0.008081360720
3.353600025177	-0.005740224384
3.355199813843	-0.006162560545
3.356799840927	-0.005991264712
3.358399868011	-0.006281472743
3.359999895096	-0.006842704490
3.361599922180	-0.005829904694
3.363199949265	-0.005929632578
3.364799976349	-0.008274881169
3.366400003433	-0.006022336427
3.368000030518	-0.003929024562
3.369599819183	-0.006410528440
3.371199846268	-0.005959584378
3.372799873352	-0.006484400481
3.374399900436	-0.007330528460
3.375999927521	-0.007142224815
3.377599954605	-0.007227600552
3.379199981689	-0.005920144729
3.380800008774	-0.007407376543
3.382399797440	-0.004427568521
3.383999824524	-0.007196128368
3.385599851608	-0.007330608554
3.387199878693	-0.005867808592
3.388799905777	-0.007174928673
3.390399932861	-0.006758128759
3.391999959946	-0.007296128664
3.393599987030	-0.006574464496
3.395200014114	-0.009076977149
3.396799802780	-0.007143440656
3.398399829865	-0.007766080555
3.399999856949	-0.006226784550
3.401599884033	-0.005830320530
3.403199911118	-0.006815760396
3.404799938202	-0.007014192641
3.406399965286	-0.007305344567
3.407999992371	-0.007508544717
3.409600019455	-0.006780928466
3.411199808121	-0.007735376712
3.412799835205	-0.007186112460
3.414399862289	-0.007315072697
3.415999889374	-0.008030832745
3.417599916458	-0.005450544413
3.419199943542	-0.006132400595
3.420799970627	-0.006589088589
3.422399997711	-0.007121088449
3.424000024796	-0.007060624659
3.425599813461	-0.006882944610
3.427199840546	-0.005466272589
3.428799867630	-0.005315056536
3.430399894714	-0.007470784709
3.431999921799	-0.006343568675
3.433599948883	-0.005431936588
3.435199975967	-0.009072977118
3.436800003052	-0.006088096648
3.438400030136	-0.005818896461
3.439999818802	-0.007408336736
3.441599845886	-0.006632208358
3.443199872971	-0.004750656430
3.444799900055	-0.008381136693
3.446399927139	-0.006515552755
3.447999954224	-0.006937168539
3.449599981308	-0.006803248543
3.451200008392	0.008460480720
