0.000000000000	0.021791154519
0.001599999960	0.020749345422
0.003199999919	0.018236801028
0.004799999762	0.019663264975
0.006399999838	0.019869394600
0.007999999449	0.018156545237
0.009599999525	0.017951713875
0.011199999601	0.016615889966
0.012799999677	0.016528209671
0.014399999753	0.018331201747
0.015999998897	0.016991648823
0.017599999905	0.017168832943
0.019199999049	0.016177665442
0.020800000057	0.018872288987
0.022399999201	0.014498513192
0.024000000209	0.015822593123
0.025599999353	0.015410369262
0.027199998498	0.013294048607
0.028799999505	0.015294065699
0.030399998650	0.014990257099
0.031999997795	0.015010673553
0.033599998802	0.014610401355
0.035199999809	0.013059969060
0.036800000817	0.015650128946
0.038399998099	0.014952401631
0.039999999106	0.012107728980
0.041600000113	0.015091281384
0.043199997395	0.011736544780
0.044799998403	0.013463425450
0.046399999410	0.014396545477
0.048000000417	0.012251664884
0.049599997699	0.014164145105
0.051199998707	0.012140081264
0.052799999714	0.013737345114
0.054399996996	0.012596464716
0.055999998003	0.013599729165
0.057599999011	0.009949521162
0.059200000018	0.016648434103
0.060799997300	0.013513681479
0.062399998307	0.011191968806
0.063999995589	0.011705344543
0.065600000322	0.011303825304
0.067199997604	0.013769537210
0.068799994886	0.012348832563
0.070399999619	0.011349696666
0.071999996901	0.011519457214
0.073600001633	0.012340929359
0.075199998915	0.014156753197
0.076799996197	0.010218320414
0.078400000930	0.012103969231
0.079999998212	0.011144656688
0.081599995494	0.012163152918
0.083200000226	0.012663360685
0.084799997509	0.009957873262
0.086399994791	0.011664416641
0.087999999523	0.013269009069
0.089599996805	0.011771344580
0.091199994087	0.009116305038
0.092799998820	0.010552784428
0.094399996102	0.011285024695
0.096000000834	0.011901904829
0.097599998116	0.011123265140
0.099199995399	0.011662000790
0.100800000131	0.011162753217
0.102399997413	0.012073809281
0.103999994695	0.010976256803
0.105599999428	0.011305904947
0.107199996710	0.010605872609
0.108799993992	0.011672064662
0.110399998724	0.011658321135
0.111999996006	0.011276384816
0.113600000739	0.012513249181
0.115199998021	0.010632161051
0.116799995303	0.010108368471
0.118400000036	0.012368705124
0.119999997318	0.010858416557
0.121599994600	0.009371936321
0.123199999332	0.010738449171
0.124799996614	0.012965008616
0.126399993896	0.010142496787
0.127999991179	0.010596240871
0.129600003362	0.009500592947
0.131200000644	0.010753792711
0.132799997926	0.011272224598
0.134399995208	0.010396272875
0.135999992490	0.010813584551
0.137599989772	0.010643952526
0.139200001955	0.011122592725
0.140799999237	0.010750304908
0.142399996519	0.008748688735
0.143999993801	0.009706321172
0.145599991083	0.009138320573
0.147200003266	0.011603104882
0.148800000548	0.009218752384
0.150399997830	0.009933648631
0.151999995112	0.009976784699
0.153599992394	0.010462800972
0.155199989676	0.009077296592
0.156800001860	0.008884256706
0.158399999142	0.009753025137
0.159999996424	0.011459569447
0.161599993706	0.008549696766
0.163199990988	0.010155441239
0.164800003171	0.009709824808
0.166400000453	0.010828240775
0.167999997735	0.008593424223
0.169599995017	0.008929808624
0.171199992299	0.008378032595
0.172799989581	0.010085376911
0.174400001764	0.010286000557
0.175999999046	0.009485664777
0.177599996328	0.009674960747
0.179199993610	0.010576209053
0.180799990892	0.008813216351
0.182399988174	0.009723296389
0.184000000358	0.009497568943
0.185599997640	0.007876289077
0.187199994922	0.007918416522
0.188799992204	0.009413072839
0.190399989486	0.008423760533
0.192000001669	0.007885361090
0.193599998951	0.006669504568
0.195199996233	0.010255808942
0.196799993515	0.009002688341
0.198399990797	0.007681584451
0.199999988079	0.007358960807
0.201600000262	0.009745184332
0.203199997544	0.009097376838
0.204799994826	0.007802944630
0.206399992108	0.009155568667
0.207999989390	0.007427696604
0.209600001574	0.008964880370
0.211199998856	0.007023936603
0.212799996138	0.009203616530
0.214399993420	0.008181968704
0.215999990702	0.008348384872
0.217599987984	0.006745552644
0.219200000167	0.009527152404
0.220799997449	0.008638768457
0.222399994731	0.007606016472
0.223999992013	0.006386464462
0.225599989295	0.008756528609
0.227200001478	0.008007728495
0.228799998760	0.006261744536
0.230399996042	0.007382272743
0.231999993324	0.007220976520
0.233599990606	0.007700544782
0.235199987888	0.008915169165
0.236800000072	0.007056448609
0.238399997354	0.008941536769
0.239999994636	0.008111248724
0.241599991918	0.008353793062
0.243199989200	0.008407088928
0.244799986482	0.008552880958
0.246399998665	0.007864208892
0.247999995947	0.007978288457
0.249599993229	0.008650704287
0.251199990511	0.008173920214
0.252799987793	0.004832976498
0.254399985075	0.006725392770
0.255999982357	0.007229856681
0.257599979639	0.009196177125
0.259200006723	0.009303840809
0.260800004005	0.005972720683
0.262400001287	0.008094160818
0.263999998569	0.006945856381
0.265599995852	0.007411488798
0.267199993134	0.006541904528
0.268799990416	0.004772576503
0.270399987698	0.007234944496
0.271999984980	0.007067120634
0.273599982262	0.008469760418
0.275199979544	0.007431200705
0.276800006628	0.006189312320
0.278400003910	0.008115920238
0.280000001192	0.007135216612
0.281599998474	0.006803968456
0.283199995756	0.007381664589
0.284799993038	0.006889760494
0.286399990320	0.008496816270
0.287999987602	0.005114528351
0.289599984884	0.006420928519
0.291199982166	0.005101216491
0.292799979448	0.009332576767
0.294400006533	0.004667744506
0.296000003815	0.005283536389
0.297600001097	0.007774960715
0.299199998379	0.008742464706
0.300799995661	0.008248160593
0.302399992943	0.005002208520
0.303999990225	0.008038352244
0.305599987507	0.006418720353
0.307199984789	0.007023792714
0.308799982071	0.007254160475
0.310399979353	0.005127840210
0.312000006437	0.005659376271
0.313600003719	0.007516400423
0.315200001001	0.006056416314
0.316799998283	0.005595344584
0.318399995565	0.005991152488
0.319999992847	0.004616816528
0.321599990129	0.008482848294
0.323199987411	0.007438640576
0.324799984694	0.007644416764
0.326399981976	0.005909232423
0.327999979258	0.006096256431
0.329600006342	0.005513728596
0.331200003624	0.006741632707
0.332800000906	0.007683264557
0.334399998188	0.004770224448
0.335999995470	0.006259552669
0.337599992752	0.005997440312
0.339199990034	0.006061248481
0.340799987316	0.003380224342
0.342399984598	0.007961792871
0.343999981880	0.007436448708
0.345599979162	0.006430000532
0.347199976444	0.005333648529
0.348800003529	0.005853008479
0.350400000811	0.003303504316
0.351999998093	0.006734032650
0.353599995375	0.007186320610
0.355199992657	0.004016320221
0.356799989939	0.003668176243
0.358399987221	0.005807536654
0.359999984503	0.005947248545
0.361599981785	0.005253936630
0.363199979067	0.006307120435
0.364799976349	0.005487872288
0.366400003433	0.003806480207
0.368000000715	0.006118496414
0.369599997997	0.007010608446
0.371199995279	0.005285408348
0.372799992561	0.006725120358
0.374399989843	0.006887696683
0.375999987125	0.003100896254
0.377599984407	0.005977840628
0.379199981689	0.006679744460
0.380799978971	0.005604368635
0.382399976254	0.004268816207
0.384000003338	0.005931152496
0.385600000620	0.003935136367
0.387199997902	0.004949232563
0.388799995184	0.008918752894
0.390399992466	0.004847296514
0.391999989748	0.003584768390
0.393599987030	0.004408992361
0.395199984312	0.004396448378
0.396799981594	0.005247136578
0.398399978876	0.004755536560
0.399999976158	0.005160352215
0.401600003242	0.003196272301
0.403200000525	0.004945504479
0.404799997807	0.004235728178
0.406399995089	0.004937040620
0.407999992371	0.002649696078
0.409599989653	0.005478336476
0.411199986935	0.005188400391
0.412799984217	0.006459280383
0.414399981499	0.004916880280
0.415999978781	0.002800480230
0.417599976063	0.002268448239
0.419200003147	0.004910416435
0.420800000429	0.004972848576
0.422399997711	0.003758896375
0.423999994993	0.006124400534
0.425599992275	0.003999456298
0.427199989557	0.006841408554
0.428799986839	0.004330000374
0.430399984121	0.004178304225
0.431999981403	0.005056608468
0.433599978685	0.005060656462
0.435199975967	0.007201952860
0.436800003052	0.002806208096
0.438400000334	0.004826528486
0.439999997616	0.004084288143
0.441599994898	0.005139584187
0.443199992180	0.003996768501
0.444799989462	0.004164640326
0.446399986744	0.003306192346
0.447999984026	0.006825776771
0.449599981308	0.005251376424
0.451199978590	0.003492960241
0.452799975872	0.005234608427
0.454400002956	0.003003728110
0.456000000238	0.003967104480
0.457599997520	0.005654832348
0.459199994802	0.004539472517
0.460799992085	0.001465328154
0.462399989367	0.003819264472
0.463999986649	0.001652608160
0.465599983931	0.003245600266
0.467199981213	0.003252800321
0.468799978495	0.005868800450
0.470399975777	0.004634304438
0.472000002861	0.004943616223
0.473600000143	0.005419648718
0.475199997425	0.003512816271
0.476799994707	0.001966288080
0.478399991989	0.004446832463
0.479999989271	0.003054800211
0.481599986553	0.003889824264
0.483199983835	0.004221024457
0.484799981117	0.002760880161
0.486399978399	0.003732944373
0.487999975681	0.005099488422
0.489599972963	0.003318176139
0.491200000048	0.004200912546
0.492799997330	0.002775168279
0.494399994612	0.004823520314
0.495999991894	0.004096752498
0.497599989176	0.004484368488
0.499199986458	0.004134864546
0.500800013542	0.002858416177
0.502399981022	0.003128192155
0.504000008106	0.003948176280
0.505599975586	0.003267056309
0.507200002670	0.002856992185
0.508799970150	0.005296512507
0.510399997234	0.004512960557
0.511999964714	0.003956256434
0.513599991798	0.004007520154
0.515199959278	0.004954432603
0.516799986362	0.003083248157
0.518400013447	0.002793200314
0.519999980927	0.002940640319
0.521600008011	0.001684064046
0.523199975491	0.002645200118
0.524800002575	0.003126720199
0.526399970055	0.002184624085
0.527999997139	0.001841696212
0.529599964619	0.003625312354
0.531199991703	0.003555792384
0.532799959183	0.003106768243
0.534399986267	0.002684464213
0.536000013351	0.002930320334
0.537599980831	0.003764448222
0.539200007915	0.004185696132
0.540799975395	0.003389872378
0.542400002480	0.000746624020
0.543999969959	0.004522736650
0.545599997044	0.003059888259
0.547199964523	0.002893840196
0.548799991608	0.002730416134
0.550399959087	0.004777856171
0.551999986172	0.002301200293
0.553600013256	0.003358112182
0.555199980736	0.003647856181
0.556800007820	0.004293344449
0.558399975300	0.001396592124
0.560000002384	0.003526416374
0.561599969864	0.002316160128
0.563199996948	0.002971936250
0.564799964428	0.002006720053
0.566399991512	0.004524128512
0.567999958992	0.003210976254
0.569599986076	0.003606208367
0.571200013161	0.001482464140
0.572799980640	0.003887408413
0.574400007725	0.001303792116
0.575999975204	0.004128368571
0.577600002289	0.000735376088
0.579199969769	0.002055440331
0.580799996853	0.002446336206
0.582399964333	0.002007168252
0.583999991417	0.002813440282
0.585599958897	0.003599648364
0.587199985981	0.002459008247
0.588800013065	0.002205856144
0.590399980545	0.000730960048
0.592000007629	0.002575280145
0.593599975109	0.002491968218
0.595200002193	0.003498992417
0.596799969673	0.001742240158
0.598399996758	0.001727456111
0.599999964237	0.002906672191
0.601599991322	0.002639760263
0.603199958801	-0.001170320087
0.604799985886	0.000909600116
0.606400012970	0.002880384214
0.607999980450	0.002614368219
0.609600007534	0.001077168039
0.611199975014	0.001508688205
0.612800002098	0.003222400323
0.614399969578	0.002147504129
0.615999996662	0.001444336143
0.617599964142	0.000210496000
0.619199991226	0.000327520043
0.620799958706	0.002201648196
0.622399985790	0.002404464176
0.624000012875	0.004073952325
0.625599980354	0.002482384210
0.627200007439	0.001474672114
0.628799974918	0.003224864136
0.630400002003	0.004175936338
0.631999969482	0.000164847981
0.633599996567	0.000039135957
0.635199964046	0.002099648118
0.636799991131	0.003117248183
0.638399958611	0.001442576060
0.639999985695	0.000845504052
0.641600012779	0.000900544110
0.643199980259	0.000170720043
0.644800007343	0.001027200138
0.646399974823	0.002753600245
0.648000001907	0.000930816052
0.649599969387	0.001534688170
0.651199996471	0.002433072077
0.652799963951	0.000443008030
0.654399991035	0.001025264035
0.655999958515	0.000694848073
0.657599985600	0.001679744106
0.659200012684	-0.000163392018
0.660799980164	0.001708672149
0.662400007248	-0.000557280087
0.663999974728	0.000772064086
0.665600001812	0.001326592057
0.667199969292	0.003129584249
0.668799996376	-0.000058128007
0.670399963856	0.000922672160
0.671999990940	-0.000669024070
0.673599958420	0.002973824274
0.675199985504	0.002257328248
0.676800012589	0.001708240132
0.678399980068	-0.001219168073
0.680000007153	0.001240672078
0.681599974632	0.002146384213
0.683200001717	0.001453440054
0.684799969196	-0.000663232058
0.686399996281	0.004065008368
0.687999963760	-0.000010768005
0.689599990845	0.001886928105
0.691199958324	0.000488304067
0.692799985409	0.002610928146
0.694399952888	-0.001094432082
0.695999979973	0.000549712102
0.697600007057	-0.000145344035
0.699199974537	0.003232304240
0.700800001621	0.000315968005
0.702399969101	0.000810848025
0.703999996185	0.001551920082
0.705599963665	0.000603072054
0.707199990749	0.000019760035
0.708799958229	-0.000803104078
0.710399985313	0.001317936112
0.711999952793	0.003630640218
0.713599979877	0.000698512013
0.715200006962	0.001974528190
0.716799974442	0.001285968116
0.718400001526	0.001908688108
0.719999969006	0.002084160224
0.721599996090	0.001096976106
0.723199963570	-0.000498336041
0.724799990654	0.000937936071
0.726399958134	0.001065392047
0.727999985218	0.001875888207
0.729599952698	-0.002916032216
0.731199979782	0.001149552059
0.732800006866	-0.000024031957
0.734399974346	0.000018688013
0.736000001431	0.001389408135
0.737599968910	-0.000076128017
0.739199995995	-0.001597488066
0.740799963474	0.003297920339
0.742399990559	0.000320000079
0.743999958038	0.000113615992
0.745599985123	0.000866448099
0.747199952602	0.000025824003
0.748799979687	0.001252128161
0.750400006771	0.000294831960
0.751999974251	0.000822000031
0.753600001335	-0.000084672000
0.755199968815	0.000477775990
0.756799995899	0.003054720350
0.758399963379	-0.000455712026
0.759999990463	-0.000515584077
0.761599957943	0.001867104205
0.763199985027	0.000697344076
0.764799952507	-0.001103328075
0.766399979591	0.002821344184
0.768000006676	-0.000718944008
0.769599974155	-0.000372784038
0.771200001240	0.001301056123
0.772799968719	0.002215984277
0.774399995804	0.000123135949
0.775999963284	-0.001655280124
0.777599990368	0.001345840166
0.779199957848	0.000493552012
0.780799984932	0.002476672176
0.782399952412	-0.000356608041
0.783999979496	-0.000329808012
0.785600006580	0.001026256126
0.787199974060	0.002764960285
0.788800001144	-0.002575360239
0.790399968624	-0.000935344084
0.791999995708	0.001748576062
0.793599963188	0.000868912088
0.795199990273	0.000526576070
0.796799957752	0.000452192005
0.798399984837	-0.001466016052
0.799999952316	0.001827600179
0.801599979401	-0.000100496065
0.803200006485	0.000775840133
0.804799973965	-0.000751376094
0.806400001049	0.000982608064
0.807999968529	0.000722080062
0.809599995613	0.001112640137
0.811199963093	-0.002857408253
0.812799990177	-0.000063632004
0.814399957657	0.001210848102
0.815999984741	0.000334480079
0.817599952221	0.000621248037
0.819199979305	0.000743072073
0.820800006390	0.000011280000
0.822399973869	0.001195040182
0.824000000954	0.001280944096
0.825599968433	0.000728735991
0.827199995518	-0.000634656055
0.828799962997	0.000334607990
0.830399990082	0.001683968119
0.831999957561	-0.001002000063
0.833599984646	0.002163360128
0.835199952126	-0.001239680103
0.836799979210	-0.000453135988
0.838400006294	0.001264384133
0.839999973774	0.000055360015
0.841600000858	0.000576768070
0.843199968338	-0.000461648044
0.844799995422	0.000666384120
0.846399962902	0.001313504064
0.847999989986	0.000663600047
0.849599957466	-0.001483840053
0.851199984550	-0.001566720079
0.852799952030	0.000874784077
0.854399979115	0.000050304046
0.856000006199	-0.004877296276
0.857599973679	-0.000101440026
0.859200000763	0.001782784122
0.860799968243	-0.000728480110
0.862399995327	-0.001687328098
0.863999962807	0.000515696011
0.865599989891	-0.001147424104
0.867199957371	0.000678224023
0.868799984455	-0.000749984058
0.870399951935	-0.000196992012
0.871999979019	-0.001763664186
0.873600006104	-0.001092848135
0.875199973583	-0.000192432039
0.876800000668	-0.000068272027
0.878399968147	-0.003127136268
0.879999995232	-0.000748336024
0.881599962711	-0.000319968036
0.883199989796	0.001343200100
0.884799957275	-0.002486112295
0.886399984360	-0.000459088013
0.887999951839	0.000963504077
0.889599978924	0.000782480056
0.891200006008	-0.002417744137
0.892799973488	-0.001425824128
0.894400000572	0.000437456009
0.895999968052	-0.000539184082
0.897599995136	0.001538656070
0.899199962616	-0.000149680025
0.900799989700	-0.000222623989
0.902399957180	-0.001505968045
0.903999984264	0.002113680122
0.905599951744	0.000600640022
0.907199978828	-0.001859936165
0.908800005913	-0.000016272012
0.910399973392	0.000169856037
0.912000000477	-0.000079328005
0.913599967957	-0.000167616003
0.915199995041	-0.001838320168
0.916799962521	0.001095280168
0.918399989605	-0.000286528026
0.919999957085	-0.001057584072
0.921599984169	-0.000977760064
0.923199951649	-0.000123200036
0.924799978733	-0.000211344042
0.926400005817	0.002127440181
0.927999973297	-0.001860656193
0.929600000381	-0.001289632055
0.931199967861	-0.001311984146
0.932799994946	-0.000752128079
0.934399962425	-0.002990736160
0.935999989510	-0.000507072022
0.937599956989	-0.002979760291
0.939199984074	0.000920672028
0.940799951553	-0.001297184033
0.942399978638	-0.001307136146
0.944000005722	-0.002204144141
0.945599973202	-0.000215487962
0.947200000286	-0.000221248003
0.948799967766	0.000330896117
0.950399994850	0.000180128016
0.951999962330	-0.000041455987
0.953599989414	-0.003946352284
0.955199956894	0.000225120006
0.956799983978	-0.000316639984
0.958399951458	-0.002068848116
0.959999978542	-0.001870576176
0.961599946022	0.001613536151
0.963199973106	-0.002739408286
0.964800000191	-0.001662896131
0.966399967670	-0.002326496178
0.967999994755	-0.001326848171
0.969599962234	0.000217120018
0.971199989319	-0.001039664145
0.972799956799	-0.001836176147
0.974399983883	-0.000936224067
0.975999951363	0.001000224147
0.977599978447	-0.000509312085
0.979199945927	-0.003507952206
0.980799973011	-0.002813840285
0.982400000095	0.000787152036
0.983999967575	-0.000534208026
0.985599994659	-0.002986976178
0.987199962139	-0.002814640291
0.988799989223	-0.000427152001
0.990399956703	-0.000897888036
0.991999983788	-0.001495488104
0.993599951267	-0.002383984160
0.995199978352	-0.001878800103
0.996799945831	-0.002370112110
0.998399972916	-0.000240144058
1.000000000000	-0.002802912146
1.001600027084	-0.002261376241
1.003199934959	-0.000536144013
1.004799962044	-0.001054576132
1.006399989128	-0.000501776056
1.008000016212	-0.001330032130
1.009599924088	-0.002657040255
1.011199951172	-0.000489376020
1.012799978256	-0.000073407980
1.014400005341	-0.000449072046
1.016000032425	-0.003550848225
1.017599940300	-0.000835824059
1.019199967384	-0.001386304153
1.020799994469	-0.000921296072
1.022400021553	-0.002915696241
1.023999929428	-0.000457888062
1.025599956512	-0.000217904060
1.027199983597	-0.001137168147
1.028800010681	0.000740240037
1.030399918556	-0.001808048110
1.031999945641	-0.001109440112
1.033599972725	-0.002788208192
1.035199999809	-0.002742336132
1.036800026894	-0.002693040296
1.038399934769	-0.001671248116
1.039999961853	-0.001559776021
1.041599988937	-0.002811552258
1.043200016022	-0.001202960149
1.044799923897	-0.001760656131
1.046399950981	-0.002410736168
1.047999978065	0.001508128131
1.049600005150	-0.000495344051
1.051200032234	-0.002671872266
1.052799940109	-0.004279200453
1.054399967194	-0.002593872370
1.055999994278	-0.000280912034
1.057600021362	-0.001779936254
1.059199929237	-0.001664288109
1.060799956322	-0.004738144577
1.062399983406	-0.001804176136
1.064000010490	-0.002417744137
1.065599918365	-0.000445680023
1.067199945450	-0.004753696267
1.068799972534	-0.001040544012
1.070399999619	-0.001200128114
1.072000026703	0.000656320073
1.073599934578	-0.003774128156
1.075199961662	-0.001520928112
1.076799988747	-0.004579296336
1.078400015831	-0.001655488159
1.079999923706	-0.001417408115
1.081599950790	-0.002500480274
1.083199977875	-0.001224560081
1.084800004959	-0.003081792267
1.086400032043	0.001164784189
1.087999939919	-0.000435856055
1.089599967003	-0.002701600315
1.091199994087	-0.002035568235
1.092800021172	-0.000729168067
1.094399929047	-0.002628672170
1.095999956131	-0.003461952321
1.097599983215	-0.002424512058
1.099200010300	-0.002173760207
1.100799918175	-0.001347664162
1.102399945259	-0.002889232244
1.103999972343	-0.002368128160
1.105599999428	-0.002176928101
1.107200026512	-0.002612960292
1.108799934387	-0.000400464050
1.110399961472	0.000145856015
1.111999988556	-0.001675120089
1.113600015640	-0.001713760197
1.115199923515	-0.001133488026
1.116799950600	-0.002706176136
1.118399977684	-0.001588864136
1.120000004768	-0.002434928203
1.121599912643	-0.002497216221
1.123199939728	-0.003097744426
1.124799966812	-0.001049200073
1.126399993896	-0.003423472401
1.128000020981	-0.001449344098
1.129599928856	-0.000210944054
1.131199955940	-0.004371568561
1.132799983025	-0.003164448310
1.134400010109	-0.000478896050
1.135999917984	-0.003699968336
1.137599945068	-0.002917248290
1.139199972153	-0.001087440061
1.140799999237	-0.002543072216
1.142400026321	-0.004781024531
1.143999934196	-0.002205408178
1.145599961281	-0.003495600307
1.147199988365	-0.001734704128
1.148800015450	-0.004401616286
1.150399923325	-0.001757616061
1.151999950409	-0.003397456370
1.153599977493	-0.000147312050
1.155200004578	-0.001397088170
1.156799912453	-0.002478368348
1.158399939537	-0.001574560185
1.159999966621	-0.003062640317
1.161599993706	-0.003273664275
1.163200020790	-0.002606272232
1.164799928665	-0.003516736208
1.166399955750	-0.001230928116
1.167999982834	-0.002305072267
1.169600009918	0.000127024003
1.171199917793	-0.004005984403
1.172799944878	-0.001068096142
1.174399971962	-0.001524128136
1.175999999046	-0.003428400261
1.177600026131	-0.004726128187
1.179199934006	-0.001144400099
1.180799961090	-0.004137280397
1.182399988174	-0.003578000469
1.184000015259	-0.001347408164
1.185599923134	-0.003323904239
1.187199950218	-0.003582032397
1.188799977303	-0.002684560139
1.190400004387	-0.003031072207
1.191999912262	-0.003144208342
1.193599939346	-0.004763152450
1.195199966431	-0.001468032133
1.196799993515	-0.001377488137
1.198400020599	-0.004158784170
1.199999928474	-0.002286688192
1.201599955559	-0.003209360177
1.203199982643	-0.002819216112
1.204800009727	-0.002564048162
1.206399917603	-0.002368064132
1.207999944687	-0.001658816240
1.209599971771	-0.003797584213
1.211199998856	-0.003024976235
1.212800025940	0.000956464093
1.214399933815	-0.001336608082
1.215999960899	-0.005062480457
1.217599987984	-0.003373568412
1.219200015068	0.000166816011
1.220799922943	-0.000698016083
1.222399950027	-0.003677760251
1.223999977112	-0.004911952186
1.225600004196	-0.002282288158
1.227199912071	-0.000745136000
1.228799939156	-0.001951696235
1.230399966240	-0.002292192075
1.231999993324	-0.003675264306
1.233600020409	-0.001771280193
1.235199928284	-0.001008000108
1.236799955368	-0.002309568226
1.238399982452	-0.003426288255
1.240000009537	-0.003525024280
1.241599917412	-0.001872928115
1.243199944496	-0.003661072347
1.244799971581	-0.003890288295
1.246399998665	-0.003339312272
1.248000025749	-0.001197776059
1.249599933624	-0.002748528263
1.251199960709	-0.001890976215
1.252799987793	-0.005208928604
1.254400014877	-0.000230816004
1.255999922752	-0.002802400151
1.257599949837	-0.002658192301
1.259199976921	-0.002383760177
1.260800004005	-0.002459152136
1.262399911880	-0.004050960299
1.263999938965	-0.003894192399
1.265599966049	-0.004020224325
1.267199993134	-0.003293472342
1.268800020218	-0.003367856378
1.270399928093	-0.002032112097
1.271999955177	-0.002504160162
1.273599982262	-0.003456688253
1.275200009346	-0.003458496416
1.276799917221	-0.000927120040
1.278399944305	-0.002392112045
1.279999971390	-0.002939024242
1.281599998474	-0.003285584273
1.283200025558	-0.000795952103
1.284799933434	-0.003228640184
1.286399960518	-0.002275728155
1.287999987602	-0.003520784201
1.289600014687	-0.001280768076
1.291199922562	-0.002327680122
1.292799949646	-0.002484704135
1.294399976730	-0.002493904205
1.296000003815	-0.003558144206
1.297599911690	-0.004331520293
1.299199938774	-0.002056336263
1.300799965858	-0.002043872140
1.302399992943	-0.003008272266
1.304000020027	-0.003537072334
1.305599927902	-0.002764192177
1.307199954987	-0.002370032249
1.308799982071	-0.002865296323
1.310400009155	-0.003575168317
1.311999917030	-0.004354400560
1.313599944115	-0.002945152344
1.315199971199	-0.003513696371
1.316799998283	-0.003355264198
1.318400025368	-0.001841424149
1.319999933243	-0.004085568246
1.321599960327	-0.004794352222
1.323199987411	-0.004493712448
1.324800014496	-0.000953024020
1.326399922371	-0.002521968214
1.327999949455	-0.003108640434
1.329599976540	-0.005266544409
1.331200003624	-0.003123232163
1.332799911499	-0.001862288103
1.334399938583	-0.000824544113
1.335999965668	-0.002310400130
1.337599992752	-0.004233328160
1.339200019836	-0.001721024164
1.340799927711	-0.004347152542
1.342399954796	-0.004429520573
1.343999981880	-0.002348912181
1.345600008965	-0.003064784221
1.347199916840	-0.004389392212
1.348799943924	-0.002462832257
1.350399971008	-0.005110512488
1.351999998093	-0.002556240186
1.353600025177	-0.003237072378
1.355199933052	-0.002939200262
1.356799960136	-0.002130912151
1.358399987221	-0.003504768247
1.360000014305	-0.003159728367
1.361599922180	-0.002286592266
1.363199949265	-0.004675536416
1.364799976349	-0.003374224296
1.366400003433	-0.007136496715
1.367999911308	-0.002590192249
1.369599938393	-0.003618608229
1.371199965477	-0.004063504282
1.372799992561	-0.003291584319
1.374400019646	-0.001614848152
1.375999927521	-0.004095536191
1.377599954605	-0.004820688628
1.379199981689	-0.002293616068
1.380800008774	-0.002070688177
1.382399916649	-0.005332096480
1.383999943733	-0.003438192420
1.385599970818	-0.001570128137
1.387199997902	-0.003310224274
1.388799905777	-0.005143472459
1.390399932861	-0.004954368342
1.391999959946	-0.004509568214
1.393599987030	-0.004415136296
1.395200014114	-0.002657696139
1.396799921989	-0.005025120452
1.398399949074	-0.002508528298
1.399999976158	-0.002305632224
1.401600003242	-0.003412400372
1.403199911118	-0.003286576364
1.404799938202	-0.002742064418
1.406399965286	-0.002735088114
1.407999992371	-0.005481744651
1.409600019455	-0.003118592314
1.411199927330	-0.005231904332
1.412799954414	-0.005717296619
1.414399981499	-0.002176528098
1.416000008583	-0.000801840040
1.417599916458	-0.003673200263
1.419199943542	-0.006315648556
1.420799970627	-0.002182016149
1.422399997711	-0.002770912368
1.423999905586	-0.004778528586
1.425599932671	-0.005715792533
1.427199959755	-0.005886656698
1.428799986839	-0.004455072340
1.430400013924	-0.003385136370
1.431999921799	-0.005155328661
1.433599948883	-0.004356352147
1.435199975967	-0.005994432606
1.436800003052	-0.003200800158
1.438399910927	-0.004862144589
1.439999938011	-0.004510672297
1.441599965096	-0.002159184078
1.443199992180	-0.003645552322
1.444800019264	-0.000495744054
1.446399927139	-0.003513120348
1.447999954224	-0.005398192443
1.449599981308	-0.003191312309
1.451200008392	-0.001893568086
1.452799916267	-0.005723968614
1.454399943352	-0.004624608438
1.455999970436	-0.002635648241
1.457599997520	-0.003053168301
1.459199905396	-0.002138272161
1.460799932480	-0.003487168346
1.462399959564	-0.003081584349
1.463999986649	-0.004002336413
1.465600013733	-0.003488992341
1.467199921608	-0.002640784252
1.468799948692	-0.004899072461
1.470399975777	-0.002885584254
1.472000002861	-0.002350352239
1.473599910736	-0.005929376464
1.475199937820	-0.004439168144
1.476799964905	-0.004949760158
1.478399991989	-0.003305984195
1.480000019073	-0.003417600179
1.481599926949	-0.005665168632
1.483199954033	-0.003028720152
1.484799981117	-0.002370208269
1.486400008202	-0.003021648154
1.487999916077	-0.004571312573
1.489599943161	-0.002897984348
1.491199970245	-0.002799552167
1.492799997330	-0.006549248472
1.494399905205	-0.002270432189
1.495999932289	-0.003870368237
1.497599959373	-0.002314832062
1.499199986458	-0.003527408233
1.500800013542	-0.003866448300
1.502399921417	-0.002480400261
1.503999948502	-0.002754992340
1.505599975586	-0.003108256264
1.507200002670	-0.003959024325
1.508799910545	-0.004552112427
1.510399937630	-0.005028928630
1.511999964714	-0.003396368353
1.513599991798	-0.002587104216
1.515200018883	-0.002283520065
1.516799926758	-0.003369056387
1.518399953842	-0.005726128351
1.519999980927	-0.003331952263
1.521600008011	-0.004055888392
1.523199915886	-0.004385440145
1.524799942970	-0.003968640231
1.526399970055	-0.003489616327
1.527999997139	-0.004742576275
1.529599905014	-0.003405600321
1.531199932098	-0.003580992343
1.532799959183	-0.004573152401
1.534399986267	-0.003574256320
1.536000013351	-0.004993776325
1.537599921227	-0.004571680445
1.539199948311	-0.003198912367
1.540799975395	-0.004359824583
1.542400002480	-0.002972080372
1.543999910355	-0.002730624285
1.545599937439	-0.006397808436
1.547199964523	-0.002208544174
1.548799991608	-0.003338144394
1.550400018692	-0.004995008465
1.551999926567	-0.004405984189
1.553599953651	-0.005950832274
1.555199980736	-0.003497936297
1.556800007820	-0.003303520381
1.558399915695	-0.002980096266
1.559999942780	-0.006751968525
1.561599969864	-0.003607872408
1.563199996948	-0.003579136217
1.564799904823	-0.003128272248
1.566399931908	-0.003964240197
1.567999958992	-0.004674864467
1.569599986076	-0.003827328328
1.571200013161	-0.004411056172
1.572799921036	-0.001798624173
1.574399948120	-0.003122416325
1.575999975204	-0.004219232127
1.577600002289	-0.003652768210
1.579199910164	-0.003266912187
1.580799937248	-0.004992448259
1.582399964333	-0.004651632160
1.583999991417	-0.005565536674
1.585600018501	-0.002949712332
1.587199926376	-0.003770320443
1.588799953461	-0.005104432348
1.590399980545	-0.005850720685
1.592000007629	-0.004447968211
1.593599915504	-0.004124480300
1.595199942589	-0.003683984280
1.596799969673	-0.004437264521
1.598399996758	-0.003270208370
1.599999904633	-0.004035952501
1.601599931717	-0.003772064345
1.603199958801	-0.005982000381
1.604799985886	-0.002607776085
1.606400012970	-0.003905168269
1.607999920845	-0.002767120255
1.609599947929	-0.006568416487
1.611199975014	-0.003739728360
1.612800002098	-0.004021728411
1.614399909973	-0.001931584207
1.615999937057	-0.006018256303
1.617599964142	-0.005754208658
1.619199991226	-0.003013008274
1.620800018311	-0.003818192286
1.622399926186	-0.004031344317
1.623999953270	-0.003350128187
1.625599980354	-0.003375456436
1.627200007439	-0.004734368529
1.628799915314	-0.003937472124
1.630399942398	-0.003016016213
1.631999969482	-0.005727200303
1.633599996567	-0.005007728469
1.635199904442	-0.002636320191
1.636799931526	-0.005284448620
1.638399958611	-0.005665968638
1.639999985695	-0.003798864316
1.641600012779	-0.004126064479
1.643199920654	-0.005159024149
1.644799947739	-0.005353504326
1.646399974823	-0.003732512239
1.648000001907	-0.006237280555
1.649599909782	-0.002303488320
1.651199936867	-0.004331408534
1.652799963951	-0.004595280159
1.654399991035	-0.004271168262
1.655999898911	-0.003237232333
1.657599925995	-0.003914304543
1.659199953079	-0.002884608228
1.660799980164	-0.003398768371
1.662400007248	-0.004309088457
1.663999915123	-0.003659328446
1.665599942207	-0.003953360487
1.667199969292	-0.005934864748
1.668799996376	-0.005077184178
1.670399904251	-0.003913264256
1.671999931335	-0.005048080347
1.673599958420	-0.005004256498
1.675199985504	-0.005216080695
1.676800012589	-0.004464976490
1.678399920464	-0.005226944573
1.679999947548	-0.004870976321
1.681599974632	-0.005245776381
1.683200001717	-0.005857296288
1.684799909592	-0.003518016310
1.686399936676	-0.004129904322
1.687999963760	-0.002921648324
1.689599990845	-0.003843824379
1.691199898720	-0.007380096707
1.692799925804	-0.002646016190
1.694399952888	-0.003327728249
1.695999979973	-0.003971200436
1.697600007057	-0.006265056785
1.699199914932	-0.001671472099
1.700799942017	-0.004505520221
1.702399969101	-0.004133792128
1.703999996185	-0.004673088435
1.705599904060	-0.004076032434
1.707199931145	-0.003306272207
1.708799958229	-0.004014656413
1.710399985313	-0.004275904503
1.712000012398	-0.005560672376
1.713599920273	-0.004781328607
1.715199947357	-0.004033376463
1.716799974442	-0.005145808216
1.718400001526	-0.006531936582
1.719999909401	-0.004249616526
1.721599936485	-0.005813632626
1.723199963570	-0.005482848268
1.724799990654	-0.003641984193
1.726399898529	-0.005596704315
1.727999925613	-0.003227504203
1.729599952698	-0.005526736379
1.731199979782	-0.002780528273
1.732800006866	-0.006957648322
1.734399914742	-0.004344480578
1.735999941826	-0.007880913094
1.737599968910	-0.003250560258
1.739199995995	-0.004831968341
1.740799903870	-0.004988976289
1.742399930954	-0.003777312348
1.743999958038	-0.003590000328
1.745599985123	-0.003974576481
1.747200012207	-0.005424896255
1.748799920082	-0.002918960294
1.750399947166	-0.004335936159
1.751999974251	-0.004368656315
1.753600001335	-0.003148784162
1.755199909210	-0.004744624253
1.756799936295	-0.005348080304
1.758399963379	-0.005733072292
1.759999990463	-0.003320128191
1.761599898338	-0.005239056423
1.763199925423	-0.007176784799
1.764799952507	-0.006469728425
1.766399979591	-0.005168400239
1.768000006676	-0.003396976274
1.769599914551	-0.004831072409
1.771199941635	-0.005945248529
1.772799968719	-0.004431920592
1.774399995804	-0.004201872274
1.775999903679	-0.005336496513
1.777599930763	-0.006101184525
1.779199957848	-0.004486464430
1.780799984932	-0.004299600143
1.782400012016	-0.005822048523
1.783999919891	-0.003810944268
1.785599946976	-0.005732000340
1.787199974060	-0.003499776358
1.788800001144	-0.004636864178
1.790399909019	-0.003790720366
1.791999936104	-0.004886896349
1.793599963188	-0.003708112286
1.795199990273	-0.004253440537
1.796799898148	-0.002346704248
1.798399925232	-0.006041664630
1.799999952316	-0.005274688359
1.801599979401	-0.005529568531
1.803200006485	-0.004174992442
1.804799914360	-0.003436832223
1.806399941444	-0.004376128316
1.807999968529	-0.005821568426
1.809599995613	-0.004774032626
1.811199903488	-0.006319264416
1.812799930573	-0.003409840167
1.814399957657	-0.003582816338
1.815999984741	-0.003887648229
1.817600011826	-0.004292528145
1.819199919701	-0.005977024324
1.820799946785	-0.004660832230
1.822399973869	-0.004126944114
1.824000000954	-0.004763760604
1.825599908829	-0.004756512120
1.827199935913	-0.004743040539
1.828799962997	-0.004020224325
1.830399990082	-0.005829552654
1.831999897957	-0.004443104379
1.833599925041	-0.004093616270
1.835199952126	-0.003026864259
1.836799979210	-0.006637216546
1.838400006294	-0.006438112352
1.839999914169	-0.005258944351
1.841599941254	-0.004237664398
1.843199968338	-0.004267872311
1.844799995422	-0.005069744308
1.846399903297	-0.004023520276
1.847999930382	-0.003955904394
1.849599957466	-0.004019072279
1.851199984550	-0.004919408355
1.852800011635	-0.003964736126
1.854399919510	-0.006320432760
1.855999946594	-0.004663328175
1.857599973679	-0.006479664240
1.859200000763	-0.004630080424
1.860799908638	-0.002840352245
1.862399935722	-0.005988448393
1.863999962807	-0.005075600464
1.865599989891	-0.006818128284
1.867199897766	-0.003217872232
1.868799924850	-0.004705280531
1.870399951935	-0.003719584318
1.871999979019	-0.003781760344
1.873600006104	-0.006229904480
1.875199913979	-0.005899440497
1.876799941063	-0.004254544154
1.878399968147	-0.004229344428
1.879999995232	-0.007902128622
1.881599903107	-0.004581760149
1.883199930191	-0.005997200496
1.884799957275	-0.003461296437
1.886399984360	-0.005428016186
1.888000011444	-0.004095920362
1.889599919319	-0.007169904653
1.891199946404	-0.004337392282
1.892799973488	-0.004595440347
1.894400000572	-0.003540240228
1.895999908447	-0.005844832398
1.897599935532	-0.005461712368
1.899199962616	-0.005272064358
1.900799989700	-0.004126464482
1.902399897575	-0.004981584381
1.903999924660	-0.004672544543
1.905599951744	-0.004362176172
1.907199978828	-0.004103024490
1.908800005913	-0.004851936363
1.910399913788	-0.005176096223
1.911999940872	-0.004637728445
1.913599967957	-0.004372896161
1.915199995041	-0.007170560770
1.916799902916	-0.002352752257
1.918399930000	-0.005304784514
1.919999957085	-0.004154416267
1.921599984169	-0.006647184491
1.923199892044	-0.003137312131
1.924799919128	-0.004316352308
1.926399946213	-0.006110624410
1.927999973297	-0.005657680333
1.929600000381	-0.006611520424
1.931199908257	-0.004848384298
1.932799935341	-0.005819824524
1.934399962425	-0.005099216476
1.935999989510	-0.005303840619
1.937599897385	-0.004755616188
1.939199924469	-0.005440704525
1.940799951553	-0.007097264752
1.942399978638	-0.004769328516
1.944000005722	-0.006014832295
1.945599913597	-0.005996304564
1.947199940681	-0.004117104225
1.948799967766	-0.003856640309
1.950399994850	-0.004143344238
1.951999902725	-0.005531856325
1.953599929810	-0.005520576611
1.955199956894	-0.003788480302
1.956799983978	-0.005641296506
1.958399891853	-0.004177536350
1.959999918938	-0.004042864311
1.961599946022	-0.004539744463
1.963199973106	-0.007141680457
1.964800000191	-0.006084784400
1.966399908066	-0.004367584363
1.967999935150	-0.003823408391
1.969599962234	-0.006784944329
1.971199989319	-0.004725712352
1.972799897194	-0.003097968409
1.974399924278	-0.004842544440
1.975999951363	-0.006244512741
1.977599978447	-0.004523520358
1.979200005531	-0.005660848692
1.980799913406	-0.004557248205
1.982399940491	-0.006615136750
1.983999967575	-0.003290144261
1.985599994659	-0.005923776422
1.987199902534	-0.005997040309
1.988799929619	-0.004811120220
1.990399956703	-0.006216720678
1.991999983788	-0.005167008378
1.993599891663	-0.004020464141
1.995199918747	-0.005112864543
1.996799945831	-0.004598832224
1.998399972916	-0.003820608370
2.000000000000	-0.004917184357
2.001600027084	-0.007201600354
2.003200054169	-0.004387696274
2.004799842834	-0.003775248304
2.006399869919	-0.005612896290
2.007999897003	-0.004834368359
2.009599924088	-0.005291280337
2.011199951172	-0.005254496355
2.012799978256	-0.002752832137
2.014400005341	-0.005748976488
2.016000032425	-0.007424432784
2.017600059509	-0.006960208528
2.019199848175	-0.004353584256
2.020799875259	-0.006334816571
2.022399902344	-0.003435536288
2.023999929428	-0.005723936483
2.025599956512	-0.003077024361
2.027199983597	-0.005846144632
2.028800010681	-0.005628848448
2.030400037766	-0.003632768290
2.032000064850	-0.005412256345
2.033599853516	-0.003601456294
2.035199880600	-0.006597392727
2.036799907684	-0.005311216693
2.038399934769	-0.007442688569
2.039999961853	-0.004816832487
2.041599988937	-0.007803952787
2.043200016022	-0.004879088607
2.044800043106	-0.005415296648
2.046399831772	-0.007074368652
2.047999858856	-0.004424032290
2.049599885941	-0.006700096652
2.051199913025	-0.004768528510
2.052799940109	-0.006614720449
2.054399967194	-0.004424816463
2.055999994278	-0.008498816751
2.057600021362	-0.006293104496
2.059200048447	-0.006124496460
2.060799837112	-0.004145024344
2.062399864197	-0.007872432470
2.063999891281	-0.005932912696
2.065599918365	-0.006125008687
2.067199945450	-0.005313952453
2.068799972534	-0.004901504610
2.070399999619	-0.006860464811
2.072000026703	-0.003802960273
2.073600053787	-0.006355328485
2.075199842453	-0.004671504255
2.076799869537	-0.005783744622
2.078399896622	-0.003956720233
2.079999923706	-0.005002176389
2.081599950790	-0.004600464366
2.083199977875	-0.004356752150
2.084800004959	-0.006590752397
2.086400032043	-0.005886944477
2.088000059128	-0.005386400502
2.089599847794	-0.001849568216
2.091199874878	-0.006236560643
2.092799901962	-0.005977552384
2.094399929047	-0.004264720250
2.095999956131	-0.005993184634
2.097599983215	-0.004528144374
2.099200010300	-0.004488384351
2.100800037384	-0.006445536390
2.102400064468	-0.007205968723
2.103999853134	-0.004538368434
2.105599880219	-0.006678048521
2.107199907303	-0.006327136420
2.108799934387	-0.007057376672
2.110399961472	-0.004694048315
2.111999988556	-0.007670176681
2.113600015640	-0.004194736481
2.115200042725	-0.005543856416
2.116799831390	-0.006852928549
2.118399858475	-0.005486880429
2.119999885559	-0.006068016402
2.121599912643	-0.003477952210
2.123199939728	-0.004081536550
2.124799966812	-0.003641328309
2.126399993896	-0.007381312549
2.128000020981	-0.003252960276
2.129600048065	-0.005633152556
2.131199836731	-0.005830976646
2.132799863815	-0.004889888223
2.134399890900	-0.007509616669
2.135999917984	-0.006749808323
2.137599945068	-0.004658000544
2.139199972153	-0.002481776290
2.140799999237	-0.006227536593
2.142400026321	-0.007534288801
2.144000053406	-0.006944720633
2.145599842072	-0.003175824415
2.147199869156	-0.004940752406
2.148799896240	-0.005723072682
2.150399923325	-0.005176128354
2.151999950409	-0.006399488542
2.153599977493	-0.006197584327
2.155200004578	-0.007153296378
2.156800031662	-0.006183440331
2.158400058746	-0.006043248344
2.159999847412	-0.004691408481
2.161599874496	-0.006382624619
2.163199901581	-0.005702192429
2.164799928665	-0.006208208390
2.166399955750	-0.006815776695
2.167999982834	-0.006385616492
2.169600009918	-0.005162912421
2.171200037003	-0.006427008659
2.172800064087	-0.007068288513
2.174399852753	-0.006938896608
2.175999879837	-0.004353376105
2.177599906921	-0.005643440410
2.179199934006	-0.005433520302
2.180799961090	-0.007365728728
2.182399988174	-0.004356048536
2.184000015259	-0.006971856579
2.185600042343	-0.005218240432
2.187199831009	-0.005284560379
2.188799858093	-0.006262688432
2.190399885178	-0.005264592357
2.191999912262	-0.005194512662
2.193599939346	-0.006195264403
2.195199966431	-0.005746560637
2.196799993515	-0.006250544451
2.198400020599	-0.005483440589
2.200000047684	-0.007232288364
2.201599836349	-0.007488736417
2.203199863434	-0.005002960563
2.204799890518	-0.004357680213
2.206399917603	-0.007386992685
2.207999944687	-0.005349248182
2.209599971771	-0.005974896718
2.211199998856	-0.006257136352
2.212800025940	-0.006635552738
2.214400053024	-0.005242368672
2.215999841690	-0.006920016371
2.217599868774	-0.006019168533
2.219199895859	-0.006938912440
2.220799922943	-0.004874160513
2.222399950027	-0.006500544492
2.223999977112	-0.004113568459
2.225600004196	-0.008669328876
2.227200031281	-0.004236448556
2.228800058365	-0.003904320300
2.230399847031	-0.005165312439
2.231999874115	-0.005673760548
2.233599901199	-0.005960944574
2.235199928284	-0.005817552563
2.236799955368	-0.005000176374
2.238399982452	-0.004559504334
2.240000009537	-0.007552096620
2.241600036621	-0.003222048283
2.243199825287	-0.006778880488
2.244799852371	-0.005889008287
2.246399879456	-0.003279728349
2.247999906540	-0.005187696312
2.249599933624	-0.004926448222
2.251199960709	-0.006553008687
2.252799987793	-0.006534352433
2.254400014877	-0.006103232503
2.256000041962	-0.005389152560
2.257599830627	-0.004135024268
2.259199857712	-0.007198320702
2.260799884796	-0.005403456278
2.262399911880	-0.006073760334
2.263999938965	-0.005313472357
2.265599966049	-0.004728688393
2.267199993134	-0.005275776610
2.268800020218	-0.006964336615
2.270400047302	-0.003920000512
2.271999835968	-0.005747248419
2.273599863052	-0.005465184338
2.275199890137	-0.007634768728
2.276799917221	-0.005251440220
2.278399944305	-0.006100592669
2.279999971390	-0.004887728486
2.281599998474	-0.006199120544
2.283200025558	-0.004164384212
2.284800052643	-0.005224128254
2.286399841309	-0.004757936578
2.287999868393	-0.005219584331
2.289599895477	-0.005628800485
2.291199922562	-0.005278912373
2.292799949646	-0.004193264525
2.294399976730	-0.005816928577
2.296000003815	-0.004766160157
2.297600030899	-0.007523248438
2.299200057983	-0.006229104474
2.300799846649	-0.006084752735
2.302399873734	-0.005370848347
2.303999900818	-0.006032192614
2.305599927902	-0.005256768316
2.307199954987	-0.005464032292
2.308799982071	-0.005917600356
2.310400009155	-0.007081120741
2.312000036240	-0.005390288308
2.313599824905	-0.005935808644
2.315199851990	-0.004667024594
2.316799879074	-0.005136912223
2.318399906158	-0.004879824352
2.319999933243	-0.005913936533
2.321599960327	-0.005813856609
2.323199987411	-0.005431296304
2.324800014496	-0.005027152598
2.326400041580	-0.005054384470
2.327999830246	-0.006610912737
2.329599857330	-0.005537824705
2.331199884415	-0.005030304659
2.332799911499	-0.007042176556
2.334399938583	-0.006891056430
2.335999965668	-0.005435136613
2.337599992752	-0.005370144267
2.339200019836	-0.006380064413
2.340800046921	-0.008223232813
2.342399835587	-0.004983120598
2.343999862671	-0.004385072272
2.345599889755	-0.007114176638
2.347199916840	-0.007106512785
2.348799943924	-0.007497648709
2.350399971008	-0.005822656676
2.351999998093	-0.005211728625
2.353600025177	-0.005895904265
2.355200052261	-0.006948704831
2.356799840927	-0.003982896451
2.358399868011	-0.005233072210
2.359999895096	-0.005538384430
2.361599922180	-0.007001904771
2.363199949265	-0.004282496404
2.364799976349	-0.003589232219
2.366400003433	-0.008305872791
2.368000030518	-0.003634576220
2.369600057602	-0.006279840600
2.371199846268	-0.005199872423
2.372799873352	-0.006685216445
2.374399900436	-0.005825456697
2.375999927521	-0.005115680397
2.377599954605	-0.005892400630
2.379199981689	-0.007262320723
2.380800008774	-0.004106368404
2.382400035858	-0.005309232511
2.383999824524	-0.005849744659
2.385599851608	-0.007575136609
2.387199878693	-0.005424720235
2.388799905777	-0.007203088608
2.390399932861	-0.006379152648
2.391999959946	-0.007523504552
2.393599987030	-0.004107088316
2.395200014114	-0.005990864709
2.396800041199	-0.005493728444
2.398399829865	-0.007853360847
2.399999856949	-0.005657760426
2.401599884033	-0.008196992800
2.403199911118	-0.005272496492
2.404799938202	-0.005305744242
2.406399965286	-0.004753712565
2.407999992371	-0.008427920751
2.409600019455	-0.004118928220
2.411200046539	-0.005407472607
2.412799835205	-0.007400480565
2.414399862289	-0.005988448393
2.415999889374	-0.007042528596
2.417599916458	-0.003061040305
2.419199943542	-0.007243488450
2.420799970627	-0.006199632306
2.422399997711	-0.004932192620
2.424000024796	-0.005850336514
2.425600051880	-0.003720272332
2.427199840546	-0.005551184528
2.428799867630	-0.007154400460
2.430399894714	-0.005354592577
2.431999921799	-0.005815200508
2.433599948883	-0.003475168254
2.435199975967	-0.007936208509
2.436800003052	-0.005325776525
2.438400030136	-0.007074288558
2.440000057220	-0.005728448741
2.441599845886	-0.007303952705
2.443199872971	-0.007668896578
2.444799900055	-0.005442048423
2.446399927139	-0.007730672602
2.447999954224	-0.003396656364
2.449599981308	-0.006486384664
2.451200008392	-0.005200880580
2.452800035477	-0.006105472334
2.454399824142	-0.006930864416
2.455999851227	-0.006976256613
2.457599878311	-0.005798368249
2.459199905396	-0.004898256157
2.460799932480	-0.004898912273
2.462399959564	-0.005818416364
2.463999986649	-0.007625488564
2.465600013733	-0.008598945104
2.467200040817	-0.004088592250
2.468799829483	-0.005556096323
2.470399856567	-0.007292864379
2.471999883652	-0.007784608752
2.473599910736	-0.004621888511
2.475199937820	-0.005938112736
2.476799964905	-0.004317904357
2.478399991989	-0.004175216425
2.480000019073	-0.007981040515
2.481600046158	-0.005592560396
2.483199834824	-0.004278064240
2.484799861908	-0.004912096541
2.486399888992	-0.005929776467
2.487999916077	-0.007069872692
2.489599943161	-0.006695152726
2.491199970245	-0.005076064263
2.492799997330	-0.005687392317
2.494400024414	-0.005317520350
2.496000051498	-0.006636912469
2.497599840164	-0.004175392445
2.499199867249	-0.005629376508
2.500799894333	-0.003753088182
2.502399921417	-0.005945360288
2.503999948502	-0.006656064652
2.505599975586	-0.005800864659
2.507200002670	-0.002478272188
2.508800029755	-0.005739184562
2.510399818420	-0.009253536351
2.511999845505	-0.005868032575
2.513599872589	-0.005565776490
2.515199899673	-0.006717600394
2.516799926758	-0.007977552712
2.518399953842	-0.008448064327
2.519999980927	-0.005883488338
2.521600008011	-0.006687728688
2.523200035095	-0.005762368441
2.524799823761	-0.006331216544
2.526399850845	-0.006438784301
2.527999877930	-0.005403520539
2.529599905014	-0.005492176395
2.531199932098	-0.007848240435
2.532799959183	-0.006697088480
2.534399986267	-0.007596880663
2.536000013351	-0.003849680303
2.537600040436	-0.005362976342
2.539199829102	-0.006638784427
2.540799856186	-0.007897840813
2.542399883270	-0.005069408566
2.543999910355	-0.004741136450
2.545599937439	-0.004360928200
2.547199964523	-0.004452320281
2.548799991608	-0.006358384620
2.550400018692	-0.006882512476
2.552000045776	-0.006673344411
2.553599834442	-0.005229216535
2.555199861526	-0.008736688644
2.556799888611	-0.008741136640
2.558399915695	-0.004418624565
2.559999942780	-0.004593824502
2.561599969864	-0.006633664481
2.563199996948	-0.006439216435
2.564800024033	-0.004751088563
2.566400051117	-0.007119328715
2.567999839783	-0.006890800782
2.569599866867	-0.007155792788
2.571199893951	-0.005976816639
2.572799921036	-0.006797440350
2.574399948120	-0.004318112507
2.575999975204	-0.007221008651
2.577600002289	-0.005602640565
2.579200029373	-0.006807968486
2.580799818039	-0.005215008277
2.582399845123	-0.006659072358
2.583999872208	-0.006662512664
2.585599899292	-0.006870816462
2.587199926376	-0.005963424686
2.588799953461	-0.005034768488
2.590399980545	-0.008684928529
2.592000007629	-0.006984368432
2.593600034714	-0.004535792395
2.595199823380	-0.005020704586
2.596799850464	-0.003647248261
2.598399877548	-0.006349056493
2.599999904633	-0.006020608358
2.601599931717	-0.009230624884
2.603199958801	-0.007444848772
2.604799985886	-0.004703840241
2.606400012970	-0.007977216505
2.608000040054	-0.006872816477
2.609599828720	-0.006597264670
2.611199855804	-0.004661184270
2.612799882889	-0.006174208596
2.614399909973	-0.006307136733
2.615999937057	-0.007431584876
2.617599964142	-0.006526752375
2.619199991226	-0.007086240686
2.620800018311	-0.005638720468
2.622400045395	-0.006470256485
2.623999834061	-0.004930096213
2.625599861145	-0.005304960534
2.627199888229	-0.006299408618
2.628799915314	-0.005323056597
2.630399942398	-0.003662736388
2.631999969482	-0.008039777167
2.633599996567	-0.004115248565
2.635200023651	-0.007168400567
2.636800050735	-0.005981104448
2.638399839401	-0.007063120604
2.639999866486	-0.004686416592
2.641599893570	-0.006281168666
2.643199920654	-0.005973600317
2.644799947739	-0.008874000981
2.646399974823	-0.007476384751
2.648000001907	-0.006768720690
2.649600028992	-0.004530160222
2.651199817657	-0.005989408586
2.652799844742	-0.006796896458
2.654399871826	-0.005748208612
2.655999898911	-0.006269136444
2.657599925995	-0.006897536572
2.659199953079	-0.006418560632
2.660799980164	-0.006327264477
2.662400007248	-0.007515584584
2.664000034332	-0.004666304216
2.665599822998	-0.007170032710
2.667199850082	-0.007244400680
2.668799877167	-0.005545552354
2.670399904251	-0.005395856220
2.671999931335	-0.006581904367
2.673599958420	-0.006927296519
2.675199985504	-0.004118672106
2.676800012589	-0.007177088410
2.678400039673	-0.006350544747
2.679999828339	-0.006445232779
2.681599855423	-0.006089792587
2.683199882507	-0.004626112524
2.684799909592	-0.004459840246
2.686399936676	-0.006974688731
2.687999963760	-0.005914224312
2.689599990845	-0.006699936464
2.691200017929	-0.008422528394
2.692800045013	-0.006765872706
2.694399833679	-0.003785152221
2.695999860764	-0.007978816517
2.697599887848	-0.005811152514
2.699199914932	-0.005379328504
2.700799942017	-0.005789216608
2.702399969101	-0.006056880578
2.703999996185	-0.007396720815
2.705600023270	-0.004962480161
2.707200050354	-0.007997920737
2.708799839020	-0.007064256817
2.710399866104	-0.006989328656
2.711999893188	-0.006193440408
2.713599920273	-0.005576416384
2.715199947357	-0.005590688437
2.716799974442	-0.007658192422
2.718400001526	-0.006940592546
2.720000028610	-0.006291296799
2.721599817276	-0.005087168422
2.723199844360	-0.006450480316
2.724799871445	-0.006147120614
2.726399898529	-0.008061920293
2.727999925613	-0.005097520538
2.729599952698	-0.005667136516
2.731199979782	-0.005891008768
2.732800006866	-0.008856064640
2.734400033951	-0.006835520733
2.735999822617	-0.005352464505
2.737599849701	-0.002595984144
2.739199876785	-0.004778192379
2.740799903870	-0.004831680562
2.742399930954	-0.005956960376
2.743999958038	-0.004006016534
2.745599985123	-0.006903248373
2.747200012207	-0.005889008287
2.748800039291	-0.008190000430
2.750399827957	-0.004386592191
2.751999855042	-0.005502144340
2.753599882126	-0.005053184461
2.755199909210	-0.008008752950
2.756799936295	-0.006325808354
2.758399963379	-0.007422576658
2.759999990463	-0.007018512581
2.761600017548	-0.005265008658
2.763200044632	-0.007143696770
2.764799833298	-0.007508464623
2.766399860382	-0.005434608553
2.767999887466	-0.007258624770
2.769599914551	-0.006863376591
2.771199941635	-0.008116752841
2.772799968719	-0.004339984618
2.774399995804	-0.007020928431
2.776000022888	-0.006445232313
2.777599811554	-0.007204432506
2.779199838638	-0.005579104647
2.780799865723	-0.005022464320
2.782399892807	-0.006472720299
2.783999919891	-0.006827504374
2.785599946976	-0.004972928204
2.787199974060	-0.004883728456
2.788800001144	-0.006282208487
2.790400028229	-0.005590688437
2.791999816895	-0.007831232622
2.793599843979	-0.006558320485
2.795199871063	-0.005900320597
2.796799898148	-0.007849056274
2.798399925232	-0.006453376729
2.799999952316	-0.008413008414
2.801599979401	-0.006362560671
2.803200006485	-0.007058832794
2.804800033569	-0.006080960389
2.806399822235	-0.006413104478
2.807999849319	-0.007135472726
2.809599876404	-0.007136576809
2.811199903488	-0.005067984574
2.812799930573	-0.007868289016
2.814399957657	-0.005975536536
2.815999984741	-0.007371136453
2.817600011826	-0.005237680394
2.819200038910	-0.006400608458
2.820799827576	-0.007033472415
2.822399854660	-0.006576176733
2.823999881744	-0.005521952640
2.825599908829	-0.004777152557
2.827199935913	-0.006561824586
2.828799962997	-0.005522688385
2.830399990082	-0.005777904298
2.832000017166	-0.006507504731
2.833600044250	-0.007316256408
2.835199832916	-0.006545904558
2.836799860001	-0.008112817071
2.838399887085	-0.004936032463
2.839999914169	-0.006724432576
2.841599941254	-0.006467872299
2.843199968338	-0.007332416717
2.844799995422	-0.006233856548
2.846400022507	-0.007469072472
2.847999811172	-0.005226096604
2.849599838257	-0.008255776949
2.851199865341	-0.007666688878
2.852799892426	-0.008375280537
2.854399919510	-0.008204144426
2.855999946594	-0.006826016586
2.857599973679	-0.003304976271
2.859200000763	-0.007057488430
2.860800027847	-0.006605616771
2.862399816513	-0.007302016485
2.863999843597	-0.005122464616
2.865599870682	-0.007558848709
2.867199897766	-0.005793760531
2.868799924850	-0.007558656391
2.870399951935	-0.006850464735
2.871999979019	-0.005743136629
2.873600006104	-0.006041408516
2.875200033188	-0.006145200692
2.876799821854	-0.007535808720
2.878399848938	-0.005374368280
2.879999876022	-0.007597856689
2.881599903107	-0.009016032331
2.883199930191	-0.006388320588
2.884799957275	-0.004921344575
2.886399984360	-0.007632960565
2.888000011444	-0.006553792395
2.889600038528	-0.006593424361
2.891199827194	-0.006879248656
2.892799854279	-0.006894848775
2.894399881363	-0.007327392697
2.895999908447	-0.007782640867
2.897599935532	-0.008497024886
2.899199962616	-0.005728256423
2.900799989700	-0.004442592151
2.902400016785	-0.006495712325
2.904000043869	-0.005469936412
2.905599832535	-0.006637312472
2.907199859619	-0.006105440669
2.908799886703	-0.006378432270
2.910399913788	-0.006234208588
2.911999940872	-0.006549264304
2.913599967957	-0.006698720623
2.915199995041	-0.006307952572
2.916800022125	-0.005140640307
2.918399810791	-0.006818928756
2.919999837875	-0.005772768520
2.921599864960	-0.007610624656
2.923199892044	-0.006905968767
2.924799919128	-0.007812560536
2.926399946213	-0.006427088752
2.927999973297	-0.005824544467
2.929600000381	-0.005973568652
2.931200027466	-0.005863152444
2.932799816132	-0.004995184485
2.934399843216	-0.005776896607
2.935999870300	-0.006930528674
2.937599897385	-0.007303616498
2.939199924469	-0.006120720413
2.940799951553	-0.005200832617
2.942399978638	-0.007953776978
2.944000005722	-0.007324992679
2.945600032806	-0.005546976347
2.947199821472	-0.007101632655
2.948799848557	-0.006314656697
2.950399875641	-0.007375904825
2.951999902725	-0.005414688494
2.953599929810	-0.008545968682
2.955199956894	-0.006996672601
2.956799983978	-0.007498304825
2.958400011063	-0.005112992600
2.960000038147	-0.006747072563
2.961599826813	-0.006104944739
2.963199853897	-0.007860032842
2.964799880981	-0.008915184997
2.966399908066	-0.006543600466
2.967999935150	-0.006533888634
2.969599962234	-0.007648304570
2.971199989319	-0.007835888304
2.972800016403	-0.006776320748
2.974400043488	-0.003663568292
2.975999832153	-0.005327680614
2.977599859238	-0.007056224626
2.979199886322	-0.008661504835
2.980799913406	-0.004862560425
2.982399940491	-0.006988304667
2.983999967575	-0.006597120780
2.985599994659	-0.008500336669
2.987200021744	-0.004485648591
2.988799810410	-0.007074160501
2.990399837494	-0.005848624278
2.991999864578	-0.008840608411
2.993599891663	-0.006840960588
2.995199918747	-0.008178688586
2.996799945831	-0.006314128637
2.998399972916	-0.006526880432
3.000000000000	-0.005104704294
3.001600027084	-0.006580000743
3.003199815750	-0.006366640329
3.004799842834	-0.008750304580
3.006399869919	-0.004476512317
3.007999897003	-0.007301856764
3.009599924088	-0.007436624728
3.011199951172	-0.004555136431
3.012799978256	-0.006175504532
3.014400005341	-0.006089024246
3.016000032425	-0.008684656583
3.017599821091	-0.007461888716
3.019199848175	-0.007048992440
3.020799875259	-0.004945888650
3.022399902344	-0.008544976823
3.023999929428	-0.009648720734
3.025599956512	-0.007134496700
3.027199983597	-0.005493904464
3.028800010681	-0.007803760469
3.030400037766	-0.010365424678
3.031999826431	-0.008661440574
3.033599853516	-0.007109600585
3.035199880600	-0.007460400462
3.036799907684	-0.007597904652
3.038399934769	-0.007266688626
3.039999961853	-0.005594528280
3.041599988937	-0.007582112681
3.043200016022	-0.008851376362
3.044799804687	-0.007104800548
3.046399831772	-0.005830688402
3.047999858856	-0.005803072359
3.049599885941	-0.007196144667
3.051199913025	-0.006315104663
3.052799940109	-0.006165328436
3.054399967194	-0.007177440450
3.055999994278	-0.005218912382
3.057600021362	-0.006245520432
3.059199810028	-0.007783808745
3.060799837112	-0.007762064692
3.062399864197	-0.006705264561
3.063999891281	-0.006410288624
3.065599918365	-0.005053456407
3.067199945450	-0.007835328579
3.068799972534	-0.007407424506
3.070399999619	-0.004201392177
3.072000026703	-0.006253776606
3.073599815369	-0.008462160826
3.075199842453	-0.007289648522
3.076799869537	-0.007345328573
3.078399896622	-0.006599472370
3.079999923706	-0.006924912799
3.081599950790	-0.005531232338
3.083199977875	-0.007188368589
3.084800004959	-0.006092304364
3.086400032043	-0.007139232475
3.087999820709	-0.008784945123
3.089599847794	-0.009860320948
3.091199874878	-0.004804160446
3.092799901962	-0.005924416706
3.094399929047	-0.006662080530
3.095999956131	-0.006817856804
3.097599983215	-0.005954928696
3.099200010300	-0.007703712676
3.100800037384	-0.005741456524
3.102399826050	-0.008758496493
3.103999853134	-0.007291648537
3.105599880219	-0.008030304685
3.107199907303	-0.006264960393
3.108799934387	-0.007615856826
3.110399961472	-0.006904352456
3.111999988556	-0.006437376607
3.113600015640	-0.006658272352
3.115199804306	-0.007775408681
3.116799831390	-0.004702800419
3.118399858475	-0.008338401094
3.119999885559	-0.006359328516
3.121599912643	-0.006897232495
3.123199939728	-0.006259936374
3.124799966812	-0.005992048420
3.126399993896	-0.007452160586
3.128000020981	-0.006852016784
3.129599809647	-0.006964960601
3.131199836731	-0.006442464422
3.132799863815	-0.009133856744
3.134399890900	-0.007444352843
3.135999917984	-0.005992032588
3.137599945068	-0.005982320290
3.139199972153	-0.007742464542
3.140799999237	-0.005380144343
3.142400026321	-0.007911425084
3.143999814987	-0.009305280633
3.145599842072	-0.005263088271
3.147199869156	-0.007068368606
3.148799896240	-0.008544656448
3.150399923325	-0.007310224697
3.151999950409	-0.006869584322
3.153599977493	-0.006027888507
3.155200004578	-0.007042912766
3.156800031662	-0.006176336668
3.158399820328	-0.006440560333
3.159999847412	-0.006634288467
3.161599874496	-0.006997584365
3.163199901581	-0.006621072534
3.164799928665	-0.008058832958
3.166399955750	-0.004762592725
3.167999982834	-0.007184224669
3.169600009918	-0.006023040507
3.171200037003	-0.007697824854
3.172799825668	-0.007229104638
3.174399852753	-0.008571136743
3.175999879837	-0.004477408249
3.177599906921	-0.005987616722
3.179199934006	-0.006825328805
3.180799961090	-0.007640128490
3.182399988174	-0.006024416536
3.184000015259	-0.005191264674
3.185599803925	-0.007667104714
3.187199831009	-0.007780624554
3.188799858093	-0.005555296317
3.190399885178	-0.009025921114
3.191999912262	-0.006118928548
3.193599939346	-0.008059664629
3.195199966431	-0.007339200471
3.196799993515	-0.007981376722
3.198400020599	-0.006393584423
3.199999809265	-0.006591184530
3.201599836349	-0.006122784689
3.203199863434	-0.007588992827
3.204799890518	-0.007489648648
3.206399917603	-0.006011952646
3.207999944687	-0.007302272599
3.209599971771	-0.007670176681
3.211199998856	-0.008662112989
3.212800025940	-0.004908720497
3.214399814606	-0.007500880398
3.215999841690	-0.008562672883
3.217599868774	-0.006715344731
3.219199895859	-0.006320016459
3.220799922943	-0.006773376837
3.222399950027	-0.006121072453
3.223999977112	-0.006416208576
3.225600004196	-0.007118512411
3.227200031281	-0.006672640797
3.228799819946	-0.006525600795
3.230399847031	-0.005952304695
3.231999874115	-0.010239184834
3.233599901199	-0.006824320648
3.235199928284	-0.006941312458
3.236799955368	-0.003574192291
3.238399982452	-0.008493617177
3.240000009537	-0.005838560406
3.241600036621	-0.007203264628
3.243199825287	-0.006452656351
3.244799852371	-0.008484400809
3.246399879456	-0.005836080294
3.247999906540	-0.005363392644
3.249599933624	-0.007360528689
3.251199960709	-0.005807072390
3.252799987793	-0.007769360673
3.254400014877	-0.007233376615
3.255999803543	-0.006866016425
3.257599830627	-0.006337120663
3.259199857712	-0.006637168583
3.260799884796	-0.007212528493
3.262399911880	-0.008204912767
3.263999938965	-0.005073952489
3.265599966049	-0.004282720387
3.267199993134	-0.008222544566
3.268800020218	-0.005639184266
3.270399808884	-0.007826144807
3.271999835968	-0.007470928598
3.273599863052	-0.006725376472
3.275199890137	-0.006724096369
3.276799917221	-0.007244704757
3.278399944305	-0.007661664393
3.279999971390	-0.007026384585
3.281599998474	-0.008912321180
3.283200025558	-0.007706560660
3.284799814224	-0.008470656350
3.286399841309	-0.002167616272
3.287999868393	-0.008059152402
3.289599895477	-0.005259936210
3.291199922562	-0.006275104359
3.292799949646	-0.006926304661
3.294399976730	-0.005674032494
3.296000003815	-0.007060784381
3.297600030899	-0.008764992468
3.299199819565	-0.007503184490
3.300799846649	-0.005962400697
3.302399873734	-0.008494416252
3.303999900818	-0.007298992481
3.305599927902	-0.006263584364
3.307199954987	-0.007887057029
3.308799982071	-0.006730192807
3.310400009155	-0.007128576748
3.311999797821	-0.006628736388
3.313599824905	-0.009072912857
3.315199851990	-0.006968416739
3.316799879074	-0.009001520462
3.318399906158	-0.007367568556
3.319999933243	-0.007252336480
3.321599960327	-0.007571600378
3.323199987411	-0.009338128380
3.324800014496	-0.005672624335
3.326399803162	-0.006991152652
3.327999830246	-0.005145040341
3.329599857330	-0.006899008527
3.331199884415	-0.005319984630
3.332799911499	-0.007187088486
3.334399938583	-0.006836848333
3.335999965668	-0.006460800767
3.337599992752	-0.006174288690
3.339200019836	-0.007265616674
3.340799808502	-0.007403952535
3.342399835587	-0.007029088680
3.343999862671	-0.007874337025
3.345599889755	-0.005260112230
3.347199916840	-0.005500784609
3.348799943924	-0.008161856793
3.350399971008	-0.006014368497
3.351999998093	-0.007666080724
3.353600025177	-0.006415408570
3.355199813843	-0.006952576805
3.356799840927	-0.006423808634
3.358399868011	-0.007531728595
3.359999895096	-0.007600272540
3.361599922180	-0.007603104692
3.363199949265	-0.008306385018
3.364799976349	-0.007962832227
3.366400003433	-0.007925921120
3.368000030518	-0.006685520522
3.369599819183	-0.008535601199
3.371199846268	-0.006297120359
3.372799873352	-0.006422992330
3.374399900436	-0.006889536511
3.375999927521	-0.008949664421
3.377599954605	-0.008466352709
3.379199981689	-0.009872176684
3.380800008774	-0.006498272531
3.382399797440	-0.009290752932
3.383999824524	-0.006625760347
3.385599851608	-0.006769472733
3.387199878693	-0.007893440314
3.388799905777	-0.007088912651
3.390399932861	-0.008933552541
3.391999959946	-0.006373776589
3.393599987030	-0.007677632850
3.395200014114	-0.009254480712
3.396799802780	-0.005346976221
3.398399829865	-0.005862352438
3.399999856949	-0.007128064521
3.401599884033	-0.008258112706
3.403199911118	-0.005192656536
3.404799938202	-0.008159360848
3.406399965286	-0.005629696418
3.407999992371	-0.009058817290
3.409600019455	-0.006394848693
3.411199808121	-0.007932065055
3.412799835205	-0.004505616147
3.414399862289	-0.007347120438
3.415999889374	-0.006034400314
3.417599916458	-0.008157632314
3.419199943542	-0.006855296437
3.420799970627	-0.006694416516
3.422399997711	-0.006817504764
3.424000024796	-0.006823984440
3.425599813461	-0.005927696358
3.427199840546	-0.008023329079
3.428799867630	-0.006894160528
3.430399894714	-0.007359120529
3.431999921799	-0.007114976645
3.433599948883	-0.006688832771
3.435199975967	-0.007246752735
3.436800003052	-0.007472464815
3.438400030136	-0.004261152353
3.439999818802	-0.010206049308
3.441599845886	-0.006552800536
3.443199872971	-0.007160544395
3.444799900055	-0.007585696410
3.446399927139	-0.006889344659
3.447999954224	-0.006150784437
3.449599981308	-0.006293136626
3.451200008392	0.008634128608
