0.000000000000	0.019169488922
0.001599999960	0.020125089213
0.003199999919	0.019525153562
0.004799999762	0.020901281387
0.006399999838	0.019852226600
0.007999999449	0.018550384790
0.009599999525	0.019569650292
0.011199999601	0.017924450338
0.012799999677	0.017154816538
0.014399999753	0.016374897212
0.015999998897	0.017010880634
0.017599999905	0.016527185217
0.019199999049	0.016109362245
0.020800000057	0.015448753722
0.022399999201	0.016087120399
0.024000000209	0.015444001183
0.025599999353	0.015220672823
0.027199998498	0.015200384893
0.028799999505	0.014125761576
0.030399998650	0.013177488931
0.031999997795	0.014885905199
0.033599998802	0.015160817653
0.035199999809	0.014299280941
0.036800000817	0.013548033312
0.038399998099	0.012663360685
0.039999999106	0.014762513340
0.041600000113	0.013480288908
0.043199997395	0.012637793086
0.044799998403	0.013251985423
0.046399999410	0.012571345083
0.048000000417	0.013328176923
0.049599997699	0.012008977123
0.051199998707	0.012181073427
0.052799999714	0.012635520659
0.054399996996	0.012821537443
0.055999998003	0.011996448971
0.057599999011	0.012611697428
0.059200000018	0.013212849386
0.060799997300	0.013061617501
0.062399998307	0.012756144628
0.063999995589	0.011122528464
0.065600000322	0.011424208991
0.067199997604	0.010758833028
0.068799994886	0.011401761323
0.070399999619	0.011149153113
0.071999996901	0.012317664921
0.073600001633	0.011210273020
0.075199998915	0.010058401152
0.076799996197	0.010918465443
0.078400000930	0.010635073297
0.079999998212	0.010858656839
0.081599995494	0.010187105276
0.083200000226	0.011127024889
0.084799997509	0.011414065026
0.086399994791	0.010987505317
0.087999999523	0.012329440564
0.089599996805	0.010575600900
0.091199994087	0.010319248773
0.092799998820	0.010739617050
0.094399996102	0.009825249203
0.096000000834	0.011032689363
0.097599998116	0.011608577333
0.099199995399	0.010519889183
0.100800000131	0.011732528917
0.102399997413	0.010967168957
0.103999994695	0.010427040979
0.105599999428	0.007981840521
0.107199996710	0.009645648301
0.108799993992	0.011037345044
0.110399998724	0.010198272765
0.111999996006	0.009998993017
0.113600000739	0.009750688449
0.115199998021	0.010394993238
0.116799995303	0.007877744734
0.118400000036	0.008710928261
0.119999997318	0.010650848970
0.121599994600	0.009584944695
0.123199999332	0.009135216475
0.124799996614	0.010311536491
0.126399993896	0.009468320757
0.127999991179	0.009483344853
0.129600003362	0.009856385179
0.131200000644	0.008705120534
0.132799997926	0.008920560591
0.134399995208	0.010135664605
0.135999992490	0.009704545140
0.137599989772	0.009615136310
0.139200001955	0.007931040600
0.140799999237	0.010319041088
0.142399996519	0.009590560570
0.143999993801	0.009372385219
0.145599991083	0.007718464825
0.147200003266	0.009583248757
0.148800000548	0.009000737220
0.150399997830	0.008433872834
0.151999995112	0.007708560675
0.153599992394	0.009107712656
0.155199989676	0.009441360831
0.156800001860	0.009371681139
0.158399999142	0.007758704480
0.159999996424	0.008935009129
0.161599993706	0.008700592443
0.163199990988	0.007865169086
0.164800003171	0.009533104487
0.166400000453	0.008040784858
0.167999997735	0.009205648676
0.169599995017	0.008418369107
0.171199992299	0.008067680523
0.172799989581	0.007366784848
0.174400001764	0.007752672769
0.175999999046	0.008871536702
0.177599996328	0.007224160712
0.179199993610	0.008004256524
0.180799990892	0.009615505114
0.182399988174	0.008283408359
0.184000000358	0.006967184599
0.185599997640	0.006694464479
0.187199994922	0.008914528415
0.188799992204	0.008090784773
0.190399989486	0.008562336676
0.192000001669	0.006523552351
0.193599998951	0.007461552508
0.195199996233	0.009105345234
0.196799993515	0.007117408793
0.198399990797	0.007886656560
0.199999988079	0.006682768464
0.201600000262	0.007732976694
0.203199997544	0.008863648400
0.204799994826	0.007279872429
0.206399992108	0.006784800440
0.207999989390	0.007763184607
0.209600001574	0.008642992936
0.211199998856	0.007522336673
0.212799996138	0.008819152601
0.214399993420	0.007953376509
0.215999990702	0.007924832404
0.217599987984	0.007677712478
0.219200000167	0.007195744663
0.220799997449	0.007809392642
0.222399994731	0.007971520536
0.223999992013	0.007548784371
0.225599989295	0.006751040462
0.227200001478	0.006617664360
0.228799998760	0.007927520201
0.230399996042	0.006295520347
0.231999993324	0.006720384583
0.233599990606	0.007275408600
0.235199987888	0.006508912425
0.236800000072	0.005982032511
0.238399997354	0.007821392268
0.239999994636	0.007843025029
0.241599991918	0.007153584622
0.243199989200	0.007496560458
0.244799986482	0.005600560457
0.246399998665	0.006837024819
0.247999995947	0.006450736430
0.249599993229	0.008130961098
0.251199990511	0.007377568632
0.252799987793	0.004626160488
0.254399985075	0.006985344458
0.255999982357	0.007917264476
0.257599979639	0.006978784688
0.259200006723	0.007111376617
0.260800004005	0.007238752674
0.262400001287	0.007499408443
0.263999998569	0.005821680650
0.265599995852	0.006590832490
0.267199993134	0.007094656583
0.268799990416	0.007951936685
0.270399987698	0.005721584428
0.271999984980	0.006491632666
0.273599982262	0.006491984706
0.275199979544	0.007146432530
0.276800006628	0.006791904569
0.278400003910	0.006919632666
0.280000001192	0.006458608434
0.281599998474	0.007512928452
0.283199995756	0.006963328458
0.284799993038	0.007808672730
0.286399990320	0.007239808794
0.287999987602	0.007012128364
0.289599984884	0.007087488659
0.291199982166	0.005067648366
0.292799979448	0.006963504478
0.294400006533	0.005210560281
0.296000003815	0.006478288677
0.297600001097	0.005441520363
0.299199998379	0.004999744240
0.300799995661	0.006993616465
0.302399992943	0.007054752670
0.303999990225	0.005225856323
0.305599987507	0.005413504317
0.307199984789	0.005578640383
0.308799982071	0.006742544472
0.310399979353	0.007006656379
0.312000006437	0.006386880297
0.313600003719	0.007800832391
0.315200001001	0.005422176328
0.316799998283	0.005078432616
0.318399995565	0.006470688619
0.319999992847	0.006296992768
0.321599990129	0.006181824487
0.323199987411	0.006779184565
0.324799984694	0.005849232432
0.326399981976	0.005580000579
0.327999979258	0.005651536398
0.329600006342	0.006512224674
0.331200003624	0.005505088251
0.332800000906	0.005110720638
0.334399998188	0.006662784610
0.335999995470	0.006039456464
0.337599992752	0.005033104215
0.339199990034	0.005208432209
0.340799987316	0.005299584474
0.342399984598	0.005743712652
0.343999981880	0.005191792268
0.345599979162	0.005433648359
0.347199976444	0.005886336323
0.348800003529	0.005329568405
0.350400000811	0.004829760175
0.351999998093	0.005676272325
0.353599995375	0.005076272413
0.355199992657	0.005032672547
0.356799989939	0.004838656168
0.358399987221	0.003565152409
0.359999984503	0.005939136259
0.361599981785	0.005331024528
0.363199979067	0.005548208486
0.364799976349	0.006203008350
0.366400003433	0.003935104236
0.368000000715	0.005788336508
0.369599997997	0.005672496278
0.371199995279	0.005193104502
0.372799992561	0.005116992630
0.374399989843	0.004913152196
0.375999987125	0.003789360402
0.377599984407	0.003460384207
0.379199981689	0.004384592175
0.380799978971	0.003402864328
0.382399976254	0.006137376651
0.384000003338	0.004156000447
0.385600000620	0.004876176361
0.387199997902	0.004795408342
0.388799995184	0.004179120529
0.390399992466	0.004558128305
0.391999989748	0.004167872481
0.393599987030	0.005273904651
0.395199984312	0.005648768507
0.396799981594	0.003396496177
0.398399978876	0.004949520342
0.399999976158	0.003893264337
0.401600003242	0.005325888284
0.403200000525	0.006215168629
0.404799997807	0.004966368433
0.406399995089	0.005243744235
0.407999992371	0.003733584424
0.409599989653	0.005258192308
0.411199986935	0.003515008138
0.412799984217	0.002090864116
0.414399981499	0.003960416187
0.415999978781	0.004968560301
0.417599976063	0.004331120290
0.419200003147	0.003935264423
0.420800000429	0.003413968254
0.422399997711	0.003081792267
0.423999994993	0.003553456161
0.425599992275	0.002863920294
0.427199989557	0.004073888529
0.428799986839	0.004841760267
0.430399984121	0.002813888248
0.431999981403	0.005439248402
0.433599978685	0.005445568357
0.435199975967	0.004995280411
0.436800003052	0.003909536172
0.438400000334	0.003233408323
0.439999997616	0.004739680327
0.441599994898	0.004301840439
0.443199992180	0.005280720536
0.444799989462	0.003631200176
0.446399986744	0.004560976289
0.447999984026	0.003652816406
0.449599981308	0.003297280287
0.451199978590	0.003274624236
0.452799975872	0.004602528177
0.454400002956	0.002898016246
0.456000000238	0.002707760315
0.457599997520	0.002890944248
0.459199994802	0.005887248553
0.460799992085	0.002749456326
0.462399989367	0.003340944182
0.463999986649	0.002502400195
0.465599983931	0.003318592208
0.467199981213	0.002677008277
0.468799978495	0.002030192176
0.470399975777	0.004071792588
0.472000002861	0.002638800303
0.473600000143	0.003560768208
0.475199997425	0.004352000542
0.476799994707	0.004125952255
0.478399991989	0.002784592332
0.479999989271	0.003455216298
0.481599986553	0.005170656368
0.483199983835	0.002454768168
0.484799981117	0.003989600111
0.486399978399	0.002583184280
0.487999975681	0.004389600363
0.489599972963	0.003836400341
0.491200000048	0.002672288101
0.492799997330	0.005526272580
0.494399994612	0.002464416204
0.495999991894	0.003264320316
0.497599989176	0.003091504332
0.499199986458	0.003344352357
0.500800013542	0.003126080148
0.502399981022	0.002224560129
0.504000008106	0.004262368195
0.505599975586	0.002414160175
0.507200002670	0.002069136128
0.508799970150	0.003675088286
0.510399997234	0.002344400156
0.511999964714	0.003844432300
0.513599991798	0.003250544192
0.515199959278	0.003384576179
0.516799986362	0.003365408164
0.518400013447	0.003088016296
0.519999980927	0.002333568176
0.521600008011	0.003069152124
0.523199975491	0.002616992220
0.524800002575	0.000914000033
0.526399970055	0.003774896264
0.527999997139	0.002612416167
0.529599964619	0.002434736118
0.531199991703	0.002171440283
0.532799959183	0.004079568200
0.534399986267	0.004099088255
0.536000013351	0.001819536206
0.537599980831	0.002941024257
0.539200007915	0.001079440117
0.540799975395	0.002694240306
0.542400002480	0.001398752094
0.543999969959	0.002484528115
0.545599997044	0.002337936079
0.547199964523	0.001557264128
0.548799991608	0.002632592339
0.550399959087	0.002841280308
0.551999986172	0.001014240086
0.553600013256	0.002204592107
0.555199980736	0.002898224397
0.556800007820	0.002737888135
0.558399975300	0.000958352117
0.560000002384	0.002820784226
0.561599969864	0.002283936134
0.563199996948	0.001201120089
0.564799964428	0.001801648177
0.566399991512	0.002680208301
0.567999958992	0.003822720377
0.569599986076	0.001669120160
0.571200013161	0.002299168147
0.572799980640	0.001764160115
0.574400007725	0.002068784088
0.575999975204	0.001613696106
0.577600002289	0.002435744274
0.579199969769	0.001193088130
0.580799996853	0.000631312083
0.582399964333	0.002552352147
0.583999991417	0.002288496122
0.585599958897	0.001846128143
0.587199985981	0.003388224402
0.588800013065	0.001459696097
0.590399980545	0.002911040327
0.592000007629	0.001276784111
0.593599975109	0.003637664253
0.595200002193	0.002553440165
0.596799969673	0.001950432197
0.598399996758	0.000323200045
0.599999964237	0.001321296091
0.601599991322	0.002922976390
0.603199958801	0.002299040090
0.604799985886	0.001832464128
0.606400012970	0.003055584151
0.607999980450	0.002611024305
0.609600007534	0.002791504143
0.611199975014	0.002784720156
0.612800002098	0.002116832184
0.614399969578	0.000502144045
0.615999996662	0.000710784050
0.617599964142	0.002841824200
0.619199991226	0.002446160186
0.620799958706	0.001918624155
0.622399985790	0.002242384246
0.624000012875	0.002866128227
0.625599980354	0.000750080042
0.627200007439	0.001195952063
0.628799974918	0.001474512159
0.630400002003	0.000948016066
0.631999969482	0.000666144071
0.633599996567	0.000095584001
0.635199964046	0.003484992310
0.636799991131	0.001497664140
0.638399958611	0.001937744208
0.639999985695	0.002523984294
0.641600012779	0.000435727998
0.643199980259	0.001852064161
0.644800007343	0.000274416001
0.646399974823	0.001632576110
0.648000001907	0.001686400152
0.649599969387	0.000686176063
0.651199996471	0.002062032232
0.652799963951	0.000392128015
0.654399991035	0.001350384206
0.655999958515	0.001589344116
0.657599985600	0.001308704144
0.659200012684	0.000623039959
0.660799980164	-0.000272128033
0.662400007248	0.003085120115
0.663999974728	0.001408784068
0.665600001812	0.001288192114
0.667199969292	0.000709280081
0.668799996376	0.001105360105
0.670399963856	0.000101152000
0.671999990940	0.001013056026
0.673599958420	0.001400656183
0.675199985504	0.001006704057
0.676800012589	0.001782352105
0.678399980068	0.000229919970
0.680000007153	0.001074320171
0.681599974632	0.002636608202
0.683200001717	-0.000325424073
0.684799969196	-0.000511920021
0.686399996281	0.000808224024
0.687999963760	-0.000043280004
0.689599990845	0.001088944147
0.691199958324	0.000519648020
0.692799985409	0.002114080125
0.694399952888	-0.000068448018
0.695999979973	0.001828768174
0.697600007057	0.000881872082
0.699199974537	0.001267424086
0.700800001621	-0.000376480020
0.702399969101	0.000742976030
0.703999996185	0.000761104049
0.705599963665	-0.000766240060
0.707199990749	-0.000753616041
0.708799958229	0.000054768014
0.710399985313	0.002038912149
0.711999952793	0.001333248103
0.713599979877	0.000422064040
0.715200006962	0.002839968307
0.716799974442	0.000338560058
0.718400001526	0.000421792007
0.719999969006	0.000776256085
0.721599996090	0.000158272029
0.723199963570	0.001596400165
0.724799990654	0.001469024108
0.726399958134	0.002037392231
0.727999985218	-0.000524176052
0.729599952698	-0.000077568067
0.731199979782	0.001625456149
0.732800006866	0.000185600045
0.734399974346	0.002507680096
0.736000001431	0.001966832206
0.737599968910	0.000200832015
0.739199995995	-0.000905024062
0.740799963474	-0.000258016022
0.742399990559	0.000089103989
0.743999958038	0.000640528044
0.745599985123	0.000018175991
0.747199952602	-0.000983568025
0.748799979687	0.001548672095
0.750400006771	0.000762784097
0.751999974251	0.000066128036
0.753600001335	0.000110192013
0.755199968815	-0.000468096056
0.756799995899	-0.000622080115
0.758399963379	-0.001194048207
0.759999990463	0.000862032059
0.761599957943	-0.000241248068
0.763199985027	0.000126368031
0.764799952507	0.000128847998
0.766399979591	-0.000390256027
0.768000006676	-0.000473200023
0.769599974155	0.000240464040
0.771200001240	0.000580016000
0.772799968719	0.000071088005
0.774399995804	-0.000934944022
0.775999963284	-0.001472576172
0.777599990368	-0.000444816076
0.779199957848	0.000857392093
0.780799984932	0.000547264062
0.782399952412	0.000526496093
0.783999979496	-0.000868416100
0.785600006580	-0.000603168039
0.787199974060	-0.000075055963
0.788800001144	-0.000069120018
0.790399968624	0.000002015978
0.791999995708	-0.001859152107
0.793599963188	-0.000558767992
0.795199990273	0.000907808077
0.796799957752	0.000936384022
0.798399984837	0.000052912030
0.799999952316	-0.000027071965
0.801599979401	-0.000007056009
0.803200006485	-0.000024592011
0.804799973965	0.000218800036
0.806400001049	-0.000232592050
0.807999968529	-0.001762448112
0.809599995613	-0.000341904029
0.811199963093	-0.000965568062
0.812799990177	-0.000996640068
0.814399957657	-0.000502400100
0.815999984741	-0.000676847994
0.817599952221	-0.001426624134
0.819199979305	-0.002413552254
0.820800006390	0.000836591993
0.822399973869	-0.000688496046
0.824000000954	0.000495424087
0.825599968433	-0.000116112009
0.827199995518	0.000263696013
0.828799962997	-0.000343856023
0.830399990082	-0.000666752050
0.831999957561	-0.000086528016
0.833599984646	-0.000779440103
0.835199952126	-0.000266304065
0.836799979210	-0.000629904098
0.838400006294	-0.000771792082
0.839999973774	-0.000025216004
0.841600000858	0.000504655996
0.843199968338	-0.000007728036
0.844799995422	-0.002806336386
0.846399962902	-0.000896880054
0.847999989986	-0.001386752119
0.849599957466	-0.000711568049
0.851199984550	-0.000656384043
0.852799952030	-0.001791920164
0.854399979115	-0.001185344183
0.856000006199	0.000782032032
0.857599973679	-0.000931104121
0.859200000763	-0.000023072022
0.860799968243	-0.002175344154
0.862399995327	-0.001254080096
0.863999962807	-0.000860160042
0.865599989891	-0.000345488050
0.867199957371	0.000567903975
0.868799984455	-0.001444192138
0.870399951935	-0.001145280083
0.871999979019	-0.001499072183
0.873600006104	-0.000397120020
0.875199973583	-0.000839888060
0.876800000668	-0.000846880081
0.878399968147	-0.000905440073
0.879999995232	-0.002014464233
0.881599962711	0.000116352021
0.883199989796	-0.001973280217
0.884799957275	-0.000781744078
0.886399984360	-0.003105536336
0.887999951839	-0.000166944039
0.889599978924	-0.002178704133
0.891200006008	-0.000525136013
0.892799973488	0.000453248009
0.894400000572	-0.001339872135
0.895999968052	-0.001090000034
0.897599995136	0.000546480005
0.899199962616	-0.000569040072
0.900799989700	-0.001536976197
0.902399957180	-0.001425904105
0.903999984264	-0.001054112101
0.905599951744	-0.001212000148
0.907199978828	-0.000586064125
0.908800005913	-0.000220368034
0.910399973392	-0.000172048007
0.912000000477	-0.000628848036
0.913599967957	-0.000152768000
0.915199995041	-0.000476624060
0.916799962521	-0.003419056302
0.918399989605	-0.000320511987
0.919999957085	-0.002538992325
0.921599984169	-0.001118032029
0.923199951649	-0.002585296286
0.924799978733	-0.001402384136
0.926400005817	-0.001108624041
0.927999973297	-0.002150656190
0.929600000381	-0.000268784002
0.931199967861	-0.000741808093
0.932799994946	-0.001057584072
0.934399962425	-0.001076448127
0.935999989510	-0.003351344261
0.937599956989	-0.002159680240
0.939199984074	-0.002025504131
0.940799951553	0.000200912007
0.942399978638	-0.001999968197
0.944000005722	-0.001888272120
0.945599973202	-0.002367632231
0.947200000286	-0.003182400251
0.948799967766	-0.000783024065
0.950399994850	-0.002459680196
0.951999962330	-0.001688048127
0.953599989414	-0.001665120129
0.955199956894	-0.002392944181
0.956799983978	-0.001205680077
0.958399951458	-0.002669728361
0.959999978542	-0.001186800073
0.961599946022	-0.001057520160
0.963199973106	-0.001655536122
0.964800000191	-0.001773888129
0.966399967670	-0.001824080129
0.967999994755	-0.000980480108
0.969599962234	-0.001188512077
0.971199989319	-0.000522224058
0.972799956799	-0.001165776048
0.974399983883	-0.001828992157
0.975999951363	-0.001806896180
0.977599978447	-0.002543392126
0.979199945927	-0.002593488200
0.980799973011	-0.001428800169
0.982400000095	-0.000775968016
0.983999967575	-0.003317472292
0.985599994659	-0.000369056041
0.987199962139	-0.002713328227
0.988799989223	-0.002368848305
0.990399956703	-0.001634496148
0.991999983788	-0.002671136288
0.993599951267	-0.002332832199
0.995199978352	-0.002650240203
0.996799945831	-0.002660752274
0.998399972916	-0.000220031987
1.000000000000	-0.002887952374
1.001600027084	-0.001991008176
1.003199934959	-0.001036272035
1.004799962044	-0.003171264194
1.006399989128	-0.001938048168
1.008000016212	-0.002330784220
1.009599924088	-0.001387968077
1.011199951172	-0.002722416073
1.012799978256	-0.000996432034
1.014400005341	-0.002418896183
1.016000032425	-0.002488576109
1.017599940300	-0.002037840197
1.019199967384	-0.000676720112
1.020799994469	-0.002374112140
1.022400021553	-0.004161584191
1.023999929428	-0.001115376130
1.025599956512	-0.001732544159
1.027199983597	-0.001088112127
1.028800010681	-0.002533904277
1.030399918556	-0.003414992243
1.031999945641	-0.001804656233
1.033599972725	-0.003007168183
1.035199999809	-0.002888576128
1.036800026894	-0.003306816332
1.038399934769	-0.003535536351
1.039999961853	-0.002789872233
1.041599988937	-0.002705008257
1.043200016022	-0.001230640104
1.044799923897	-0.002501984127
1.046399950981	-0.003466752358
1.047999978065	-0.002957744291
1.049600005150	-0.003585088300
1.051200032234	-0.003049344290
1.052799940109	-0.001842928235
1.054399967194	-0.002020672197
1.055999994278	-0.002397360280
1.057600021362	-0.002752928296
1.059199929237	-0.000417424075
1.060799956322	-0.003178416286
1.062399983406	-0.002248928184
1.064000010490	-0.002049584175
1.065599918365	-0.003535584314
1.067199945450	-0.002222560113
1.068799972534	-0.002589024138
1.070399999619	-0.002017504070
1.072000026703	-0.002722560195
1.073599934578	-0.001992624253
1.075199961662	-0.002807840239
1.076799988747	-0.003693392267
1.078400015831	-0.002721664263
1.079999923706	-0.002678976161
1.081599950790	-0.003158320207
1.083199977875	-0.003199072322
1.084800004959	-0.002906080103
1.086400032043	-0.002339616185
1.087999939919	-0.001947808196
1.089599967003	-0.002039536135
1.091199994087	-0.002680752194
1.092800021172	-0.002830832265
1.094399929047	-0.002233536215
1.095999956131	-0.002118064091
1.097599983215	-0.003029616317
1.099200010300	-0.002325424226
1.100799918175	-0.002503168304
1.102399945259	-0.003071728162
1.103999972343	-0.001858928241
1.105599999428	-0.003374864347
1.107200026512	-0.004014896229
1.108799934387	-0.003492976306
1.110399961472	-0.002569904318
1.111999988556	-0.003938400187
1.113600015640	-0.003268192289
1.115199923515	-0.003411392216
1.116799950600	-0.002340512117
1.118399977684	-0.004404880572
1.120000004768	-0.004278048407
1.121599912643	-0.003537408309
1.123199939728	-0.002929120325
1.124799966812	-0.001465632115
1.126399993896	-0.002028112300
1.128000020981	-0.002704480197
1.129599928856	-0.003585408209
1.131199955940	-0.001802384155
1.132799983025	-0.001638976159
1.134400010109	-0.001970224315
1.135999917984	-0.003799312282
1.137599945068	-0.002518176101
1.139199972153	-0.004340192303
1.140799999237	-0.003392112209
1.142400026321	-0.002646752167
1.143999934196	-0.002517984249
1.145599961281	-0.004899872467
1.147199988365	-0.005883856677
1.148800015450	-0.002553376136
1.150399923325	-0.003978272434
1.151999950409	-0.004213600419
1.153599977493	-0.002992976224
1.155200004578	-0.002960336162
1.156799912453	-0.002092528157
1.158399939537	-0.005091936328
1.159999966621	-0.003741520224
1.161599993706	-0.002574832179
1.163200020790	-0.002637312282
1.164799928665	-0.003430688288
1.166399955750	-0.001704784110
1.167999982834	-0.002499888185
1.169600009918	-0.004033824429
1.171199917793	-0.004103136249
1.172799944878	-0.002313728211
1.174399971962	-0.003337904345
1.175999999046	-0.005827632733
1.177600026131	-0.003545504296
1.179199934006	-0.001872800174
1.180799961090	-0.003322256263
1.182399988174	-0.003145776223
1.184000015259	-0.003042192198
1.185599923134	-0.004437008407
1.187199950218	-0.002639824292
1.188799977303	-0.003937088419
1.190400004387	-0.003388464218
1.191999912262	-0.005590080284
1.193599939346	-0.002999088261
1.195199966431	-0.003023840254
1.196799993515	-0.003996688407
1.198400020599	-0.005065584555
1.199999928474	-0.004789232276
1.201599955559	-0.004505712539
1.203199982643	-0.002854608232
1.204800009727	-0.003226832254
1.206399917603	-0.002983184299
1.207999944687	-0.002435872098
1.209599971771	-0.003791888244
1.211199998856	-0.004401344340
1.212800025940	-0.003859056393
1.214399933815	-0.003682320239
1.215999960899	-0.004077456426
1.217599987984	-0.003285008250
1.219200015068	-0.004925744608
1.220799922943	-0.004832448438
1.222399950027	-0.003053616267
1.223999977112	-0.002800336108
1.225600004196	-0.004018848296
1.227199912071	-0.005551072303
1.228799939156	-0.003859312274
1.230399966240	-0.003602304263
1.231999993324	-0.004079056438
1.233600020409	-0.005673552398
1.235199928284	-0.003393312218
1.236799955368	-0.005792624317
1.238399982452	-0.003421120346
1.240000009537	-0.002846688265
1.241599917412	-0.003910704516
1.243199944496	-0.004172560293
1.244799971581	-0.004237792455
1.246399998665	-0.002921808278
1.248000025749	-0.003845840227
1.249599933624	-0.003656384302
1.251199960709	-0.003363024443
1.252799987793	-0.004027600400
1.254400014877	-0.004170016386
1.255999922752	-0.002014592057
1.257599949837	-0.002311872318
1.259199976921	-0.002148608211
1.260800004005	-0.003579344368
1.262399911880	-0.003410080215
1.263999938965	-0.004521568306
1.265599966049	-0.003150560195
1.267199993134	-0.005124800373
1.268800020218	-0.003234768286
1.270399928093	-0.003909760155
1.271999955177	-0.004440976307
1.273599982262	-0.004134432413
1.275200009346	-0.003905376419
1.276799917221	-0.004294368438
1.278399944305	-0.003863312304
1.279999971390	-0.002932992298
1.281599998474	-0.003093520179
1.283200025558	-0.004532704595
1.284799933434	-0.003874080256
1.286399960518	-0.003466864349
1.287999987602	-0.003714720253
1.289600014687	-0.002890016185
1.291199922562	-0.004358320497
1.292799949646	-0.004311520606
1.294399976730	-0.003847856307
1.296000003815	-0.004436368588
1.297599911690	-0.004914144520
1.299199938774	-0.002820656169
1.300799965858	-0.003386176424
1.302399992943	-0.004241072573
1.304000020027	-0.003162032226
1.305599927902	-0.005195008591
1.307199954987	-0.002957920311
1.308799982071	-0.002948144218
1.310400009155	-0.004042272456
1.311999917030	-0.003496656194
1.313599944115	-0.004856816493
1.315199971199	-0.003610832384
1.316799998283	-0.003635424189
1.318400025368	-0.002456896240
1.319999933243	-0.002817552304
1.321599960327	-0.005403776653
1.323199987411	-0.003456448205
1.324800014496	-0.003659600392
1.326399922371	-0.002605184214
1.327999949455	-0.003714288352
1.329599976540	-0.003348336322
1.331200003624	-0.005618288647
1.332799911499	-0.005698576570
1.334399938583	-0.003719488392
1.335999965668	-0.003311936278
1.337599992752	-0.003190224292
1.339200019836	-0.005584000610
1.340799927711	-0.004409520421
1.342399954796	-0.003689200385
1.343999981880	-0.004452448338
1.345600008965	-0.004238032270
1.347199916840	-0.004578816239
1.348799943924	-0.005014688242
1.350399971008	-0.004666256253
1.351999998093	-0.004940960556
1.353600025177	-0.003112656297
1.355199933052	-0.004862720612
1.356799960136	-0.003672416322
1.358399987221	-0.005134416278
1.360000014305	-0.004186464474
1.361599922180	-0.005039824639
1.363199949265	-0.005078784190
1.364799976349	-0.003862320213
1.366400003433	-0.004949776456
1.367999911308	-0.003768720431
1.369599938393	-0.003260672325
1.371199965477	-0.004094240256
1.372799992561	-0.004086992238
1.374400019646	-0.004919792525
1.375999927521	-0.005283728242
1.377599954605	-0.005198400468
1.379199981689	-0.004501072224
1.380800008774	-0.006203632336
1.382399916649	-0.003704672214
1.383999943733	-0.004861024208
1.385599970818	-0.003826896194
1.387199997902	-0.004290672485
1.388799905777	-0.005454352591
1.390399932861	-0.004841696471
1.391999959946	-0.004963136278
1.393599987030	-0.004549104255
1.395200014114	-0.005004416220
1.396799921989	-0.004145104438
1.398399949074	-0.004499696195
1.399999976158	-0.005148688331
1.401600003242	-0.003933584318
1.403199911118	-0.004104064312
1.404799938202	-0.003931760322
1.406399965286	-0.003640608396
1.407999992371	-0.004497008398
1.409600019455	-0.003875760362
1.411199927330	-0.004809424281
1.412799954414	-0.004506960511
1.414399981499	-0.006025440525
1.416000008583	-0.005867712665
1.417599916458	-0.005624192301
1.419199943542	-0.005422768649
1.420799970627	-0.004896608181
1.422399997711	-0.004685088526
1.423999905586	-0.004900896456
1.425599932671	-0.004977168515
1.427199959755	-0.004495680332
1.428799986839	-0.005002496298
1.430400013924	-0.004310976248
1.431999921799	-0.004339232575
1.433599948883	-0.006366544403
1.435199975967	-0.005599904340
1.436800003052	-0.005669056438
1.438399910927	-0.005594912451
1.439999938011	-0.005456320476
1.441599965096	-0.005366912577
1.443199992180	-0.003298400203
1.444800019264	-0.005917200353
1.446399927139	-0.004615760408
1.447999954224	-0.005035728682
1.449599981308	-0.005174976308
1.451200008392	-0.005386592355
1.452799916267	-0.005955376662
1.454399943352	-0.004375648219
1.455999970436	-0.003338864306
1.457599997520	-0.006132992450
1.459199905396	-0.004178720526
1.460799932480	-0.004167440347
1.462399959564	-0.003836784279
1.463999986649	-0.006304800510
1.465600013733	-0.003358144313
1.467199921608	-0.007693968713
1.468799948692	-0.006269168574
1.470399975777	-0.004406720400
1.472000002861	-0.004937856458
1.473599910736	-0.005349072628
1.475199937820	-0.004647264257
1.476799964905	-0.004874912556
1.478399991989	-0.005126896314
1.480000019073	-0.004242832307
1.481599926949	-0.002650480252
1.483199954033	-0.004995136522
1.484799981117	-0.005458464380
1.486400008202	-0.005847568624
1.487999916077	-0.004308256321
1.489599943161	-0.006616224535
1.491199970245	-0.004669680260
1.492799997330	-0.002696416108
1.494399905205	-0.004907920491
1.495999932289	-0.004991872236
1.497599959373	-0.005033440422
1.499199986458	-0.005230640527
1.500800013542	-0.004865648691
1.502399921417	-0.006121376529
1.503999948502	-0.004717552569
1.505599975586	-0.005104784388
1.507200002670	-0.004220768344
1.508799910545	-0.003905824386
1.510399937630	-0.004146768246
1.511999964714	-0.005327360239
1.513599991798	-0.006363328546
1.515200018883	-0.004476672504
1.516799926758	-0.007269808557
1.518399953842	-0.005340656266
1.519999980927	-0.004216160160
1.521600008011	-0.005669904407
1.523199915886	-0.006456128322
1.524799942970	-0.004498384427
1.526399970055	-0.004000256304
1.527999997139	-0.004934272263
1.529599905014	-0.005132304505
1.531199932098	-0.004912864417
1.532799959183	-0.003825440304
1.534399986267	-0.004468704574
1.536000013351	-0.005472656339
1.537599921227	-0.004636800382
1.539199948311	-0.006359952502
1.540799975395	-0.004836224485
1.542400002480	-0.005121552385
1.543999910355	-0.005028944463
1.545599937439	-0.005098064430
1.547199964523	-0.005442800466
1.548799991608	-0.004611680284
1.550400018692	-0.007689568680
1.551999926567	-0.004833216313
1.553599953651	-0.004613584373
1.555199980736	-0.005859360565
1.556800007820	-0.004353936296
1.558399915695	-0.005043104291
1.559999942780	-0.005177648272
1.561599969864	-0.004944704473
1.563199996948	-0.005689184647
1.564799904823	-0.003615152324
1.566399931908	-0.006282624323
1.567999958992	-0.003509136150
1.569599986076	-0.004598816391
1.571200013161	-0.004136656411
1.572799921036	-0.005346384365
1.574399948120	-0.004979280289
1.575999975204	-0.005769232288
1.577600002289	-0.007227712777
1.579199910164	-0.004582528491
1.580799937248	-0.005063152406
1.582399964333	-0.006193136331
1.583999991417	-0.006027648691
1.585600018501	-0.005561408587
1.587199926376	-0.005213456228
1.588799953461	-0.005851840600
1.590399980545	-0.003761392320
1.592000007629	-0.006992592476
1.593599915504	-0.005836912431
1.595199942589	-0.005385088269
1.596799969673	-0.004499360453
1.598399996758	-0.006426048465
1.599999904633	-0.006967248861
1.601599931717	-0.004312992562
1.603199958801	-0.003655024339
1.604799985886	-0.005143376533
1.606400012970	-0.005378752481
1.607999920845	-0.006756048650
1.609599947929	-0.005241888575
1.611199975014	-0.005857296288
1.612800002098	-0.005815392360
1.614399909973	-0.005131328478
1.615999937057	-0.004240720533
1.617599964142	-0.005340656266
1.619199991226	-0.005396640394
1.620800018311	-0.004302384332
1.622399926186	-0.004653920420
1.623999953270	-0.006548736710
1.625599980354	-0.006138304714
1.627200007439	-0.004939600360
1.628799915314	-0.005382256582
1.630399942398	-0.006386816502
1.631999969482	-0.004977232311
1.633599996567	-0.007682816591
1.635199904442	-0.005201552529
1.636799931526	-0.003993168473
1.638399958611	-0.006756496616
1.639999985695	-0.006407632492
1.641600012779	-0.006224752404
1.643199920654	-0.004667184316
1.644799947739	-0.006601680536
1.646399974823	-0.005666896701
1.648000001907	-0.005607520696
1.649599909782	-0.006767024752
1.651199936867	-0.006076560356
1.652799963951	-0.006336144637
1.654399991035	-0.006347664632
1.655999898911	-0.003493936267
1.657599925995	-0.005116752349
1.659199953079	-0.005617696326
1.660799980164	-0.006663968321
1.662400007248	-0.004872096237
1.663999915123	-0.004937872291
1.665599942207	-0.006710128393
1.667199969292	-0.006268448662
1.668799996376	-0.005974512547
1.670399904251	-0.006223584525
1.671999931335	-0.007757168729
1.673599958420	-0.005497184582
1.675199985504	-0.005166656338
1.676800012589	-0.006595984567
1.678399920464	-0.004983760417
1.679999947548	-0.004706800450
1.681599974632	-0.005629728548
1.683200001717	-0.006766272709
1.684799909592	-0.004374320153
1.686399936676	-0.006655408535
1.687999963760	-0.004591200501
1.689599990845	-0.004889248405
1.691199898720	-0.005065136589
1.692799925804	-0.006396304350
1.694399952888	-0.008129120804
1.695999979973	-0.005226464476
1.697600007057	-0.006165632512
1.699199914932	-0.007114576641
1.700799942017	-0.005751664285
1.702399969101	-0.003657872323
1.703999996185	-0.005557440687
1.705599904060	-0.007185216527
1.707199931145	-0.004755984526
1.708799958229	-0.006116432603
1.710399985313	-0.007059120573
1.712000012398	-0.004500144161
1.713599920273	-0.006079808343
1.715199947357	-0.006095696706
1.716799974442	-0.005565648433
1.718400001526	-0.005470032338
1.719999909401	-0.007761216722
1.721599936485	-0.006061680615
1.723199963570	-0.005095056258
1.724799990654	-0.007921520621
1.726399898529	-0.007256976794
1.727999925613	-0.003821920371
1.729599952698	-0.004863056354
1.731199979782	-0.006136096548
1.732800006866	-0.006607888732
1.734399914742	-0.003644208424
1.735999941826	-0.006209920626
1.737599968910	-0.005521072540
1.739199995995	-0.006415136624
1.740799903870	-0.006475456525
1.742399930954	-0.005935392343
1.743999958038	-0.005500960629
1.745599985123	-0.004425328225
1.747200012207	-0.005937696435
1.748799920082	-0.007952529006
1.750399947166	-0.004320528358
1.751999974251	-0.006303344388
1.753600001335	-0.006642080378
1.755199909210	-0.005695440341
1.756799936295	-0.005429408513
1.758399963379	-0.005915168673
1.759999990463	-0.005044256337
1.761599898338	-0.005125696305
1.763199925423	-0.005677104462
1.764799952507	-0.007298816461
1.766399979591	-0.005110416561
1.768000006676	-0.004845312331
1.769599914551	-0.005947616417
1.771199941635	-0.005660000723
1.772799968719	-0.006624944508
1.774399995804	-0.005056896247
1.775999903679	-0.005053248256
1.777599930763	-0.005375568289
1.779199957848	-0.005446592346
1.780799984932	-0.006082784384
1.782400012016	-0.005896272603
1.783999919891	-0.006735968404
1.785599946976	-0.007436400745
1.787199974060	-0.005816640332
1.788800001144	-0.005602048710
1.790399909019	-0.004462576471
1.791999936104	-0.007899520919
1.793599963188	-0.006826480385
1.795199990273	-0.005785344634
1.796799898148	-0.007521648426
1.798399925232	-0.004574608523
1.799999952316	-0.005899840500
1.801599979401	-0.007274928503
1.803200006485	-0.006615968421
1.804799914360	-0.005698672496
1.806399941444	-0.006381840445
1.807999968529	-0.006109888665
1.809599995613	-0.004174272530
1.811199903488	-0.005181376357
1.812799930573	-0.006000144407
1.814399957657	-0.006827568635
1.815999984741	-0.007111792453
1.817600011826	-0.005836240482
1.819199919701	-0.006630112417
1.820799946785	-0.005926704500
1.822399973869	-0.005233616568
1.824000000954	-0.005926464684
1.825599908829	-0.007679696660
1.827199935913	-0.006929904688
1.828799962997	-0.005628864281
1.830399990082	-0.005631808657
1.831999897957	-0.005204256158
1.833599925041	-0.004575808533
1.835199952126	-0.006050000433
1.836799979210	-0.006035920698
1.838400006294	-0.006174432579
1.839999914169	-0.006943280809
1.841599941254	-0.008216048591
1.843199968338	-0.004855504259
1.844799995422	-0.005436256528
1.846399903297	-0.007260864601
1.847999930382	-0.004256848246
1.849599957466	-0.004510960542
1.851199984550	-0.007127888501
1.852800011635	-0.005949840415
1.854399919510	-0.005221280269
1.855999946594	-0.007733056787
1.857599973679	-0.005309936590
1.859200000763	-0.004539008252
1.860799908638	-0.005325168371
1.862399935722	-0.006882496644
1.863999962807	-0.007453200873
1.865599989891	-0.006056464743
1.867199897766	-0.005241232459
1.868799924850	-0.003993968479
1.870399951935	-0.006650016643
1.871999979019	-0.007943312638
1.873600006104	-0.006606128532
1.875199913979	-0.004476304166
1.876799941063	-0.004427792504
1.878399968147	-0.007317456882
1.879999995232	-0.006877472624
1.881599903107	-0.004619312473
1.883199930191	-0.006185408682
1.884799957275	-0.004776528571
1.886399984360	-0.006040432490
1.888000011444	-0.006062320434
1.889599919319	-0.006861264817
1.891199946404	-0.005070704501
1.892799973488	-0.004860736430
1.894400000572	-0.007114528678
1.895999908447	-0.006894144695
1.897599935532	-0.006765264552
1.899199962616	-0.005146352574
1.900799989700	-0.005914640613
1.902399897575	-0.006224000361
1.903999924660	-0.005569776520
1.905599951744	-0.006826144643
1.907199978828	-0.005825184751
1.908800005913	-0.006087040529
1.910399913788	-0.007479008753
1.911999940872	-0.006030512508
1.913599967957	-0.006098128390
1.915199995041	-0.005356416572
1.916799902916	-0.006831264589
1.918399930000	-0.005878800526
1.919999957085	-0.007902512327
1.921599984169	-0.006959712598
1.923199892044	-0.005619504489
1.924799919128	-0.005672400352
1.926399946213	-0.008225728758
1.927999973297	-0.007300048601
1.929600000381	-0.005120768212
1.931199908257	-0.007430992555
1.932799935341	-0.006208304316
1.934399962425	-0.004586512223
1.935999989510	-0.006469680462
1.937599897385	-0.007797616534
1.939199924469	-0.007117584348
1.940799951553	-0.005594464485
1.942399978638	-0.008068785071
1.944000005722	-0.005651168525
1.945599913597	-0.005963600706
1.947199940681	-0.007550912444
1.948799967766	-0.006859488785
1.950399994850	-0.005658592563
1.951999902725	-0.007205856498
1.953599929810	-0.006308384705
1.955199956894	-0.005680528469
1.956799983978	-0.006380160339
1.958399891853	-0.007653056644
1.959999918938	-0.007199776825
1.961599946022	-0.005888416432
1.963199973106	-0.007031504530
1.964800000191	-0.005937536247
1.966399908066	-0.005647344515
1.967999935150	-0.007249088492
1.969599962234	-0.006258128677
1.971199989319	-0.007360480726
1.972799897194	-0.006921008695
1.974399924278	-0.007798096631
1.975999951363	-0.004841056187
1.977599978447	-0.007520064712
1.979200005531	-0.007529792842
1.980799913406	-0.005968608428
1.982399940491	-0.006123568397
1.983999967575	-0.007901856676
1.985599994659	-0.006141248625
1.987199902534	-0.005594448652
1.988799929619	-0.005899024662
1.990399956703	-0.007269136608
1.991999983788	-0.006455728319
1.993599891663	-0.007977312431
1.995199918747	-0.007268432528
1.996799945831	-0.005779296625
1.998399972916	-0.006846576463
2.000000000000	-0.007520656567
2.001600027084	-0.005512944423
2.003200054169	-0.005979248323
2.004799842834	-0.006974384654
2.006399869919	-0.006602704525
2.007999897003	-0.006021584384
2.009599924088	-0.006087184418
2.011199951172	-0.008007808588
2.012799978256	-0.004846256226
2.014400005341	-0.005795424338
2.016000032425	-0.008118400350
2.017600059509	-0.007794496603
2.019199848175	-0.006499056704
2.020799875259	-0.005415760446
2.022399902344	-0.007312384434
2.023999929428	-0.005897824652
2.025599956512	-0.006568720564
2.027199983597	-0.007013216615
2.028800010681	-0.005549008492
2.030400037766	-0.006676128600
2.032000064850	-0.007432512473
2.033599853516	-0.007031616755
2.035199880600	-0.004329696298
2.036799907684	-0.006644368637
2.038399934769	-0.006754480768
2.039999961853	-0.006681072526
2.041599988937	-0.006947648712
2.043200016022	-0.005683648400
2.044800043106	-0.005571008660
2.046399831772	-0.006242912263
2.047999858856	-0.008000320755
2.049599885941	-0.005162912421
2.051199913025	-0.008191824891
2.052799940109	-0.007037424482
2.054399967194	-0.005424176343
2.055999994278	-0.006304144394
2.057600021362	-0.009248096496
2.059200048447	-0.006187024526
2.060799837112	-0.006893056445
2.062399864197	-0.006949952804
2.063999891281	-0.008905504830
2.065599918365	-0.005852240603
2.067199945450	-0.006796160713
2.068799972534	-0.005828864407
2.070399999619	-0.005939360242
2.072000026703	-0.007667600643
2.073600053787	-0.008158368990
2.075199842453	-0.005087360274
2.076799869537	-0.007176784799
2.078399896622	-0.006305936724
2.079999923706	-0.008024560288
2.081599950790	-0.005837136414
2.083199977875	-0.007715328597
2.084800004959	-0.006563376635
2.086400032043	-0.007161296438
2.088000059128	-0.007022736594
2.089599847794	-0.008029553108
2.091199874878	-0.005952400621
2.092799901962	-0.005213440396
2.094399929047	-0.006266032346
2.095999956131	-0.005986512639
2.097599983215	-0.007111840416
2.099200010300	-0.006372656673
2.100800037384	-0.005753264297
2.102400064468	-0.008578401059
2.103999853134	-0.008490496315
2.105599880219	-0.006782704499
2.107199907303	-0.005732896738
2.108799934387	-0.005035248585
2.110399961472	-0.006884640548
2.111999988556	-0.006566032767
2.113600015640	-0.009054704569
2.115200042725	-0.006111152470
2.116799831390	-0.007016496733
2.118399858475	-0.007333648391
2.119999885559	-0.007858593017
2.121599912643	-0.005782592576
2.123199939728	-0.003946448211
2.124799966812	-0.007021728437
2.126399993896	-0.007031152491
2.128000020981	-0.006676368415
2.129600048065	-0.006794752553
2.131199836731	-0.007558272686
2.132799863815	-0.006871408783
2.134399890900	-0.007643632591
2.135999917984	-0.007228896488
2.137599945068	-0.007607712410
2.139199972153	-0.007834272459
2.140799999237	-0.008365216665
2.142400026321	-0.007423648611
2.144000053406	-0.006398496684
2.145599842072	-0.007520624436
2.147199869156	-0.007216160651
2.148799896240	-0.006297296379
2.150399923325	-0.006871744525
2.151999950409	-0.006180912722
2.153599977493	-0.005958080292
2.155200004578	-0.006074576639
2.156800031662	-0.006814656779
2.158400058746	-0.007566544693
2.159999847412	-0.006674336735
2.161599874496	-0.007698848844
2.163199901581	-0.008473568596
2.164799928665	-0.005614064634
2.166399955750	-0.005740672350
2.167999982834	-0.005656880327
2.169600009918	-0.005623200443
2.171200037003	-0.006471088622
2.172800064087	-0.009301857091
2.174399852753	-0.007668256760
2.175999879837	-0.005855600350
2.177599906921	-0.007657392882
2.179199934006	-0.006512864493
2.180799961090	-0.005955360364
2.182399988174	-0.006694512442
2.184000015259	-0.005638736300
2.185600042343	-0.004579120316
2.187199831009	-0.006809760816
2.188799858093	-0.006865520496
2.190399885178	-0.004976944532
2.191999912262	-0.006758128759
2.193599939346	-0.008162688464
2.195199966431	-0.007529200520
2.196799993515	-0.007307072636
2.198400020599	-0.007771408651
2.200000047684	-0.006897312589
2.201599836349	-0.007293120492
2.203199863434	-0.008418512531
2.204799890518	-0.007847473025
2.206399917603	-0.005632432643
2.207999944687	-0.005414144602
2.209599971771	-0.007035920396
2.211199998856	-0.008571120910
2.212800025940	-0.006898016669
2.214400053024	-0.007218256593
2.215999841690	-0.007654768415
2.217599868774	-0.007831905037
2.219199895859	-0.006298544351
2.220799922943	-0.006300688721
2.222399950027	-0.006637568586
2.223999977112	-0.005917968694
2.225600004196	-0.007363952696
2.227200031281	-0.007183408365
2.228800058365	-0.007675152738
2.230399847031	-0.009573584422
2.231999874115	-0.007109584752
2.233599901199	-0.007193296682
2.235199928284	-0.006584784482
2.236799955368	-0.006330160424
2.238399982452	-0.006657632533
2.240000009537	-0.006561328657
2.241600036621	-0.008887057193
2.243199825287	-0.007942224853
2.244799852371	-0.008272753097
2.246399879456	-0.006841040682
2.247999906540	-0.006381008308
2.249599933624	-0.006569744553
2.251199960709	-0.006075344514
2.252799987793	-0.006827936508
2.254400014877	-0.007842288353
2.256000041962	-0.006776128430
2.257599830627	-0.006962528452
2.259199857712	-0.007478816435
2.260799884796	-0.009703665040
2.262399911880	-0.008049200289
2.263999938965	-0.005468592513
2.265599966049	-0.007026816718
2.267199993134	-0.006647632457
2.268800020218	-0.007792080753
2.270400047302	-0.006476512644
2.271999835968	-0.008169232868
2.273599863052	-0.007031952497
2.275199890137	-0.005141392350
2.276799917221	-0.007649008650
2.278399944305	-0.006558800582
2.279999971390	-0.006952720694
2.281599998474	-0.006298752502
2.283200025558	-0.007063840516
2.284800052643	-0.007428128738
2.286399841309	-0.008336001076
2.287999868393	-0.005745728500
2.289599895477	-0.006620416418
2.291199922562	-0.006224704441
2.292799949646	-0.007600688841
2.294399976730	-0.005961728282
2.296000003815	-0.005914048292
2.297600030899	-0.007374176756
2.299200057983	-0.006456752773
2.300799846649	-0.006498592440
2.302399873734	-0.009241840802
2.303999900818	-0.007051504683
2.305599927902	-0.008091776632
2.307199954987	-0.005392896477
2.308799982071	-0.008527536876
2.310400009155	-0.006649904419
2.312000036240	-0.005949648563
2.313599824905	-0.007482400630
2.315199851990	-0.006935488433
2.316799879074	-0.006638448685
2.318399906158	-0.007300096564
2.319999933243	-0.006800960284
2.321599960327	-0.007883872837
2.323199987411	-0.005893104244
2.324800014496	-0.008837280795
2.326400041580	-0.007205888629
2.327999830246	-0.007087344769
2.329599857330	-0.006992800627
2.331199884415	-0.006545232609
2.332799911499	-0.006591040641
2.334399938583	-0.008022784255
2.335999965668	-0.005948688369
2.337599992752	-0.005895216484
2.339200019836	-0.010080256499
2.340800046921	-0.008597680368
2.342399835587	-0.005671840627
2.343999862671	-0.006709216628
2.345599889755	-0.006729888730
2.347199916840	-0.007035392802
2.348799943924	-0.007603600621
2.350399971008	-0.008376289159
2.351999998093	-0.005845168605
2.353600025177	-0.007872544229
2.355200052261	-0.006430960726
2.356799840927	-0.008240432478
2.358399868011	-0.006878768560
2.359999895096	-0.005733856466
2.361599922180	-0.006777920760
2.363199949265	-0.007167792413
2.364799976349	-0.009375697002
2.366400003433	-0.007909792475
2.368000030518	-0.006044992711
2.369600057602	-0.008223424666
2.371199846268	-0.007654256653
2.372799873352	-0.006209856365
2.374399900436	-0.005135824438
2.375999927521	-0.007387472782
2.377599954605	-0.007486400660
2.379199981689	-0.005518480670
2.380800008774	-0.009342016652
2.382400035858	-0.006526960526
2.383999824524	-0.006382160354
2.385599851608	-0.005774448626
2.387199878693	-0.008192656562
2.388799905777	-0.008056880906
2.390399932861	-0.007615680806
2.391999959946	-0.007447840646
2.393599987030	-0.007586192805
2.395200014114	-0.006525136530
2.396800041199	-0.008569937199
2.398399829865	-0.007949664257
2.399999856949	-0.006098272745
2.401599884033	-0.006420384627
2.403199911118	-0.007130944636
2.404799938202	-0.004490720574
2.406399965286	-0.006996160373
2.407999992371	-0.007305152714
2.409600019455	-0.004697824363
2.411200046539	-0.007584512699
2.412799835205	-0.007139312569
2.414399862289	-0.005139696412
2.415999889374	-0.005820560269
2.417599916458	-0.010520304553
2.419199943542	-0.008303472772
2.420799970627	-0.006343440618
2.422399997711	-0.006508688442
2.424000024796	-0.006494592410
2.425600051880	-0.007513168734
2.427199840546	-0.006436688360
2.428799867630	-0.006166352425
2.430399894714	-0.006362640765
2.431999921799	-0.009184048511
2.433599948883	-0.009046704508
2.435199975967	-0.005271008238
2.436800003052	-0.007198816631
2.438400030136	-0.007359808777
2.440000057220	-0.007690176833
2.441599845886	-0.007598496508
2.443199872971	-0.006677360740
2.444799900055	-0.006639248691
2.446399927139	-0.005781488493
2.447999954224	-0.007352400571
2.449599981308	-0.007345536724
2.451200008392	-0.006439712364
2.452800035477	-0.007657072507
2.454399824142	-0.007806960493
2.455999851227	-0.004972704221
2.457599878311	-0.007153072394
2.459199905396	-0.007108992431
2.460799932480	-0.007253056392
2.462399959564	-0.007641664706
2.463999986649	-0.007994192652
2.465600013733	-0.008810400963
2.467200040817	-0.007751392666
2.468799829483	-0.009163185023
2.470399856567	-0.006260240451
2.471999883652	-0.009723937139
2.473599910736	-0.007032240741
2.475199937820	-0.007508304436
2.476799964905	-0.006918544415
2.478399991989	-0.006374720484
2.480000019073	-0.007551520597
2.481600046158	-0.005438128486
2.483199834824	-0.006673552562
2.484799861908	-0.007710672449
2.486399888992	-0.007358944509
2.487999916077	-0.006050784606
2.489599943161	-0.009362224489
2.491199970245	-0.006907968782
2.492799997330	-0.006009952631
2.494400024414	-0.008119744249
2.496000051498	-0.005214992445
2.497599840164	-0.008479984477
2.499199867249	-0.007703136653
2.500799894333	-0.007127952762
2.502399921417	-0.008647840470
2.503999948502	-0.008300368674
2.505599975586	-0.008324785158
2.507200002670	-0.005814848468
2.508800029755	-0.007610784844
2.510399818420	-0.006486416329
2.511999845505	-0.007589888759
2.513599872589	-0.006584224757
2.515199899673	-0.007267952431
2.516799926758	-0.009343328886
2.518399953842	-0.007382336538
2.519999980927	-0.006386496592
2.521600008011	-0.006485760678
2.523200035095	-0.007407312747
2.524799823761	-0.007530912757
2.526399850845	-0.005436800420
2.527999877930	-0.006983968429
2.529599905014	-0.009133473039
2.531199932098	-0.008273105137
2.532799959183	-0.007578880526
2.534399986267	-0.007158928551
2.536000013351	-0.008737856522
2.537600040436	-0.006019872613
2.539199829102	-0.008022944443
2.540799856186	-0.005302720703
2.542399883270	-0.007581584621
2.543999910355	-0.007247104309
2.545599937439	-0.006040016655
2.547199964523	-0.007804656867
2.548799991608	-0.007535600569
2.550400018692	-0.008552800864
2.552000045776	-0.007408864796
2.553599834442	-0.007246576715
2.555199861526	-0.007242992520
2.556799888611	-0.007977697067
2.558399915695	-0.009701104835
2.559999942780	-0.007213840727
2.561599969864	-0.005412272178
2.563199996948	-0.007468656637
2.564800024033	-0.007961472496
2.566400051117	-0.006820976734
2.567999839783	-0.005555008538
2.569599866867	-0.008059361018
2.571199893951	-0.007035072427
2.572799921036	-0.010092641227
2.574399948120	-0.009577552788
2.575999975204	-0.007028304506
2.577600002289	-0.006616928615
2.579200029373	-0.006938672625
2.580799818039	-0.009800433181
2.582399845123	-0.005815360695
2.583999872208	-0.007543456741
2.585599899292	-0.009754560888
2.587199926376	-0.006553168409
2.588799953461	-0.008559568785
2.590399980545	-0.007144048344
2.592000007629	-0.009528448805
2.593600034714	-0.007008032408
2.595199823380	-0.008828897029
2.596799850464	-0.007164976560
2.598399877548	-0.006098080426
2.599999904633	-0.009707888588
2.601599931717	-0.008049648255
2.603199958801	-0.008441280574
2.604799985886	-0.007411536761
2.606400012970	-0.005683856551
2.608000040054	-0.007005024701
2.609599828720	-0.008034400642
2.611199855804	-0.008680320345
2.612799882889	-0.006473488640
2.614399909973	-0.008334512822
2.615999937057	-0.007546512410
2.617599964142	-0.006755536422
2.619199991226	-0.006970272399
2.620800018311	-0.007518720347
2.622400045395	-0.008541472256
2.623999834061	-0.006221632473
2.625599861145	-0.008497328497
2.627199888229	-0.008004656993
2.628799915314	-0.006922336761
2.630399942398	-0.008485456929
2.631999969482	-0.009076257236
2.633599996567	-0.008100656793
2.635200023651	-0.005940976553
2.636800050735	-0.006448752712
2.638399839401	-0.006138672587
2.639999866486	-0.007344752550
2.641599893570	-0.008522112854
2.643199920654	-0.006142160390
2.644799947739	-0.008814688772
2.646399974823	-0.004528944381
2.648000001907	-0.007582512684
2.649600028992	-0.005709216464
2.651199817657	-0.008240784518
2.652799844742	-0.007209136616
2.654399871826	-0.006700800732
2.655999898911	-0.008227552287
2.657599925995	-0.007624576800
2.659199953079	-0.006833328400
2.660799980164	-0.008046545088
2.662400007248	-0.004266768228
2.664000034332	-0.008021488786
2.665599822998	-0.005597952288
2.667199850082	-0.008351680823
2.668799877167	-0.006462976336
2.670399904251	-0.007527152542
2.671999931335	-0.008293872699
2.673599958420	-0.006761696655
2.675199985504	-0.007106608711
2.676800012589	-0.007252656855
2.678400039673	-0.008923713118
2.679999828339	-0.006499200594
2.681599855423	-0.007962192409
2.683199882507	-0.007969073020
2.684799909592	-0.005122160539
2.686399936676	-0.007340416778
2.687999963760	-0.005866560619
2.689599990845	-0.008517344482
2.691200017929	-0.008839424700
2.692800045013	-0.007034352515
2.694399833679	-0.004981248174
2.695999860764	-0.007159312721
2.697599887848	-0.007818784565
2.699199914932	-0.007617488503
2.700799942017	-0.007576224394
2.702399969101	-0.007512208540
2.703999996185	-0.006873952691
2.705600023270	-0.009457680397
2.707200050354	-0.007073152810
2.708799839020	-0.008181120269
2.710399866104	-0.005852608476
2.711999893188	-0.006596096791
2.713599920273	-0.006655120756
2.715199947357	-0.008426641114
2.716799974442	-0.006343312562
2.718400001526	-0.007859936915
2.720000028610	-0.007406416815
2.721599817276	-0.007693200372
2.723199844360	-0.007898496464
2.724799871445	-0.008648064919
2.726399898529	-0.007914080285
2.727999925613	-0.006491136737
2.729599952698	-0.007552560419
2.731199979782	-0.006842000410
2.732800006866	-0.007612400688
2.734400033951	-0.005939904600
2.735999822617	-0.008003328927
2.737599849701	-0.009451936930
2.739199876785	-0.007145408541
2.740799903870	-0.006741328631
2.742399930954	-0.006573856808
2.743999958038	-0.006371072493
2.745599985123	-0.008470368572
2.747200012207	-0.006846176460
2.748800039291	-0.007496048696
2.750399827957	-0.008446224965
2.751999855042	-0.005938768387
2.753599882126	-0.008496624418
2.755199909210	-0.006383424625
2.756799936295	-0.007557424717
2.758399963379	-0.008554896340
2.759999990463	-0.007855728269
2.761600017548	-0.007678800728
2.763200044632	-0.007238272578
2.764799833298	-0.008958928287
2.766399860382	-0.009777968749
2.767999887466	-0.007541520521
2.769599914551	-0.008349856362
2.771199941635	-0.007396080531
2.772799968719	-0.006641808432
2.774399995804	-0.008912272751
2.776000022888	-0.006451600697
2.777599811554	-0.009045904502
2.779199838638	-0.008448336273
2.780799865723	-0.007633184548
2.782399892807	-0.009993297048
2.783999919891	-0.007801472675
2.785599946976	-0.006973184645
2.787199974060	-0.007397728506
2.788800001144	-0.007803888526
2.790400028229	-0.007283456624
2.791999816895	-0.007327632513
2.793599843979	-0.008667360991
2.795199871063	-0.008281440474
2.796799898148	-0.008227360435
2.798399925232	-0.007132224739
2.799999952316	-0.008770464920
2.801599979401	-0.007054432761
2.803200006485	-0.007179728709
2.804800033569	-0.007381088566
2.806399822235	-0.005135792308
2.807999849319	-0.007715280633
2.809599876404	-0.006020592526
2.811199903488	-0.006830144674
2.812799930573	-0.007404128555
2.814399957657	-0.006817040499
2.815999984741	-0.008798352443
2.817600011826	-0.006850928534
2.819200038910	-0.008341632783
2.820799827576	-0.005141360685
2.822399854660	-0.009240080602
2.823999881744	-0.007764144801
2.825599908829	-0.009067424573
2.827199935913	-0.007030896842
2.828799962997	-0.007364304736
2.830399990082	-0.009638240561
2.832000017166	-0.006979888771
2.833600044250	-0.006413872354
2.835199832916	-0.007763504516
2.836799860001	-0.006635280792
2.838399887085	-0.009312912822
2.839999914169	-0.006473936606
2.841599941254	-0.008100560866
2.843199968338	-0.006640528329
2.844799995422	-0.009084224701
2.846400022507	-0.008659856394
2.847999811172	-0.005580576602
2.849599838257	-0.008431040682
2.851199865341	-0.008108032867
2.852799892426	-0.007287072483
2.854399919510	-0.007242768537
2.855999946594	-0.008346880786
2.857599973679	-0.006353152450
2.859200000763	-0.007151328493
2.860800027847	-0.008286160417
2.862399816513	-0.007307200693
2.863999843597	-0.006855056621
2.865599870682	-0.008333584294
2.867199897766	-0.007912896574
2.868799924850	-0.005303536542
2.870399951935	-0.007320480887
2.871999979019	-0.008110848255
2.873600006104	-0.006743888836
2.875200033188	-0.007155760657
2.876799821854	-0.006757776719
2.878399848938	-0.009524192661
2.879999876022	-0.006754848640
2.881599903107	-0.007606400643
2.883199930191	-0.007657200564
2.884799957275	-0.005772368517
2.886399984360	-0.010759760626
2.888000011444	-0.007238832768
2.889600038528	-0.007950688712
2.891199827194	-0.007933632471
2.892799854279	-0.006233264692
2.894399881363	-0.006479584612
2.895999908447	-0.007791920565
2.897599935532	-0.008631857112
2.899199962616	-0.004802336451
2.900799989700	-0.006992000621
2.902400016785	-0.008945648558
2.904000043869	-0.006277712528
2.905599832535	-0.009557536803
2.907199859619	-0.008112048730
2.908799886703	-0.007346288767
2.910399913788	-0.008011344820
2.911999940872	-0.008165504783
2.913599967957	-0.008022496477
2.915199995041	-0.005661280360
2.916800022125	-0.009302368388
2.918399810791	-0.008035920560
2.919999837875	-0.008952400647
2.921599864960	-0.009884593077
2.923199892044	-0.008500944823
2.924799919128	-0.005930896383
2.926399946213	-0.008337777108
2.927999973297	-0.007798368577
2.929600000381	-0.005888352636
2.931200027466	-0.007195200771
2.932799816132	-0.007834657095
2.934399843216	-0.007135136519
2.935999870300	-0.007447088603
2.937599897385	-0.006986672524
2.939199924469	-0.008538704365
2.940799951553	-0.007344784681
2.942399978638	-0.008572257124
2.944000005722	-0.007152224425
2.945600032806	-0.007259872742
2.947199821472	-0.010123169050
2.948799848557	-0.007882288657
2.950399875641	-0.005619664676
2.951999902725	-0.006875216495
2.953599929810	-0.007964016870
2.955199956894	-0.009441824630
2.956799983978	-0.006186640356
2.958400011063	-0.009357680567
2.960000038147	-0.008624816313
2.961599826813	-0.008493713103
2.963199853897	-0.007778160740
2.964799880981	-0.006552752573
2.966399908066	-0.006259472575
2.967999935150	-0.007578928489
2.969599962234	-0.007921712473
2.971199989319	-0.008667680435
2.972800016403	-0.009462096728
2.974400043488	-0.007930113003
2.975999832153	-0.009407136589
2.977599859238	-0.008055568673
2.979199886322	-0.005653184373
2.980799913406	-0.006621520501
2.982399940491	-0.009065216407
2.983999967575	-0.010512112640
2.985599994659	-0.008806688711
2.987200021744	-0.006009376608
2.988799810410	-0.007683952805
2.990399837494	-0.007516544778
2.991999864578	-0.008875440806
2.993599891663	-0.008196464740
2.995199918747	-0.008835312910
2.996799945831	-0.009267936461
2.998399972916	-0.008407296613
3.000000000000	-0.008505296893
3.001600027084	-0.006905840710
3.003199815750	-0.007737168577
3.004799842834	-0.008807200938
3.006399869919	-0.009363904595
3.007999897003	-0.006847328506
3.009599924088	-0.005828496534
3.011199951172	-0.010429312475
3.012799978256	-0.008064240217
3.014400005341	-0.007467984688
3.016000032425	-0.007862096652
3.017599821091	-0.009377872571
3.019199848175	-0.005860672332
3.020799875259	-0.005801952444
3.022399902344	-0.009000000544
3.023999929428	-0.006100608502
3.025599956512	-0.010034305044
3.027199983597	-0.007288848516
3.028800010681	-0.008077024482
3.030400037766	-0.006285888609
3.031999826431	-0.009865664877
3.033599853516	-0.008777584881
3.035199880600	-0.008554592729
3.036799907684	-0.007399632595
3.038399934769	-0.007043488789
3.039999961853	-0.008212544955
3.041599988937	-0.009135632776
3.043200016022	-0.007106704637
3.044799804687	-0.006321728695
3.046399831772	-0.008630161174
3.047999858856	-0.006908288691
3.049599885941	-0.006008016411
3.051199913025	-0.009915824980
3.052799940109	-0.009871088900
3.054399967194	-0.005405024625
3.055999994278	-0.008797456510
3.057600021362	-0.007371200714
3.059199810028	-0.005803280510
3.060799837112	-0.009672144428
3.062399864197	-0.007884833030
3.063999891281	-0.008673217148
3.065599918365	-0.006714064628
3.067199945450	-0.007844656706
3.068799972534	-0.007842192426
3.070399999619	-0.007834352553
3.072000026703	-0.006738320459
3.073599815369	-0.006040528417
3.075199842453	-0.007307152729
3.076799869537	-0.006986336783
3.078399896622	-0.007421328686
3.079999923706	-0.008687185124
3.081599950790	-0.009099152870
3.083199977875	-0.005731920712
3.084800004959	-0.007809120696
3.086400032043	-0.008659296669
3.087999820709	-0.007400960661
3.089599847794	-0.004437328316
3.091199874878	-0.007495280821
3.092799901962	-0.007124992553
3.094399929047	-0.007720080670
3.095999956131	-0.008282208815
3.097599983215	-0.008167664520
3.099200010300	-0.006259728689
3.100800037384	-0.006775744725
3.102399826050	-0.010039168410
3.103999853134	-0.009368561208
3.105599880219	-0.008293232881
3.107199907303	-0.007947216742
3.108799934387	-0.008478192613
3.110399961472	-0.009312177077
3.111999988556	-0.006192416418
3.113600015640	-0.007744720671
3.115199804306	-0.006095312536
3.116799831390	-0.009584545158
3.118399858475	-0.007780160755
3.119999885559	-0.008889520541
3.121599912643	-0.008031264879
3.123199939728	-0.010016560555
3.124799966812	-0.007944880985
3.126399993896	-0.007707280573
3.128000020981	-0.007727296557
3.129599809647	-0.006583824754
3.131199836731	-0.007098576520
3.132799863815	-0.007036224473
3.134399890900	-0.006709520705
3.135999917984	-0.006123488303
3.137599945068	-0.006853104569
3.139199972153	-0.009176272899
3.140799999237	-0.006511936430
3.142400026321	-0.008263520896
3.143999814987	-0.010184177198
3.145599842072	-0.008676065132
3.147199869156	-0.009167760611
3.148799896240	-0.008848032914
3.150399923325	-0.010449424386
3.151999950409	-0.007604592480
3.153599977493	-0.005798432510
3.155200004578	-0.007603248581
3.156800031662	-0.006964208558
3.158399820328	-0.008380336687
3.159999847412	-0.008263552561
3.161599874496	-0.006430208683
3.163199901581	-0.007257008459
3.164799928665	-0.006998656783
3.166399955750	-0.008588656783
3.167999982834	-0.006130528636
3.169600009918	-0.006978160702
3.171200037003	-0.007746800780
3.172799825668	-0.010410737246
3.174399852753	-0.007880640216
3.175999879837	-0.007449200843
3.177599906921	-0.010189232416
3.179199934006	-0.008989312686
3.180799961090	-0.008495888673
3.182399988174	-0.005667936523
3.184000015259	-0.007259904407
3.185599803925	-0.007487856783
3.187199831009	-0.009234128520
3.188799858093	-0.005275904667
3.190399885178	-0.008138112724
3.191999912262	-0.008360448293
3.193599939346	-0.009813632816
3.195199966431	-0.009815440513
3.196799993515	-0.007770384662
3.198400020599	-0.006188400555
3.199999809265	-0.008856561035
3.201599836349	-0.007801536471
3.203199863434	-0.007820544764
3.204799890518	-0.006092992611
3.206399917603	-0.009729809128
3.207999944687	-0.009163568728
3.209599971771	-0.005587168504
3.211199998856	-0.007510336582
3.212800025940	-0.008709120564
3.214399814606	-0.007779776584
3.215999841690	-0.010557169095
3.217599868774	-0.006654560566
3.219199895859	-0.007399408612
3.220799922943	-0.008818496950
3.222399950027	-0.008593617007
3.223999977112	-0.008445968851
3.225600004196	-0.006238448434
3.227200031281	-0.007841984741
3.228799819946	-0.008405328728
3.230399847031	-0.009133312851
3.231999874115	-0.006205312442
3.233599901199	-0.008353536949
3.235199928284	-0.007021648809
3.236799955368	-0.010821680538
3.238399982452	-0.006454896647
3.240000009537	-0.006016368512
3.241600036621	-0.008795169182
3.243199825287	-0.007628272753
3.244799852371	-0.007553072646
3.246399879456	-0.007496960461
3.247999906540	-0.008410784416
3.249599933624	-0.007484208792
3.251199960709	-0.008997264318
3.252799987793	-0.007509696763
3.254400014877	-0.006886272691
3.255999803543	-0.006864640396
3.257599830627	-0.008287152275
3.259199857712	-0.007186400704
3.260799884796	-0.008523153141
3.262399911880	-0.008205376565
3.263999938965	-0.008116880432
3.265599966049	-0.007406112738
3.267199993134	-0.005897040479
3.268800020218	-0.006755120587
3.270399808884	-0.008453008719
3.271999835968	-0.007171664853
3.273599863052	-0.005220384337
3.275199890137	-0.008666545153
3.276799917221	-0.007728000637
3.278399944305	-0.009182864800
3.279999971390	-0.006329424679
3.281599998474	-0.005973920226
3.283200025558	-0.009955360554
3.284799814224	-0.006173904520
3.286399841309	-0.007162960712
3.287999868393	-0.005461344495
3.289599895477	-0.009094593115
3.291199922562	-0.008143057115
3.292799949646	-0.008538960479
3.294399976730	-0.008530240506
3.296000003815	-0.006466512568
3.297600030899	-0.008245713077
3.299199819565	-0.007794512436
3.300799846649	-0.006969088688
3.302399873734	-0.007381440606
3.303999900818	-0.008739200421
3.305599927902	-0.008581088856
3.307199954987	-0.008972128853
3.308799982071	-0.007558240555
3.310400009155	-0.006622752640
3.311999797821	-0.008043296635
3.313599824905	-0.007317536511
3.315199851990	-0.005730512552
3.316799879074	-0.007753600832
3.318399906158	-0.009395376779
3.319999933243	-0.009448496625
3.321599960327	-0.007287840359
3.323199987411	-0.006610416342
3.324800014496	-0.007091136649
3.326399803162	-0.007871856913
3.327999830246	-0.009213824756
3.329599857330	-0.006693520583
3.331199884415	-0.006889312528
3.332799911499	-0.009436912835
3.334399938583	-0.008537152782
3.335999965668	-0.007148000412
3.337599992752	-0.007203088608
3.339200019836	-0.008514368907
3.340799808502	-0.008678704500
3.342399835587	-0.009085873142
3.343999862671	-0.007248320617
3.345599889755	-0.005926544312
3.347199916840	-0.007837136276
3.348799943924	-0.007790112868
3.350399971008	-0.007774400525
3.351999998093	-0.007699200418
3.353600025177	-0.007491536438
3.355199813843	-0.008235408925
3.356799840927	-0.007213008590
3.358399868011	-0.007789664436
3.359999895096	-0.007045616396
3.361599922180	-0.009819201194
3.363199949265	-0.009460528381
3.364799976349	-0.006696224678
3.366400003433	-0.007177888416
3.368000030518	-0.007864400744
3.369599819183	-0.008388401009
3.371199846268	-0.006333632395
3.372799873352	-0.008482304402
3.374399900436	-0.006609808654
3.375999927521	-0.006893104408
3.377599954605	-0.008719217032
3.379199981689	-0.008004352450
3.380800008774	-0.006893792655
3.382399797440	-0.006584720686
3.383999824524	-0.007910368964
3.385599851608	-0.009437968954
3.387199878693	-0.009026240557
3.388799905777	-0.007918160409
3.390399932861	-0.008960721083
3.391999959946	-0.007594080642
3.393599987030	-0.006526784506
3.395200014114	-0.007998513058
3.396799802780	-0.009710016660
3.398399829865	-0.005432544276
3.399999856949	-0.005870400462
3.401599884033	-0.006729408633
3.403199911118	-0.007777040824
3.404799938202	-0.008351984434
3.406399965286	-0.007135536522
3.407999992371	-0.007588544860
3.409600019455	-0.008312128484
3.411199808121	-0.008678336628
3.412799835205	-0.006156864576
3.414399862289	-0.008551824838
3.415999889374	-0.008095984347
3.417599916458	-0.007503376808
3.419199943542	-0.008075680584
3.420799970627	-0.008263712749
3.422399997711	-0.006895760540
3.424000024796	-0.006959536579
3.425599813461	-0.009609185159
3.427199840546	-0.008934224956
3.428799867630	-0.006693680771
3.430399894714	-0.009763856418
3.431999921799	-0.008730720729
3.433599948883	-0.007303312421
3.435199975967	-0.007560608443
3.436800003052	-0.005939504597
3.438400030136	-0.009557936341
3.439999818802	-0.006851168349
3.441599845886	-0.006039776374
3.443199872971	-0.007668080740
3.444799900055	-0.007770864759
3.446399927139	-0.008997713216
3.447999954224	-0.008511920460
3.449599981308	-0.006016256753
3.451200008392	0.009382816963
