0.000000000000	0.019884273410
0.001599999960	0.020488496870
0.003199999919	0.019432146102
0.004799999762	0.020745744929
0.006399999838	0.020212993026
0.007999999449	0.019278258085
0.009599999525	0.017068944871
0.011199999601	0.017921090126
0.012799999677	0.018613185734
0.014399999753	0.016349568963
0.015999998897	0.018058946356
0.017599999905	0.017799122259
0.019199999049	0.016590097919
0.020800000057	0.015127921477
0.022399999201	0.015749633312
0.024000000209	0.015968352556
0.025599999353	0.014333105646
0.027199998498	0.017424881458
0.028799999505	0.013069056906
0.030399998650	0.014976193197
0.031999997795	0.015643522143
0.033599998802	0.014759409241
0.035199999809	0.011978449300
0.036800000817	0.015295313671
0.038399998099	0.014405793510
0.039999999106	0.014914337546
0.041600000113	0.013782257214
0.043199997395	0.014611537568
0.044799998403	0.012676336803
0.046399999410	0.015139937401
0.048000000417	0.014044017531
0.049599997699	0.011578928679
0.051199998707	0.014780897647
0.052799999714	0.013834160753
0.054399996996	0.011576673016
0.055999998003	0.011936864816
0.057599999011	0.015435185283
0.059200000018	0.011028689332
0.060799997300	0.012921889313
0.062399998307	0.013816385530
0.063999995589	0.011780208908
0.065600000322	0.010176688433
0.067199997604	0.011764848605
0.068799994886	0.012668081559
0.070399999619	0.008979552425
0.071999996901	0.015033073723
0.073600001633	0.013544272631
0.075199998915	0.010375472717
0.076799996197	0.010655872524
0.078400000930	0.013243537396
0.079999998212	0.010423297063
0.081599995494	0.011528576724
0.083200000226	0.012914145365
0.084799997509	0.009952480905
0.086399994791	0.012060496956
0.087999999523	0.011540592648
0.089599996805	0.011797824875
0.091199994087	0.010276896879
0.092799998820	0.014792785048
0.094399996102	0.010804128833
0.096000000834	0.009291713126
0.097599998116	0.012007905170
0.099199995399	0.011710736901
0.100800000131	0.008393905126
0.102399997413	0.011692993343
0.103999994695	0.008736193180
0.105599999428	0.008634177037
0.107199996710	0.012160576880
0.108799993992	0.010924881324
0.110399998724	0.008251264691
0.111999996006	0.009819072671
0.113600000739	0.013805617578
0.115199998021	0.009402625263
0.116799995303	0.009119888768
0.118400000036	0.010243425146
0.119999997318	0.008566289209
0.121599994600	0.008113248274
0.123199999332	0.011353680864
0.124799996614	0.008845472708
0.126399993896	0.007720608730
0.127999991179	0.011071313173
0.129600003362	0.010206865147
0.131200000644	0.007802640554
0.132799997926	0.011402192526
0.134399995208	0.009992368519
0.135999992490	0.010728608817
0.137599989772	0.009443216957
0.139200001955	0.010472608730
0.140799999237	0.007309536450
0.142399996519	0.008453872986
0.143999993801	0.012539968826
0.145599991083	0.007521440741
0.147200003266	0.009185616858
0.148800000548	0.010826016776
0.150399997830	0.010429472663
0.151999995112	0.008005056530
0.153599992394	0.010772640817
0.155199989676	0.007797008380
0.156800001860	0.008801216260
0.158399999142	0.010985809378
0.159999996424	0.009472320788
0.161599993706	0.008197280578
0.163199990988	0.011235249229
0.164800003171	0.008275536820
0.166400000453	0.006680176593
0.167999997735	0.009102432989
0.169599995017	0.010956848972
0.171199992299	0.009085073136
0.172799989581	0.007100064773
0.174400001764	0.010061392561
0.175999999046	0.007844368927
0.177599996328	0.009182129055
0.179199993610	0.007442560513
0.180799990892	0.007307104766
0.182399988174	0.009238288738
0.184000000358	0.010868080892
0.185599997640	0.008311872371
0.187199994922	0.007832881063
0.188799992204	0.010413984768
0.190399989486	0.007832000963
0.192000001669	0.008724416606
0.193599998951	0.008877152577
0.195199996233	0.007496320643
0.196799993515	0.009688609280
0.198399990797	0.008748016320
0.199999988079	0.008321552537
0.201600000262	0.006645296700
0.203199997544	0.007890288718
0.204799994826	0.008801024407
0.206399992108	0.007793760858
0.207999989390	0.009254001081
0.209600001574	0.007480048575
0.211199998856	0.006464528386
0.212799996138	0.010885440744
0.214399993420	0.008455088362
0.215999990702	0.007530288771
0.217599987984	0.009149232879
0.219200000167	0.008598448709
0.220799997449	0.009296513163
0.222399994731	0.006987120491
0.223999992013	0.008960897103
0.225599989295	0.008028240874
0.227200001478	0.008290369064
0.228799998760	0.009020880796
0.230399996042	0.006460768636
0.231999993324	0.006491472479
0.233599990606	0.007649568841
0.235199987888	0.007217504550
0.236800000072	0.006610416342
0.238399997354	0.008222945035
0.239999994636	0.006785808597
0.241599991918	0.008404352702
0.243199989200	0.007928624749
0.244799986482	0.006465696730
0.246399998665	0.006028864533
0.247999995947	0.006039600354
0.249599993229	0.008859937079
0.251199990511	0.006325696595
0.252799987793	0.007330656517
0.254399985075	0.006668464746
0.255999982357	0.008401184343
0.257599979639	0.009146369062
0.259200006723	0.008674016222
0.260800004005	0.005277856253
0.262400001287	0.008107440546
0.263999998569	0.008124080487
0.265599995852	0.006511904299
0.267199993134	0.006522496697
0.268799990416	0.006675824523
0.270399987698	0.008087088354
0.271999984980	0.005457200576
0.273599982262	0.008652128279
0.275199979544	0.006203456316
0.276800006628	0.007967072539
0.278400003910	0.005477408413
0.280000001192	0.007998785004
0.281599998474	0.007060416508
0.283199995756	0.005681072362
0.284799993038	0.007123824675
0.286399990320	0.004838768393
0.287999987602	0.008363232948
0.289599984884	0.004771184176
0.291199982166	0.005877616350
0.292799979448	0.008127184585
0.294400006533	0.008336944506
0.296000003815	0.006535424385
0.297600001097	0.005592384376
0.299199998379	0.006509664468
0.300799995661	0.005226048641
0.302399992943	0.005675168708
0.303999990225	0.007165664807
0.305599987507	0.006224816665
0.307199984789	0.006364496425
0.308799982071	0.005850272253
0.310399979353	0.006357984617
0.312000006437	0.006563872565
0.313600003719	0.007165376563
0.315200001001	0.004923088476
0.316799998283	0.004914608318
0.318399995565	0.007088912651
0.319999992847	0.005148304626
0.321599990129	0.007174608763
0.323199987411	0.006471856497
0.324799984694	0.005453184247
0.326399981976	0.006631920580
0.327999979258	0.006720576435
0.329600006342	0.006217088550
0.331200003624	0.005118288565
0.332800000906	0.004079248291
0.334399998188	0.005004288629
0.335999995470	0.004434944596
0.337599992752	0.004406752530
0.339199990034	0.005863136612
0.340799987316	0.003698240267
0.342399984598	0.006523952354
0.343999981880	0.006250816397
0.345599979162	0.003861376317
0.347199976444	0.006720016710
0.348800003529	0.006458464544
0.350400000811	0.004329168238
0.351999998093	0.005571296439
0.353599995375	0.006638176739
0.355199992657	0.005492608529
0.356799989939	0.003790656338
0.358399987221	0.003888080362
0.359999984503	0.005028560292
0.361599981785	0.003557440359
0.363199979067	0.006750048604
0.364799976349	0.005962016527
0.366400003433	0.005984496325
0.368000000715	0.004843728617
0.369599997997	0.003660944290
0.371199995279	0.004049872514
0.372799992561	0.006499136332
0.374399989843	0.006140112411
0.375999987125	0.003243856132
0.377599984407	0.003415392246
0.379199981689	0.005806336645
0.380799978971	0.004968448542
0.382399976254	0.005953808315
0.384000003338	0.004201456439
0.385600000620	0.006030016579
0.387199997902	0.003869056469
0.388799995184	0.007263920736
0.390399992466	0.003691776190
0.391999989748	0.004205696285
0.393599987030	0.006140224636
0.395199984312	0.004325872287
0.396799981594	0.006526496727
0.398399978876	0.004167264327
0.399999976158	0.004960624501
0.401600003242	0.006104816683
0.403200000525	0.005019280594
0.404799997807	0.004688256420
0.406399995089	0.004798752256
0.407999992371	0.004920992535
0.409599989653	0.005818320438
0.411199986935	0.006010832265
0.412799984217	0.004384496249
0.414399981499	0.004211472347
0.415999978781	0.004514384549
0.417599976063	0.004588144366
0.419200003147	0.005799216684
0.420800000429	0.005364016630
0.422399997711	0.003903072327
0.423999994993	0.005372624379
0.425599992275	0.004402752500
0.427199989557	0.005997536704
0.428799986839	0.005382848438
0.430399984121	0.003229360329
0.431999981403	0.004902608227
0.433599978685	0.002760320203
0.435199975967	0.004989872221
0.436800003052	0.004626176320
0.438400000334	0.004744448233
0.439999997616	0.003863600316
0.441599994898	0.003994928207
0.443199992180	0.004741952289
0.444799989462	0.003742832225
0.446399986744	0.004627280403
0.447999984026	0.004253776278
0.449599981308	0.005066256505
0.451199978590	0.002445456106
0.452799975872	0.005840016529
0.454400002956	0.003446736373
0.456000000238	0.004769616295
0.457599997520	0.003636176232
0.459199994802	0.005066416226
0.460799992085	0.004228496458
0.462399989367	0.004119712394
0.463999986649	0.004169808235
0.465599983931	0.003574576229
0.467199981213	0.004163584206
0.468799978495	0.003858064301
0.470399975777	0.005663680378
0.472000002861	0.003501120256
0.473600000143	0.004432272166
0.475199997425	0.004325488117
0.476799994707	0.005204544403
0.478399991989	0.003915024456
0.479999989271	0.003238976235
0.481599986553	0.003782352200
0.483199983835	0.005306064617
0.484799981117	0.005281056277
0.486399978399	0.001067696139
0.487999975681	0.003729216289
0.489599972963	0.000950448040
0.491200000048	0.006440112367
0.492799997330	0.004113920499
0.494399994612	0.004070848227
0.495999991894	0.001335472101
0.497599989176	0.004251136445
0.499199986458	0.004758720286
0.500800013542	0.002571616322
0.502399981022	0.005062096287
0.504000008106	0.001516192104
0.505599975586	0.004476368427
0.507200002670	0.002905776259
0.508799970150	0.004541408271
0.510399997234	0.003435216378
0.511999964714	0.002709264169
0.513599991798	0.003784640227
0.515199959278	0.003477952443
0.516799986362	0.005176528357
0.518400013447	0.003109296318
0.519999980927	0.004870928358
0.521600008011	0.002545456169
0.523199975491	0.003719184315
0.524800002575	0.003777312348
0.526399970055	0.003816464450
0.527999997139	0.004455888178
0.529599964619	0.002970896196
0.531199991703	0.002904992318
0.532799959183	0.002506736200
0.534399986267	0.004773232620
0.536000013351	0.003656464396
0.537599980831	0.003581856377
0.539200007915	0.002713296097
0.540799975395	0.003254080191
0.542400002480	0.003442864167
0.543999969959	0.002746592276
0.545599997044	0.002873536199
0.547199964523	0.004013840109
0.548799991608	0.002475520130
0.550399959087	0.004123072140
0.551999986172	0.003534032265
0.553600013256	0.002491296269
0.555199980736	0.002626704285
0.556800007820	0.002451440087
0.558399975300	0.002942256164
0.560000002384	0.002561248140
0.561599969864	0.003187168157
0.563199996948	0.004122944083
0.564799964428	0.002045808127
0.566399991512	0.002503760159
0.567999958992	0.002071408089
0.569599986076	0.003671424231
0.571200013161	0.002606368158
0.572799980640	0.003976016305
0.574400007725	0.002267584205
0.575999975204	0.001954960171
0.577600002289	0.002413728274
0.579199969769	0.004572848324
0.580799996853	0.003299296368
0.582399964333	0.002874128288
0.583999991417	0.002418736229
0.585599958897	0.003219088307
0.587199985981	0.003795616329
0.588800013065	0.000784720120
0.590399980545	0.003089056117
0.592000007629	0.001665280201
0.593599975109	0.003855952295
0.595200002193	0.001557184150
0.596799969673	0.004603824578
0.598399996758	0.002332240110
0.599999964237	0.003234672127
0.601599991322	0.003278192366
0.603199958801	0.002238944173
0.604799985886	0.004103840329
0.606400012970	0.000375760050
0.607999980450	0.003954256419
0.609600007534	0.002862128196
0.611199975014	0.000583024055
0.612800002098	0.002333504148
0.614399969578	0.002141856123
0.615999996662	0.003730192315
0.617599964142	0.002022192115
0.619199991226	0.002771936357
0.620799958706	0.002521392191
0.622399985790	0.002225616248
0.624000012875	0.001647312078
0.625599980354	0.001958592096
0.627200007439	0.003677408211
0.628799974918	0.002670896240
0.630400002003	0.003403136274
0.631999969482	0.002581888111
0.633599996567	0.000936640077
0.635199964046	0.003311904147
0.636799991131	0.002824704163
0.638399958611	0.004883920308
0.639999985695	0.001621568110
0.641600012779	-0.000351264025
0.643199980259	0.003671360202
0.644800007343	0.002478576265
0.646399974823	0.002458816161
0.648000001907	-0.002088256180
0.649599969387	0.002888704184
0.651199996471	0.001091856044
0.652799963951	0.003492336255
0.654399991035	0.002054416109
0.655999958515	0.000760896073
0.657599985600	0.001757952152
0.659200012684	0.001952320221
0.660799980164	0.004727632273
0.662400007248	0.000731424079
0.663999974728	0.001010816079
0.665600001812	0.000456768088
0.667199969292	0.000660256075
0.668799996376	0.003811728209
0.670399963856	0.000000688002
0.671999990940	0.002832368249
0.673599958420	0.001377504086
0.675199985504	0.004700992256
0.676800012589	0.001983200200
0.678399980068	0.001768800081
0.680000007153	0.001851392095
0.681599974632	0.002070624148
0.683200001717	0.004265360534
0.684799969196	0.001220784150
0.686399996281	0.001041584183
0.687999963760	0.002085312270
0.689599990845	0.002216176130
0.691199958324	0.002304224065
0.692799985409	0.001471664058
0.694399952888	0.002577280160
0.695999979973	0.001709968201
0.697600007057	0.002720272169
0.699199974537	0.001802160172
0.700800001621	0.000536544016
0.702399969101	0.000025168018
0.703999996185	0.002081072191
0.705599963665	0.002220752183
0.707199990749	0.001463760156
0.708799958229	0.001013680128
0.710399985313	0.001312416163
0.711999952793	0.000293663994
0.713599979877	0.001303248107
0.715200006962	-0.000116880045
0.716799974442	0.001780208200
0.718400001526	0.003210256342
0.719999969006	0.001046560006
0.721599996090	0.001600416028
0.723199963570	0.000970032066
0.724799990654	0.003256800352
0.726399958134	0.002182832221
0.727999985218	0.001586064114
0.729599952698	0.003197696293
0.731199979782	0.000840704073
0.732800006866	0.002347104251
0.734399974346	0.002120624296
0.736000001431	0.001231232076
0.737599968910	0.001112512080
0.739199995995	-0.000534112041
0.740799963474	0.001597424154
0.742399990559	0.000826912001
0.743999958038	0.003302320372
0.745599985123	-0.000643360079
0.747199952602	0.000659984071
0.748799979687	0.001199440099
0.750400006771	-0.000090640024
0.751999974251	0.003033296205
0.753600001335	0.001792512136
0.755199968815	0.000898672093
0.756799995899	0.000452928070
0.758399963379	-0.000274000020
0.759999990463	0.001339696115
0.761599957943	0.000731024076
0.763199985027	0.000007584061
0.764799952507	0.001625328092
0.766399979591	0.000621280051
0.768000006676	0.001147872070
0.769599974155	0.002924800152
0.771200001240	0.002469808096
0.772799968719	0.001172144082
0.774399995804	-0.000940944010
0.775999963284	0.000938800105
0.777599990368	0.001291664084
0.779199957848	-0.000275024009
0.780799984932	0.000998303993
0.782399952412	0.001911808155
0.783999979496	0.001838320168
0.785600006580	-0.000721680059
0.787199974060	0.001820800127
0.788800001144	-0.001029040082
0.790399968624	0.000652144081
0.791999995708	-0.000526992022
0.793599963188	0.002905040281
0.795199990273	-0.000291872042
0.796799957752	0.000331504038
0.798399984837	0.000081855957
0.799999952316	0.001525776112
0.801599979401	0.001931568142
0.803200006485	-0.000995744136
0.804799973965	0.001390032121
0.806400001049	0.000892048061
0.807999968529	0.004420816433
0.809599995613	-0.001123488182
0.811199963093	0.000163712000
0.812799990177	-0.000812928076
0.814399957657	-0.000321680069
0.815999984741	0.001244159997
0.817599952221	-0.000105280022
0.819199979305	-0.000281488028
0.820800006390	-0.000964192091
0.822399973869	0.000151136031
0.824000000954	0.000066848021
0.825599968433	0.001754880184
0.827199995518	-0.000158176044
0.828799962997	-0.000975424075
0.830399990082	0.000340272003
0.831999957561	-0.000133072041
0.833599984646	0.000758432085
0.835199952126	-0.000712768058
0.836799979210	0.001427184092
0.838400006294	0.000635952107
0.839999973774	0.002357984195
0.841600000858	-0.000695440045
0.843199968338	-0.000096400028
0.844799995422	0.000522912014
0.846399962902	-0.001042384072
0.847999989986	-0.001418944099
0.849599957466	0.000424031983
0.851199984550	0.000546128023
0.852799952030	-0.000657232071
0.854399979115	0.001167296083
0.856000006199	-0.001132496051
0.857599973679	0.001300240052
0.859200000763	0.001425648108
0.860799968243	0.000101487989
0.862399995327	0.000427168037
0.863999962807	-0.001349760103
0.865599989891	-0.000246224023
0.867199957371	-0.001557552139
0.868799984455	0.000929456030
0.870399951935	-0.001286784071
0.871999979019	-0.000409552071
0.873600006104	0.000771968043
0.875199973583	0.000469744060
0.876800000668	0.001309184125
0.878399968147	-0.000059408027
0.879999995232	0.000242944006
0.881599962711	-0.001098144101
0.883199989796	0.000462480064
0.884799957275	0.000421616016
0.886399984360	0.001347520156
0.887999951839	0.000240719994
0.889599978924	-0.000826976087
0.891200006008	0.001388400095
0.892799973488	0.000831920072
0.894400000572	0.002100928221
0.895999968052	-0.000956064090
0.897599995136	0.000649632071
0.899199962616	-0.000467984122
0.900799989700	0.000345920009
0.902399957180	0.000762224023
0.903999984264	-0.000562912086
0.905599951744	-0.001024352154
0.907199978828	0.000604464032
0.908800005913	-0.000602256041
0.910399973392	0.000649856054
0.912000000477	-0.001105472096
0.913599967957	0.000441296026
0.915199995041	0.001268416061
0.916799962521	-0.000660144084
0.918399989605	-0.000149247993
0.919999957085	-0.001307376078
0.921599984169	-0.000157920018
0.923199951649	0.000232175997
0.924799978733	-0.000788064150
0.926400005817	-0.000117023985
0.927999973297	-0.001699024113
0.929600000381	0.000367072003
0.931199967861	-0.001431712182
0.932799994946	-0.000305456051
0.934399962425	-0.000142911987
0.935999989510	-0.002129248111
0.937599956989	0.000604608038
0.939199984074	-0.001096512075
0.940799951553	0.001533936127
0.942399978638	-0.001796064200
0.944000005722	0.000841504079
0.945599973202	-0.002382528270
0.947200000286	0.001943808165
0.948799967766	0.000515680003
0.950399994850	0.000262448040
0.951999962330	-0.000012368044
0.953599989414	-0.002858672291
0.955199956894	0.001830688096
0.956799983978	-0.002564032096
0.958399951458	0.000380592042
0.959999978542	-0.001837104093
0.961599946022	-0.000119664051
0.963199973106	0.001360608148
0.964800000191	-0.002465440193
0.966399967670	0.000927552057
0.967999994755	-0.001514448086
0.969599962234	0.001288000029
0.971199989319	-0.000810848025
0.972799956799	-0.000052448006
0.974399983883	-0.001317616086
0.975999951363	-0.001209024107
0.977599978447	-0.001105456031
0.979199945927	-0.001493392163
0.980799973011	-0.001095456071
0.982400000095	-0.001810048125
0.983999967575	0.000363968022
0.985599994659	-0.000111776011
0.987199962139	-0.000342192041
0.988799989223	0.000320176041
0.990399956703	-0.001161168097
0.991999983788	0.000070655988
0.993599951267	-0.000249679957
0.995199978352	-0.000711696048
0.996799945831	0.000056288001
0.998399972916	0.000632384093
1.000000000000	-0.001721712179
1.001600027084	-0.000255136052
1.003199934959	-0.001265520114
1.004799962044	-0.001179248095
1.006399989128	-0.000913536060
1.008000016212	-0.000980528072
1.009599924088	-0.001241792110
1.011199951172	-0.001459936146
1.012799978256	-0.001864176127
1.014400005341	-0.001100720139
1.016000032425	-0.000179631999
1.017599940300	-0.002771696309
1.019199967384	0.000310896023
1.020799994469	-0.001645248150
1.022400021553	-0.001235952019
1.023999929428	-0.000980464043
1.025599956512	-0.001602064120
1.027199983597	-0.000660880061
1.028800010681	-0.003316272283
1.030399918556	-0.000639104052
1.031999945641	-0.001430880046
1.033599972725	-0.001632240135
1.035199999809	-0.000397184078
1.036800026894	-0.001796544180
1.038399934769	0.000208080019
1.039999961853	-0.002076096134
1.041599988937	-0.000141344048
1.043200016022	-0.002986880252
1.044799923897	-0.000907472044
1.046399950981	-0.001748016104
1.047999978065	-0.002214688342
1.049600005150	-0.000423231977
1.051200032234	-0.000779648079
1.052799940109	-0.002636656165
1.054399967194	0.000662512030
1.055999994278	-0.001645152108
1.057600021362	-0.001126480056
1.059199929237	-0.002540640300
1.060799956322	0.000386272033
1.062399983406	-0.001251552138
1.064000010490	-0.001825136133
1.065599918365	-0.000984320184
1.067199945450	-0.002724032151
1.068799972534	-0.001062400173
1.070399999619	-0.002731088316
1.072000026703	-0.001120592118
1.073599934578	-0.000448336097
1.075199961662	-0.002359280130
1.076799988747	-0.000031936015
1.078400015831	-0.001951744198
1.079999923706	-0.001297296141
1.081599950790	-0.001930336235
1.083199977875	-0.002363392152
1.084800004959	-0.000550944067
1.086400032043	-0.002455152338
1.087999939919	-0.002367600333
1.089599967003	-0.001994816121
1.091199994087	-0.000315344048
1.092800021172	-0.002966928296
1.094399929047	-0.001591184177
1.095999956131	-0.002882240340
1.097599983215	-0.003052832326
1.099200010300	-0.000215056018
1.100799918175	-0.002021600259
1.102399945259	-0.002255984116
1.103999972343	-0.002419248223
1.105599999428	-0.003130672267
1.107200026512	-0.000588560069
1.108799934387	-0.001811280148
1.110399961472	-0.001367280143
1.111999988556	-0.002338448074
1.113600015640	-0.002197952243
1.115199923515	-0.000704208040
1.116799950600	-0.002236112254
1.118399977684	-0.003140944289
1.120000004768	-0.003455776256
1.121599912643	-0.000775504042
1.123199939728	-0.000191840038
1.124799966812	-0.002737360308
1.126399993896	-0.003220480168
1.128000020981	-0.002537888242
1.129599928856	-0.000739968033
1.131199955940	-0.003567520296
1.132799983025	-0.001226464054
1.134400010109	-0.002440608107
1.135999917984	-0.002778896131
1.137599945068	-0.000277152023
1.139199972153	-0.001877136179
1.140799999237	-0.001028880128
1.142400026321	-0.004048480187
1.143999934196	-0.001477920101
1.145599961281	-0.000534671999
1.147199988365	-0.002557552187
1.148800015450	-0.000771984051
1.150399923325	-0.001728848089
1.151999950409	-0.002849312266
1.153599977493	-0.001103808056
1.155200004578	-0.001948224148
1.156799912453	-0.002541648224
1.158399939537	-0.003255664138
1.159999966621	-0.001677632099
1.161599993706	-0.002026960254
1.163200020790	-0.000359104044
1.164799928665	-0.002393360250
1.166399955750	-0.003782896325
1.167999982834	-0.001688640099
1.169600009918	-0.003170400392
1.171199917793	-0.000800400099
1.172799944878	-0.002908720169
1.174399971962	-0.002586016199
1.175999999046	-0.002378672129
1.177600026131	-0.003061360214
1.179199934006	-0.000956480100
1.180799961090	-0.001548448112
1.182399988174	-0.001523712068
1.184000015259	-0.001673680148
1.185599923134	-0.002572224243
1.187199950218	0.000606464106
1.188799977303	-0.001127120107
1.190400004387	-0.002818720182
1.191999912262	-0.002310064156
1.193599939346	-0.002228000201
1.195199966431	-0.001628032187
1.196799993515	-0.001816128148
1.198400020599	-0.003363232361
1.199999928474	-0.002906544367
1.201599955559	-0.002166848164
1.203199982643	-0.002154672053
1.204800009727	-0.001330736093
1.206399917603	-0.001376800123
1.207999944687	-0.004719040357
1.209599971771	0.000059407947
1.211199998856	-0.004658336286
1.212800025940	-0.002953728195
1.214399933815	-0.003381232265
1.215999960899	-0.003759312211
1.217599987984	-0.000379248027
1.219200015068	-0.003466512309
1.220799922943	-0.000344176049
1.222399950027	-0.002585600363
1.223999977112	-0.005267712288
1.225600004196	-0.000900080078
1.227199912071	-0.004496880341
1.228799939156	-0.000998336123
1.230399966240	-0.003937952220
1.231999993324	-0.001466128160
1.233600020409	-0.002112592105
1.235199928284	-0.002882848261
1.236799955368	-0.001778480131
1.238399982452	-0.004169184249
1.240000009537	-0.000698160089
1.241599917412	-0.002129488159
1.243199944496	-0.002446032129
1.244799971581	-0.003530160291
1.246399998665	-0.004053520504
1.248000025749	-0.002875408158
1.249599933624	-0.002375568263
1.251199960709	-0.000570944045
1.252799987793	-0.003542976221
1.254400014877	-0.003550784197
1.255999922752	-0.002993888222
1.257599949837	-0.002894720295
1.259199976921	-0.003517488251
1.260800004005	-0.001633104170
1.262399911880	-0.002648208290
1.263999938965	-0.002785824239
1.265599966049	-0.002922080224
1.267199993134	-0.002856256207
1.268800020218	-0.002205216093
1.270399928093	-0.002649632283
1.271999955177	-0.001468624105
1.273599982262	-0.003879808355
1.275200009346	-0.000997408060
1.276799917221	-0.001538800192
1.278399944305	-0.003039632225
1.279999971390	-0.003479952225
1.281599998474	-0.003026880324
1.283200025558	-0.003217520192
1.284799933434	-0.001410208060
1.286399960518	-0.003017952200
1.287999987602	-0.002718096366
1.289600014687	-0.005131872371
1.291199922562	-0.001563408063
1.292799949646	-0.002555808285
1.294399976730	-0.001984096132
1.296000003815	-0.003176240250
1.297599911690	-0.003023312194
1.299199938774	-0.003542528255
1.300799965858	-0.002092400333
1.302399992943	-0.001386272139
1.304000020027	-0.005056384485
1.305599927902	-0.002490368206
1.307199954987	-0.003797440324
1.308799982071	-0.002820528345
1.310400009155	-0.000371824048
1.311999917030	-0.005189664662
1.313599944115	-0.003984064329
1.315199971199	-0.004819232505
1.316799998283	-0.002900192281
1.318400025368	-0.003511584364
1.319999933243	-0.005695840344
1.321599960327	-0.002484368160
1.323199987411	-0.004676192533
1.324800014496	-0.002523712115
1.326399922371	-0.003251152346
1.327999949455	-0.002770032268
1.329599976540	-0.005143200513
1.331200003624	-0.003389968304
1.332799911499	-0.000804096111
1.334399938583	-0.003445120296
1.335999965668	-0.001742288121
1.337599992752	-0.003299328266
1.339200019836	-0.004156176466
1.340799927711	-0.001698608161
1.342399954796	-0.004121584352
1.343999981880	-0.003446496325
1.345600008965	-0.004096368328
1.347199916840	-0.002440320095
1.348799943924	-0.001688624150
1.350399971008	-0.004265840165
1.351999998093	-0.001396112144
1.353600025177	-0.006174816284
1.355199933052	-0.002895952202
1.356799960136	-0.004561696667
1.358399987221	-0.003677952336
1.360000014305	-0.003483632114
1.361599922180	-0.003869840410
1.363199949265	-0.003226944245
1.364799976349	-0.003711728379
1.366400003433	-0.001148976036
1.367999911308	-0.002896384336
1.369599938393	-0.005879440345
1.371199965477	-0.002809744328
1.372799992561	-0.003932720516
1.374400019646	-0.001283632126
1.375999927521	-0.003813488176
1.377599954605	-0.003111504251
1.379199981689	-0.004733696580
1.380800008774	-0.004622368608
1.382399916649	-0.001684768125
1.383999943733	-0.003102448303
1.385599970818	-0.004930320196
1.387199997902	-0.003795840312
1.388799905777	-0.004290560260
1.390399932861	-0.003100464353
1.391999959946	-0.002034496283
1.393599987030	-0.004272352438
1.395200014114	-0.003849936184
1.396799921989	-0.003943600226
1.398399949074	-0.003925568424
1.399999976158	-0.003622752381
1.401600003242	-0.002040240215
1.403199911118	-0.002571616322
1.404799938202	-0.004032784142
1.406399965286	-0.003703728318
1.407999992371	-0.001522480161
1.409600019455	-0.004057696555
1.411199927330	-0.002982224338
1.412799954414	-0.003058560193
1.414399981499	-0.002654208336
1.416000008583	-0.004209472332
1.417599916458	-0.004257248249
1.419199943542	-0.003703808412
1.420799970627	-0.003428288270
1.422399997711	-0.002827888122
1.423999905586	-0.003233232303
1.425599932671	-0.003786080284
1.427199959755	-0.003669008380
1.428799986839	-0.004004000220
1.430400013924	-0.004425360356
1.431999921799	-0.003691968275
1.433599948883	-0.004241440445
1.435199975967	-0.005164080299
1.436800003052	-0.003441856243
1.438399910927	-0.002701648278
1.439999938011	-0.004561920650
1.441599965096	-0.003128432203
1.443199992180	-0.004054192454
1.444800019264	-0.007828736678
1.446399927139	-0.006105920300
1.447999954224	-0.004203072283
1.449599981308	-0.003582480364
1.451200008392	-0.004226912279
1.452799916267	-0.004109344445
1.454399943352	-0.004230880179
1.455999970436	-0.006784224417
1.457599997520	-0.001466784161
1.459199905396	-0.003085168311
1.460799932480	-0.003476496320
1.462399959564	-0.004386688583
1.463999986649	-0.004894304555
1.465600013733	-0.004407872446
1.467199921608	-0.003787088441
1.468799948692	-0.002731696237
1.470399975777	-0.005736432504
1.472000002861	-0.002308848314
1.473599910736	-0.004302368499
1.475199937820	-0.004151328467
1.476799964905	-0.001398496097
1.478399991989	-0.004138848279
1.480000019073	-0.003858352313
1.481599926949	-0.005710144527
1.483199954033	-0.001882480108
1.484799981117	-0.003600512398
1.486400008202	-0.004766992293
1.487999916077	-0.001924704062
1.489599943161	-0.006518720649
1.491199970245	-0.004083568230
1.492799997330	-0.004172640387
1.494399905205	-0.002743616235
1.495999932289	-0.004916032311
1.497599959373	-0.002172944136
1.499199986458	-0.003702304326
1.500800013542	-0.005438272376
1.502399921417	-0.002651728224
1.503999948502	-0.004976880271
1.505599975586	-0.004011680372
1.507200002670	-0.007348256651
1.508799910545	-0.003744128160
1.510399937630	-0.005927728489
1.511999964714	-0.005460752640
1.513599991798	-0.001386080054
1.515200018883	-0.007006176747
1.516799926758	-0.002737440169
1.518399953842	-0.005999904592
1.519999980927	-0.005960080307
1.521600008011	-0.003786240472
1.523199915886	-0.002800704213
1.524799942970	-0.004019888584
1.526399970055	-0.007269232534
1.527999997139	-0.003149296157
1.529599905014	-0.005756048486
1.531199932098	-0.004168368410
1.532799959183	-0.000981552061
1.534399986267	-0.004248416517
1.536000013351	-0.007296704687
1.537599921227	-0.005855760537
1.539199948311	-0.002828640165
1.540799975395	-0.005233536474
1.542400002480	-0.003757136175
1.543999910355	-0.003986592405
1.545599937439	-0.006468032487
1.547199964523	-0.003626192221
1.548799991608	-0.003639088245
1.550400018692	-0.000952464005
1.551999926567	-0.005934736691
1.553599953651	-0.004349536262
1.555199980736	-0.005335136317
1.556800007820	-0.004629184492
1.558399915695	-0.002968144370
1.559999942780	-0.004142560530
1.561599969864	-0.004627520218
1.563199996948	-0.006581328344
1.564799904823	-0.003562640166
1.566399931908	-0.003934320062
1.567999958992	-0.002911104122
1.569599986076	-0.003283184255
1.571200013161	-0.008581840433
1.572799921036	-0.002802128205
1.574399948120	-0.005397872534
1.575999975204	-0.004189616535
1.577600002289	-0.005751776509
1.579199910164	-0.002745952224
1.580799937248	-0.006405424327
1.582399964333	-0.009960304946
1.583999991417	-0.000567120092
1.585600018501	-0.004254112486
1.587199926376	-0.006103136577
1.588799953461	-0.006580432411
1.590399980545	-0.005168128293
1.592000007629	-0.004857872613
1.593599915504	-0.004416128621
1.595199942589	-0.001815488213
1.596799969673	-0.007485680748
1.598399996758	-0.004428160377
1.599999904633	-0.002944896230
1.601599931717	-0.007379104383
1.603199958801	-0.003671600251
1.604799985886	-0.005674208514
1.606400012970	-0.002345040208
1.607999920845	-0.005449872464
1.609599947929	-0.003972320352
1.611199975014	-0.006484064739
1.612800002098	-0.007803920656
1.614399909973	-0.000776672037
1.615999937057	-0.006418944802
1.617599964142	-0.003406128380
1.619199991226	-0.004038736224
1.620800018311	-0.004606016446
1.622399926186	-0.006484048441
1.623999953270	-0.000571312034
1.625599980354	-0.001681632013
1.627200007439	-0.008588400669
1.628799915314	-0.003431760240
1.630399942398	-0.007182016503
1.631999969482	-0.003536736360
1.633599996567	-0.002925200155
1.635199904442	-0.003523216350
1.636799931526	-0.005857392680
1.638399958611	-0.008254496381
1.639999985695	-0.000496928056
1.641600012779	-0.005194080528
1.643199920654	-0.005887552630
1.644799947739	-0.004243056290
1.646399974823	-0.009605392814
1.648000001907	-0.006195664406
1.649599909782	-0.004501712043
1.651199936867	-0.002951264149
1.652799963951	-0.006637680810
1.654399991035	-0.005881744437
1.655999898911	-0.005858496297
1.657599925995	-0.007642368786
1.659199953079	0.000905984081
1.660799980164	-0.004257232416
1.662400007248	-0.003714976367
1.663999915123	-0.007468464784
1.665599942207	-0.005236928351
1.667199969292	-0.003105520271
1.668799996376	-0.004595488310
1.670399904251	-0.002721104305
1.671999931335	-0.009410784580
1.673599958420	-0.005182624329
1.675199985504	-0.001481616171
1.676800012589	-0.005074672401
1.678399920464	-0.004515744280
1.679999947548	-0.007530944888
1.681599974632	-0.005911904853
1.683200001717	-0.007079104427
1.684799909592	-0.003052544314
1.686399936676	-0.004201296251
1.687999963760	-0.007395616733
1.689599990845	-0.004585936200
1.691199898720	-0.005295168608
1.692799925804	-0.003464288311
1.694399952888	-0.003606656333
1.695999979973	-0.005322240293
1.697600007057	-0.009093873203
1.699199914932	-0.004004880320
1.700799942017	-0.003562592203
1.702399969101	-0.006541856565
1.703999996185	-0.002891520271
1.705599904060	-0.006627552677
1.707199931145	-0.005313648377
1.708799958229	-0.007161232643
1.710399985313	-0.003717104206
1.712000012398	-0.003951840568
1.713599920273	-0.007326384541
1.715199947357	-0.004712160211
1.716799974442	-0.005194672383
1.718400001526	-0.004121392500
1.719999909401	-0.007164000534
1.721599936485	-0.004879952408
1.723199963570	-0.004759456497
1.724799990654	-0.006684976630
1.726399898529	-0.002848944161
1.727999925613	-0.004008480348
1.729599952698	-0.003502864158
1.731199979782	-0.006976560690
1.732800006866	-0.005325632636
1.734399914742	-0.003026368329
1.735999941826	-0.006769136526
1.737599968910	-0.003981920425
1.739199995995	-0.006993024610
1.740799903870	-0.003462048247
1.742399930954	-0.006494944450
1.743999958038	-0.007749648765
1.745599985123	-0.002191184089
1.747200012207	-0.006155936513
1.748799920082	-0.006813088432
1.750399947166	-0.003989264369
1.751999974251	-0.001961712260
1.753600001335	-0.006035312545
1.755199909210	-0.007003552746
1.756799936295	-0.004507696256
1.758399963379	-0.007545264438
1.759999990463	-0.004214864224
1.761599898338	-0.003805616405
1.763199925423	-0.004517920315
1.764799952507	-0.004862368573
1.766399979591	-0.008505744860
1.768000006676	-0.004127568565
1.769599914551	-0.004502656404
1.771199941635	-0.003464896232
1.772799968719	-0.008283472620
1.774399995804	-0.004852016456
1.775999903679	-0.004187088460
1.777599930763	-0.005524496548
1.779199957848	-0.003877440235
1.780799984932	-0.006381504703
1.782400012016	-0.007246512454
1.783999919891	-0.006985520478
1.785599946976	-0.004721264355
1.787199974060	-0.003498912323
1.788800001144	-0.008983424865
1.790399909019	-0.005815744400
1.791999936104	-0.007974112406
1.793599963188	-0.005778512452
1.795199990273	-0.004498640541
1.796799898148	-0.004818896297
1.798399925232	-0.008152256720
1.799999952316	-0.006701984443
1.801599979401	-0.004118496552
1.803200006485	-0.005007984582
1.804799914360	-0.004652560223
1.806399941444	-0.007540896535
1.807999968529	-0.007662912831
1.809599995613	-0.006578688510
1.811199903488	-0.007080496754
1.812799930573	-0.003504432272
1.814399957657	-0.007578832563
1.815999984741	-0.004651248455
1.817600011826	-0.008656016551
1.819199919701	-0.004896880593
1.820799946785	-0.004361184314
1.822399973869	-0.007244768552
1.824000000954	-0.005807024427
1.825599908829	-0.008052321151
1.827199935913	-0.004538064357
1.828799962997	-0.006629584357
1.830399990082	-0.008379552513
1.831999897957	-0.003764640307
1.833599925041	-0.009590417147
1.835199952126	-0.004444240127
1.836799979210	-0.006264320575
1.838400006294	-0.006311696488
1.839999914169	-0.005614128429
1.841599941254	-0.005777328275
1.843199968338	-0.003995248582
1.844799995422	-0.009443328716
1.846399903297	-0.005210256670
1.847999930382	-0.008398273028
1.849599957466	-0.006545792334
1.851199984550	-0.006482480559
1.852800011635	-0.006213120651
1.854399919510	-0.004061024170
1.855999946594	-0.005591232330
1.857599973679	-0.006423616316
1.859200000763	-0.008563312702
1.860799908638	-0.005912736524
1.862399935722	-0.004310464486
1.863999962807	-0.009610480629
1.865599989891	-0.003490800271
1.867199897766	-0.007488272619
1.868799924850	-0.006969632581
1.870399951935	-0.005583152641
1.871999979019	-0.005018256605
1.873600006104	-0.006713856477
1.875199913979	-0.007791280746
1.876799941063	-0.002143376041
1.878399968147	-0.005645344499
1.879999995232	-0.003663936397
1.881599903107	-0.009316881187
1.883199930191	-0.004921616521
1.884799957275	-0.004829984158
1.886399984360	-0.007150512654
1.888000011444	-0.003977024462
1.889599919319	-0.008317168802
1.891199946404	-0.006134736352
1.892799973488	-0.006499552634
1.894400000572	-0.005750736222
1.895999908447	-0.004479568452
1.897599935532	-0.007844256237
1.899199962616	-0.005354048219
1.900799989700	-0.006911936682
1.902399897575	-0.003836368211
1.903999924660	-0.004570224322
1.905599951744	-0.007739360444
1.907199978828	-0.004073680378
1.908800005913	-0.009252176620
1.910399913788	-0.004344752524
1.911999940872	-0.006017216481
1.913599967957	-0.002524736105
1.915199995041	-0.007086064667
1.916799902916	-0.006137104239
1.918399930000	-0.004728544503
1.919999957085	-0.008868064731
1.921599984169	-0.004003824200
1.923199892044	-0.007239952683
1.924799919128	-0.007859488949
1.926399946213	-0.005134304520
1.927999973297	-0.004515312612
1.929600000381	-0.004861792549
1.931199908257	-0.008683809079
1.932799935341	-0.004845216405
1.934399962425	-0.005826672539
1.935999989510	-0.006001168396
1.937599897385	-0.004409904126
1.939199924469	-0.008177184500
1.940799951553	-0.003616080387
1.942399978638	-0.007873840630
1.944000005722	-0.006049504504
1.945599913597	-0.008898320608
1.947199940681	-0.003959072288
1.948799967766	-0.008108608425
1.950399994850	-0.008431120776
1.951999902725	-0.004609600641
1.953599929810	-0.007008240558
1.955199956894	-0.005729328375
1.956799983978	-0.008233744651
1.958399891853	-0.007605472580
1.959999918938	-0.003710832447
1.961599946022	-0.007903792895
1.963199973106	-0.006003616378
1.964800000191	-0.007648688741
1.966399908066	-0.006326960400
1.967999935150	-0.006196800619
1.969599962234	-0.006225792691
1.971199989319	-0.004435056355
1.972799897194	-0.006820512470
1.974399924278	-0.008095728233
1.975999951363	-0.007808240596
1.977599978447	-0.004209536593
1.979200005531	-0.004560304340
1.980799913406	-0.007853536867
1.982399940491	-0.005024688318
1.983999967575	-0.008819696493
1.985599994659	-0.005022576544
1.987199902534	-0.006516912486
1.988799929619	-0.005579424556
1.990399956703	-0.007895456627
1.991999983788	-0.010168576613
1.993599891663	-0.005258000456
1.995199918747	-0.005395136308
1.996799945831	-0.003739760257
1.998399972916	-0.004051552154
2.000000000000	-0.006967232563
2.001600027084	-0.005383248441
2.003200054169	-0.005976624321
2.004799842834	-0.003368480131
2.006399869919	-0.007824784145
2.007999897003	-0.008961408399
2.009599924088	-0.005704784300
2.011199951172	-0.006190032698
2.012799978256	-0.004728416447
2.014400005341	-0.006840224378
2.016000032425	-0.004594720434
2.017600059509	-0.008912480436
2.019199848175	-0.005696560256
2.020799875259	-0.004201440141
2.022399902344	-0.006957904436
2.023999929428	-0.004638976417
2.025599956512	-0.009220561013
2.027199983597	-0.008358736522
2.028800010681	-0.004944912158
2.030400037766	-0.006701744627
2.032000064850	-0.009006944485
2.033599853516	-0.006828320678
2.035199880600	-0.007027984597
2.036799907684	-0.006700256374
2.038399934769	-0.006054080557
2.039999961853	-0.003383520292
2.041599988937	-0.007321904413
2.043200016022	-0.007484656759
2.044800043106	-0.002859744243
2.046399831772	-0.008600465022
2.047999858856	-0.010747073218
2.049599885941	-0.007266160566
2.051199913025	-0.008154288866
2.052799940109	-0.008059920743
2.054399967194	-0.004254464526
2.055999994278	-0.005738672335
2.057600021362	-0.007194096688
2.059200048447	-0.006384848617
2.060799837112	-0.007999216206
2.062399864197	-0.007999536581
2.063999891281	-0.005995072424
2.065599918365	-0.005066832528
2.067199945450	-0.008620976470
2.068799972534	-0.008093200624
2.070399999619	-0.008008528501
2.072000026703	-0.007660944480
2.073600053787	-0.006250368431
2.075199842453	-0.005148608238
2.076799869537	-0.009288384579
2.078399896622	-0.008020608686
2.079999923706	-0.002907616319
2.081599950790	-0.007303168532
2.083199977875	-0.006259936839
2.084800004959	-0.008277776651
2.086400032043	-0.006883984432
2.088000059128	-0.006829616614
2.089599847794	-0.008142912760
2.091199874878	-0.004711536225
2.092799901962	-0.008425328881
2.094399929047	-0.007178640459
2.095999956131	-0.006784720346
2.097599983215	-0.010366240516
2.099200010300	-0.003964720294
2.100800037384	-0.006702624727
2.102400064468	-0.008524512872
2.103999853134	-0.005828000605
2.105599880219	-0.009461793117
2.107199907303	-0.008041377179
2.108799934387	-0.008197120391
2.110399961472	-0.005628032610
2.111999988556	-0.009686753154
2.113600015640	-0.009355984628
2.115200042725	-0.005314176437
2.116799831390	-0.005578688346
2.118399858475	-0.007240640465
2.119999885559	-0.008594352752
2.121599912643	-0.005907456391
2.123199939728	-0.008055424318
2.124799966812	-0.008806576952
2.126399993896	-0.005653776228
2.128000020981	-0.006053440738
2.129600048065	-0.008155536838
2.131199836731	-0.008334176615
2.132799863815	-0.007015408482
2.134399890900	-0.007572400849
2.135999917984	-0.010636497289
2.137599945068	-0.005878304597
2.139199972153	-0.009067232721
2.140799999237	-0.008977552876
2.142400026321	-0.005983600393
2.144000053406	-0.007942368276
2.145599842072	-0.007624912541
2.147199869156	-0.007499440573
2.148799896240	-0.007529328577
2.150399923325	-0.005446320400
2.151999950409	-0.008765312843
2.153599977493	-0.008202129044
2.155200004578	-0.007763824891
2.156800031662	-0.006179024465
2.158400058746	-0.007472112775
2.159999847412	-0.005533968564
2.161599874496	-0.008530064486
2.163199901581	-0.006267408375
2.164799928665	-0.006024496630
2.166399955750	-0.005347024649
2.167999982834	-0.008058656938
2.169600009918	-0.006798496470
2.171200037003	-0.008938992396
2.172800064087	-0.010072864592
2.174399852753	-0.007385936566
2.175999879837	-0.006972752512
2.177599906921	-0.006342240609
2.179199934006	-0.007282320410
2.180799961090	-0.007043504622
2.182399988174	-0.008117648773
2.184000015259	-0.006052528508
2.185600042343	-0.006044528447
2.187199831009	-0.007469104603
2.188799858093	-0.006090288516
2.190399885178	-0.009570016526
2.191999912262	-0.009143568575
2.193599939346	-0.005899136420
2.195199966431	-0.009081056342
2.196799993515	-0.007829520851
2.198400020599	-0.011118048802
2.200000047684	-0.006872944534
2.201599836349	-0.006038832478
2.203199863434	-0.005962208379
2.204799890518	-0.004311952274
2.206399917603	-0.007677840535
2.207999944687	-0.007883857004
2.209599971771	-0.008623568341
2.211199998856	-0.006737920456
2.212800025940	-0.007026368752
2.214400053024	-0.007897472940
2.215999841690	-0.006073632743
2.217599868774	-0.010544944555
2.219199895859	-0.005484416615
2.220799922943	-0.005445424467
2.222399950027	-0.007743040565
2.223999977112	-0.008508320898
2.225600004196	-0.008022320457
2.227200031281	-0.005043904297
2.228800058365	-0.010406160727
2.230399847031	-0.005497808568
2.231999874115	-0.007081408519
2.233599901199	-0.009764065035
2.235199928284	-0.004968992434
2.236799955368	-0.010264049284
2.238399982452	-0.008098769002
2.240000009537	-0.008003120311
2.241600036621	-0.006288800389
2.243199825287	-0.007281632628
2.244799852371	-0.006376864389
2.246399879456	-0.005628128536
2.247999906540	-0.008021504618
2.249599933624	-0.005064016208
2.251199960709	-0.008970849216
2.252799987793	-0.008431744762
2.254400014877	-0.007352928631
2.256000041962	-0.007793152705
2.257599830627	-0.006370576564
2.259199857712	-0.008501872420
2.260799884796	-0.006645488553
2.262399911880	-0.011054321192
2.263999938965	-0.007272224873
2.265599966049	-0.006319584791
2.267199993134	-0.009038304910
2.268800020218	-0.004762336146
2.270400047302	-0.007597632706
2.271999835968	-0.006582320668
2.273599863052	-0.008134384640
2.275199890137	-0.008085744455
2.276799917221	-0.006884976756
2.278399944305	-0.009787729010
2.279999971390	-0.007311392576
2.281599998474	-0.008859328926
2.283200025558	-0.005497728474
2.284800052643	-0.006214896683
2.286399841309	-0.009739249013
2.287999868393	-0.006579248700
2.289599895477	-0.007328704465
2.291199922562	-0.007469584700
2.292799949646	-0.008968736976
2.294399976730	-0.005608832464
2.296000003815	-0.007885504514
2.297600030899	-0.008260384202
2.299200057983	-0.005069344305
2.300799846649	-0.010041425005
2.302399873734	-0.008549120277
2.303999900818	-0.007624560501
2.305599927902	-0.006064864341
2.307199954987	-0.007162384689
2.308799982071	-0.009447856806
2.310400009155	-0.004965392407
2.312000036240	-0.008311424404
2.313599824905	-0.006657632533
2.315199851990	-0.006860704627
2.316799879074	-0.007555696648
2.318399906158	-0.007215408608
2.319999933243	-0.006830576342
2.321599960327	-0.008927265182
2.323199987411	-0.007157376502
2.324800014496	-0.005768720526
2.326400041580	-0.008064000867
2.327999830246	-0.008493344299
2.329599857330	-0.008285696618
2.331199884415	-0.008067361079
2.332799911499	-0.006280848756
2.334399938583	-0.005806304514
2.335999965668	-0.007379104849
2.337599992752	-0.010373936966
2.339200019836	-0.009666848928
2.340800046921	-0.005009984598
2.342399835587	-0.007930320688
2.343999862671	-0.006719472352
2.345599889755	-0.008780321106
2.347199916840	-0.008341408335
2.348799943924	-0.007085744757
2.350399971008	-0.009118609130
2.351999998093	-0.005121600349
2.353600025177	-0.007447712589
2.355200052261	-0.008606704883
2.356799840927	-0.005840112455
2.358399868011	-0.006601072382
2.359999895096	-0.007238384802
2.361599922180	-0.009744720533
2.363199949265	-0.008038176224
2.364799976349	-0.009945312515
2.366400003433	-0.006464896724
2.368000030518	-0.007231984753
2.369600057602	-0.008090560324
2.371199846268	-0.005747456569
2.372799873352	-0.010813969187
2.374399900436	-0.006593536586
2.375999927521	-0.008446385153
2.377599954605	-0.006355648395
2.379199981689	-0.007396864705
2.380800008774	-0.006997344550
2.382400035858	-0.006156672724
2.383999824524	-0.008650160395
2.385599851608	-0.007502240594
2.387199878693	-0.007611376699
2.388799905777	-0.009124305099
2.390399932861	-0.007156448439
2.391999959946	-0.006786336657
2.393599987030	-0.005305344239
2.395200014114	-0.006723120809
2.396800041199	-0.005273360293
2.398399829865	-0.009847648442
2.399999856949	-0.006806672551
2.401599884033	-0.008537824266
2.403199911118	-0.008642529137
2.404799938202	-0.009033888578
2.406399965286	-0.008332208730
2.407999992371	-0.007366992533
2.409600019455	-0.007703808602
2.411200046539	-0.006211952306
2.412799835205	-0.009491601028
2.414399862289	-0.010763600469
2.415999889374	-0.008591745049
2.417599916458	-0.007663520519
2.419199943542	-0.005919952411
2.420799970627	-0.005163504276
2.422399997711	-0.009636560455
2.424000024796	-0.007348560728
2.425600051880	-0.007495456375
2.427199840546	-0.008279488422
2.428799867630	-0.005600720644
2.430399894714	-0.007097888738
2.431999921799	-0.007326384541
2.433599948883	-0.007006272674
2.435199975967	-0.007574976422
2.436800003052	-0.007533456665
2.438400030136	-0.005970912520
2.440000057220	-0.007099680603
2.441599845886	-0.009096352383
2.443199872971	-0.009584320709
2.444799900055	-0.007781984750
2.446399927139	-0.004858208355
2.447999954224	-0.008335264400
2.449599981308	-0.007571008522
2.451200008392	-0.009057313204
2.452800035477	-0.009932257235
2.454399824142	-0.006842544302
2.455999851227	-0.007055520546
2.457599878311	-0.007709680591
2.459199905396	-0.007995008491
2.460799932480	-0.006069968455
2.462399959564	-0.010185760446
2.463999986649	-0.008951984346
2.465600013733	-0.008437857032
2.467200040817	-0.007287520450
2.468799829483	-0.006878112443
2.470399856567	-0.010202544741
2.471999883652	-0.007824848406
2.473599910736	-0.007677328773
2.475199937820	-0.008666064590
2.476799964905	-0.008148352616
2.478399991989	-0.008017136715
2.480000019073	-0.006635488477
2.481600046158	-0.006413696799
2.483199834824	-0.007953568362
2.484799861908	-0.007370336447
2.486399888992	-0.009090752341
2.487999916077	-0.008225984871
2.489599943161	-0.006256032735
2.491199970245	-0.008387696929
2.492799997330	-0.007512848824
2.494400024414	-0.007236944512
2.496000051498	-0.006669232622
2.497599840164	-0.007160992827
2.499199867249	-0.006087216549
2.500799894333	-0.008478336968
2.502399921417	-0.006349984556
2.503999948502	-0.008390128613
2.505599975586	-0.007059712429
2.507200002670	-0.008153520525
2.508800029755	-0.005873024464
2.510399818420	-0.008813184686
2.511999845505	-0.008685888723
2.513599872589	-0.008195472881
2.515199899673	-0.008551584557
2.516799926758	-0.006033056416
2.518399953842	-0.007156416774
2.519999980927	-0.010477504693
2.521600008011	-0.008967248723
2.523200035095	-0.008432656527
2.524799823761	-0.004921072628
2.526399850845	-0.008882912807
2.527999877930	-0.008878353052
2.529599905014	-0.007226368412
2.531199932098	-0.008015520871
2.532799959183	-0.006778464653
2.534399986267	-0.008603184484
2.536000013351	-0.008741840720
2.537600040436	-0.008658976294
2.539199829102	-0.010185200721
2.540799856186	-0.006258560345
2.542399883270	-0.008451025002
2.543999910355	-0.006904720794
2.545599937439	-0.007604928687
2.547199964523	-0.006371440366
2.548799991608	-0.010065265000
2.550400018692	-0.006750816479
2.552000045776	-0.006391904783
2.553599834442	-0.007126320619
2.555199861526	-0.008752913214
2.556799888611	-0.008477328345
2.558399915695	-0.008164752275
2.559999942780	-0.007696992718
2.561599969864	-0.008730976842
2.563199996948	-0.008144240826
2.564800024033	-0.009066672996
2.566400051117	-0.006737504620
2.567999839783	-0.006101280451
2.569599866867	-0.007935840636
2.571199893951	-0.008915824816
2.572799921036	-0.007368368562
2.574399948120	-0.008886064403
2.575999975204	-0.008403936401
2.577600002289	-0.008706849068
2.579200029373	-0.009167456999
2.580799818039	-0.006062016357
2.582399845123	-0.008671232499
2.583999872208	-0.007969920523
2.585599899292	-0.007986704819
2.587199926376	-0.007126896642
2.588799953461	-0.007186304312
2.590399980545	-0.010113377124
2.592000007629	-0.008456273004
2.593600034714	-0.008924192749
2.595199823380	-0.007224320434
2.596799850464	-0.008315440267
2.598399877548	-0.009396769106
2.599999904633	-0.007910353132
2.601599931717	-0.008570912294
2.603199958801	-0.005775376689
2.604799985886	-0.008367376402
2.606400012970	-0.007688144688
2.608000040054	-0.007664192468
2.609599828720	-0.008515681140
2.611199855804	-0.004920848645
2.612799882889	-0.008856592700
2.614399909973	-0.008624752983
2.615999937057	-0.007297552656
2.617599964142	-0.008040912449
2.619199991226	-0.006737936754
2.620800018311	-0.008762656711
2.622400045395	-0.007112784777
2.623999834061	-0.009136945009
2.625599861145	-0.008545632474
2.627199888229	-0.007988688536
2.628799915314	-0.007203520741
2.630399942398	-0.006689216476
2.631999969482	-0.009872608818
2.633599996567	-0.008143872954
2.635200023651	-0.005677072331
2.636800050735	-0.006811856758
2.638399839401	-0.008273008280
2.639999866486	-0.009190240875
2.641599893570	-0.007230848540
2.643199920654	-0.010652560741
2.644799947739	-0.008162224665
2.646399974823	-0.010353520513
2.648000001907	-0.007418000605
2.649600028992	-0.007511824369
2.651199817657	-0.008351344615
2.652799844742	-0.007513568737
2.654399871826	-0.008710800670
2.655999898911	-0.009799105115
2.657599925995	-0.005073552486
2.659199953079	-0.007243856788
2.660799980164	-0.009199569002
2.662400007248	-0.008535200730
2.664000034332	-0.008216256276
2.665599822998	-0.007447376847
2.667199850082	-0.009771664627
2.668799877167	-0.007799552754
2.670399904251	-0.007129952777
2.671999931335	-0.008487024345
2.673599958420	-0.008103376254
2.675199985504	-0.007602752652
2.676800012589	-0.007910801098
2.678400039673	-0.009388800710
2.679999828339	-0.008408976719
2.681599855423	-0.010738944635
2.683199882507	-0.005371568725
2.684799909592	-0.007732656784
2.686399936676	-0.007869072258
2.687999963760	-0.008551248349
2.689599990845	-0.007907680236
2.691200017929	-0.009765041061
2.692800045013	-0.007398256566
2.694399833679	-0.005762176588
2.695999860764	-0.008153040893
2.697599887848	-0.008108880371
2.699199914932	-0.007368288469
2.700799942017	-0.008562928997
2.702399969101	-0.007942608558
2.703999996185	-0.008927185088
2.705600023270	-0.008440128528
2.707200050354	-0.007610640489
2.708799839020	-0.006717824377
2.710399866104	-0.008757825010
2.711999893188	-0.009579649195
2.713599920273	-0.007941264659
2.715199947357	-0.009414704517
2.716799974442	-0.009609776549
2.718400001526	-0.008263552561
2.720000028610	-0.008659008890
2.721599817276	-0.007375600748
2.723199844360	-0.008070928976
2.724799871445	-0.005034800153
2.726399898529	-0.008969936520
2.727999925613	-0.009515888989
2.729599952698	-0.006288560573
2.731199979782	-0.009387376718
2.732800006866	-0.007754352409
2.734400033951	-0.006930304691
2.735999822617	-0.007730928715
2.737599849701	-0.007964224555
2.739199876785	-0.008302880451
2.740799903870	-0.007491200697
2.742399930954	-0.007224512752
2.743999958038	-0.006130320486
2.745599985123	-0.007986128330
2.747200012207	-0.008717904799
2.748800039291	-0.007519328501
2.750399827957	-0.006817120593
2.751999855042	-0.009372240864
2.753599882126	-0.008188896812
2.755199909210	-0.008310737088
2.756799936295	-0.007197888568
2.758399963379	-0.007373056374
2.759999990463	-0.008810033090
2.761600017548	-0.007212720811
2.763200044632	-0.006666288711
2.764799833298	-0.009294913150
2.766399860382	-0.007829664275
2.767999887466	-0.005989312660
2.769599914551	-0.009153792635
2.771199941635	-0.006465136539
2.772799968719	-0.007633328438
2.774399995804	-0.008252784610
2.776000022888	-0.008568496443
2.777599811554	-0.008517088369
2.779199838638	-0.007465968840
2.780799865723	-0.007454272825
2.782399892807	-0.009796881117
2.783999919891	-0.007516800426
2.785599946976	-0.005565360654
2.787199974060	-0.008138176985
2.788800001144	-0.008240448311
2.790400028229	-0.008625729010
2.791999816895	-0.008295632899
2.793599843979	-0.008758272976
2.795199871063	-0.007650144864
2.796799898148	-0.005028528161
2.798399925232	-0.008279088885
2.799999952316	-0.007013696712
2.801599979401	-0.008210385218
2.803200006485	-0.007875600830
2.804800033569	-0.008871520869
2.806399822235	-0.008124976419
2.807999849319	-0.006394880358
2.809599876404	-0.009996912442
2.811199903488	-0.007452064659
2.812799930573	-0.008613936603
2.814399957657	-0.010397456586
2.815999984741	-0.009221521206
2.817600011826	-0.008828048594
2.819200038910	-0.006221072283
2.820799827576	-0.009531185031
2.822399854660	-0.008995520882
2.823999881744	-0.009675152600
2.825599908829	-0.009277152829
2.827199935913	-0.007417696528
2.828799962997	-0.009472080506
2.830399990082	-0.007887536660
2.832000017166	-0.008005328476
2.833600044250	-0.008074528538
2.835199832916	-0.006960208528
2.836799860001	-0.008074976504
2.838399887085	-0.005137728527
2.839999914169	-0.006330496632
2.841599941254	-0.008935312741
2.843199968338	-0.007699392736
2.844799995422	-0.007078592665
2.846400022507	-0.006999808829
2.847999811172	-0.009625921026
2.849599838257	-0.008022864349
2.851199865341	-0.007991600782
2.852799892426	-0.007550256792
2.854399919510	-0.009294928983
2.855999946594	-0.006699920632
2.857599973679	-0.008115121163
2.859200000763	-0.011574096978
2.860800027847	-0.007443232462
2.862399816513	-0.008667728864
2.863999843597	-0.007032128517
2.865599870682	-0.008273056708
2.867199897766	-0.009424928576
2.868799924850	-0.009601952508
2.870399951935	-0.008904896677
2.871999979019	-0.007971056737
2.873600006104	-0.007180480752
2.875200033188	-0.007838208228
2.876799821854	-0.009573376738
2.878399848938	-0.010426336899
2.879999876022	-0.006550160702
2.881599903107	-0.009770193137
2.883199930191	-0.009326832369
2.884799957275	-0.007786928676
2.886399984360	-0.006305600516
2.888000011444	-0.011308400892
2.889600038528	-0.008103280328
2.891199827194	-0.007648288738
2.892799854279	-0.007707360666
2.894399881363	-0.008537600748
2.895999908447	-0.009666336700
2.897599935532	-0.009760560468
2.899199962616	-0.008521744981
2.900799989700	-0.008128128946
2.902400016785	-0.007805328816
2.904000043869	-0.009568993002
2.905599832535	-0.008098816499
2.907199859619	-0.007361984812
2.908799886703	-0.008597888984
2.910399913788	-0.006892064586
2.911999940872	-0.010681120679
2.913599967957	-0.007136432454
2.915199995041	-0.008898400702
2.916800022125	-0.007845712826
2.918399810791	-0.008389312774
2.919999837875	-0.006859232672
2.921599864960	-0.008653168567
2.923199892044	-0.008728080429
2.924799919128	-0.006779952440
2.926399946213	-0.008146096952
2.927999973297	-0.006590496283
2.929600000381	-0.008113104850
2.931200027466	-0.009556416422
2.932799816132	-0.005899920594
2.934399843216	-0.007183424663
2.935999870300	-0.007726496551
2.937599897385	-0.007376112510
2.939199924469	-0.007452096790
2.940799951553	-0.007358832750
2.942399978638	-0.010109568946
2.944000005722	-0.006736864336
2.945600032806	-0.006034512538
2.947199821472	-0.009040880948
2.948799848557	-0.007868352346
2.950399875641	-0.008159312420
2.951999902725	-0.009143008851
2.953599929810	-0.009413248859
2.955199956894	-0.008670224808
2.956799983978	-0.007754784543
2.958400011063	-0.008867233060
2.960000038147	-0.008383409120
2.961599826813	-0.007556208409
2.963199853897	-0.008809216321
2.964799880981	-0.008094544522
2.966399908066	-0.007354464848
2.967999935150	-0.008684464730
2.969599962234	-0.007120144553
2.971199989319	-0.006472704466
2.972800016403	-0.010850752704
2.974400043488	-0.006949360482
2.975999832153	-0.008512208238
2.977599859238	-0.009354096837
2.979199886322	-0.006960528437
2.980799913406	-0.009659969248
2.982399940491	-0.007452384569
2.983999967575	-0.008673984557
2.985599994659	-0.008853136562
2.987200021744	-0.009228048846
2.988799810410	-0.008761905134
2.990399837494	-0.007319344673
2.991999864578	-0.009011056274
2.993599891663	-0.009187760763
2.995199918747	-0.008482480422
2.996799945831	-0.007782976609
2.998399972916	-0.009294160642
3.000000000000	-0.009438736364
3.001600027084	-0.007801584899
3.003199815750	-0.009289200418
3.004799842834	-0.008832688443
3.006399869919	-0.008448768407
3.007999897003	-0.006380320527
3.009599924088	-0.009243072942
3.011199951172	-0.008797472343
3.012799978256	-0.006891808473
3.014400005341	-0.008045360446
3.016000032425	-0.010045632720
3.017599821091	-0.008460992947
3.019199848175	-0.007389168721
3.020799875259	-0.009447792545
3.022399902344	-0.007782128640
3.023999929428	-0.008576336317
3.025599956512	-0.008347136900
3.027199983597	-0.009358816780
3.028800010681	-0.008100897074
3.030400037766	-0.008013696410
3.031999826431	-0.007546096575
3.033599853516	-0.007211296353
3.035199880600	-0.008258224465
3.036799907684	-0.007518528495
3.038399934769	-0.009511824697
3.039999961853	-0.008193152957
3.041599988937	-0.005736576393
3.043200016022	-0.008702208288
3.044799804687	-0.008418432437
3.046399831772	-0.007615504786
3.047999858856	-0.008972672746
3.049599885941	-0.009133473039
3.051199913025	-0.005957472604
3.052799940109	-0.008856352419
3.054399967194	-0.008097408339
3.055999994278	-0.008896016516
3.057600021362	-0.007993248291
3.059199810028	-0.005112704355
3.060799837112	-0.008379936218
3.062399864197	-0.011434896849
3.063999891281	-0.008013152517
3.065599918365	-0.008192016743
3.067199945450	-0.010269393213
3.068799972534	-0.009317440912
3.070399999619	-0.009344256483
3.072000026703	-0.007750944700
3.073599815369	-0.008188896812
3.075199842453	-0.005995712709
3.076799869537	-0.007965472527
3.078399896622	-0.008837488480
3.079999923706	-0.008889536373
3.081599950790	-0.009449984878
3.083199977875	-0.009864560328
3.084800004959	-0.008445904590
3.086400032043	-0.009518001229
3.087999820709	-0.007057840470
3.089599847794	-0.008310864680
3.091199874878	-0.009005920961
3.092799901962	-0.009362640791
3.094399929047	-0.008828576654
3.095999956131	-0.009256225079
3.097599983215	-0.007045872509
3.099200010300	-0.010044128634
3.100800037384	-0.008709920570
3.102399826050	-0.007208864670
3.103999853134	-0.006444384810
3.105599880219	-0.009175072424
3.107199907303	-0.009000464343
3.108799934387	-0.007530912757
3.110399961472	-0.006502112374
3.111999988556	-0.007459712680
3.113600015640	-0.008917072788
3.115199804306	-0.008575424552
3.116799831390	-0.009971329011
3.118399858475	-0.007495936472
3.119999885559	-0.009022256359
3.121599912643	-0.007625152823
3.123199939728	-0.009460801259
3.124799966812	-0.007436912507
3.126399993896	-0.007675536443
3.128000020981	-0.007508688606
3.129599809647	-0.008934080601
3.131199836731	-0.007032352500
3.132799863815	-0.009949441068
3.134399890900	-0.007048560772
3.135999917984	-0.008053088561
3.137599945068	-0.009933376685
3.139199972153	-0.007787200622
3.140799999237	-0.007798400708
3.142400026321	-0.010131617077
3.143999814987	-0.007535856683
3.145599842072	-0.008696048521
3.147199869156	-0.006649040617
3.148799896240	-0.008561313152
3.150399923325	-0.008034352213
3.151999950409	-0.009220817126
3.153599977493	-0.011162321083
3.155200004578	-0.008998656645
3.156800031662	-0.009658784606
3.158399820328	-0.008556768298
3.159999847412	-0.007071808446
3.161599874496	-0.008008657023
3.163199901581	-0.009798368439
3.164799928665	-0.008134464733
3.166399955750	-0.007990784943
3.167999982834	-0.008022529073
3.169600009918	-0.007727904711
3.171200037003	-0.008880720474
3.172799825668	-0.008377600461
3.174399852753	-0.010903281160
3.175999879837	-0.007325136568
3.177599906921	-0.007139424793
3.179199934006	-0.009391552769
3.180799961090	-0.009426784702
3.182399988174	-0.007972432300
3.184000015259	-0.007165520452
3.185599803925	-0.006979872473
3.187199831009	-0.009270560928
3.188799858093	-0.007751808502
3.190399885178	-0.008604736999
3.191999912262	-0.009094352834
3.193599939346	-0.006474160589
3.195199966431	-0.010020736605
3.196799993515	-0.007631840650
3.198400020599	-0.009563168511
3.199999809265	-0.007397664711
3.201599836349	-0.007272656541
3.203199863434	-0.008720176294
3.204799890518	-0.009699393064
3.206399917603	-0.008232752793
3.207999944687	-0.008749520406
3.209599971771	-0.009308944456
3.211199998856	-0.008077904582
3.212800025940	-0.006992960349
3.214399814606	-0.008161344565
3.215999841690	-0.008121824823
3.217599868774	-0.007811136544
3.219199895859	-0.007155280560
3.220799922943	-0.006679792423
3.222399950027	-0.009284016676
3.223999977112	-0.009615920484
3.225600004196	-0.009336352348
3.227200031281	-0.008107808419
3.228799819946	-0.007476256695
3.230399847031	-0.009729664773
3.231999874115	-0.008611616679
3.233599901199	-0.007286320440
3.235199928284	-0.006732656620
3.236799955368	-0.008244416676
3.238399982452	-0.009812832810
3.240000009537	-0.007544480730
3.241600036621	-0.005782496650
3.243199825287	-0.008477296680
3.244799852371	-0.007243984845
3.246399879456	-0.009447968565
3.247999906540	-0.008256256580
3.249599933624	-0.006182256620
3.251199960709	-0.009491137229
3.252799987793	-0.009230992757
3.254400014877	-0.007255664561
3.255999803543	-0.007570576854
3.257599830627	-0.010154688731
3.259199857712	-0.007543712389
3.260799884796	-0.007109888364
3.262399911880	-0.009105744772
3.263999938965	-0.008486256935
3.265599966049	-0.008919600397
3.267199993134	-0.009048337117
3.268800020218	-0.007577888668
3.270399808884	-0.008433712646
3.271999835968	-0.007183584850
3.273599863052	-0.010232833214
3.275199890137	-0.006875536405
3.276799917221	-0.007702032570
3.278399944305	-0.008468160406
3.279999971390	-0.007909968495
3.281599998474	-0.008058528416
3.283200025558	-0.004807376303
3.284799814224	-0.008928865194
3.286399841309	-0.008860544302
3.287999868393	-0.009617248550
3.289599895477	-0.007270992734
3.291199922562	-0.006326848641
3.292799949646	-0.008662928827
3.294399976730	-0.007752960548
3.296000003815	-0.007253008429
3.297600030899	-0.008524704725
3.299199819565	-0.008244256489
3.300799846649	-0.008212720975
3.302399873734	-0.007884320803
3.303999900818	-0.008356465027
3.305599927902	-0.007770208642
3.307199954987	-0.007289360743
3.308799982071	-0.007415040862
3.310400009155	-0.007663104683
3.311999797821	-0.010939984582
3.313599824905	-0.007732640486
3.315199851990	-0.007454640698
3.316799879074	-0.009495184757
3.318399906158	-0.009138224646
3.319999933243	-0.008175536990
3.321599960327	-0.006442720536
3.323199987411	-0.010138576850
3.324800014496	-0.008859937079
3.326399803162	-0.008728256449
3.327999830246	-0.008103408851
3.329599857330	-0.009658416733
3.331199884415	-0.006691952702
3.332799911499	-0.009457952343
3.334399938583	-0.007651952561
3.335999965668	-0.010292257182
3.337599992752	-0.008479600772
3.339200019836	-0.007792304736
3.340799808502	-0.010520705022
3.342399835587	-0.005813520402
3.343999862671	-0.008311376907
3.345599889755	-0.009354384616
3.347199916840	-0.008618241176
3.348799943924	-0.007825616747
3.350399971008	-0.008294817060
3.351999998093	-0.007968912832
3.353600025177	-0.008804112673
3.355199813843	-0.006760608405
3.356799840927	-0.009379456751
3.358399868011	-0.007685680874
3.359999895096	-0.006931504700
3.361599922180	-0.008529136889
3.363199949265	-0.007064288482
3.364799976349	-0.008504496887
3.366400003433	-0.007699152455
3.368000030518	-0.008648720570
3.369599819183	-0.008241056465
3.371199846268	-0.008794976398
3.372799873352	-0.010477105156
3.374399900436	-0.007255840581
3.375999927521	-0.007991217077
3.377599954605	-0.006794352550
3.379199981689	-0.006527008489
3.380800008774	-0.009876352735
3.382399797440	-0.007546720561
3.383999824524	-0.006237472408
3.385599851608	-0.007668800652
3.387199878693	-0.009563248605
3.388799905777	-0.007489776704
3.390399932861	-0.009022048675
3.391999959946	-0.009357920848
3.393599987030	-0.009313344955
3.395200014114	-0.009014048614
3.396799802780	-0.006086368579
3.398399829865	-0.009859072976
3.399999856949	-0.008915648796
3.401599884033	-0.008694080636
3.403199911118	-0.007452944759
3.404799938202	-0.006709664594
3.406399965286	-0.009749729186
3.407999992371	-0.007742768619
3.409600019455	-0.008210784756
3.411199808121	-0.006960096769
3.412799835205	-0.009825728834
3.414399862289	-0.008717392571
3.415999889374	-0.007541600615
3.417599916458	-0.008745024912
3.419199943542	-0.007230864838
3.420799970627	-0.008848993108
3.422399997711	-0.007978512906
3.424000024796	-0.007915376686
3.425599813461	-0.008615824394
3.427199840546	-0.008829840459
3.428799867630	-0.008337920532
3.430399894714	-0.006816944573
3.431999921799	-0.007760016713
3.433599948883	-0.009272784926
3.435199975967	-0.007886688225
3.436800003052	-0.006969776470
3.438400030136	-0.005611424334
3.439999818802	-0.009095584974
3.441599845886	-0.008464001119
3.443199872971	-0.008013600484
3.444799900055	-0.008584256284
3.446399927139	-0.008079232648
3.447999954224	-0.008212512359
3.449599981308	-0.007825792767
3.451200008392	0.009476528503
