0.000000000000	0.021096592769
0.001599999960	0.021130658686
0.003199999919	0.019912209362
0.004799999762	0.021003888920
0.006399999838	0.020012386143
0.007999999449	0.017989665270
0.009599999525	0.019787330180
0.011199999601	0.018646866083
0.012799999677	0.018579410389
0.014399999753	0.015392241068
0.015999998897	0.019016370177
0.017599999905	0.016293153167
0.019199999049	0.016793506220
0.020800000057	0.017018161714
0.022399999201	0.017070610076
0.024000000209	0.015724642202
0.025599999353	0.017439024523
0.027199998498	0.016281904653
0.028799999505	0.015593073331
0.030399998650	0.016588930041
0.031999997795	0.014623696916
0.033599998802	0.015394673683
0.035199999809	0.016130546108
0.036800000817	0.016789184883
0.038399998099	0.014131520875
0.039999999106	0.015280273743
0.041600000113	0.013793617487
0.043199997395	0.016359057277
0.044799998403	0.015584001318
0.046399999410	0.016047153622
0.048000000417	0.011692336760
0.049599997699	0.013926001266
0.051199998707	0.013714017347
0.052799999714	0.012889073230
0.054399996996	0.012917345390
0.055999998003	0.011769953184
0.057599999011	0.014614769258
0.059200000018	0.013463105075
0.060799997300	0.013222753070
0.062399998307	0.012078721076
0.063999995589	0.015000784770
0.065600000322	0.012820624746
0.067199997604	0.013579760678
0.068799994886	0.012151424773
0.070399999619	0.013206113130
0.071999996901	0.013213888742
0.073600001633	0.012491472997
0.075199998915	0.012181713246
0.076799996197	0.011147553101
0.078400000930	0.012888512574
0.079999998212	0.013086977415
0.081599995494	0.013955744915
0.083200000226	0.012127457187
0.084799997509	0.010915473104
0.086399994791	0.011684240773
0.087999999523	0.012213328853
0.089599996805	0.011229424737
0.091199994087	0.011585872620
0.092799998820	0.011712945066
0.094399996102	0.010949985124
0.096000000834	0.012712401338
0.097599998116	0.010929713026
0.099199995399	0.011185456999
0.100800000131	0.010769888759
0.102399997413	0.013679329306
0.103999994695	0.010956129059
0.105599999428	0.011484833434
0.107199996710	0.009635024704
0.108799993992	0.012458449230
0.110399998724	0.011218177155
0.111999996006	0.012134129182
0.113600000739	0.010312977247
0.115199998021	0.010629904456
0.116799995303	0.010241248645
0.118400000036	0.011746080592
0.119999997318	0.010405088775
0.121599994600	0.010992865078
0.123199999332	0.009715168737
0.124799996614	0.012189344503
0.126399993896	0.012100816704
0.127999991179	0.011384816840
0.129600003362	0.010358897038
0.131200000644	0.009905472398
0.132799997926	0.013139985502
0.134399995208	0.008113360964
0.135999992490	0.011259296909
0.137599989772	0.008014880121
0.139200001955	0.012971153483
0.140799999237	0.009706769139
0.142399996519	0.010226816870
0.143999993801	0.011805617251
0.145599991083	0.009086688980
0.147200003266	0.011906305328
0.148800000548	0.009848289192
0.150399997830	0.010215792805
0.151999995112	0.008792337030
0.153599992394	0.009899441153
0.155199989676	0.009811649099
0.156800001860	0.008853728883
0.158399999142	0.007258000784
0.159999996424	0.009776513092
0.161599993706	0.009299633093
0.163199990988	0.010572800413
0.164800003171	0.009969376959
0.166400000453	0.010561664589
0.167999997735	0.008886944503
0.169599995017	0.009219217114
0.171199992299	0.008362224326
0.172799989581	0.009804736823
0.174400001764	0.010125297122
0.175999999046	0.008261136711
0.177599996328	0.010843024589
0.179199993610	0.007883280516
0.180799990892	0.009715968743
0.182399988174	0.008513984270
0.184000000358	0.009846241213
0.185599997640	0.008956688456
0.187199994922	0.007927648723
0.188799992204	0.009026193060
0.190399989486	0.009205584414
0.192000001669	0.007999792695
0.193599998951	0.007676272653
0.195199996233	0.009030256420
0.196799993515	0.009590272792
0.198399990797	0.010284144431
0.199999988079	0.008476641029
0.201600000262	0.007298656739
0.203199997544	0.007581888698
0.204799994826	0.007750384510
0.206399992108	0.007788224611
0.207999989390	0.008770353161
0.209600001574	0.006751872599
0.211199998856	0.007356768474
0.212799996138	0.008282256313
0.214399993420	0.009152160957
0.215999990702	0.007540240884
0.217599987984	0.005286080297
0.219200000167	0.009731264785
0.220799997449	0.009188816883
0.222399994731	0.007569120731
0.223999992013	0.006867328659
0.225599989295	0.010115280747
0.227200001478	0.007473184727
0.228799998760	0.006189392414
0.230399996042	0.007083232515
0.231999993324	0.007583664730
0.233599990606	0.008421072736
0.235199987888	0.008929248899
0.236800000072	0.008325344883
0.238399997354	0.008278496563
0.239999994636	0.008473776281
0.241599991918	0.008378048427
0.243199989200	0.006021920592
0.244799986482	0.007549184375
0.246399998665	0.008390416391
0.247999995947	0.006207360420
0.249599993229	0.009480544366
0.251199990511	0.007770528551
0.252799987793	0.007334192749
0.254399985075	0.009267808869
0.255999982357	0.007800304797
0.257599979639	0.004696304444
0.259200006723	0.007606912870
0.260800004005	0.009736608714
0.262400001287	0.009005504660
0.263999998569	0.006456864532
0.265599995852	0.008471712470
0.267199993134	0.005810400471
0.268799990416	0.006363296416
0.270399987698	0.008987137116
0.271999984980	0.007945344783
0.273599982262	0.007262720726
0.275199979544	0.006186880637
0.276800006628	0.009330401197
0.278400003910	0.005441424437
0.280000001192	0.006667584646
0.281599998474	0.006776848808
0.283199995756	0.006914096419
0.284799993038	0.005932656582
0.286399990320	0.007151488680
0.287999987602	0.006768224761
0.289599984884	0.006908176467
0.291199982166	0.007518288679
0.292799979448	0.006353264675
0.294400006533	0.007002096623
0.296000003815	0.006580160465
0.297600001097	0.006402960513
0.299199998379	0.006858544424
0.300799995661	0.005665056407
0.302399992943	0.006651360542
0.303999990225	0.007553616539
0.305599987507	0.006621104665
0.307199984789	0.006625344511
0.308799982071	0.006690976676
0.310399979353	0.007877824828
0.312000006437	0.007775056642
0.313600003719	0.005617024377
0.315200001001	0.006196992472
0.316799998283	0.007196896710
0.318399995565	0.007131888531
0.319999992847	0.005975120701
0.321599990129	0.008975808509
0.323199987411	0.004023664165
0.324799984694	0.004076320212
0.326399981976	0.006747200619
0.327999979258	0.007311136462
0.329600006342	0.006343232468
0.331200003624	0.005108064506
0.332800000906	0.006857696455
0.334399998188	0.005525840446
0.335999995470	0.006036032457
0.337599992752	0.004485280253
0.339199990034	0.005060944241
0.340799987316	0.007454272360
0.342399984598	0.007470560726
0.343999981880	0.005962576717
0.345599979162	0.006873040460
0.347199976444	0.006439152639
0.348800003529	0.006133568473
0.350400000811	0.006902208552
0.351999998093	0.007957728580
0.353599995375	0.004500336479
0.355199992657	0.005595552269
0.356799989939	0.007257472724
0.358399987221	0.006060960703
0.359999984503	0.005017296411
0.361599981785	0.005086064339
0.363199979067	0.006148000248
0.364799976349	0.004486880265
0.366400003433	0.006641808432
0.368000000715	0.007633552421
0.369599997997	0.004180320539
0.371199995279	0.006070912350
0.372799992561	0.006847728509
0.374399989843	0.006922288798
0.375999987125	0.002643616172
0.377599984407	0.005033488385
0.379199981689	0.005946992431
0.380799978971	0.006437632721
0.382399976254	0.006083216518
0.384000003338	0.004279840272
0.385600000620	0.007055312861
0.387199997902	0.007081712596
0.388799995184	0.007371200714
0.390399992466	0.003398400266
0.391999989748	0.005936896428
0.393599987030	0.008106640540
0.395199984312	0.003966624383
0.396799981594	0.004329024348
0.398399978876	0.005877856631
0.399999976158	0.004641648382
0.401600003242	0.006184096448
0.403200000525	0.006841472350
0.404799997807	0.003571424168
0.406399995089	0.005597408395
0.407999992371	0.007717600558
0.409599989653	0.005144992378
0.411199986935	0.004274688195
0.412799984217	0.005363728385
0.414399981499	0.006149712484
0.415999978781	0.006418048404
0.417599976063	0.004908448551
0.419200003147	0.005075152498
0.420800000429	0.004362272564
0.422399997711	0.006285248324
0.423999994993	0.006127536297
0.425599992275	0.003961184528
0.427199989557	0.005897296593
0.428799986839	0.004813824315
0.430399984121	0.004529088270
0.431999981403	0.005343856290
0.433599978685	0.005405376665
0.435199975967	0.004890320357
0.436800003052	0.004596992396
0.438400000334	0.007199824788
0.439999997616	0.003852416296
0.441599994898	0.004147024360
0.443199992180	0.006041392684
0.444799989462	0.004375200253
0.446399986744	0.004948960152
0.447999984026	0.005628976505
0.449599981308	0.005981120281
0.451199978590	0.002968064277
0.452799975872	0.005518512335
0.454400002956	0.005158016458
0.456000000238	0.004406000488
0.457599997520	0.004425872583
0.459199994802	0.004541872535
0.460799992085	0.002715008100
0.462399989367	0.006920464337
0.463999986649	0.006479536649
0.465599983931	0.002398624085
0.467199981213	0.003863328369
0.468799978495	0.006759328768
0.470399975777	0.005062736571
0.472000002861	0.004580688197
0.473600000143	0.005253104493
0.475199997425	0.003376672277
0.476799994707	0.005054624286
0.478399991989	0.006047120318
0.479999989271	0.002493488137
0.481599986553	0.003315776354
0.483199983835	0.005671936553
0.484799981117	0.006690640468
0.486399978399	0.001267520129
0.487999975681	0.002789248247
0.489599972963	0.002721536206
0.491200000048	0.006535536610
0.492799997330	0.004987984430
0.494399994612	0.003067440353
0.495999991894	0.000435232010
0.497599989176	0.004519040231
0.499199986458	0.005831968505
0.500800013542	0.001843584119
0.502399981022	0.003768800292
0.504000008106	0.002863120288
0.505599975586	0.005340336356
0.507200002670	0.003606800223
0.508799970150	0.006244768389
0.510399997234	0.003415200394
0.511999964714	0.003059984418
0.513599991798	0.006233664695
0.515199959278	0.002062240150
0.516799986362	0.002459872281
0.518400013447	0.005002048332
0.519999980927	0.005869200453
0.521600008011	0.004624080379
0.523199975491	0.003273984184
0.524800002575	0.003604080295
0.526399970055	0.003087072168
0.527999997139	0.006227360573
0.529599964619	0.004521472380
0.531199991703	0.003034032183
0.532799959183	0.004791232292
0.534399986267	0.004682624247
0.536000013351	0.004725344479
0.537599980831	0.000815392064
0.539200007915	0.002861312125
0.540799975395	0.003406800330
0.542400002480	0.002750096144
0.543999969959	0.002796576126
0.545599997044	0.002249792218
0.547199964523	0.003572944319
0.548799991608	0.006017776672
0.550399959087	0.003171984339
0.551999986172	0.004601376131
0.553600013256	0.003014976159
0.555199980736	0.002847200260
0.556800007820	0.004459152464
0.558399975300	0.002430288121
0.560000002384	0.003299616277
0.561599969864	0.003145504277
0.563199996948	0.005271744449
0.564799964428	0.004219296388
0.566399991512	0.003655936336
0.567999958992	0.003763888264
0.569599986076	0.003462768393
0.571200013161	0.002384608146
0.572799980640	0.003237184370
0.574400007725	0.003969200421
0.575999975204	0.001803744235
0.577600002289	0.002973872237
0.579199969769	0.003781248350
0.580799996853	0.003267408349
0.582399964333	0.002546480158
0.583999991417	0.004420032259
0.585599958897	0.004951888230
0.587199985981	0.002292256104
0.588800013065	0.004936512560
0.590399980545	0.001996400300
0.592000007629	0.002236800268
0.593599975109	0.004061264452
0.595200002193	0.003833696246
0.596799969673	0.002010304248
0.598399996758	0.004035424441
0.599999964237	0.003724928247
0.601599991322	0.003061056137
0.603199958801	0.003679568414
0.604799985886	0.003779168241
0.606400012970	0.002435216215
0.607999980450	0.003613440320
0.609600007534	0.004133456387
0.611199975014	0.001122224145
0.612800002098	0.002393632196
0.614399969578	0.004009952303
0.615999996662	0.003288832260
0.617599964142	0.003789264243
0.619199991226	0.003482784377
0.620799958706	0.002779776230
0.622399985790	0.002705424093
0.624000012875	0.004579936154
0.625599980354	0.003715552390
0.627200007439	0.002602944151
0.628799974918	0.002371056238
0.630400002003	0.003295824165
0.631999969482	0.002229200210
0.633599996567	0.003436288331
0.635199964046	0.003846816253
0.636799991131	0.003418288426
0.638399958611	0.003366656369
0.639999985695	0.004085312597
0.641600012779	0.002889360301
0.643199980259	0.003770944197
0.644800007343	0.003535248339
0.646399974823	0.002191616222
0.648000001907	0.001823968138
0.649599969387	0.003269376233
0.651199996471	0.002520496259
0.652799963951	0.003422688227
0.654399991035	0.003613760229
0.655999958515	0.003580304328
0.657599985600	0.002892992226
0.659200012684	0.002162512159
0.660799980164	0.001521520084
0.662400007248	0.000546016090
0.663999974728	0.003670880338
0.665600001812	0.002631408162
0.667199969292	0.002092240145
0.668799996376	0.000808864017
0.670399963856	0.003275632160
0.671999990940	0.001923136180
0.673599958420	0.003231888404
0.675199985504	0.003482528264
0.676800012589	0.001316368114
0.678399980068	0.002629904309
0.680000007153	0.002988448367
0.681599974632	0.002025440102
0.683200001717	0.001692688093
0.684799969196	0.001279408112
0.686399996281	0.002119856188
0.687999963760	0.002991408342
0.689599990845	0.004023184534
0.691199958324	0.001751152100
0.692799985409	0.001773008145
0.694399952888	0.003489184193
0.695999979973	0.002370112110
0.697600007057	0.001829840126
0.699199974537	0.002834576182
0.700800001621	0.002949760295
0.702399969101	0.000725408026
0.703999996185	0.002012688201
0.705599963665	0.002688560169
0.707199990749	0.001230416121
0.708799958229	0.004376672208
0.710399985313	0.002544608200
0.711999952793	0.001331344130
0.713599979877	0.001216016128
0.715200006962	0.003294400405
0.716799974442	0.001406016061
0.718400001526	0.003282256192
0.719999969006	0.002343824133
0.721599996090	0.002143824240
0.723199963570	0.003630896332
0.724799990654	0.002687264234
0.726399958134	0.003169504227
0.727999985218	0.001201360021
0.729599952698	0.002954128198
0.731199979782	0.002692224225
0.732800006866	0.002297456143
0.734399974346	0.003347680205
0.736000001431	0.000580416003
0.737599968910	0.001886672108
0.739199995995	0.002895200159
0.740799963474	0.002894464182
0.742399990559	-0.000189951985
0.743999958038	0.002280048095
0.745599985123	0.002589072101
0.747199952602	0.002400704194
0.748799979687	0.000828096061
0.750400006771	0.002073680284
0.751999974251	0.002089216141
0.753600001335	0.004129024222
0.755199968815	0.002753984183
0.756799995899	-0.000318112085
0.758399963379	0.000228720019
0.759999990463	0.003762320383
0.761599957943	0.002421680139
0.763199985027	0.000551311998
0.764799952507	-0.000041472020
0.766399979591	0.002323664259
0.768000006676	0.003316208255
0.769599974155	0.003802816384
0.771200001240	0.000227647979
0.772799968719	-0.001118800137
0.774399995804	0.002443040255
0.775999963284	0.002737456234
0.777599990368	0.002517584246
0.779199957848	0.000369711983
0.780799984932	-0.000082159982
0.782399952412	0.003778320272
0.783999979496	0.003294944298
0.785600006580	0.000985920080
0.787199974060	0.001345024095
0.788800001144	0.003332848195
0.790399968624	0.001123408088
0.791999995708	0.001620560186
0.793599963188	0.001208080095
0.795199990273	0.002057440113
0.796799957752	0.002702976344
0.798399984837	0.001307904138
0.799999952316	0.003137152176
0.801599979401	0.000410448003
0.803200006485	0.000818880042
0.804799973965	0.002096192213
0.806400001049	0.001292672125
0.807999968529	0.001056928071
0.809599995613	0.001194160082
0.811199963093	0.001683680108
0.812799990177	0.001812096220
0.814399957657	0.002845520154
0.815999984741	0.002092912095
0.817599952221	0.002005264163
0.819199979305	0.002568448195
0.820800006390	0.002069264185
0.822399973869	0.001524848049
0.824000000954	0.001719712163
0.825599968433	0.000874816033
0.827199995518	0.001595696202
0.828799962997	0.001306960126
0.830399990082	0.001685152063
0.831999957561	0.000697504031
0.833599984646	0.001801360166
0.835199952126	0.002673664130
0.836799979210	0.000373088027
0.838400006294	0.001074528089
0.839999973774	0.000180000046
0.841600000858	0.002889184281
0.843199968338	0.001863840153
0.844799995422	0.000675280113
0.846399962902	0.002885888331
0.847999989986	0.001208304078
0.849599957466	0.002183984034
0.851199984550	0.002062496264
0.852799952030	0.001182624022
0.854399979115	0.002175760223
0.856000006199	0.001639040187
0.857599973679	0.001144384034
0.859200000763	-0.000030064011
0.860799968243	0.001930096187
0.862399995327	0.001021888107
0.863999962807	0.001890592161
0.865599989891	0.001508976100
0.867199957371	0.001852032146
0.868799984455	0.001790480223
0.870399951935	-0.000270736025
0.871999979019	0.002466992242
0.873600006104	0.000940800062
0.875199973583	-0.000694608083
0.876800000668	0.000522592047
0.878399968147	0.001335600158
0.879999995232	0.002135696122
0.881599962711	0.000485120021
0.883199989796	0.000465855992
0.884799957275	-0.000836896012
0.886399984360	0.000843968126
0.887999951839	0.002982064150
0.889599978924	-0.000101488011
0.891200006008	-0.000614544086
0.892799973488	-0.002190256258
0.894400000572	0.002404288156
0.895999968052	0.002462080214
0.897599995136	0.002028160263
0.899199962616	-0.000338560028
0.900799989700	-0.000924288121
0.902399957180	0.001222544117
0.903999984264	0.000878736028
0.905599951744	0.001272016088
0.907199978828	-0.000047135956
0.908800005913	0.001271344139
0.910399973392	0.001537088072
0.912000000477	0.001338432077
0.913599967957	0.002014864236
0.915199995041	0.001006960054
0.916799962521	-0.000539232045
0.918399989605	0.000999984099
0.919999957085	0.001329584047
0.921599984169	0.001778448117
0.923199951649	0.000765567995
0.924799978733	0.001831808244
0.926400005817	-0.000635792094
0.927999973297	0.000776064058
0.929600000381	0.000527200056
0.931199967861	-0.001093344181
0.932799994946	0.000123328035
0.934399962425	0.001875088201
0.935999989510	0.000028543966
0.937599956989	-0.000117664022
0.939199984074	0.000443904079
0.940799951553	0.001115760067
0.942399978638	0.000303952023
0.944000005722	0.001529200119
0.945599973202	0.001308960142
0.947200000286	-0.000020016007
0.948799967766	0.001374816173
0.950399994850	-0.000413712027
0.951999962330	0.002088656183
0.953599989414	0.000657104130
0.955199956894	-0.000226656077
0.956799983978	0.000420496042
0.958399951458	0.000248415978
0.959999978542	0.000021023938
0.961599946022	0.002322608139
0.963199973106	0.002121584257
0.964800000191	0.000457296061
0.966399967670	0.000145487982
0.967999994755	0.000213216015
0.969599962234	0.001988112228
0.971199989319	0.000392976042
0.972799956799	-0.000673008035
0.974399983883	0.000696224044
0.975999951363	-0.001032624161
0.977599978447	0.002602976281
0.979199945927	0.002691552276
0.980799973011	0.000697392097
0.982400000095	-0.001186528127
0.983999967575	0.000453296001
0.985599994659	0.001128704054
0.987199962139	0.001636576140
0.988799989223	0.000595456047
0.990399956703	-0.002977104159
0.991999983788	-0.000618992024
0.993599951267	0.000600032043
0.995199978352	0.001860720222
0.996799945831	-0.000764688069
0.998399972916	-0.000151040003
1.000000000000	0.000474048022
1.001600027084	0.000235728061
1.003199934959	0.000842976093
1.004799962044	0.000220336020
1.006399989128	-0.000738304108
1.008000016212	-0.001213728101
1.009599924088	0.000558560016
1.011199951172	0.000284912006
1.012799978256	0.002057840116
1.014400005341	-0.000673392089
1.016000032425	-0.000287920004
1.017599940300	-0.001052608131
1.019199967384	0.001307584113
1.020799994469	0.000080976017
1.022400021553	-0.000567568059
1.023999929428	0.001283152145
1.025599956512	0.000239120011
1.027199983597	0.001447184128
1.028800010681	-0.002229840262
1.030399918556	0.001293600188
1.031999945641	0.000371936068
1.033599972725	0.000589504081
1.035199999809	0.001066016150
1.036800026894	-0.001154528116
1.038399934769	-0.000303632027
1.039999961853	-0.000874480058
1.041599988937	0.000323488057
1.043200016022	-0.000421616045
1.044799923897	-0.000648320070
1.046399950981	0.000584944035
1.047999978065	0.000540304056
1.049600005150	0.001058432041
1.051200032234	0.000493616099
1.052799940109	-0.001764032175
1.054399967194	0.000318480044
1.055999994278	-0.000217423993
1.057600021362	-0.000284288020
1.059199929237	-0.000749488070
1.060799956322	0.001902352204
1.062399983406	0.001179168117
1.064000010490	-0.001204048051
1.065599918365	-0.001395232161
1.067199945450	0.000382703991
1.068799972534	0.000406928040
1.070399999619	-0.000649280089
1.072000026703	-0.001531824120
1.073599934578	-0.000189440005
1.075199961662	-0.001151264179
1.076799988747	0.001982160145
1.078400015831	-0.000945968088
1.079999923706	-0.001245872118
1.081599950790	0.000291712000
1.083199977875	-0.001821008162
1.084800004959	0.000634336029
1.086400032043	-0.001006352017
1.087999939919	0.001489584101
1.089599967003	-0.002269824268
1.091199994087	-0.000962080085
1.092800021172	0.000069200018
1.094399929047	0.000328576018
1.095999956131	0.001472416101
1.097599983215	-0.001985056093
1.099200010300	-0.001678976230
1.100799918175	-0.000613456068
1.102399945259	0.000702752033
1.103999972343	0.000126719999
1.105599999428	-0.000709632062
1.107200026512	0.001532656024
1.108799934387	-0.000365584041
1.110399961472	0.002225248143
1.111999988556	-0.000965664105
1.113600015640	0.000003775995
1.115199923515	-0.002234288258
1.116799950600	-0.001131184166
1.118399977684	-0.000094735959
1.120000004768	-0.001001648023
1.121599912643	0.001191072050
1.123199939728	-0.000454399997
1.124799966812	0.000857344072
1.126399993896	-0.000823184091
1.128000020981	0.000172111992
1.129599928856	0.000422767975
1.131199955940	0.000262096000
1.132799983025	-0.002104288200
1.134400010109	-0.001647664118
1.135999917984	-0.000475952023
1.137599945068	-0.000706704042
1.139199972153	-0.001124080154
1.140799999237	0.000193744097
1.142400026321	-0.002796736313
1.143999934196	-0.001274944167
1.145599961281	0.000297792023
1.147199988365	0.001001360011
1.148800015450	-0.001503168140
1.150399923325	-0.000193439992
1.151999950409	-0.000337039994
1.153599977493	-0.000732048007
1.155200004578	-0.000514032028
1.156799912453	-0.001698608045
1.158399939537	-0.001108688070
1.159999966621	0.000813263992
1.161599993706	-0.000747504062
1.163200020790	0.000255248044
1.164799928665	-0.001939040143
1.166399955750	0.001500000129
1.167999982834	0.001100656111
1.169600009918	0.000012240009
1.171199917793	0.000239040019
1.172799944878	-0.002463008277
1.174399971962	0.001013856032
1.175999999046	-0.001033056062
1.177600026131	-0.000435456051
1.179199934006	-0.002569136210
1.180799961090	-0.001417280058
1.182399988174	0.000407600019
1.184000015259	-0.000931840099
1.185599923134	-0.000048800055
1.187199950218	-0.001963632181
1.188799977303	-0.000012816001
1.190400004387	-0.001870976179
1.191999912262	-0.001092336024
1.193599939346	0.000116191994
1.195199966431	-0.001572032110
1.196799993515	-0.000044880024
1.198400020599	-0.001858176081
1.199999928474	-0.000044208002
1.201599955559	-0.000228640041
1.203199982643	-0.000087135973
1.204800009727	0.000000895997
1.206399917603	-0.002334416145
1.207999944687	-0.000917248079
1.209599971771	-0.001277440111
1.211199998856	-0.000911568059
1.212800025940	-0.002787552308
1.214399933815	0.000542080088
1.215999960899	-0.001377776149
1.217599987984	-0.002306992188
1.219200015068	0.000012224010
1.220799922943	-0.000300832005
1.222399950027	-0.000936880126
1.223999977112	-0.002881264314
1.225600004196	-0.000496208086
1.227199912071	-0.001387792174
1.228799939156	0.000866384071
1.230399966240	-0.000679327990
1.231999993324	-0.000611904077
1.233600020409	-0.000952480070
1.235199928284	-0.000516943983
1.236799955368	-0.001169744064
1.238399982452	0.000034719982
1.240000009537	-0.001882400131
1.241599917412	-0.000273184065
1.243199944496	-0.002423840109
1.244799971581	-0.001957152272
1.246399998665	-0.000970320078
1.248000025749	-0.000776768022
1.249599933624	-0.001461664215
1.251199960709	-0.002438816242
1.252799987793	-0.000571936020
1.254400014877	-0.002531360136
1.255999922752	-0.000440480013
1.257599949837	-0.002758368151
1.259199976921	-0.002580496250
1.260800004005	-0.001699472079
1.262399911880	-0.000546928088
1.263999938965	-0.001532000140
1.265599966049	-0.001550336136
1.267199993134	-0.001932720188
1.268800020218	-0.001147712115
1.270399928093	-0.003081776202
1.271999955177	-0.001275568153
1.273599982262	-0.001447200077
1.275200009346	-0.001632528147
1.276799917221	-0.001162592089
1.278399944305	-0.002915760269
1.279999971390	0.000290288008
1.281599998474	-0.002271616133
1.283200025558	-0.001886720071
1.284799933434	-0.002204112243
1.286399960518	-0.001376368222
1.287999987602	0.001145200105
1.289600014687	-0.003273584181
1.291199922562	-0.001333568129
1.292799949646	-0.001188496011
1.294399976730	-0.000228496036
1.296000003815	-0.002276384272
1.297599911690	-0.002504976233
1.299199938774	-0.000987792038
1.300799965858	-0.003355536377
1.302399992943	0.000185904020
1.304000020027	-0.000656048011
1.305599927902	-0.002944816137
1.307199954987	-0.002395872260
1.308799982071	-0.002716304269
1.310400009155	-0.001030512038
1.311999917030	-0.002911392367
1.313599944115	-0.000520096044
1.315199971199	-0.003009488340
1.316799998283	-0.003015088150
1.318400025368	-0.002079664264
1.319999933243	-0.001781760133
1.321599960327	-0.000758000067
1.323199987411	-0.002341568237
1.324800014496	-0.001983632101
1.326399922371	-0.003488192335
1.327999949455	-0.000723648118
1.329599976540	-0.000044191969
1.331200003624	-0.002915376332
1.332799911499	-0.001054160064
1.334399938583	-0.002565072151
1.335999965668	-0.002176944166
1.337599992752	-0.001685616211
1.339200019836	-0.001250160043
1.340799927711	-0.002315152204
1.342399954796	-0.002151296008
1.343999981880	-0.001648752135
1.345600008965	-0.002115840092
1.347199916840	-0.001209024107
1.348799943924	-0.002071312163
1.350399971008	-0.001196080120
1.351999998093	-0.002360848244
1.353600025177	-0.001038304064
1.355199933052	-0.001064016134
1.356799960136	-0.001960384194
1.358399987221	-0.002275344217
1.360000014305	-0.003840864403
1.361599922180	-0.001359872054
1.363199949265	-0.001314880094
1.364799976349	-0.002516960260
1.366400003433	-0.003104160307
1.367999911308	-0.003144256305
1.369599938393	-0.002448688261
1.371199965477	-0.002779056318
1.372799992561	-0.002915904159
1.374400019646	-0.002288080053
1.375999927521	-0.002303776098
1.377599954605	-0.002075872151
1.379199981689	-0.001197984093
1.380800008774	-0.000818144064
1.382399916649	0.000176768066
1.383999943733	-0.000499647984
1.385599970818	-0.001480832114
1.387199997902	-0.001208096044
1.388799905777	-0.001848432119
1.390399932861	-0.002048608148
1.391999959946	-0.001510736183
1.393599987030	-0.002373680240
1.395200014114	-0.001770192059
1.396799921989	-0.002194288187
1.398399949074	-0.001462608110
1.399999976158	-0.001998720225
1.401600003242	-0.000740112097
1.403199911118	-0.002029312309
1.404799938202	-0.002513488289
1.406399965286	-0.003515936201
1.407999992371	-0.004037824459
1.409600019455	-0.001556656207
1.411199927330	-0.004770912230
1.412799954414	-0.001558896154
1.414399981499	-0.001991232159
1.416000008583	-0.001124768169
1.417599916458	-0.003567104228
1.419199943542	-0.002560736379
1.420799970627	-0.001229216112
1.422399997711	-0.003096816363
1.423999905586	-0.001810208196
1.425599932671	-0.004151728470
1.427199959755	-0.002344864188
1.428799986839	-0.001343552140
1.430400013924	-0.003608080326
1.431999921799	-0.001598960138
1.433599948883	-0.002534880303
1.435199975967	-0.000310832082
1.436800003052	-0.003267408349
1.438399910927	-0.001858352101
1.439999938011	-0.003331536427
1.441599965096	-0.001836352167
1.443199992180	-0.001033920096
1.444800019264	-0.003968352452
1.446399927139	-0.000803312112
1.447999954224	-0.005396016408
1.449599981308	-0.003042976139
1.451200008392	-0.004077856429
1.452799916267	-0.002831632271
1.454399943352	-0.001218304154
1.455999970436	-0.003342304379
1.457599997520	-0.003611808177
1.459199905396	-0.003486576257
1.460799932480	-0.001549856155
1.462399959564	-0.002573584206
1.463999986649	-0.003471808275
1.465600013733	-0.003001440316
1.467199921608	-0.004648272414
1.468799948692	-0.002079952275
1.470399975777	-0.004591728561
1.472000002861	-0.000675088086
1.473599910736	-0.002727200277
1.475199937820	-0.003010448301
1.476799964905	-0.003180864267
1.478399991989	-0.003701760434
1.480000019073	-0.001524352119
1.481599926949	-0.003977648448
1.483199954033	-0.002019008156
1.484799981117	-0.004052256234
1.486400008202	-0.002790720202
1.487999916077	-0.001198352198
1.489599943161	-0.004127616528
1.491199970245	-0.002388464287
1.492799997330	-0.002065504203
1.494399905205	-0.003070144216
1.495999932289	-0.003104560310
1.497599959373	-0.003721888410
1.499199986458	-0.002450128319
1.500800013542	-0.001924160169
1.502399921417	-0.002422064310
1.503999948502	-0.003217856167
1.505599975586	-0.001014000154
1.507200002670	-0.002980448306
1.508799910545	-0.003280656179
1.510399937630	-0.002965248190
1.511999964714	-0.003721232293
1.513599991798	-0.002709392225
1.515200018883	-0.002480944153
1.516799926758	-0.001182480017
1.518399953842	-0.002102512168
1.519999980927	-0.002303056186
1.521600008011	-0.002245520242
1.523199915886	-0.003594800364
1.524799942970	-0.002728240099
1.526399970055	-0.002816704335
1.527999997139	-0.003705664305
1.529599905014	-0.002739568241
1.531199932098	-0.002437952207
1.532799959183	-0.003981888294
1.534399986267	-0.004501808435
1.536000013351	-0.004023936111
1.537599921227	-0.003249568166
1.539199948311	-0.003285200335
1.540799975395	-0.001999520231
1.542400002480	-0.003550224239
1.543999910355	-0.003278528340
1.545599937439	-0.003641680349
1.547199964523	-0.004106848501
1.548799991608	-0.003367168363
1.550400018692	-0.004757840652
1.551999926567	-0.002976992168
1.553599953651	-0.002668160247
1.555199980736	-0.001947168144
1.556800007820	-0.002748512197
1.558399915695	-0.004683776293
1.559999942780	-0.002425968181
1.561599969864	-0.002577200299
1.563199996948	-0.000311520038
1.564799904823	-0.004757424351
1.566399931908	-0.002684240229
1.567999958992	-0.002386176260
1.569599986076	-0.002615904203
1.571200013161	-0.002091568196
1.572799921036	-0.005520624574
1.574399948120	-0.002571904100
1.575999975204	-0.004060880281
1.577600002289	-0.002071792260
1.579199910164	-0.003824016312
1.580799937248	-0.004163072444
1.582399964333	-0.002828608267
1.583999991417	-0.004577488173
1.585600018501	-0.001509488095
1.587199926376	-0.004615296610
1.588799953461	-0.002624752233
1.590399980545	-0.003863056423
1.592000007629	-0.005418944638
1.593599915504	-0.002649008296
1.595199942589	-0.004590144381
1.596799969673	-0.003032864304
1.598399996758	-0.003477360355
1.599999904633	-0.002816320164
1.601599931717	-0.003273520386
1.603199958801	-0.002439392265
1.604799985886	-0.002550288104
1.606400012970	-0.005340256263
1.607999920845	-0.003127056174
1.609599947929	-0.005827760324
1.611199975014	-0.002978992183
1.612800002098	-0.003105104202
1.614399909973	-0.000911632087
1.615999937057	-0.003816496348
1.617599964142	-0.005344960373
1.619199991226	-0.003225488355
1.620800018311	-0.004126944579
1.622399926186	-0.002089056186
1.623999953270	-0.004506832454
1.625599980354	-0.003447568277
1.627200007439	-0.002289264230
1.628799915314	-0.003799728351
1.630399942398	-0.001051584142
1.631999969482	-0.004006464500
1.633599996567	-0.001962912269
1.635199904442	-0.004801552277
1.636799931526	-0.003066960257
1.638399958611	-0.002370752161
1.639999985695	-0.003154912265
1.641600012779	-0.001056464156
1.643199920654	-0.004798944574
1.644799947739	-0.002986848122
1.646399974823	-0.001908288104
1.648000001907	-0.004253824241
1.649599909782	-0.003481488209
1.651199936867	-0.004927632399
1.652799963951	-0.003885216312
1.654399991035	-0.003640128300
1.655999898911	-0.002569904318
1.657599925995	-0.001700064167
1.659199953079	-0.002611248288
1.660799980164	-0.003541904269
1.662400007248	-0.003660960356
1.663999915123	-0.004297120497
1.665599942207	-0.004279168323
1.667199969292	-0.001233296003
1.668799996376	-0.003507456277
1.670399904251	-0.003909504507
1.671999931335	-0.003749424359
1.673599958420	-0.002905632136
1.675199985504	-0.003429008415
1.676800012589	-0.003784928238
1.678399920464	-0.001792896073
1.679999947548	-0.004550544545
1.681599974632	-0.002140752273
1.683200001717	-0.003391744336
1.684799909592	-0.002082768129
1.686399936676	-0.002786464291
1.687999963760	-0.003437536303
1.689599990845	-0.004466608167
1.691199898720	-0.004889472388
1.692799925804	-0.003493888304
1.694399952888	-0.006198624615
1.695999979973	-0.005449632648
1.697600007057	-0.004416416399
1.699199914932	-0.005329472478
1.700799942017	-0.001980080036
1.702399969101	-0.004443552345
1.703999996185	-0.001771648182
1.705599904060	-0.004810672253
1.707199931145	-0.003980224486
1.708799958229	-0.002037856262
1.710399985313	-0.006766816601
1.712000012398	-0.004014640115
1.713599920273	-0.005170832388
1.715199947357	-0.002020320157
1.716799974442	-0.004617136437
1.718400001526	-0.005199808627
1.719999909401	-0.002814640058
1.721599936485	-0.006654816680
1.723199963570	-0.002637136262
1.724799990654	-0.004038656130
1.726399898529	-0.003054688219
1.727999925613	-0.003694704268
1.729599952698	-0.006304544397
1.731199979782	-0.004364192486
1.732800006866	-0.005644432269
1.734399914742	-0.002162400167
1.735999941826	-0.005504208617
1.737599968910	-0.005247728433
1.739199995995	-0.003035616362
1.740799903870	-0.004862880334
1.742399930954	-0.002429728163
1.743999958038	-0.004386112560
1.745599985123	-0.003339456394
1.747200012207	-0.003994816449
1.748799920082	-0.002140544122
1.750399947166	-0.003272864269
1.751999974251	-0.005075200461
1.753600001335	-0.002710384317
1.755199909210	-0.005432448350
1.756799936295	-0.004053936340
1.758399963379	-0.002969968133
1.759999990463	-0.003279344179
1.761599898338	-0.003321728436
1.763199925423	-0.003360544331
1.764799952507	-0.002635536250
1.766399979591	-0.004885488655
1.768000006676	-0.002282288158
1.769599914551	-0.002969520167
1.771199941635	-0.007879328914
1.772799968719	-0.004546512384
1.774399995804	-0.005034720525
1.775999903679	-0.005062816199
1.777599930763	-0.003706928343
1.779199957848	-0.004485472571
1.780799984932	-0.004483344499
1.782400012016	-0.005685936660
1.783999919891	-0.003031088272
1.785599946976	-0.003796736244
1.787199974060	-0.003783952212
1.788800001144	-0.003414528212
1.790399909019	-0.006015040446
1.791999936104	-0.003682032228
1.793599963188	-0.002876720158
1.795199990273	-0.002268576063
1.796799898148	-0.004345360212
1.798399925232	-0.005879888311
1.799999952316	-0.004260048270
1.801599979401	-0.004753808491
1.803200006485	-0.004560848232
1.804799914360	-0.005503760651
1.806399941444	-0.005610864609
1.807999968529	-0.006455632392
1.809599995613	-0.002301232191
1.811199903488	-0.004467552528
1.812799930573	-0.005493776407
1.814399957657	-0.005372976419
1.815999984741	-0.005635072477
1.817600011826	-0.005755728576
1.819199919701	-0.003244592343
1.820799946785	-0.004931728356
1.822399973869	-0.005356784444
1.824000000954	-0.004522704519
1.825599908829	-0.004322192166
1.827199935913	-0.004446128383
1.828799962997	-0.002623968292
1.830399990082	-0.005793392658
1.831999897957	-0.005283408333
1.833599925041	-0.004665984306
1.835199952126	-0.002202528296
1.836799979210	-0.004704320338
1.838400006294	-0.004712496419
1.839999914169	-0.003950544167
1.841599941254	-0.006569168530
1.843199968338	-0.003382016206
1.844799995422	-0.004629616160
1.846399903297	-0.004656048492
1.847999930382	-0.004180432297
1.849599957466	-0.004317472223
1.851199984550	-0.003082608338
1.852800011635	-0.005243264604
1.854399919510	-0.001371024060
1.855999946594	-0.007652480621
1.857599973679	-0.005674464628
1.859200000763	-0.003572896356
1.860799908638	-0.006193728652
1.862399935722	-0.005182032473
1.863999962807	-0.004540528171
1.865599989891	-0.004810272250
1.867199897766	-0.006725616753
1.868799924850	-0.003842896316
1.870399951935	-0.002432640176
1.871999979019	-0.007118960842
1.873600006104	-0.003398736240
1.875199913979	-0.005085008219
1.876799941063	-0.004790720530
1.878399968147	-0.004601312336
1.879999995232	-0.004270432517
1.881599903107	-0.003401888302
1.883199930191	-0.008058608510
1.884799957275	-0.003518080339
1.886399984360	-0.004023648333
1.888000011444	-0.006394656375
1.889599919319	-0.003491776297
1.891199946404	-0.005636400543
1.892799973488	-0.002642384032
1.894400000572	-0.005008080509
1.895999908447	-0.002616624115
1.897599935532	-0.006626848597
1.899199962616	-0.006957360543
1.900799989700	-0.002558544278
1.902399897575	-0.008946816437
1.903999924660	-0.002646016190
1.905599951744	-0.003569680266
1.907199978828	-0.005298224278
1.908800005913	-0.005384624470
1.910399913788	-0.002577280160
1.911999940872	-0.004769344348
1.913599967957	-0.003694448387
1.915199995041	-0.002608912298
1.916799902916	-0.006188448519
1.918399930000	-0.006921216380
1.919999957085	-0.001833696151
1.921599984169	-0.004068256356
1.923199892044	-0.005645120516
1.924799919128	-0.004362176172
1.926399946213	-0.005137552507
1.927999973297	-0.006243696436
1.929600000381	-0.004584112205
1.931199908257	-0.003692512400
1.932799935341	-0.005740816705
1.934399962425	-0.003242272185
1.935999989510	-0.004586336203
1.937599897385	-0.007710640784
1.939199924469	-0.004693296272
1.940799951553	-0.004112960305
1.942399978638	-0.008437952958
1.944000005722	-0.008096112870
1.945599913597	-0.002282128204
1.947199940681	-0.004778784700
1.948799967766	-0.004952608142
1.950399994850	-0.004453536589
1.951999902725	-0.005594720598
1.953599929810	-0.006837568711
1.955199956894	-0.005421200301
1.956799983978	-0.003999104258
1.958399891853	-0.007351568434
1.959999918938	-0.005288416520
1.961599946022	-0.005722960457
1.963199973106	-0.004411024507
1.964800000191	-0.004167216364
1.966399908066	-0.002349744085
1.967999935150	-0.005392048508
1.969599962234	-0.006587408483
1.971199989319	-0.004325120244
1.972799897194	-0.006198480725
1.974399924278	-0.005116752349
1.975999951363	-0.006719376426
1.977599978447	-0.007090784609
1.979200005531	-0.006795344409
1.980799913406	-0.005182880443
1.982399940491	-0.004910544492
1.983999967575	-0.007623296697
1.985599994659	-0.008929456584
1.987199902534	-0.006630880758
1.988799929619	-0.006532640662
1.990399956703	-0.003221296240
1.991999983788	-0.007760928478
1.993599891663	-0.005170064513
1.995199918747	-0.006676576566
1.996799945831	-0.002830624348
1.998399972916	-0.005244432483
2.000000000000	-0.005070560612
2.001600027084	-0.003584112274
2.003200054169	-0.005192400422
2.004799842834	-0.005836848635
2.006399869919	-0.007994656451
2.007999897003	-0.004858592525
2.009599924088	-0.004586080555
2.011199951172	-0.008689792827
2.012799978256	-0.003821616294
2.014400005341	-0.006069072522
2.016000032425	-0.002578960033
2.017600059509	-0.004144176375
2.019199848175	-0.008074960671
2.020799875259	-0.007701392751
2.022399902344	-0.008060000837
2.023999929428	-0.004434560426
2.025599956512	-0.004480896518
2.027199983597	-0.005220240448
2.028800010681	-0.009534160607
2.030400037766	-0.006669328548
2.032000064850	-0.004396304488
2.033599853516	-0.005202368367
2.035199880600	-0.004700800404
2.036799907684	-0.005856752396
2.038399934769	-0.004368224181
2.039999961853	-0.006324128713
2.041599988937	-0.005664528348
2.043200016022	-0.005465376657
2.044800043106	-0.006727232598
2.046399831772	-0.006467648316
2.047999858856	-0.007653536741
2.049599885941	-0.004978352226
2.051199913025	-0.005163824651
2.052799940109	-0.009470880963
2.054399967194	-0.006989824586
2.055999994278	-0.006738288328
2.057600021362	-0.004138352349
2.059200048447	-0.005614128429
2.060799837112	-0.004800608382
2.062399864197	-0.006315296516
2.063999891281	-0.006191056687
2.065599918365	-0.005565152504
2.067199945450	-0.004196752328
2.068799972534	-0.005932672415
2.070399999619	-0.007086752448
2.072000026703	-0.006786208600
2.073600053787	-0.007305552717
2.075199842453	-0.006785312667
2.076799869537	-0.006082272623
2.078399896622	-0.008783441037
2.079999923706	-0.005681872368
2.081599950790	-0.007343696430
2.083199977875	-0.004890512675
2.084800004959	-0.005334624555
2.086400032043	-0.006258208770
2.088000059128	-0.006488208659
2.089599847794	-0.006985168438
2.091199874878	-0.003500384279
2.092799901962	-0.005061712582
2.094399929047	-0.005676944274
2.095999956131	-0.005209184252
2.097599983215	-0.006995152682
2.099200010300	-0.004403888248
2.100800037384	-0.004878208507
2.102400064468	-0.008086208254
2.103999853134	-0.007188272662
2.105599880219	-0.007192336489
2.107199907303	-0.005472592544
2.108799934387	-0.007745072711
2.110399961472	-0.003075744258
2.111999988556	-0.004567792173
2.113600015640	-0.005293440539
2.115200042725	-0.007805392612
2.116799831390	-0.005694304593
2.118399858475	-0.003214752302
2.119999885559	-0.003782880493
2.121599912643	-0.004452976398
2.123199939728	-0.008600272238
2.124799966812	-0.005276608281
2.126399993896	-0.003865152365
2.128000020981	-0.005860704463
2.129600048065	-0.008532769047
2.131199836731	-0.006469312590
2.132799863815	-0.006673600525
2.134399890900	-0.004169952124
2.135999917984	-0.004133168142
2.137599945068	-0.006761440542
2.139199972153	-0.009611568414
2.140799999237	-0.006860704627
2.142400026321	-0.007836224511
2.144000053406	-0.006444448605
2.145599842072	-0.007631664630
2.147199869156	-0.004705792293
2.148799896240	-0.007974352688
2.150399923325	-0.006280768663
2.151999950409	-0.006999024656
2.153599977493	-0.008065456524
2.155200004578	-0.006658656523
2.156800031662	-0.004934752360
2.158400058746	-0.005190864205
2.159999847412	-0.008487696759
2.161599874496	-0.003106736345
2.163199901581	-0.006100848317
2.164799928665	-0.004324176349
2.166399955750	-0.005273008719
2.167999982834	-0.007546672598
2.169600009918	-0.005335024558
2.171200037003	-0.007940976880
2.172800064087	-0.004230192397
2.174399852753	-0.004677504301
2.175999879837	-0.007817137055
2.177599906921	-0.000983952079
2.179199934006	-0.007029472385
2.180799961090	-0.006199760363
2.182399988174	-0.006958064623
2.184000015259	-0.004088544287
2.185600042343	-0.005051952321
2.187199831009	-0.004582768306
2.188799858093	-0.005549488589
2.190399885178	-0.006630592514
2.191999912262	-0.005661136471
2.193599939346	-0.005484112538
2.195199966431	-0.006178576499
2.196799993515	-0.007293280680
2.198400020599	-0.005754016340
2.200000047684	-0.004887504503
2.201599836349	-0.005659072660
2.203199863434	-0.005700464360
2.204799890518	-0.005677936599
2.206399917603	-0.009346640669
2.207999944687	-0.005071344320
2.209599971771	-0.006932976656
2.211199998856	-0.007186880801
2.212800025940	-0.006536432542
2.214400053024	-0.004519664217
2.215999841690	-0.007468416821
2.217599868774	-0.008219905198
2.219199895859	-0.005461408291
2.220799922943	-0.002187616192
2.222399950027	-0.007515376434
2.223999977112	-0.006318480708
2.225600004196	-0.006360224448
2.227200031281	-0.006518720649
2.228800058365	-0.006853216328
2.230399847031	-0.007763936650
2.231999874115	-0.010800768621
2.233599901199	-0.004540752154
2.235199928284	-0.005969600286
2.236799955368	-0.007924256846
2.238399982452	-0.008050545119
2.240000009537	-0.007329856511
2.241600036621	-0.010360864922
2.243199825287	-0.004953744356
2.244799852371	-0.002926192246
2.246399879456	-0.009549153037
2.247999906540	-0.006450000685
2.249599933624	-0.004122032318
2.251199960709	-0.004515408538
2.252799987793	-0.009814896621
2.254400014877	-0.004187968094
2.256000041962	-0.009156304412
2.257599830627	-0.006886112504
2.259199857712	-0.007090736646
2.260799884796	-0.006019552704
2.262399911880	-0.003910432104
2.263999938965	-0.006657776423
2.265599966049	-0.008872240782
2.267199993134	-0.006120896433
2.268800020218	-0.007325088605
2.270400047302	-0.006703536492
2.271999835968	-0.007397120818
2.273599863052	-0.005337568466
2.275199890137	-0.005726784468
2.276799917221	-0.005087808240
2.278399944305	-0.006247968413
2.279999971390	-0.006679440383
2.281599998474	-0.007772544865
2.283200025558	-0.007949360646
2.284800052643	-0.005712416489
2.286399841309	-0.006514560431
2.287999868393	-0.004396624397
2.289599895477	-0.009413424879
2.291199922562	-0.006147856358
2.292799949646	-0.008782976307
2.294399976730	-0.006754864473
2.296000003815	-0.006441648584
2.297600030899	-0.004993264098
2.299200057983	-0.008822704665
2.300799846649	-0.006230240688
2.302399873734	-0.004066080321
2.303999900818	-0.006622336805
2.305599927902	-0.005455984268
2.307199954987	-0.007127328776
2.308799982071	-0.007072992623
2.310400009155	-0.008973648772
2.312000036240	-0.007577808574
2.313599824905	-0.005610192660
2.315199851990	-0.005029728636
2.316799879074	-0.007387024816
2.318399906158	-0.007302992512
2.319999933243	-0.009479168802
2.321599960327	-0.005373872351
2.323199987411	-0.007081632502
2.324800014496	-0.007203696761
2.326400041580	-0.009499264881
2.327999830246	-0.006471632514
2.329599857330	-0.007765344810
2.331199884415	-0.007318256889
2.332799911499	-0.008298320696
2.334399938583	-0.007082672324
2.335999965668	-0.006520864554
2.337599992752	-0.004362272564
2.339200019836	-0.005063072313
2.340800046921	-0.008991776966
2.342399835587	-0.008497584611
2.343999862671	-0.006814720575
2.345599889755	-0.006745184772
2.347199916840	-0.007123456337
2.348799943924	-0.008440640755
2.350399971008	-0.008594352752
2.351999998093	-0.004513456486
2.353600025177	-0.007967424579
2.355200052261	-0.009278993122
2.356799840927	-0.007439232431
2.358399868011	-0.007971856743
2.359999895096	-0.004829136189
2.361599922180	-0.006240400486
2.363199949265	-0.006782592740
2.364799976349	-0.006331552286
2.366400003433	-0.007038208656
2.368000030518	-0.004155920353
2.369600057602	-0.007840353064
2.371199846268	-0.007065360434
2.372799873352	-0.008683936670
2.374399900436	-0.006945808418
2.375999927521	-0.003278752323
2.377599954605	-0.007140912581
2.379199981689	-0.006022352725
2.380800008774	-0.006725616753
2.382400035858	-0.006752128713
2.383999824524	-0.006874288432
2.385599851608	-0.006330112461
2.387199878693	-0.004973152187
2.388799905777	-0.005060912576
2.390399932861	-0.007021072786
2.391999959946	-0.007562752813
2.393599987030	-0.007284832653
2.395200014114	-0.006699520629
2.396800041199	-0.008420528844
2.398399829865	-0.008515168913
2.399999856949	-0.009288272820
2.401599884033	-0.007749520708
2.403199911118	-0.005214304198
2.404799938202	-0.005444336683
2.406399965286	-0.006097680423
2.407999992371	-0.012465377338
2.409600019455	-0.008117872290
2.411200046539	-0.007907344960
2.412799835205	-0.007058400661
2.414399862289	-0.007455168758
2.415999889374	-0.007692048792
2.417599916458	-0.006196208298
2.419199943542	-0.008259824477
2.420799970627	-0.008465728723
2.422399997711	-0.005274496507
2.424000024796	-0.005863328464
2.425600051880	-0.005947200581
2.427199840546	-0.008482624777
2.428799867630	-0.007402672432
2.430399894714	-0.007011744659
2.431999921799	-0.009025841020
2.433599948883	-0.005644608289
2.435199975967	-0.005328816362
2.436800003052	-0.007451104466
2.438400030136	-0.007930736989
2.440000057220	-0.005286608357
2.441599845886	-0.006965152454
2.443199872971	-0.008561792783
2.444799900055	-0.006212704349
2.446399927139	-0.010027296841
2.447999954224	-0.007060064469
2.449599981308	-0.007477872539
2.451200008392	-0.006922432687
2.452800035477	-0.006569984369
2.454399824142	-0.007377840579
2.455999851227	-0.007674112916
2.457599878311	-0.005704464391
2.459199905396	-0.006480448414
2.460799932480	-0.007298576646
2.462399959564	-0.008677824400
2.463999986649	-0.004927136470
2.465600013733	-0.009945376776
2.467200040817	-0.006094864570
2.468799829483	-0.005938736256
2.470399856567	-0.006713840645
2.471999883652	-0.009118848480
2.473599910736	-0.006836688612
2.475199937820	-0.006525936536
2.476799964905	-0.007934000343
2.478399991989	-0.004707568325
2.480000019073	-0.009469120763
2.481600046158	-0.006967280526
2.483199834824	-0.008500400931
2.484799861908	-0.008311664686
2.486399888992	-0.008020464331
2.487999916077	-0.006242784671
2.489599943161	-0.006710688584
2.491199970245	-0.009024225175
2.492799997330	-0.008855856955
2.494400024414	-0.005821024533
2.496000051498	-0.007427936886
2.497599840164	-0.007068832405
2.499199867249	-0.008449601009
2.500799894333	-0.007608672604
2.502399921417	-0.009995472617
2.503999948502	-0.006767872255
2.505599975586	-0.006375760306
2.507200002670	-0.009256272577
2.508800029755	-0.006739680655
2.510399818420	-0.009474208578
2.511999845505	-0.006771456450
2.513599872589	-0.008167008869
2.515199899673	-0.007562912535
2.516799926758	-0.005325568374
2.518399953842	-0.009158480912
2.519999980927	-0.006866016425
2.521600008011	-0.005535168573
2.523200035095	-0.008127712645
2.524799823761	-0.006212416571
2.526399850845	-0.008030432276
2.527999877930	-0.005976544693
2.529599905014	-0.008305728436
2.531199932098	-0.007089088671
2.532799959183	-0.007493024692
2.534399986267	-0.007636672352
2.536000013351	-0.007800800726
2.537600040436	-0.008664320223
2.539199829102	-0.006228624377
2.540799856186	-0.007805696689
2.542399883270	-0.006951328367
2.543999910355	-0.009838192724
2.545599937439	-0.005820128601
2.547199964523	-0.007293888368
2.548799991608	-0.007270048838
2.550400018692	-0.006630720571
2.552000045776	-0.007052784786
2.553599834442	-0.007790816482
2.555199861526	-0.007902160287
2.556799888611	-0.007373664528
2.558399915695	-0.004295936320
2.559999942780	-0.007995217107
2.561599969864	-0.007194752805
2.563199996948	-0.007517616730
2.564800024033	-0.006937888451
2.566400051117	-0.005843568593
2.567999839783	-0.006514624692
2.569599866867	-0.006847856566
2.571199893951	-0.008753664792
2.572799921036	-0.006010320503
2.574399948120	-0.010152912699
2.575999975204	-0.008074256591
2.577600002289	-0.005102032330
2.579200029373	-0.010407664813
2.580799818039	-0.007592976559
2.582399845123	-0.009431248531
2.583999872208	-0.006375760771
2.585599899292	-0.007760656532
2.587199926376	-0.008462336846
2.588799953461	-0.011446384713
2.590399980545	-0.011055569164
2.592000007629	-0.007008176763
2.593600034714	-0.006609024480
2.595199823380	-0.009818624705
2.596799850464	-0.008653824218
2.598399877548	-0.010024560615
2.599999904633	-0.007230336778
2.601599931717	-0.007925792597
2.603199958801	-0.006333664525
2.604799985886	-0.007081360556
2.606400012970	-0.008138384670
2.608000040054	-0.009024256840
2.609599828720	-0.009202497080
2.611199855804	-0.007284944877
2.612799882889	-0.006955008488
2.614399909973	-0.008316865191
2.615999937057	-0.008071824908
2.617599964142	-0.007812880911
2.619199991226	-0.004987696651
2.620800018311	-0.005240496714
2.622400045395	-0.007478464395
2.623999834061	-0.009320112877
2.625599861145	-0.007948112674
2.627199888229	-0.005438688677
2.628799915314	-0.005885392427
2.630399942398	-0.005326816346
2.631999969482	-0.011309633031
2.633599996567	-0.007785328664
2.635200023651	-0.008779552765
2.636800050735	-0.006649440620
2.638399839401	-0.004381696228
2.639999866486	-0.007498800755
2.641599893570	-0.005927456543
2.643199920654	-0.008601617068
2.644799947739	-0.007107104640
2.646399974823	-0.008332881145
2.648000001907	-0.007554272655
2.649600028992	-0.008079633117
2.651199817657	-0.008083936758
2.652799844742	-0.007827488706
2.654399871826	-0.008585472591
2.655999898911	-0.005299184471
2.657599925995	-0.008536608890
2.659199953079	-0.010212256573
2.660799980164	-0.008751137182
2.662400007248	-0.010729281232
2.664000034332	-0.006259760354
2.665599822998	-0.006736880634
2.667199850082	-0.005331904627
2.668799877167	-0.007853408344
2.670399904251	-0.010768497363
2.671999931335	-0.005642528646
2.673599958420	-0.008498032577
2.675199985504	-0.009813904762
2.676800012589	-0.008622560650
2.678400039673	-0.005867152475
2.679999828339	-0.008417424746
2.681599855423	-0.010509041138
2.683199882507	-0.007395424414
2.684799909592	-0.008389392868
2.686399936676	-0.007782240864
2.687999963760	-0.006651840638
2.689599990845	-0.007610832807
2.691200017929	-0.006935312413
2.692800045013	-0.009858720936
2.694399833679	-0.008383792825
2.695999860764	-0.008995824493
2.697599887848	-0.007020224351
2.699199914932	-0.009349424392
2.700799942017	-0.010221809149
2.702399969101	-0.006663680542
2.703999996185	-0.009794385172
2.705600023270	-0.007697968744
2.707200050354	-0.007088464685
2.708799839020	-0.008261584677
2.710399866104	-0.008525377139
2.711999893188	-0.008884657174
2.713599920273	-0.006706608459
2.715199947357	-0.007966544479
2.716799974442	-0.008686880581
2.718400001526	-0.008094176650
2.720000028610	-0.007565392647
2.721599817276	-0.007391008548
2.723199844360	-0.009533984587
2.724799871445	-0.005691072438
2.726399898529	-0.007278528530
2.727999925613	-0.007852449082
2.729599952698	-0.006973440759
2.731199979782	-0.009708240628
2.732800006866	-0.005785616580
2.734400033951	-0.009637841024
2.735999822617	-0.006515952758
2.737599849701	-0.008063985035
2.739199876785	-0.007960416377
2.740799903870	-0.007419152651
2.742399930954	-0.008891376667
2.743999958038	-0.009204273112
2.745599985123	-0.009770993143
2.747200012207	-0.006213888526
2.748800039291	-0.005884752609
2.750399827957	-0.007638288662
2.751999855042	-0.007551792543
2.753599882126	-0.007101376541
2.755199909210	-0.006847520359
2.756799936295	-0.009539728984
2.758399963379	-0.008375296369
2.759999990463	-0.008367104456
2.761600017548	-0.008731232956
2.763200044632	-0.006422640756
2.764799833298	-0.007829872891
2.766399860382	-0.004899344407
2.767999887466	-0.010390737094
2.769599914551	-0.008394160308
2.771199941635	-0.009512608871
2.772799968719	-0.009532208554
2.774399995804	-0.007800080813
2.776000022888	-0.009309681132
2.777599811554	-0.007032000460
2.779199838638	-0.010161168873
2.780799865723	-0.010082961060
2.782399892807	-0.008196480572
2.783999919891	-0.009813824669
2.785599946976	-0.008149744943
2.787199974060	-0.009713776410
2.788800001144	-0.009990032762
2.790400028229	-0.009205712937
2.791999816895	-0.007654656656
2.793599843979	-0.005042864475
2.795199871063	-0.010318049230
2.796799898148	-0.008364688605
2.798399925232	-0.008677104488
2.799999952316	-0.007357408758
2.801599979401	-0.007589504588
2.803200006485	-0.007091984618
2.804800033569	-0.006599952467
2.806399822235	-0.009605713189
2.807999849319	-0.007467568852
2.809599876404	-0.008239888586
2.811199903488	-0.009649968706
2.812799930573	-0.007187072653
2.814399957657	-0.009041552432
2.815999984741	-0.008291536942
2.817600011826	-0.006454176735
2.819200038910	-0.006111488678
2.820799827576	-0.008891168982
2.822399854660	-0.007536160760
2.823999881744	-0.006619664375
2.825599908829	-0.010639920831
2.827199935913	-0.007891952991
2.828799962997	-0.008581744507
2.830399990082	-0.005295408424
2.832000017166	-0.009774385020
2.833600044250	-0.009478400461
2.835199832916	-0.005675360560
2.836799860001	-0.009438944981
2.838399887085	-0.006678880658
2.839999914169	-0.009527169168
2.841599941254	-0.007803440560
2.843199968338	-0.009461136535
2.844799995422	-0.008213744499
2.846400022507	-0.006527936552
2.847999811172	-0.008365345187
2.849599838257	-0.011787984520
2.851199865341	-0.009559504688
2.852799892426	-0.008137905039
2.854399919510	-0.007510320749
2.855999946594	-0.009487137198
2.857599973679	-0.005586576648
2.859200000763	-0.009618496522
2.860800027847	-0.008509936742
2.862399816513	-0.007549072616
2.863999843597	-0.006919456646
2.865599870682	-0.007507776842
2.867199897766	-0.007230368443
2.868799924850	-0.008200816810
2.870399951935	-0.010732288472
2.871999979019	-0.008178416640
2.873600006104	-0.006941296626
2.875200033188	-0.008056176826
2.876799821854	-0.007758304477
2.878399848938	-0.009271136485
2.879999876022	-0.007362560369
2.881599903107	-0.006111856550
2.883199930191	-0.007937200367
2.884799957275	-0.009084160440
2.886399984360	-0.009412337095
2.888000011444	-0.007713568397
2.889600038528	-0.010043089278
2.891199827194	-0.006882000715
2.892799854279	-0.006034448277
2.894399881363	-0.010262048803
2.895999908447	-0.009940721095
2.897599935532	-0.008258656599
2.899199962616	-0.008328881115
2.900799989700	-0.007781968452
2.902400016785	-0.007591392379
2.904000043869	-0.008811312728
2.905599832535	-0.008435872383
2.907199859619	-0.007230320480
2.908799886703	-0.006785680540
2.910399913788	-0.009778737091
2.911999940872	-0.007663088851
2.913599967957	-0.009105312638
2.915199995041	-0.009697984904
2.916800022125	-0.008264864795
2.918399810791	-0.007982145064
2.919999837875	-0.009159184992
2.921599864960	-0.007609984372
2.923199892044	-0.010385616682
2.924799919128	-0.009456848726
2.926399946213	-0.005916992668
2.927999973297	-0.008986176923
2.929600000381	-0.008515312336
2.931200027466	-0.010065840557
2.932799816132	-0.007660624571
2.934399843216	-0.006853424478
2.935999870300	-0.007847248577
2.937599897385	-0.009256225079
2.939199924469	-0.010620689020
2.940799951553	-0.008158400655
2.942399978638	-0.008000465110
2.944000005722	-0.009344256483
2.945600032806	-0.008092640899
2.947199821472	-0.010599233210
2.948799848557	-0.007249888498
2.950399875641	-0.008164593019
2.951999902725	-0.007295968477
2.953599929810	-0.008792304434
2.955199956894	-0.008642001078
2.956799983978	-0.006795232650
2.958400011063	-0.009476080537
2.960000038147	-0.009043265134
2.961599826813	-0.007597296499
2.963199853897	-0.008045200258
2.964799880981	-0.009670944884
2.966399908066	-0.007592576556
2.967999935150	-0.006084176712
2.969599962234	-0.009493088350
2.971199989319	-0.009378944524
2.972800016403	-0.009576897137
2.974400043488	-0.009444384836
2.975999832153	-0.011625904590
2.977599859238	-0.008207920939
2.979199886322	-0.006591408513
2.980799913406	-0.008635440841
2.982399940491	-0.009381025098
2.983999967575	-0.009295424446
2.985599994659	-0.007316160481
2.987200021744	-0.006645776797
2.988799810410	-0.008075088263
2.990399837494	-0.008127472363
2.991999864578	-0.010159600526
2.993599891663	-0.007680192590
2.995199918747	-0.007271616720
2.996799945831	-0.010278960690
2.998399972916	-0.007969681174
3.000000000000	-0.007235024590
3.001600027084	-0.007882592268
3.003199815750	-0.006368928589
3.004799842834	-0.009282097220
3.006399869919	-0.008561328985
3.007999897003	-0.008700304665
3.009599924088	-0.008881105110
3.011199951172	-0.009743184783
3.012799978256	-0.008564016782
3.014400005341	-0.008613600396
3.016000032425	-0.008062561043
3.017599821091	-0.009971841238
3.019199848175	-0.008475760929
3.020799875259	-0.009056720883
3.022399902344	-0.008796144277
3.023999929428	-0.008041025139
3.025599956512	-0.008458753116
3.027199983597	-0.008688368835
3.028800010681	-0.007375424728
3.030400037766	-0.007998192683
3.031999826431	-0.007839504629
3.033599853516	-0.010168001056
3.035199880600	-0.008590753190
3.036799907684	-0.007718160748
3.038399934769	-0.008638192900
3.039999961853	-0.007805104367
3.041599988937	-0.010689120740
3.043200016022	-0.007651168853
3.044799804687	-0.009326704778
3.046399831772	-0.008249920793
3.047999858856	-0.008492000401
3.049599885941	-0.011256720871
3.051199913025	-0.008192656562
3.052799940109	-0.009419537149
3.054399967194	-0.008121537045
3.055999994278	-0.010295760818
3.057600021362	-0.008062224835
3.059199810028	-0.006854272448
3.060799837112	-0.011871681549
3.062399864197	-0.007432000712
3.063999891281	-0.009077136405
3.065599918365	-0.007411248516
3.067199945450	-0.009923440404
3.068799972534	-0.007520992775
3.070399999619	-0.009166784585
3.072000026703	-0.008652000688
3.073599815369	-0.007764304522
3.075199842453	-0.008707297035
3.076799869537	-0.008847393095
3.078399896622	-0.009504608810
3.079999923706	-0.009524192661
3.081599950790	-0.006785648409
3.083199977875	-0.008502304554
3.084800004959	-0.007955185138
3.086400032043	-0.010281137191
3.087999820709	-0.010083072819
3.089599847794	-0.009288417175
3.091199874878	-0.007191536482
3.092799901962	-0.009301536717
3.094399929047	-0.007613984868
3.095999956131	-0.009167424403
3.097599983215	-0.008843488991
3.099200010300	-0.008736480959
3.100800037384	-0.009333648719
3.102399826050	-0.010077184997
3.103999853134	-0.010305264965
3.105599880219	-0.009401424788
3.107199907303	-0.008833568543
3.108799934387	-0.007514288649
3.110399961472	-0.009852816351
3.111999988556	-0.009804016910
3.113600015640	-0.008421360515
3.115199804306	-0.008788352832
3.116799831390	-0.009274112992
3.118399858475	-0.008785712533
3.119999885559	-0.008693472482
3.121599912643	-0.009897569194
3.123199939728	-0.009344097227
3.124799966812	-0.010222881101
3.126399993896	-0.009038304910
3.128000020981	-0.006870352663
3.129599809647	-0.010276544839
3.131199836731	-0.007364288438
3.132799863815	-0.009940336458
3.134399890900	-0.008115872741
3.135999917984	-0.008821200579
3.137599945068	-0.009509856813
3.139199972153	-0.011382080615
3.140799999237	-0.005589920562
3.142400026321	-0.007347408682
3.143999814987	-0.009496688843
3.145599842072	-0.007320880424
3.147199869156	-0.008620240726
3.148799896240	-0.010679393075
3.150399923325	-0.008671104908
3.151999950409	-0.009032321163
3.153599977493	-0.007462192792
3.155200004578	-0.010757921264
3.156800031662	-0.008863248862
3.158399820328	-0.007360656746
3.159999847412	-0.008186304942
3.161599874496	-0.008255008608
3.163199901581	-0.008206768893
3.164799928665	-0.008806000464
3.166399955750	-0.009491824545
3.167999982834	-0.008450672962
3.169600009918	-0.008902128786
3.171200037003	-0.010562945157
3.172799825668	-0.009434816428
3.174399852753	-0.008967201225
3.175999879837	-0.009416560642
3.177599906921	-0.007148448378
3.179199934006	-0.011023936793
3.180799961090	-0.007495264523
3.182399988174	-0.010386976413
3.184000015259	-0.006727456581
3.185599803925	-0.008813632652
3.187199831009	-0.008107888512
3.188799858093	-0.009145488963
3.190399885178	-0.010309104808
3.191999912262	-0.007160048466
3.193599939346	-0.010380704887
3.195199966431	-0.009899568744
3.196799993515	-0.007919024676
3.198400020599	-0.006552960724
3.199999809265	-0.009579440579
3.201599836349	-0.010762240738
3.203199863434	-0.007779248524
3.204799890518	-0.007120592520
3.206399917603	-0.010016656481
3.207999944687	-0.008784704842
3.209599971771	-0.008389952593
3.211199998856	-0.009851424955
3.212800025940	-0.011930065230
3.214399814606	-0.006040368695
3.215999841690	-0.009912112728
3.217599868774	-0.009265008382
3.219199895859	-0.008341552690
3.220799922943	-0.009578896686
3.222399950027	-0.008392016403
3.223999977112	-0.008672224358
3.225600004196	-0.008607520722
3.227200031281	-0.010437904857
3.228799819946	-0.010578849353
3.230399847031	-0.011031872593
3.231999874115	-0.007740288507
3.233599901199	-0.008654288948
3.235199928284	-0.009879793040
3.236799955368	-0.009024688974
3.238399982452	-0.007935840636
3.240000009537	-0.010580817237
3.241600036621	-0.007125552744
3.243199825287	-0.009760080837
3.244799852371	-0.009344000369
3.246399879456	-0.008352320641
3.247999906540	-0.008260272443
3.249599933624	-0.010378656909
3.251199960709	-0.010583041236
3.252799987793	-0.009032928385
3.254400014877	-0.010175121017
3.255999803543	-0.007972144522
3.257599830627	-0.009495409206
3.259199857712	-0.009565040469
3.260799884796	-0.008015168831
3.262399911880	-0.009642416611
3.263999938965	-0.007308544591
3.265599966049	-0.009768112563
3.267199993134	-0.008342305198
3.268800020218	-0.009104768746
3.270399808884	-0.008706448600
3.271999835968	-0.008844336495
3.273599863052	-0.010693744756
3.275199890137	-0.006382480729
3.276799917221	-0.010171152651
3.278399944305	-0.006393104326
3.279999971390	-0.008590272628
3.281599998474	-0.010901585221
3.283200025558	-0.010870944709
3.284799814224	-0.010638880543
3.286399841309	-0.009133664891
3.287999868393	-0.007623472717
3.289599895477	-0.009270193055
3.291199922562	-0.008279153146
3.292799949646	-0.008164049126
3.294399976730	-0.009515617043
3.296000003815	-0.011622064747
3.297600030899	-0.009217169136
3.299199819565	-0.008120465092
3.300799846649	-0.009879904799
3.302399873734	-0.006650928408
3.303999900818	-0.009695393033
3.305599927902	-0.006485888734
3.307199954987	-0.009371233173
3.308799982071	-0.007074912544
3.310400009155	-0.009388432838
3.311999797821	-0.009187152609
3.313599824905	-0.009951184504
3.315199851990	-0.007943809032
3.316799879074	-0.008632352576
3.318399906158	-0.010004065000
3.319999933243	-0.009130032733
3.321599960327	-0.009123200551
3.323199987411	-0.010222448967
3.324800014496	-0.008810305037
3.326399803162	-0.006472992711
3.327999830246	-0.008253344335
3.329599857330	-0.009477248415
3.331199884415	-0.008549024351
3.332799911499	-0.008936609142
3.334399938583	-0.009701536968
3.335999965668	-0.007362752687
3.337599992752	-0.009546528570
3.339200019836	-0.008525216952
3.340799808502	-0.010170896538
3.342399835587	-0.009234288707
3.343999862671	-0.009343616664
3.345599889755	-0.009488401003
3.347199916840	-0.007751552388
3.348799943924	-0.009947025217
3.350399971008	-0.008499968797
3.351999998093	-0.009498864412
3.353600025177	-0.009695312940
3.355199813843	-0.010331137106
3.356799840927	-0.009894176386
3.358399868011	-0.008606865071
3.359999895096	-0.010337361135
3.361599922180	-0.009952017106
3.363199949265	-0.010147408582
3.364799976349	-0.008056480438
3.366400003433	-0.007031744346
3.368000030518	-0.009048000909
3.369599819183	-0.009179185145
3.371199846268	-0.010643441230
3.372799873352	-0.009962417185
3.374399900436	-0.008317008615
3.375999927521	-0.008741296828
3.377599954605	-0.009582945146
3.379199981689	-0.012027408928
3.380800008774	-0.008149744943
3.382399797440	-0.008944928646
3.383999824524	-0.008633152582
3.385599851608	-0.006144736428
3.387199878693	-0.011168001220
3.388799905777	-0.009344017133
3.390399932861	-0.008847313002
3.391999959946	-0.009458384477
3.393599987030	-0.010052864440
3.395200014114	-0.009282880463
3.396799802780	-0.009275296703
3.398399829865	-0.010301057249
3.399999856949	-0.008763744496
3.401599884033	-0.007680688519
3.403199911118	-0.008919168264
3.404799938202	-0.009716352448
3.406399965286	-0.009973072447
3.407999992371	-0.009970576502
3.409600019455	-0.011415696703
3.411199808121	-0.008461120538
3.412799835205	-0.009445329197
3.414399862289	-0.008478192613
3.415999889374	-0.010065057315
3.417599916458	-0.009998576716
3.419199943542	-0.009516176768
3.420799970627	-0.008606752381
3.422399997711	-0.009937648661
3.424000024796	-0.009806768969
3.425599813461	-0.008422352374
3.427199840546	-0.007785648573
3.428799867630	-0.007236640435
3.430399894714	-0.010143889114
3.431999921799	-0.009931856766
3.433599948883	-0.009030080400
3.435199975967	-0.007885472849
3.436800003052	-0.010372016579
3.438400030136	-0.006672256626
3.439999818802	-0.009949136525
3.441599845886	-0.007728688419
3.443199872971	-0.009510608390
3.444799900055	-0.007416752633
3.446399927139	-0.010173153132
3.447999954224	-0.010820304975
3.449599981308	-0.009422289208
3.451200008392	0.009839313105
