0.000000000000	0.023160817102
0.001599999960	0.021618673578
0.003199999919	0.022784369066
0.004799999762	0.020662594587
0.006399999838	0.019015634432
0.007999999449	0.021982321516
0.009599999525	0.017638497055
0.011199999601	0.018674321473
0.012799999677	0.020496338606
0.014399999753	0.016720369458
0.015999998897	0.019091408700
0.017599999905	0.018044114113
0.019199999049	0.018948817626
0.020800000057	0.015180961229
0.022399999201	0.016668098047
0.024000000209	0.018558418378
0.025599999353	0.013605697080
0.027199998498	0.016358433291
0.028799999505	0.016195952892
0.030399998650	0.015537457541
0.031999997795	0.013985041529
0.033599998802	0.015891874209
0.035199999809	0.016411634162
0.036800000817	0.012801568955
0.038399998099	0.016353825107
0.039999999106	0.013306641020
0.041600000113	0.014108977281
0.043199997395	0.013567728922
0.044799998403	0.014035824686
0.046399999410	0.013985376805
0.048000000417	0.013150368817
0.049599997699	0.015139088966
0.051199998707	0.013722193427
0.052799999714	0.014618689194
0.054399996996	0.013572497293
0.055999998003	0.013323137537
0.057599999011	0.012071585283
0.059200000018	0.013808624819
0.060799997300	0.013984144665
0.062399998307	0.013181569055
0.063999995589	0.014311009087
0.065600000322	0.012341968715
0.067199997604	0.012984849513
0.068799994886	0.015856834128
0.070399999619	0.011946417391
0.071999996901	0.013579953462
0.073600001633	0.011932944879
0.075199998915	0.012341632508
0.076799996197	0.011567264795
0.078400000930	0.011751905084
0.079999998212	0.012580080889
0.081599995494	0.011697488837
0.083200000226	0.010746656917
0.084799997509	0.011955616996
0.086399994791	0.014017505571
0.087999999523	0.013034321368
0.089599996805	0.012073248625
0.091199994087	0.011685073376
0.092799998820	0.010547664948
0.094399996102	0.012962416746
0.096000000834	0.012238176540
0.097599998116	0.011804576963
0.099199995399	0.010940465145
0.100800000131	0.010945680551
0.102399997413	0.013697152957
0.103999994695	0.012732896954
0.105599999428	0.014391984791
0.107199996710	0.009341840632
0.108799993992	0.010429536924
0.110399998724	0.011926705018
0.111999996006	0.011049777269
0.113600000739	0.013503905386
0.115199998021	0.012882753275
0.116799995303	0.010819520801
0.118400000036	0.010053616948
0.119999997318	0.012803057209
0.121599994600	0.012985728681
0.123199999332	0.010587569326
0.124799996614	0.010018545203
0.126399993896	0.010150385089
0.127999991179	0.011422704905
0.129600003362	0.010029872879
0.131200000644	0.010571761057
0.132799997926	0.010803264566
0.134399995208	0.011835808866
0.135999992490	0.010227664374
0.137599989772	0.012705377303
0.139200001955	0.013364705257
0.140799999237	0.009944625199
0.142399996519	0.011115521193
0.143999993801	0.008767760359
0.145599991083	0.009671504609
0.147200003266	0.011185441166
0.148800000548	0.010103120469
0.150399997830	0.012616705149
0.151999995112	0.011830672622
0.153599992394	0.009648000821
0.155199989676	0.012484417297
0.156800001860	0.011544656940
0.158399999142	0.011635089293
0.159999996424	0.009902048856
0.161599993706	0.009055729024
0.163199990988	0.010136544704
0.164800003171	0.009722832590
0.166400000453	0.011782865040
0.167999997735	0.010684625246
0.169599995017	0.009018625133
0.171199992299	0.008871104568
0.172799989581	0.010959344916
0.174400001764	0.010988896713
0.175999999046	0.008652336895
0.177599996328	0.009400241077
0.179199993610	0.008911184967
0.180799990892	0.007893536240
0.182399988174	0.010504640639
0.184000000358	0.010214961134
0.185599997640	0.011226464994
0.187199994922	0.009225584567
0.188799992204	0.010217617266
0.190399989486	0.010460624471
0.192000001669	0.010468960740
0.193599998951	0.009731984697
0.195199996233	0.008701168932
0.196799993515	0.005549328402
0.198399990797	0.009708800353
0.199999988079	0.011674929410
0.201600000262	0.009283408523
0.203199997544	0.009819168597
0.204799994826	0.006483936682
0.206399992108	0.007405536715
0.207999989390	0.009580080397
0.209600001574	0.009100176394
0.211199998856	0.007766640745
0.212799996138	0.006482736673
0.214399993420	0.008372624405
0.215999990702	0.009616272524
0.217599987984	0.008631216362
0.219200000167	0.010705200955
0.220799997449	0.008705216460
0.222399994731	0.007238640450
0.223999992013	0.007745616604
0.225599989295	0.008238208480
0.227200001478	0.006755088456
0.228799998760	0.008272049017
0.230399996042	0.007554624695
0.231999993324	0.006670480594
0.233599990606	0.007602480706
0.235199987888	0.009560320526
0.236800000072	0.009249120951
0.238399997354	0.007914752699
0.239999994636	0.008188464679
0.241599991918	0.008651712909
0.243199989200	0.006421648432
0.244799986482	0.009757041000
0.246399998665	0.006932384800
0.247999995947	0.005906464532
0.249599993229	0.009069216438
0.251199990511	0.007762032561
0.252799987793	0.009380464442
0.254399985075	0.006829056423
0.255999982357	0.008928416297
0.257599979639	0.007821552455
0.259200006723	0.006764592603
0.260800004005	0.008712801151
0.262400001287	0.006234720349
0.263999998569	0.008419104852
0.265599995852	0.008772256784
0.267199993134	0.008812496439
0.268799990416	0.006395264529
0.270399987698	0.007722544484
0.271999984980	0.009634864517
0.273599982262	0.005618816707
0.275199979544	0.008189376444
0.276800006628	0.007366480771
0.278400003910	0.005436048377
0.280000001192	0.007187616546
0.281599998474	0.005542080384
0.283199995756	0.008710976690
0.284799993038	0.006465616636
0.286399990320	0.007745232433
0.287999987602	0.006165376399
0.289599984884	0.006121600512
0.291199982166	0.007539024577
0.292799979448	0.005759952590
0.294400006533	0.004422816448
0.296000003815	0.005109888501
0.297600001097	0.006885536481
0.299199998379	0.005582784303
0.300799995661	0.007197120693
0.302399992943	0.007346176542
0.303999990225	0.005666720681
0.305599987507	0.009342208505
0.307199984789	0.007985408418
0.308799982071	0.005333664361
0.310399979353	0.005438992288
0.312000006437	0.004857424647
0.313600003719	0.007060640492
0.315200001001	0.004819952417
0.316799998283	0.007681888528
0.318399995565	0.007731424645
0.319999992847	0.005790624302
0.321599990129	0.008515792899
0.323199987411	0.005522144493
0.324799984694	0.005828992464
0.326399981976	0.006778128445
0.327999979258	0.005769184325
0.329600006342	0.007578672841
0.331200003624	0.006147568580
0.332800000906	0.006388336420
0.334399998188	0.008266944438
0.335999995470	0.008515888825
0.337599992752	0.005183200352
0.339199990034	0.005819712300
0.340799987316	0.007139200810
0.342399984598	0.005758368410
0.343999981880	0.007710368838
0.345599979162	0.004827168304
0.347199976444	0.005767344497
0.348800003529	0.006187776569
0.350400000811	0.005689296406
0.351999998093	0.006343776360
0.353599995375	0.005202096421
0.355199992657	0.006385280751
0.356799989939	0.003792944364
0.358399987221	0.005103856325
0.359999984503	0.006934784818
0.361599981785	0.003273616312
0.363199979067	0.007792240474
0.364799976349	0.007082048804
0.366400003433	0.004588352516
0.368000000715	0.006145760417
0.369599997997	0.004856960382
0.371199995279	0.005681888666
0.372799992561	0.004487440456
0.374399989843	0.005688704550
0.375999987125	0.005360848270
0.377599984407	0.003299248172
0.379199981689	0.004884128459
0.380799978971	0.004930704366
0.382399976254	0.005336512346
0.384000003338	0.004986864515
0.385600000620	0.005490496289
0.387199997902	0.003669568105
0.388799995184	0.006585184485
0.390399992466	0.005348240491
0.391999989748	0.002582864137
0.393599987030	0.005700000562
0.395199984312	0.001658512163
0.396799981594	0.002759824274
0.398399978876	0.005856880452
0.399999976158	0.004227664322
0.401600003242	0.004612784367
0.403200000525	0.006216096692
0.404799997807	0.005450192373
0.406399995089	0.003054832108
0.407999992371	0.004269760102
0.409599989653	0.004729648586
0.411199986935	0.004911840428
0.412799984217	0.002211216139
0.414399981499	0.003024912206
0.415999978781	0.006067344453
0.417599976063	0.005245776381
0.419200003147	0.007025424391
0.420800000429	0.003948528320
0.422399997711	0.003284384264
0.423999994993	0.002590288175
0.425599992275	0.002209408209
0.427199989557	0.004732224159
0.428799986839	0.002746528247
0.430399984121	0.004722208250
0.431999981403	0.004360720515
0.433599978685	0.004474560264
0.435199975967	0.004404160194
0.436800003052	0.005380688701
0.438400000334	0.005521856714
0.439999997616	0.004654720426
0.441599994898	0.004239968490
0.443199992180	0.001404112088
0.444799989462	0.003843456274
0.446399986744	0.004425968509
0.447999984026	0.003075936111
0.449599981308	0.004098944366
0.451199978590	0.003299184376
0.452799975872	0.006180656608
0.454400002956	0.006067184266
0.456000000238	0.004057584330
0.457599997520	0.004613600206
0.459199994802	-0.000246415992
0.460799992085	0.005085968412
0.462399989367	0.002456880175
0.463999986649	0.004329616204
0.465599983931	0.004032352474
0.467199981213	0.003130528377
0.468799978495	0.005915456451
0.470399975777	0.003776208265
0.472000002861	0.005142384674
0.473600000143	0.003471936332
0.475199997425	0.002022880130
0.476799994707	0.003438672284
0.478399991989	0.002908720169
0.479999989271	0.003942272160
0.481599986553	0.003755968297
0.483199983835	0.001752960146
0.484799981117	0.003012160305
0.486399978399	0.002405536128
0.487999975681	0.004959696438
0.489599972963	0.002542640315
0.491200000048	0.004487136379
0.492799997330	0.002004496288
0.494399994612	0.002300768159
0.495999991894	0.005549536552
0.497599989176	0.002928320318
0.499199986458	0.004701056518
0.500800013542	0.001489392132
0.502399981022	0.001703392132
0.504000008106	0.003380096285
0.505599975586	0.004571248312
0.507200002670	0.005349376239
0.508799970150	0.002011472126
0.510399997234	0.002911760239
0.511999964714	0.002205520170
0.513599991798	0.002042976208
0.515199959278	0.006507104728
0.516799986362	0.003398048226
0.518400013447	0.003229264170
0.519999980927	0.003892960260
0.521600008011	0.003447632305
0.523199975491	0.004396048374
0.524800002575	0.006102352403
0.526399970055	0.003189440351
0.527999997139	-0.000245359959
0.529599964619	0.003303440288
0.531199991703	0.002332096221
0.532799959183	0.003813792253
0.534399986267	0.003338304348
0.536000013351	0.002584176138
0.537599980831	0.004114672542
0.539200007915	0.005125248339
0.540799975395	0.004364448134
0.542400002480	0.003532080213
0.543999969959	0.001593408175
0.545599997044	0.001888736151
0.547199964523	0.001652784063
0.548799991608	0.001719520078
0.550399959087	0.003442512359
0.551999986172	0.004006048199
0.553600013256	0.001075760112
0.555199980736	0.005002128426
0.556800007820	0.002155055990
0.558399975300	0.002807296347
0.560000002384	0.004182032309
0.561599969864	0.001870336127
0.563199996948	0.002778288210
0.564799964428	0.001684048097
0.566399991512	0.003836912336
0.567999958992	0.004557456356
0.569599986076	0.001075568027
0.571200013161	0.003167296061
0.572799980640	0.001258576056
0.574400007725	0.003153808182
0.575999975204	0.002282960108
0.577600002289	0.001045872108
0.579199969769	0.001432464109
0.580799996853	0.001994336257
0.582399964333	0.003040592186
0.583999991417	0.003248272231
0.585599958897	0.002802608302
0.587199985981	0.003031712258
0.588800013065	0.004914704245
0.590399980545	0.002884688322
0.592000007629	0.001378432149
0.593599975109	0.003091952298
0.595200002193	0.000406688050
0.596799969673	0.000459072064
0.598399996758	0.000424656057
0.599999964237	0.001143440022
0.601599991322	0.004129968118
0.603199958801	0.003582272213
0.604799985886	0.002945664339
0.606400012970	0.000445584097
0.607999980450	0.003247088287
0.609600007534	0.002213328145
0.611199975014	0.001269040164
0.612800002098	0.001421968103
0.614399969578	0.001062736148
0.615999996662	0.001828512177
0.617599964142	0.003413280239
0.619199991226	0.003830560250
0.620799958706	0.001951056183
0.622399985790	-0.000194592096
0.624000012875	0.002164048143
0.625599980354	0.001780080143
0.627200007439	0.001992928097
0.628799974918	0.002858128166
0.630400002003	0.001314896159
0.631999969482	0.001599312178
0.633599996567	0.000284448033
0.635199964046	0.003965312149
0.636799991131	0.003483120352
0.638399958611	0.003127632197
0.639999985695	0.001373136067
0.641600012779	-0.001290240092
0.643199980259	0.001715600141
0.644800007343	0.004319040570
0.646399974823	0.001179312123
0.648000001907	0.003577072173
0.649599969387	0.000283695990
0.651199996471	0.001310704160
0.652799963951	0.003672544379
0.654399991035	0.002394176088
0.655999958515	0.003066736273
0.657599985600	-0.001818848075
0.659200012684	0.001161728054
0.660799980164	-0.000147280007
0.662400007248	0.000756736030
0.663999974728	0.003071296262
0.665600001812	0.002050032141
0.667199969292	0.000225519980
0.668799996376	0.001300112111
0.670399963856	0.004475008231
0.671999990940	0.005007456522
0.673599958420	0.001801248174
0.675199985504	0.000630208000
0.676800012589	-0.000488464022
0.678399980068	0.003140416229
0.680000007153	0.001728784177
0.681599974632	0.002096384065
0.683200001717	-0.000600128085
0.684799969196	0.000410880020
0.686399996281	0.001780384104
0.687999963760	0.001217856072
0.689599990845	0.003547312226
0.691199958324	0.001843952225
0.692799985409	0.000418576092
0.694399952888	-0.000844720053
0.695999979973	-0.000417024043
0.697600007057	0.001783952233
0.699199974537	0.001840592129
0.700800001621	0.002434928203
0.702399969101	0.000053839980
0.703999996185	-0.001401472138
0.705599963665	0.002682832303
0.707199990749	0.001848384156
0.708799958229	0.002416752046
0.710399985313	0.002273936290
0.711999952793	-0.001420560176
0.713599979877	-0.000503632065
0.715200006962	0.003798256395
0.716799974442	0.001790240174
0.718400001526	0.000435024005
0.719999969006	0.002452240093
0.721599996090	-0.000973664050
0.723199963570	0.001343328157
0.724799990654	0.003240736434
0.726399958134	0.000591376040
0.727999985218	-0.000761104107
0.729599952698	0.000020015947
0.731199979782	0.002551392186
0.732800006866	0.000938496087
0.734399974346	0.001873408095
0.736000001431	0.003296960378
0.737599968910	0.000499680114
0.739199995995	0.001111952122
0.740799963474	0.001990352059
0.742399990559	-0.001677040127
0.743999958038	-0.000965040119
0.745599985123	0.000984720071
0.747199952602	0.000590784068
0.748799979687	0.001865376136
0.750400006771	0.003183552297
0.751999974251	0.001254288130
0.753600001335	0.000361200044
0.755199968815	-0.000283407979
0.756799995899	0.001063472126
0.758399963379	0.002042720327
0.759999990463	0.000820512010
0.761599957943	0.000916704070
0.763199985027	-0.001689440105
0.764799952507	0.000362703984
0.766399979591	0.004181584343
0.768000006676	0.002696656389
0.769599974155	0.001619168092
0.771200001240	-0.000420192053
0.772799968719	-0.000315584010
0.774399995804	0.001463504159
0.775999963284	0.000093552007
0.777599990368	0.000192160049
0.779199957848	0.002044464229
0.780799984932	-0.000009103998
0.782399952412	-0.002507600235
0.783999979496	0.001785104163
0.785600006580	0.003888160223
0.787199974060	0.002566464245
0.788800001144	0.000154783978
0.790399968624	-0.000434192072
0.791999995708	0.001960880123
0.793599963188	-0.001167328097
0.795199990273	0.001585552120
0.796799957752	-0.001733504119
0.798399984837	-0.001153648132
0.799999952316	0.001058912021
0.801599979401	0.000541056041
0.803200006485	0.000791808125
0.804799973965	0.001009824104
0.806400001049	-0.001741888118
0.807999968529	0.001337904134
0.809599995613	-0.001222352148
0.811199963093	0.000126512052
0.812799990177	0.001548464177
0.814399957657	0.001993904123
0.815999984741	0.000038287984
0.817599952221	0.000097792086
0.819199979305	0.001786512206
0.820800006390	0.002244064119
0.822399973869	0.000708784035
0.824000000954	-0.000968480075
0.825599968433	0.000044144010
0.827199995518	0.000623823958
0.828799962997	0.001964672236
0.830399990082	-0.000909504073
0.831999957561	0.000182256059
0.833599984646	0.002175504109
0.835199952126	0.001719008200
0.836799979210	0.000177600014
0.838400006294	0.001752256067
0.839999973774	-0.001032880158
0.841600000858	-0.000643360079
0.843199968338	0.001973904204
0.844799995422	0.000213808016
0.846399962902	-0.001150800148
0.847999989986	-0.001580304117
0.849599957466	-0.000622064050
0.851199984550	-0.001865952159
0.852799952030	-0.000676832045
0.854399979115	0.000989792054
0.856000006199	-0.001245344174
0.857599973679	-0.000492864056
0.859200000763	-0.001218912075
0.860799968243	-0.002231120132
0.862399995327	0.000655856100
0.863999962807	0.001631648047
0.865599989891	0.000873584126
0.867199957371	-0.002083088271
0.868799984455	0.000042656051
0.870399951935	0.001591008157
0.871999979019	0.001057840185
0.873600006104	0.001714400132
0.875199973583	0.000163439967
0.876800000668	-0.002253392246
0.878399968147	-0.002312608296
0.879999995232	-0.000624624023
0.881599962711	0.001667472068
0.883199989796	-0.001019072020
0.884799957275	0.000890400028
0.886399984360	0.000970704074
0.887999951839	-0.000561888039
0.889599978924	0.002828736091
0.891200006008	0.001408992102
0.892799973488	0.000013695935
0.894400000572	-0.002740176162
0.895999968052	0.000952448114
0.897599995136	0.001451504184
0.899199962616	-0.000399632030
0.900799989700	0.001413328107
0.902399957180	0.000511888065
0.903999984264	-0.002517232206
0.905599951744	0.001622224110
0.907199978828	0.001023120130
0.908800005913	-0.001713232137
0.910399973392	0.000265952054
0.912000000477	-0.001252432121
0.913599967957	0.001065056073
0.915199995041	-0.000312576041
0.916799962521	0.001143712085
0.918399989605	-0.000676240074
0.919999957085	-0.000904304092
0.921599984169	0.002041184111
0.923199951649	0.000803088129
0.924799978733	-0.001290928107
0.926400005817	-0.000819856068
0.927999973297	-0.002855728380
0.929600000381	-0.002201904310
0.931199967861	-0.000747040147
0.932799994946	0.000034991994
0.934399962425	0.002235456137
0.935999989510	-0.000281472021
0.937599956989	-0.001016480150
0.939199984074	-0.002901200205
0.940799951553	-0.000575600017
0.942399978638	0.000120784011
0.944000005722	0.000375424075
0.945599973202	-0.002951680217
0.947200000286	0.000971696107
0.948799967766	0.001221552142
0.950399994850	0.001133152051
0.951999962330	0.000163823992
0.953599989414	0.000308383984
0.955199956894	-0.001638032147
0.956799983978	0.000116511990
0.958399951458	-0.001033392153
0.959999978542	0.001594736124
0.961599946022	-0.001903408207
0.963199973106	-0.002147696214
0.964800000191	-0.000172592030
0.966399967670	-0.002276912099
0.967999994755	0.001685552183
0.969599962234	0.001286176033
0.971199989319	-0.001586896135
0.972799956799	-0.002243984258
0.974399983883	-0.000819488079
0.975999951363	-0.001361168106
0.977599978447	-0.001035056077
0.979199945927	0.000145680024
0.980799973011	-0.001838592114
0.982400000095	-0.003225744236
0.983999967575	-0.000689040055
0.985599994659	0.000499264046
0.987199962139	0.000776736008
0.988799989223	-0.001751296222
0.990399956703	-0.003047024133
0.991999983788	-0.001042208169
0.993599951267	0.000633071992
0.995199978352	0.000283728034
0.996799945831	-0.003701488255
0.998399972916	0.000968768087
1.000000000000	-0.002160064178
1.001600027084	-0.001827008091
1.003199934959	0.002175744157
1.004799962044	0.000557472056
1.006399989128	-0.002867056290
1.008000016212	-0.001227344153
1.009599924088	-0.001391632133
1.011199951172	-0.000697920099
1.012799978256	-0.001658608089
1.014400005341	-0.000826624106
1.016000032425	-0.000198576032
1.017599940300	-0.001692896127
1.019199967384	0.001142112073
1.020799994469	0.000888240116
1.022400021553	-0.001107792137
1.023999929428	-0.001272960100
1.025599956512	-0.001120848116
1.027199983597	0.000426480023
1.028800010681	-0.000475168083
1.030399918556	-0.001318928204
1.031999945641	-0.000204464028
1.033599972725	0.000019471971
1.035199999809	-0.001151456148
1.036800026894	0.000603440043
1.038399934769	0.002448960207
1.039999961853	-0.000968912034
1.041599988937	-0.004702992272
1.043200016022	-0.000972576032
1.044799923897	0.000456112029
1.046399950981	-0.001835792209
1.047999978065	-0.001938912203
1.049600005150	0.000512608036
1.051200032234	-0.001885648118
1.052799940109	-0.002111904090
1.054399967194	0.000093119961
1.055999994278	-0.001909872168
1.057600021362	-0.000149951986
1.059199929237	-0.002407680266
1.060799956322	-0.003507424379
1.062399983406	0.000356944016
1.064000010490	-0.001580128097
1.065599918365	-0.000413856062
1.067199945450	-0.001689696102
1.068799972534	0.001129216049
1.070399999619	0.000412672060
1.072000026703	-0.000449760089
1.073599934578	0.001503984095
1.075199961662	-0.000172992019
1.076799988747	-0.001092224033
1.078400015831	-0.001414320082
1.079999923706	-0.000880720036
1.081599950790	0.001823888160
1.083199977875	-0.001366768149
1.084800004959	0.001216784120
1.086400032043	-0.000482784089
1.087999939919	-0.003446400166
1.089599967003	-0.000298080093
1.091199994087	-0.002973936265
1.092800021172	-0.000509503996
1.094399929047	-0.002157872077
1.095999956131	-0.000243456030
1.097599983215	0.000630768016
1.099200010300	-0.001340096002
1.100799918175	0.001063520089
1.102399945259	-0.002041424159
1.103999972343	-0.001879120129
1.105599999428	-0.002178432187
1.107200026512	-0.000949328125
1.108799934387	-0.000015279986
1.110399961472	-0.002164560137
1.111999988556	-0.002577152103
1.113600015640	-0.001556624193
1.115199923515	0.000215584019
1.116799950600	0.001151904115
1.118399977684	-0.001981904265
1.120000004768	0.001702112146
1.121599912643	-0.001007344108
1.123199939728	-0.000284095993
1.124799966812	0.000039520026
1.126399993896	-0.002969760215
1.128000020981	-0.001260928111
1.129599928856	-0.001578096068
1.131199955940	-0.004001488443
1.132799983025	-0.002099039964
1.134400010109	-0.001089280006
1.135999917984	0.001449856209
1.137599945068	0.000840896100
1.139199972153	-0.002418416319
1.140799999237	0.000400207995
1.142400026321	0.000541696034
1.143999934196	-0.000727440056
1.145599961281	-0.001859328127
1.147199988365	-0.002816640306
1.148800015450	-0.001917840214
1.150399923325	-0.000069440066
1.151999950409	-0.000852719997
1.153599977493	-0.001809632173
1.155200004578	-0.001740320120
1.156799912453	-0.000520511996
1.158399939537	-0.001772000222
1.159999966621	-0.000326096022
1.161599993706	-0.001959120156
1.163200020790	-0.001413072110
1.164799928665	0.001688864199
1.166399955750	-0.000054063992
1.167999982834	-0.001762240194
1.169600009918	-0.001408896060
1.171199917793	0.001541888108
1.172799944878	-0.002044416266
1.174399971962	-0.003993104212
1.175999999046	-0.001332912012
1.177600026131	-0.002729456173
1.179199934006	-0.001644048141
1.180799961090	-0.001663456089
1.182399988174	-0.000928496127
1.184000015259	0.000895440113
1.185599923134	-0.000209792022
1.187199950218	0.001721920096
1.188799977303	-0.000324672088
1.190400004387	-0.001512192190
1.191999912262	-0.002360192128
1.193599939346	-0.002181872027
1.195199966431	-0.001412144047
1.196799993515	-0.003559216391
1.198400020599	-0.001681072055
1.199999928474	0.000950640126
1.201599955559	-0.003097200301
1.203199982643	-0.001362112002
1.204800009727	-0.002096672310
1.206399917603	-0.000430831977
1.207999944687	-0.002551664133
1.209599971771	-0.003343104385
1.211199998856	-0.000543984002
1.212800025940	-0.002594048157
1.214399933815	-0.001484864042
1.215999960899	-0.001488528214
1.217599987984	-0.000439152063
1.219200015068	-0.002395520220
1.220799922943	-0.003613232402
1.222399950027	-0.000543328060
1.223999977112	-0.000111935959
1.225600004196	-0.001460832078
1.227199912071	-0.002199488226
1.228799939156	-0.001287792111
1.230399966240	-0.002777840244
1.231999993324	-0.002871488221
1.233600020409	-0.001562960097
1.235199928284	-0.000997936120
1.236799955368	-0.001611696207
1.238399982452	-0.001712512108
1.240000009537	-0.001350288163
1.241599917412	-0.000771408086
1.243199944496	-0.003894960275
1.244799971581	-0.001430384116
1.246399998665	-0.000282512046
1.248000025749	-0.002169648185
1.249599933624	-0.003740672255
1.251199960709	0.000050927971
1.252799987793	-0.000834016071
1.254400014877	-0.002050080104
1.255999922752	-0.002113024006
1.257599949837	-0.001487136120
1.259199976921	-0.002480576281
1.260800004005	-0.003606400220
1.262399911880	-0.001002176083
1.263999938965	-0.001178096165
1.265599966049	-0.002141168108
1.267199993134	-0.000800560054
1.268800020218	-0.000977840158
1.270399928093	-0.001019456075
1.271999955177	-0.000713568064
1.273599982262	-0.002529632300
1.275200009346	-0.001944800257
1.276799917221	-0.003410176374
1.278399944305	-0.003942368086
1.279999971390	-0.003097264329
1.281599998474	-0.000715552073
1.283200025558	-0.003751056269
1.284799933434	-0.001290128101
1.286399960518	-0.000352016039
1.287999987602	-0.001518784207
1.289600014687	-0.002162176184
1.291199922562	-0.003439184278
1.292799949646	-0.000424928032
1.294399976730	-0.003719504224
1.296000003815	-0.005843568593
1.297599911690	-0.001309088082
1.299199938774	-0.000511616003
1.300799965858	-0.001489792136
1.302399992943	-0.001075488050
1.304000020027	-0.001761904103
1.305599927902	-0.001052288106
1.307199954987	-0.002270608209
1.308799982071	-0.002712176181
1.310400009155	-0.001228992129
1.311999917030	-0.002180912299
1.313599944115	-0.001969776116
1.315199971199	-0.001098032109
1.316799998283	-0.001769568189
1.318400025368	-0.001544880215
1.319999933243	-0.000255744060
1.321599960327	0.000314736011
1.323199987411	-0.002276624320
1.324800014496	-0.004600976594
1.326399922371	-0.000052384014
1.327999949455	-0.002071360126
1.329599976540	-0.002008160111
1.331200003624	-0.002241360256
1.332799911499	-0.000264384027
1.334399938583	-0.002429600107
1.335999965668	-0.000478480011
1.337599992752	-0.001575376140
1.339200019836	-0.001020096126
1.340799927711	-0.000705744082
1.342399954796	-0.005642464384
1.343999981880	-0.001724144095
1.345600008965	-0.001502512139
1.347199916840	-0.001463408116
1.348799943924	-0.000587120070
1.350399971008	-0.002032752149
1.351999998093	-0.000033775974
1.353600025177	0.000088575951
1.355199933052	-0.001299328054
1.356799960136	-0.002406288171
1.358399987221	-0.003095904365
1.360000014305	-0.001485920162
1.361599922180	-0.002402064158
1.363199949265	-0.001592176151
1.364799976349	-0.002881840337
1.366400003433	-0.002043152228
1.367999911308	-0.001276432071
1.369599938393	-0.001685488154
1.371199965477	-0.002187968232
1.372799992561	-0.002549072262
1.374400019646	0.000104831990
1.375999927521	-0.004192976281
1.377599954605	-0.003484336426
1.379199981689	-0.001143072150
1.380800008774	-0.003782048356
1.382399916649	-0.002323376248
1.383999943733	-0.002594880294
1.385599970818	-0.002517104149
1.387199997902	-0.000916256045
1.388799905777	-0.001170992153
1.390399932861	-0.001916368143
1.391999959946	-0.003056032350
1.393599987030	-0.004104784224
1.395200014114	-0.000482431991
1.396799921989	-0.002219360089
1.398399949074	-0.002568208147
1.399999976158	-0.001713344129
1.401600003242	-0.002205520170
1.403199911118	-0.000991152017
1.404799938202	-0.003457408166
1.406399965286	-0.003653184278
1.407999992371	-0.000193888030
1.409600019455	-0.002627200214
1.411199927330	-0.003549280344
1.412799954414	-0.003725376213
1.414399981499	-0.001662336173
1.416000008583	-0.000917072117
1.417599916458	-0.001076848013
1.419199943542	-0.001932512154
1.420799970627	-0.003603104269
1.422399997711	-0.002550112316
1.423999905586	-0.002779600210
1.425599932671	-0.003506832290
1.427199959755	-0.003986992408
1.428799986839	-0.003579504322
1.430400013924	-0.003082240233
1.431999921799	-0.002314928221
1.433599948883	-0.001761008170
1.435199975967	-0.001911248197
1.436800003052	0.000206191995
1.438399910927	-0.002221520292
1.439999938011	-0.003805360291
1.441599965096	-0.001340976101
1.443199992180	-0.002024976071
1.444800019264	-0.003451680299
1.446399927139	-0.003909376450
1.447999954224	-0.000223584037
1.449599981308	-0.001689376193
1.451200008392	-0.002634672215
1.452799916267	-0.000631600036
1.454399943352	-0.002189808059
1.455999970436	-0.005005984567
1.457599997520	-0.002875776263
1.459199905396	-0.002405056264
1.460799932480	-0.002645504195
1.462399959564	-0.003965568263
1.463999986649	-0.003112864215
1.465600013733	-0.002445600228
1.467199921608	-0.001411296078
1.468799948692	-0.003252320224
1.470399975777	-0.001405920135
1.472000002861	-0.002245296026
1.473599910736	-0.004373488482
1.475199937820	-0.002837456297
1.476799964905	-0.003658208298
1.478399991989	-0.002326672198
1.480000019073	-0.003464400303
1.481599926949	-0.002993952250
1.483199954033	-0.000445344107
1.484799981117	-0.004472560249
1.486400008202	-0.003315488342
1.487999916077	-0.001203248161
1.489599943161	-0.003030224238
1.491199970245	-0.004536400549
1.492799997330	-0.002862976165
1.494399905205	-0.003242656123
1.495999932289	-0.001764768152
1.497599959373	-0.003014784306
1.499199986458	-0.001797392149
1.500800013542	-0.002188656246
1.502399921417	-0.001560400124
1.503999948502	-0.001762912143
1.505599975586	-0.001081152121
1.507200002670	-0.003449760377
1.508799910545	-0.001843024162
1.510399937630	-0.003480656305
1.511999964714	-0.003055536188
1.513599991798	-0.002108752262
1.515200018883	-0.003840480233
1.516799926758	0.000719344069
1.518399953842	-0.002316416241
1.519999980927	-0.003181696404
1.521600008011	-0.000260656001
1.523199915886	-0.003142640227
1.524799942970	-0.003984320443
1.526399970055	-0.003223504405
1.527999997139	-0.003904224373
1.529599905014	-0.002382496139
1.531199932098	-0.003597008297
1.532799959183	-0.003502272302
1.534399986267	-0.002536032349
1.536000013351	-0.001018528128
1.537599921227	-0.002313136123
1.539199948311	-0.002674208255
1.540799975395	-0.001774096163
1.542400002480	-0.002969936235
1.543999910355	-0.003462800290
1.545599937439	-0.002791056177
1.547199964523	-0.002877808176
1.548799991608	-0.002787120175
1.550400018692	-0.002126832260
1.551999926567	-0.001941568102
1.553599953651	-0.001794704236
1.555199980736	-0.002189776162
1.556800007820	-0.001830976224
1.558399915695	-0.004589552525
1.559999942780	-0.001854384085
1.561599969864	-0.003702032380
1.563199996948	-0.002866288181
1.564799904823	-0.001006768085
1.566399931908	-0.002572448226
1.567999958992	-0.001769536058
1.569599986076	-0.002214192180
1.571200013161	-0.003122976283
1.572799921036	-0.004262928385
1.574399948120	-0.004072016105
1.575999975204	-0.004844576586
1.577600002289	-0.002312720288
1.579199910164	-0.003864640370
1.580799937248	-0.002660896163
1.582399964333	-0.002726272214
1.583999991417	-0.000878160063
1.585600018501	-0.003502384294
1.587199926376	-0.002354016295
1.588799953461	-0.003512832336
1.590399980545	-0.001446880167
1.592000007629	-0.003052832326
1.593599915504	-0.003574176226
1.595199942589	-0.002459664131
1.596799969673	-0.004569296259
1.598399996758	-0.003471936332
1.599999904633	-0.003029888263
1.601599931717	-0.003586096223
1.603199958801	-0.002002992202
1.604799985886	-0.002017744118
1.606400012970	-0.003670256352
1.607999920845	-0.001319760107
1.609599947929	-0.003834592178
1.611199975014	-0.002500480274
1.612800002098	-0.002815568121
1.614399909973	-0.002626528265
1.615999937057	-0.002804000163
1.617599964142	-0.002067760099
1.619199991226	-0.001950048143
1.620800018311	-0.003094288288
1.622399926186	-0.004296240397
1.623999953270	-0.003599792253
1.625599980354	-0.003170944285
1.627200007439	-0.004248080309
1.628799915314	-0.002111872192
1.630399942398	-0.003558752360
1.631999969482	-0.001943136216
1.633599996567	-0.003931248561
1.635199904442	-0.004166624509
1.636799931526	-0.001059936127
1.638399958611	-0.002846416319
1.639999985695	-0.004001440480
1.641600012779	-0.002059760271
1.643199920654	-0.002703504171
1.644799947739	-0.000166879996
1.646399974823	-0.004379552323
1.648000001907	-0.002088480163
1.649599909782	-0.002054032171
1.651199936867	-0.001692992169
1.652799963951	-0.003081184346
1.654399991035	-0.003595520277
1.655999898911	-0.003244304331
1.657599925995	-0.003019936150
1.659199953079	-0.004546288401
1.660799980164	-0.004254896194
1.662400007248	-0.004481744487
1.663999915123	-0.004459824413
1.665599942207	-0.001540992060
1.667199969292	-0.002854992170
1.668799996376	-0.002546544187
1.670399904251	-0.002326880116
1.671999931335	-0.002774160122
1.673599958420	-0.002740880242
1.675199985504	-0.002692656359
1.676800012589	-0.005227520596
1.678399920464	-0.002914800309
1.679999947548	-0.003572288202
1.681599974632	-0.001504336135
1.683200001717	-0.002008112147
1.684799909592	-0.002107104287
1.686399936676	-0.002043504268
1.687999963760	-0.001850784174
1.689599990845	-0.004115344491
1.691199898720	-0.000204943994
1.692799925804	-0.004148112610
1.694399952888	-0.004683200270
1.695999979973	-0.003976688255
1.697600007057	-0.002382832114
1.699199914932	-0.002521600109
1.700799942017	-0.003392304294
1.702399969101	-0.002228016267
1.703999996185	-0.002435392234
1.705599904060	-0.003565776162
1.707199931145	-0.002613408258
1.708799958229	-0.003500656458
1.710399985313	-0.003842784325
1.712000012398	-0.001637552166
1.713599920273	-0.002134960145
1.715199947357	-0.002839184133
1.716799974442	-0.000410928071
1.718400001526	-0.002361616120
1.719999909401	-0.003308336250
1.721599936485	-0.004289904609
1.723199963570	-0.005464112386
1.724799990654	-0.002233888255
1.726399898529	-0.004157472402
1.727999925613	-0.005740736611
1.729599952698	-0.003986384254
1.731199979782	-0.003424240276
1.732800006866	-0.002369024092
1.734399914742	-0.004200592171
1.735999941826	-0.003426464275
1.737599968910	-0.005205088295
1.739199995995	-0.003540608333
1.740799903870	-0.003740240354
1.742399930954	-0.003246704349
1.743999958038	-0.005492560565
1.745599985123	-0.003939616494
1.747200012207	-0.003920848481
1.748799920082	-0.004264288116
1.750399947166	-0.001492432086
1.751999974251	-0.002226832090
1.753600001335	-0.003827520413
1.755199909210	-0.003324096324
1.756799936295	-0.004555648193
1.758399963379	-0.001500640064
1.759999990463	-0.003385808319
1.761599898338	-0.003641616320
1.763199925423	-0.003452160396
1.764799952507	-0.002300384222
1.766399979591	-0.001658016117
1.768000006676	-0.001848784159
1.769599914551	-0.003981360234
1.771199941635	-0.001665008138
1.772799968719	-0.004169952124
1.774399995804	-0.003813728224
1.775999903679	-0.003700608388
1.777599930763	-0.003387760138
1.779199957848	-0.004034288228
1.780799984932	-0.004759504460
1.782400012016	-0.004050384276
1.783999919891	-0.003270048182
1.785599946976	-0.003831680398
1.787199974060	-0.002614736324
1.788800001144	-0.004178784322
1.790399909019	-0.003851984395
1.791999936104	-0.002270000288
1.793599963188	-0.003147520125
1.795199990273	-0.005410176236
1.796799898148	-0.005597744603
1.798399925232	-0.003010688350
1.799999952316	-0.000755440095
1.801599979401	-0.003672368359
1.803200006485	-0.003071600338
1.804799914360	-0.002396624070
1.806399941444	-0.003600704251
1.807999968529	-0.003868016414
1.809599995613	-0.003903232282
1.811199903488	-0.004558928311
1.812799930573	-0.004826096352
1.814399957657	-0.001164256129
1.815999984741	-0.002101312159
1.817600011826	-0.001986384159
1.819199919701	-0.000816512096
1.820799946785	-0.003634512192
1.822399973869	-0.004583920352
1.824000000954	-0.005029264372
1.825599908829	-0.006175760645
1.827199935913	-0.004970928188
1.828799962997	-0.004024080466
1.830399990082	-0.003429440316
1.831999897957	-0.003023696365
1.833599925041	-0.002715600189
1.835199952126	-0.002883776324
1.836799979210	-0.002555840183
1.838400006294	-0.001916480134
1.839999914169	-0.003102144226
1.841599941254	-0.005008448381
1.843199968338	-0.006189744454
1.844799995422	-0.003779104212
1.846399903297	-0.003880656324
1.847999930382	-0.003842048347
1.849599957466	-0.002158528194
1.851199984550	-0.002788048238
1.852800011635	-0.002993424190
1.854399919510	-0.003340576310
1.855999946594	-0.003816016251
1.857599973679	-0.004414816387
1.859200000763	-0.003168992233
1.860799908638	-0.003514128271
1.862399935722	-0.004225728568
1.863999962807	-0.003047648352
1.865599989891	-0.001502624131
1.867199897766	-0.003723760368
1.868799924850	-0.002434416208
1.870399951935	-0.003594000358
1.871999979019	-0.003694784362
1.873600006104	-0.004747424275
1.875199913979	-0.004620192572
1.876799941063	-0.002788304351
1.878399968147	-0.006206240505
1.879999995232	-0.004249520134
1.881599903107	-0.002634768141
1.883199930191	-0.002949376358
1.884799957275	-0.005443376489
1.886399984360	-0.002250288147
1.888000011444	-0.002905312227
1.889599919319	-0.003816176439
1.891199946404	-0.003380480222
1.892799973488	-0.003287296277
1.894400000572	-0.005868864246
1.895999908447	-0.003854976268
1.897599935532	-0.003149008378
1.899199962616	-0.004258880392
1.900799989700	-0.002821584232
1.902399897575	-0.003224432236
1.903999924660	-0.002660608152
1.905599951744	-0.003180688247
1.907199978828	-0.003274800256
1.908800005913	-0.003455456346
1.910399913788	-0.006017632317
1.911999940872	-0.003967568278
1.913599967957	-0.003781056264
1.915199995041	-0.004932080396
1.916799902916	-0.003304224228
1.918399930000	-0.003860304365
1.919999957085	-0.002748800209
1.921599984169	-0.004481488373
1.923199892044	-0.005665568635
1.924799919128	-0.004835552536
1.926399946213	-0.004519216251
1.927999973297	-0.004245888442
1.929600000381	-0.004981408361
1.931199908257	-0.003310240339
1.932799935341	-0.001088192104
1.934399962425	-0.001802896149
1.935999989510	-0.003311824286
1.937599897385	-0.003778304439
1.939199924469	-0.004980272613
1.940799951553	-0.003569216235
1.942399978638	-0.002898288192
1.944000005722	-0.005981488619
1.945599913597	-0.004746272229
1.947199940681	-0.003232592251
1.948799967766	-0.002781792311
1.950399994850	-0.002995152259
1.951999902725	-0.002862720285
1.953599929810	-0.003485728288
1.955199956894	-0.002576736268
1.956799983978	-0.003081184346
1.958399891853	-0.005404080264
1.959999918938	-0.005570816342
1.961599946022	-0.003392448183
1.963199973106	-0.003893056419
1.964800000191	-0.003850464243
1.966399908066	-0.002834640210
1.967999935150	-0.002521840157
1.969599962234	-0.003879456315
1.971199989319	-0.002886992181
1.972799897194	-0.004263200331
1.974399924278	-0.004329968244
1.975999951363	-0.004119824152
1.977599978447	-0.005272592418
1.979200005531	-0.003785488196
1.980799913406	-0.004200848285
1.982399940491	-0.005420256406
1.983999967575	-0.002353472169
1.985599994659	-0.003354208311
1.987199902534	-0.002711760346
1.988799929619	-0.004240448121
1.990399956703	-0.003930032253
1.991999983788	-0.002982256236
1.993599891663	-0.006574480329
1.995199918747	-0.003454288235
1.996799945831	-0.006172560621
1.998399972916	-0.005379264243
2.000000000000	-0.003535680240
2.001600027084	-0.004396608565
2.003200054169	-0.002554448321
2.004799842834	-0.006657312624
2.006399869919	-0.003539184341
2.007999897003	-0.002861520275
2.009599924088	-0.005453744438
2.011199951172	-0.004258624278
2.012799978256	-0.004250912461
2.014400005341	-0.004266192205
2.016000032425	-0.002053600037
2.017600059509	-0.004083728418
2.019199848175	-0.002242528135
2.020799875259	-0.003364400240
2.022399902344	-0.005419200286
2.023999929428	-0.004651088268
2.025599956512	-0.005431056488
2.027199983597	-0.005957584362
2.028800010681	-0.004694368225
2.030400037766	-0.004264144227
2.032000064850	-0.005983776413
2.033599853516	-0.004092464224
2.035199880600	-0.001809072099
2.036799907684	-0.003864288330
2.038399934769	-0.003591440385
2.039999961853	-0.004160208162
2.041599988937	-0.005529088434
2.043200016022	-0.005525408313
2.044800043106	-0.001680256217
2.046399831772	-0.004601440392
2.047999858856	-0.005149440374
2.049599885941	-0.002402320271
2.051199913025	-0.004121568520
2.052799940109	-0.004695040174
2.054399967194	-0.002677760320
2.055999994278	-0.003274288261
2.057600021362	-0.004992448259
2.059200048447	-0.005629232619
2.060799837112	-0.003969536163
2.062399864197	-0.004807200283
2.063999891281	-0.004015920218
2.065599918365	-0.004947504494
2.067199945450	-0.002994512208
2.068799972534	-0.002243440133
2.070399999619	-0.004691760521
2.072000026703	-0.005111840554
2.073600053787	-0.005211216398
2.075199842453	-0.004435040522
2.076799869537	-0.005200592335
2.078399896622	-0.006096256431
2.079999923706	-0.005289968569
2.081599950790	-0.003397344379
2.083199977875	-0.003377904184
2.084800004959	-0.002290752018
2.086400032043	-0.005445824470
2.088000059128	-0.003700272413
2.089599847794	-0.001655648113
2.091199874878	-0.005495536607
2.092799901962	-0.006498384755
2.094399929047	-0.004024384543
2.095999956131	-0.003543200204
2.097599983215	-0.002448752290
2.099200010300	-0.004730192479
2.100800037384	-0.005086560268
2.102400064468	-0.003458784195
2.103999853134	-0.004510912579
2.105599880219	-0.004214432091
2.107199907303	-0.005122704431
2.108799934387	-0.005220240448
2.110399961472	-0.006221376359
2.111999988556	-0.004531328101
2.113600015640	-0.002933792304
2.115200042725	-0.004300976172
2.116799831390	-0.003642128315
2.118399858475	-0.004249808379
2.119999885559	-0.003900576383
2.121599912643	-0.003943824209
2.123199939728	-0.003751552198
2.124799966812	-0.004242592491
2.126399993896	-0.003887392348
2.128000020981	-0.004457280505
2.129600048065	-0.003330912208
2.131199836731	-0.004418528173
2.132799863815	-0.002819680376
2.134399890900	-0.003483584384
2.135999917984	-0.006056112237
2.137599945068	-0.005296576302
2.139199972153	-0.003838352393
2.140799999237	-0.004157808144
2.142400026321	-0.006132480688
2.144000053406	-0.003792000236
2.145599842072	-0.005212528631
2.147199869156	-0.004521680530
2.148799896240	-0.006207248662
2.150399923325	-0.006399984471
2.151999950409	-0.003382640192
2.153599977493	-0.003911536187
2.155200004578	-0.004294800106
2.156800031662	-0.004085648339
2.158400058746	-0.004526688252
2.159999847412	-0.006353088655
2.161599874496	-0.004765792284
2.163199901581	-0.003377152374
2.164799928665	-0.004473648500
2.166399955750	-0.004748464562
2.167999982834	-0.003331040265
2.169600009918	-0.003688992234
2.171200037003	-0.002049280331
2.172800064087	-0.004887440242
2.174399852753	-0.004983616527
2.175999879837	-0.005203216337
2.177599906921	-0.004714800511
2.179199934006	-0.003383584321
2.180799961090	-0.007182512432
2.182399988174	-0.004049536306
2.184000015259	-0.002673424315
2.185600042343	-0.003411744256
2.187199831009	-0.002757840324
2.188799858093	-0.003365168348
2.190399885178	-0.003669504309
2.191999912262	-0.005563040264
2.193599939346	-0.005793088581
2.195199966431	-0.004751552362
2.196799993515	-0.004843904637
2.198400020599	-0.004026464187
2.200000047684	-0.004602496512
2.201599836349	-0.003802576335
2.203199863434	-0.003381184302
2.204799890518	-0.002564944094
2.206399917603	-0.004085200373
2.207999944687	-0.005463056266
2.209599971771	-0.004660464358
2.211199998856	-0.003820112208
2.212800025940	-0.003505664179
2.214400053024	-0.004595776554
2.215999841690	-0.004970848560
2.217599868774	-0.004562720191
2.219199895859	-0.004440816585
2.220799922943	-0.003182464279
2.222399950027	-0.005094464403
2.223999977112	-0.006120672449
2.225600004196	-0.006232144311
2.227200031281	-0.004609296564
2.228800058365	-0.005738544278
2.230399847031	-0.006703008432
2.231999874115	-0.004185360391
2.233599901199	-0.004396432545
2.235199928284	-0.006294368301
2.236799955368	-0.005900176708
2.238399982452	-0.004913312383
2.240000009537	-0.005898432340
2.241600036621	-0.005822800566
2.243199825287	-0.004682080355
2.244799852371	-0.003984000534
2.246399879456	-0.005077296402
2.247999906540	-0.005589488428
2.249599933624	-0.004077488557
2.251199960709	-0.003150416305
2.252799987793	-0.004989344161
2.254400014877	-0.004789744504
2.256000041962	-0.003520352300
2.257599830627	-0.007274720818
2.259199857712	-0.005662160460
2.260799884796	-0.006447920576
2.262399911880	-0.003829472233
2.263999938965	-0.005517248530
2.265599966049	-0.002558016218
2.267199993134	-0.003868224332
2.268800020218	-0.004683696199
2.270400047302	-0.003757472383
2.271999835968	-0.003178864252
2.273599863052	-0.004294480197
2.275199890137	-0.007350448519
2.276799917221	-0.006722880527
2.278399944305	-0.004432176240
2.279999971390	-0.004935952369
2.281599998474	-0.002373616211
2.283200025558	-0.005391312297
2.284800052643	-0.004625024274
2.286399841309	-0.005017504562
2.287999868393	-0.005070928484
2.289599895477	-0.003969072364
2.291199922562	-0.005062960554
2.292799949646	-0.004386496264
2.294399976730	-0.005933824461
2.296000003815	-0.006512800697
2.297600030899	-0.005040208343
2.299200057983	-0.005483088549
2.300799846649	-0.003683408257
2.302399873734	-0.004043920431
2.303999900818	-0.004511136562
2.305599927902	-0.003714048304
2.307199954987	-0.006618576590
2.308799982071	-0.004678288475
2.310400009155	-0.005495968275
2.312000036240	-0.004214592278
2.313599824905	-0.005284992512
2.315199851990	-0.003249328351
2.316799879074	-0.004882208537
2.318399906158	-0.003826560220
2.319999933243	-0.004986368585
2.321599960327	-0.004769328516
2.323199987411	-0.006581424735
2.324800014496	-0.007082784548
2.326400041580	-0.005667584483
2.327999830246	-0.007382496726
2.329599857330	-0.005888512358
2.331199884415	-0.005933632609
2.332799911499	-0.005155952182
2.334399938583	-0.004015920218
2.335999965668	-0.004658256192
2.337599992752	-0.004265040159
2.339200019836	-0.004016272258
2.340800046921	-0.006028752774
2.342399835587	-0.005130656529
2.343999862671	-0.005944432691
2.345599889755	-0.004582256544
2.347199916840	-0.002822720213
2.348799943924	-0.003833280411
2.350399971008	-0.002719296142
2.351999998093	-0.005189920310
2.353600025177	-0.005539248697
2.355200052261	-0.003980608191
2.356799840927	-0.006235136651
2.358399868011	-0.005768176634
2.359999895096	-0.004362528212
2.361599922180	-0.003762368346
2.363199949265	-0.005671584513
2.364799976349	-0.005368784536
2.366400003433	-0.004109056201
2.368000030518	-0.004180480260
2.369600057602	-0.006154736504
2.371199846268	-0.004848208278
2.372799873352	-0.004225984216
2.374399900436	-0.004343440291
2.375999927521	-0.006390112452
2.377599954605	-0.004600912333
2.379199981689	-0.006575616542
2.380800008774	-0.004396576434
2.382400035858	-0.004286208190
2.383999824524	-0.004849792458
2.385599851608	-0.004387792200
2.387199878693	-0.003186688293
2.388799905777	-0.005127248354
2.390399932861	-0.004581840243
2.391999959946	-0.006435024552
2.393599987030	-0.005016992334
2.395200014114	-0.005602160469
2.396800041199	-0.007018128410
2.398399829865	-0.005083760247
2.399999856949	-0.003546976252
2.401599884033	-0.004695040639
2.403199911118	-0.004732480273
2.404799938202	-0.005066560581
2.406399965286	-0.003812016221
2.407999992371	-0.005010592286
2.409600019455	-0.006038800348
2.411200046539	-0.005659136456
2.412799835205	-0.005964272656
2.414399862289	-0.003140400164
2.415999889374	-0.004766768310
2.417599916458	-0.004375120159
2.419199943542	-0.006138288416
2.420799970627	-0.003191472264
2.422399997711	-0.005489888601
2.424000024796	-0.005395632237
2.425600051880	-0.004756096285
2.427199840546	-0.005689808633
2.428799867630	-0.006227680482
2.430399894714	-0.005831888411
2.431999921799	-0.007273008581
2.433599948883	-0.003930720501
2.435199975967	-0.003420848167
2.436800003052	-0.004100304563
2.438400030136	-0.006230064202
2.440000057220	-0.004976592492
2.441599845886	-0.005607280415
2.443199872971	-0.006300096400
2.444799900055	-0.005885936320
2.446399927139	-0.007011440583
2.447999954224	-0.005996976513
2.449599981308	-0.004740784410
2.451200008392	-0.004045936279
2.452800035477	-0.004052064382
2.454399824142	-0.004913888406
2.455999851227	-0.005822416395
2.457599878311	-0.007389072794
2.459199905396	-0.005978992674
2.460799932480	-0.005835120566
2.462399959564	-0.004821376409
2.463999986649	-0.004401392303
2.465600013733	-0.004786304198
2.467200040817	-0.004415440373
2.468799829483	-0.003403328359
2.470399856567	-0.004390160553
2.471999883652	-0.005012768321
2.473599910736	-0.005594800692
2.475199937820	-0.005587472580
2.476799964905	-0.006587232463
2.478399991989	-0.006237312686
2.480000019073	-0.005228656344
2.481600046158	-0.003379216418
2.483199834824	-0.004355264362
2.484799861908	-0.004474336281
2.486399888992	-0.005422576331
2.487999916077	-0.004707152490
2.489599943161	-0.004409712274
2.491199970245	-0.007963553071
2.492799997330	-0.007357040420
2.494400024414	-0.006260944530
2.496000051498	-0.005469744559
2.497599840164	-0.004989888519
2.499199867249	-0.005650736392
2.500799894333	-0.005796768703
2.502399921417	-0.004314704333
2.503999948502	-0.006788000464
2.505599975586	-0.006574032363
2.507200002670	-0.008397696540
2.508800029755	-0.003763552289
2.510399818420	-0.006143776700
2.511999845505	-0.006504416466
2.513599872589	-0.005165184382
2.515199899673	-0.005046016537
2.516799926758	-0.005871792324
2.518399953842	-0.004807184450
2.519999980927	-0.004614160396
2.521600008011	-0.003686784301
2.523200035095	-0.005515104625
2.524799823761	-0.004804000258
2.526399850845	-0.004744000267
2.527999877930	-0.005722976290
2.529599905014	-0.007291456684
2.531199932098	-0.005470096599
2.532799959183	-0.005292512476
2.534399986267	-0.004697120283
2.536000013351	-0.005579856224
2.537600040436	-0.005109984428
2.539199829102	-0.003459024243
2.540799856186	-0.005277744494
2.542399883270	-0.004692016169
2.543999910355	-0.005143344402
2.545599937439	-0.005994256586
2.547199964523	-0.005221872590
2.548799991608	-0.005103248637
2.550400018692	-0.004712784197
2.552000045776	-0.004529520404
2.553599834442	-0.004926928319
2.555199861526	-0.004236032255
2.556799888611	-0.005821504630
2.558399915695	-0.006520336494
2.559999942780	-0.007464640774
2.561599969864	-0.006106960587
2.563199996948	-0.004014528356
2.564800024033	-0.006432064343
2.566400051117	-0.005347280297
2.567999839783	-0.004592160229
2.569599866867	-0.004126944579
2.571199893951	-0.005548672285
2.572799921036	-0.006275920663
2.574399948120	-0.005871968344
2.575999975204	-0.006790560670
2.577600002289	-0.005464192480
2.579200029373	-0.005985184573
2.580799818039	-0.004384560511
2.582399845123	-0.005840576254
2.583999872208	-0.005907920655
2.585599899292	-0.005646608304
2.587199926376	-0.005471200217
2.588799953461	-0.004273008555
2.590399980545	-0.005388688296
2.592000007629	-0.004644464236
2.593600034714	-0.007873328403
2.595199823380	-0.007032512687
2.596799850464	-0.004873232450
2.598399877548	-0.004549184348
2.599999904633	-0.006050896365
2.601599931717	-0.004716496449
2.603199958801	-0.005019536242
2.604799985886	-0.006840880495
2.606400012970	-0.005606384482
2.608000040054	-0.005591952242
2.609599828720	-0.006696512457
2.611199855804	-0.005496800411
2.612799882889	-0.005293104332
2.614399909973	-0.005196432583
2.615999937057	-0.004734144546
2.617599964142	-0.005937536713
2.619199991226	-0.004095488228
2.620800018311	-0.005044944584
2.622400045395	-0.005904944614
2.623999834061	-0.006308480632
2.625599861145	-0.005722240545
2.627199888229	-0.005000928417
2.628799915314	-0.004512576386
2.630399942398	-0.004841824528
2.631999969482	-0.006020864472
2.633599996567	-0.004751280416
2.635200023651	-0.004470192362
2.636800050735	-0.006138848606
2.638399839401	-0.005268496461
2.639999866486	-0.005425744690
2.641599893570	-0.005742304493
2.643199920654	-0.005553312600
2.644799947739	-0.005843152292
2.646399974823	-0.006982416846
2.648000001907	-0.005227328278
2.649600028992	-0.004248176236
2.651199817657	-0.005894096568
2.652799844742	-0.005890784319
2.654399871826	-0.006262544543
2.655999898911	-0.006537984591
2.657599925995	-0.004315248225
2.659199953079	-0.004398880526
2.660799980164	-0.006162928417
2.662400007248	-0.004992592614
2.664000034332	-0.005961072631
2.665599822998	-0.005502752494
2.667199850082	-0.005911264569
2.668799877167	-0.005179216620
2.670399904251	-0.005736944266
2.671999931335	-0.004881072324
2.673599958420	-0.005987888668
2.675199985504	-0.007561632432
2.676800012589	-0.007245296612
2.678400039673	-0.006879104767
2.679999828339	-0.006504944526
2.681599855423	-0.006252464373
2.683199882507	-0.007402272429
2.684799909592	-0.007230192423
2.686399936676	-0.004653504584
2.687999963760	-0.004294992425
2.689599990845	-0.006863552611
2.691200017929	-0.005702256225
2.692800045013	-0.007836705074
2.694399833679	-0.004478416406
2.695999860764	-0.005087136291
2.697599887848	-0.006181008648
2.699199914932	-0.005082816351
2.700799942017	-0.006117456593
2.702399969101	-0.003578832373
2.703999996185	-0.004089040216
2.705600023270	-0.004799488466
2.707200050354	-0.006490576547
2.708799839020	-0.005691104569
2.710399866104	-0.005102256313
2.711999893188	-0.005841072649
2.713599920273	-0.005664464552
2.715199947357	-0.005844224710
2.716799974442	-0.004830912221
2.718400001526	-0.003792960197
2.720000028610	-0.004477520473
2.721599817276	-0.005526368506
2.723199844360	-0.006693888456
2.724799871445	-0.007007376757
2.726399898529	-0.008538064547
2.727999925613	-0.006685600616
2.729599952698	-0.005951600615
2.731199979782	-0.006601376459
2.732800006866	-0.004339360166
2.734400033951	-0.004570976365
2.735999822617	-0.005776256323
2.737599849701	-0.004599184263
2.739199876785	-0.006080048624
2.740799903870	-0.006856336724
2.742399930954	-0.008166064508
2.743999958038	-0.005163872615
2.745599985123	-0.004637056496
2.747200012207	-0.005876320414
2.748800039291	-0.006439648569
2.750399827957	-0.006155584473
2.751999855042	-0.004535776563
2.753599882126	-0.005645584315
2.755199909210	-0.004938256461
2.756799936295	-0.006567488424
2.758399963379	-0.006165632512
2.759999990463	-0.006282256451
2.761600017548	-0.005443632603
2.763200044632	-0.005412288476
2.764799833298	-0.006672352552
2.766399860382	-0.005599472672
2.767999887466	-0.005807232577
2.769599914551	-0.004187616520
2.771199941635	-0.004753552377
2.772799968719	-0.005117328372
2.774399995804	-0.005804016721
2.776000022888	-0.005797536578
2.777599811554	-0.006954768673
2.779199838638	-0.005114480387
2.780799865723	-0.005818064325
2.782399892807	-0.006789056584
2.783999919891	-0.004561792128
2.785599946976	-0.006189072505
2.787199974060	-0.006001792382
2.788800001144	-0.005415888503
2.790400028229	-0.005902960431
2.791999816895	-0.007392992731
2.793599843979	-0.006364352535
2.795199871063	-0.007737792563
2.796799898148	-0.006230928469
2.798399925232	-0.004039008170
2.799999952316	-0.005537248217
2.801599979401	-0.005202768371
2.803200006485	-0.005774080288
2.804800033569	-0.005409808364
2.806399822235	-0.006289056502
2.807999849319	-0.006996336393
2.809599876404	-0.007568544708
2.811199903488	-0.005776464473
2.812799930573	-0.004284128547
2.814399957657	-0.005886800587
2.815999984741	-0.004733456299
2.817600011826	-0.005644144490
2.819200038910	-0.005189440213
2.820799827576	-0.005322832614
2.822399854660	-0.007264320739
2.823999881744	-0.006628064439
2.825599908829	-0.007695424836
2.827199935913	-0.004809632432
2.828799962997	-0.008055952378
2.830399990082	-0.005067856517
2.832000017166	-0.004248736426
2.833600044250	-0.005297312513
2.835199832916	-0.005567184649
2.836799860001	-0.006721808575
2.838399887085	-0.005848736502
2.839999914169	-0.004279440269
2.841599941254	-0.006968544796
2.843199968338	-0.008165184408
2.844799995422	-0.006334432401
2.846400022507	-0.006835632492
2.847999811172	-0.005183952395
2.849599838257	-0.005683536641
2.851199865341	-0.006213664543
2.852799892426	-0.005493520293
2.854399919510	-0.005916048307
2.855999946594	-0.006857712753
2.857599973679	-0.007486768533
2.859200000763	-0.006000816356
2.860800027847	-0.006774928421
2.862399816513	-0.006236272398
2.863999843597	-0.005439184606
2.865599870682	-0.004607440438
2.867199897766	-0.005547680426
2.868799924850	-0.004769456573
2.870399951935	-0.006523520686
2.871999979019	-0.005641184282
2.873600006104	-0.006198384333
2.875200033188	-0.007353888825
2.876799821854	-0.006907824427
2.878399848938	-0.006917968392
2.879999876022	-0.004985920619
2.881599903107	-0.006220416632
2.883199930191	-0.006692992523
2.884799957275	-0.005645424593
2.886399984360	-0.004411152564
2.888000011444	-0.006225488614
2.889600038528	-0.006952800788
2.891199827194	-0.006185840350
2.892799854279	-0.007031296846
2.894399881363	-0.006447808351
2.895999908447	-0.006314432714
2.897599935532	-0.005280704703
2.899199962616	-0.006130848546
2.900799989700	-0.004244272131
2.902400016785	-0.007076752372
2.904000043869	-0.007427904755
2.905599832535	-0.007295936812
2.907199859619	-0.007413776591
2.908799886703	-0.005041664466
2.910399913788	-0.007489584852
2.911999940872	-0.007466896437
2.913599967957	-0.005240688566
2.915199995041	-0.005343472585
2.916800022125	-0.006112336647
2.918399810791	-0.005812048446
2.919999837875	-0.006037200335
2.921599864960	-0.006367968395
2.923199892044	-0.005577408243
2.924799919128	-0.007139184512
2.926399946213	-0.007744544651
2.927999973297	-0.006891520694
2.929600000381	-0.006583760493
2.931200027466	-0.007059616502
2.932799816132	-0.005690768361
2.934399843216	-0.005550160538
2.935999870300	-0.006069648545
2.937599897385	-0.005309440661
2.939199924469	-0.005655216519
2.940799951553	-0.006184416357
2.942399978638	-0.005932848435
2.944000005722	-0.006694912445
2.945600032806	-0.005517152604
2.947199821472	-0.006192752626
2.948799848557	-0.006873920560
2.950399875641	-0.006556688342
2.951999902725	-0.006179904565
2.953599929810	-0.006606016774
2.955199956894	-0.005402144510
2.956799983978	-0.007009376772
2.958400011063	-0.007431008387
2.960000038147	-0.006639680360
2.961599826813	-0.005744928494
2.963199853897	-0.005113552324
2.964799880981	-0.005735088605
2.966399908066	-0.005830624606
2.967999935150	-0.004710336216
2.969599962234	-0.005113360472
2.971199989319	-0.006565808784
2.972800016403	-0.005891232286
2.974400043488	-0.005569200497
2.975999832153	-0.006193184294
2.977599859238	-0.006767392624
2.979199886322	-0.006467424333
2.980799913406	-0.007012672722
2.982399940491	-0.005354960449
2.983999967575	-0.005592048634
2.985599994659	-0.005074192304
2.987200021744	-0.006441648584
2.988799810410	-0.004769344348
2.990399837494	-0.005979280453
2.991999864578	-0.006574000698
2.993599891663	-0.006272096653
2.995199918747	-0.006841424387
2.996799945831	-0.005189872347
2.998399972916	-0.005652080290
3.000000000000	-0.005335600581
3.001600027084	-0.006470496301
3.003199815750	-0.006441072561
3.004799842834	-0.006194576621
3.006399869919	-0.007886352949
3.007999897003	-0.007173632737
3.009599924088	-0.007013504859
3.011199951172	-0.008099168539
3.012799978256	-0.006306880619
3.014400005341	-0.005954608321
3.016000032425	-0.005356416572
3.017599821091	-0.007207376417
3.019199848175	-0.005232304335
3.020799875259	-0.004743520170
3.022399902344	-0.007060880773
3.023999929428	-0.006917504594
3.025599956512	-0.007091136649
3.027199983597	-0.005892816465
3.028800010681	-0.006681920495
3.030400037766	-0.005482896697
3.031999826431	-0.005904336460
3.033599853516	-0.006167936604
3.035199880600	-0.005155120511
3.036799907684	-0.005902112462
3.038399934769	-0.006321456283
3.039999961853	-0.005459040403
3.041599988937	-0.006563312374
3.043200016022	-0.006925536320
3.044799804687	-0.007501968648
3.046399831772	-0.007108112797
3.047999858856	-0.005530640483
3.049599885941	-0.005791328382
3.051199913025	-0.005544944666
3.052799940109	-0.006604704540
3.054399967194	-0.006987456698
3.055999994278	-0.007201840635
3.057600021362	-0.006661584601
3.059199810028	-0.007709504571
3.060799837112	-0.008630992845
3.062399864197	-0.006998272613
3.063999891281	-0.004716656171
3.065599918365	-0.005026400555
3.067199945450	-0.005805152468
3.068799972534	-0.004319552332
3.070399999619	-0.006699568592
3.072000026703	-0.006251792423
3.073599815369	-0.006365072448
3.075199842453	-0.009146704338
3.076799869537	-0.006283424329
3.078399896622	-0.006380176637
3.079999923706	-0.007307008374
3.081599950790	-0.007094608620
3.083199977875	-0.006283600349
3.084800004959	-0.004248320591
3.086400032043	-0.005415984429
3.087999820709	-0.007575392723
3.089599847794	-0.006517280359
3.091199874878	-0.006567632314
3.092799901962	-0.006845584605
3.094399929047	-0.006688928697
3.095999956131	-0.006099088583
3.097599983215	-0.006117584649
3.099200010300	-0.006385104731
3.100800037384	-0.006373488344
3.102399826050	-0.005974736530
3.103999853134	-0.006889760494
3.105599880219	-0.007354144473
3.107199907303	-0.007899344899
3.108799934387	-0.006287152413
3.110399961472	-0.005851520225
3.111999988556	-0.006916944403
3.113600015640	-0.007553840522
3.115199804306	-0.006462864578
3.116799831390	-0.005751856603
3.118399858475	-0.004999200348
3.119999885559	-0.007390976418
3.121599912643	-0.006804160774
3.123199939728	-0.005521584302
3.124799966812	-0.007189136464
3.126399993896	-0.007480624598
3.128000020981	-0.005833552685
3.129599809647	-0.005980672315
3.131199836731	-0.006523840595
3.132799863815	-0.006506048609
3.134399890900	-0.004531312268
3.135999917984	-0.005940000527
3.137599945068	-0.005841440521
3.139199972153	-0.006970112678
3.140799999237	-0.007862241007
3.142400026321	-0.005606576335
3.143999814987	-0.003866240382
3.145599842072	-0.006489744410
3.147199869156	-0.005146960262
3.148799896240	-0.006394640543
3.150399923325	-0.005147888325
3.151999950409	-0.006669248454
3.153599977493	-0.005263968371
3.155200004578	-0.007514016703
3.156800031662	-0.006714064628
3.158399820328	-0.008192976937
3.159999847412	-0.007342080586
3.161599874496	-0.006810640451
3.163199901581	-0.005503904540
3.164799928665	-0.007345680613
3.166399955750	-0.006324320566
3.167999982834	-0.005768128671
3.169600009918	-0.006550144404
3.171200037003	-0.006111680530
3.172799825668	-0.006918112747
3.174399852753	-0.005844288506
3.175999879837	-0.006901040673
3.177599906921	-0.006831824780
3.179199934006	-0.008723121136
3.180799961090	-0.008632448502
3.182399988174	-0.006932656746
3.184000015259	-0.004584336188
3.185599803925	-0.005672080442
3.187199831009	-0.005502000451
3.188799858093	-0.007223200519
3.190399885178	-0.006725840736
3.191999912262	-0.007398864720
3.193599939346	-0.007237936370
3.195199966431	-0.007725424599
3.196799993515	-0.005243328400
3.198400020599	-0.006329888478
3.199999809265	-0.005937632639
3.201599836349	-0.006063056644
3.203199863434	-0.006377680693
3.204799890518	-0.005286768544
3.206399917603	-0.007599504665
3.207999944687	-0.006682464387
3.209599971771	-0.007494192570
3.211199998856	-0.007573296782
3.212800025940	-0.006277648732
3.214399814606	-0.005806400441
3.215999841690	-0.005728352349
3.217599868774	-0.005178800318
3.219199895859	-0.007294944488
3.220799922943	-0.007097568363
3.222399950027	-0.008292368613
3.223999977112	-0.007307152729
3.225600004196	-0.007236208767
3.227200031281	-0.008723041043
3.228799819946	-0.007006112486
3.230399847031	-0.006717648357
3.231999874115	-0.005237792619
3.233599901199	-0.005976608489
3.235199928284	-0.007047344465
3.236799955368	-0.007082320750
3.238399982452	-0.007397568785
3.240000009537	-0.006488976534
3.241600036621	-0.006671632640
3.243199825287	-0.007157376502
3.244799852371	-0.006464272738
3.246399879456	-0.006438512355
3.247999906540	-0.008316000924
3.249599933624	-0.006709552370
3.251199960709	-0.006683376618
3.252799987793	-0.005838096607
3.254400014877	-0.006723632570
3.255999803543	-0.005857328419
3.257599830627	-0.007578496821
3.259199857712	-0.004911936354
3.260799884796	-0.005705824587
3.262399911880	-0.007044912782
3.263999938965	-0.006107392721
3.265599966049	-0.006214240566
3.267199993134	-0.005773584358
3.268800020218	-0.005279440433
3.270399808884	-0.006149760447
3.271999835968	-0.006096000317
3.273599863052	-0.005878080614
3.275199890137	-0.008092416450
3.276799917221	-0.007374496665
3.278399944305	-0.006157696713
3.279999971390	-0.007794976700
3.281599998474	-0.006034416612
3.283200025558	-0.006611632649
3.284799814224	-0.007557824720
3.286399841309	-0.005138608627
3.287999868393	-0.008076112717
3.289599895477	-0.009184848517
3.291199922562	-0.008241792209
3.292799949646	-0.008495616727
3.294399976730	-0.007837824523
3.296000003815	-0.007582336664
3.297600030899	-0.007336240727
3.299199819565	-0.006813808810
3.300799846649	-0.006156960502
3.302399873734	-0.006965984590
3.303999900818	-0.007820720784
3.305599927902	-0.005871152505
3.307199954987	-0.007623008452
3.308799982071	-0.006283088587
3.310400009155	-0.007245424669
3.311999797821	-0.007436496671
3.313599824905	-0.006568800658
3.315199851990	-0.007278176490
3.316799879074	-0.007754832506
3.318399906158	-0.007148224395
3.319999933243	-0.006204720587
3.321599960327	-0.007305296604
3.323199987411	-0.006928656716
3.324800014496	-0.006245200522
3.326399803162	-0.007269360591
3.327999830246	-0.007446864620
3.329599857330	-0.005829872563
3.331199884415	-0.007718224544
3.332799911499	-0.006646064576
3.334399938583	-0.005110032391
3.335999965668	-0.005565456580
3.337599992752	-0.006513440516
3.339200019836	-0.007164336741
3.340799808502	-0.006528928410
3.342399835587	-0.006807776634
3.343999862671	-0.007839520462
3.345599889755	-0.007218960673
3.347199916840	-0.005071808584
3.348799943924	-0.007326928433
3.350399971008	-0.007367072627
3.351999998093	-0.006250000559
3.353600025177	-0.007682064548
3.355199813843	-0.006781088654
3.356799840927	-0.007164192386
3.358399868011	-0.008495360613
3.359999895096	-0.008353856392
3.361599922180	-0.007313168608
3.363199949265	-0.007020016667
3.364799976349	-0.005082528573
3.366400003433	-0.005587856285
3.368000030518	-0.007448496763
3.369599819183	-0.006764144637
3.371199846268	-0.007147264667
3.372799873352	-0.006926912814
3.374399900436	-0.006669504568
3.375999927521	-0.007786960807
3.377599954605	-0.007559680380
3.379199981689	-0.005748992320
3.380800008774	-0.007287152577
3.382399797440	-0.006269072648
3.383999824524	-0.007267392706
3.385599851608	-0.006582960486
3.387199878693	-0.005915184505
3.388799905777	-0.006338688545
3.390399932861	-0.006524320692
3.391999959946	-0.008321664296
3.393599987030	-0.006609712727
3.395200014114	-0.006671808660
3.396799802780	-0.008428513072
3.398399829865	-0.006603776477
3.399999856949	-0.006891472731
3.401599884033	-0.008449936286
3.403199911118	-0.006798912771
3.404799938202	-0.007456992753
3.406399965286	-0.006973744370
3.407999992371	-0.008026801050
3.409600019455	-0.008772673085
3.411199808121	-0.006511088461
3.412799835205	-0.007110768463
3.414399862289	-0.006211008411
3.415999889374	-0.006239504553
3.417599916458	-0.006643456407
3.419199943542	-0.007042048499
3.420799970627	-0.005875312258
3.422399997711	-0.006998176686
3.424000024796	-0.005968640558
3.425599813461	-0.005656096619
3.427199840546	-0.007753168698
3.428799867630	-0.007037104573
3.430399894714	-0.007990288548
3.431999921799	-0.006731536705
3.433599948883	-0.006911248434
3.435199975967	-0.006483088713
3.436800003052	-0.007467072457
3.438400030136	-0.007983520627
3.439999818802	-0.007164720446
3.441599845886	-0.008110256866
3.443199872971	-0.007894881070
3.444799900055	-0.007338912692
3.446399927139	-0.008118241094
3.447999954224	-0.006211760454
3.449599981308	-0.005690128542
3.451200008392	0.009372064844
