0.000000000000	0.021004930139
0.001599999960	0.022036816925
0.003199999919	0.021491954103
0.004799999762	0.019750129431
0.006399999838	0.021467825398
0.007999999449	0.021147042513
0.009599999525	0.019075809047
0.011199999601	0.019404562190
0.012799999677	0.018679682165
0.014399999753	0.018316080794
0.015999998897	0.018398081884
0.017599999905	0.016892321408
0.019199999049	0.017816130072
0.020800000057	0.017884481698
0.022399999201	0.015202880837
0.024000000209	0.015954881907
0.025599999353	0.016770945862
0.027199998498	0.017193105072
0.028799999505	0.015646817163
0.030399998650	0.015734817833
0.031999997795	0.015222929418
0.033599998802	0.016537953168
0.035199999809	0.017007600516
0.036800000817	0.014296000823
0.038399998099	0.014736529440
0.039999999106	0.015483633615
0.041600000113	0.014189761132
0.043199997395	0.013789649121
0.044799998403	0.016833730042
0.046399999410	0.014678449370
0.048000000417	0.012982049026
0.049599997699	0.014826849103
0.051199998707	0.015157072805
0.052799999714	0.014795137569
0.054399996996	0.013307601213
0.055999998003	0.014395297505
0.057599999011	0.013980369084
0.059200000018	0.013960689306
0.060799997300	0.013694625348
0.062399998307	0.013979729265
0.063999995589	0.013408960775
0.065600000322	0.014173361473
0.067199997604	0.013087472878
0.068799994886	0.012834672816
0.070399999619	0.010937760584
0.071999996901	0.013569712639
0.073600001633	0.013565441594
0.075199998915	0.012568321079
0.076799996197	0.012977008708
0.078400000930	0.013781680726
0.079999998212	0.014376129024
0.081599995494	0.012149840593
0.083200000226	0.011701488867
0.084799997509	0.012950144708
0.086399994791	0.013376320712
0.087999999523	0.011683105491
0.089599996805	0.011832960881
0.091199994087	0.011811808683
0.092799998820	0.012766481377
0.094399996102	0.012858256698
0.096000000834	0.011767473072
0.097599998116	0.010921984911
0.099199995399	0.012669713236
0.100800000131	0.012184800580
0.102399997413	0.011622449383
0.103999994695	0.012860049494
0.105599999428	0.010879265144
0.107199996710	0.009672337212
0.108799993992	0.013164737262
0.110399998724	0.012229585089
0.111999996006	0.012471392751
0.113600000739	0.012775632553
0.115199998021	0.011277088895
0.116799995303	0.009701040573
0.118400000036	0.010813969187
0.119999997318	0.012693361379
0.121599994600	0.010427360423
0.123199999332	0.011541984975
0.124799996614	0.011704624631
0.126399993896	0.012612433173
0.127999991179	0.010233984329
0.129600003362	0.011874817312
0.131200000644	0.010789104737
0.132799997926	0.013755649328
0.134399995208	0.009683216922
0.135999992490	0.009641297162
0.137599989772	0.011300801300
0.139200001955	0.011929056607
0.140799999237	0.010004720651
0.142399996519	0.011505904607
0.143999993801	0.010506656952
0.145599991083	0.013261280954
0.147200003266	0.010321904905
0.148800000548	0.009034864604
0.150399997830	0.011538704857
0.151999995112	0.011339632794
0.153599992394	0.009847920388
0.155199989676	0.010802417062
0.156800001860	0.010747265071
0.158399999142	0.010820592754
0.159999996424	0.010598928668
0.161599993706	0.011163424700
0.163199990988	0.011130737141
0.164800003171	0.009364192374
0.166400000453	0.009132336825
0.167999997735	0.009978272952
0.169599995017	0.010047457181
0.171199992299	0.009439248592
0.172799989581	0.010157953016
0.174400001764	0.010421681218
0.175999999046	0.010562049225
0.177599996328	0.009955984540
0.179199993610	0.012063937262
0.180799990892	0.011093344539
0.182399988174	0.009022208862
0.184000000358	0.009690976702
0.185599997640	0.010222752579
0.187199994922	0.009122640826
0.188799992204	0.008372512646
0.190399989486	0.008923696354
0.192000001669	0.011398720555
0.193599998951	0.010120657273
0.195199996233	0.008199392818
0.196799993515	0.009334800765
0.198399990797	0.010168529116
0.199999988079	0.009137088433
0.201600000262	0.010297536850
0.203199997544	0.010334464721
0.204799994826	0.009565712884
0.206399992108	0.008926209062
0.207999989390	0.008952977136
0.209600001574	0.009176257066
0.211199998856	0.008827120997
0.212799996138	0.009101824835
0.214399993420	0.009447792545
0.215999990702	0.009131408297
0.217599987984	0.008047552779
0.219200000167	0.008339312859
0.220799997449	0.009357905015
0.222399994731	0.007844832726
0.223999992013	0.007048464380
0.225599989295	0.009064208716
0.227200001478	0.009764000773
0.228799998760	0.008452272974
0.230399996042	0.009852033108
0.231999993324	0.008809057064
0.233599990606	0.008905872703
0.235199987888	0.008783024736
0.236800000072	0.007468800526
0.238399997354	0.009171552956
0.239999994636	0.007952304557
0.241599991918	0.008129072376
0.243199989200	0.007755472790
0.244799986482	0.008366400376
0.246399998665	0.007806832436
0.247999995947	0.008647296578
0.249599993229	0.007656928618
0.251199990511	0.008836640976
0.252799987793	0.007865456864
0.254399985075	0.008158752695
0.255999982357	0.008907216601
0.257599979639	0.008903728798
0.259200006723	0.007555776741
0.260800004005	0.007641376462
0.262400001287	0.010182992555
0.263999998569	0.007846320979
0.265599995852	0.007143136580
0.267199993134	0.007945024408
0.268799990416	0.007850272581
0.270399987698	0.005591712426
0.271999984980	0.006979488768
0.273599982262	0.008142688312
0.275199979544	0.008794113062
0.276800006628	0.006950032432
0.278400003910	0.008884528652
0.280000001192	0.008343584836
0.281599998474	0.006900928449
0.283199995756	0.006316400599
0.284799993038	0.007120544557
0.286399990320	0.008564224467
0.287999987602	0.006980496459
0.289599984884	0.006028352305
0.291199982166	0.008379808627
0.292799979448	0.008137616329
0.294400006533	0.004422576167
0.296000003815	0.008068352938
0.297600001097	0.008446800523
0.299199998379	0.006300096400
0.300799995661	0.006134080701
0.302399992943	0.007561792620
0.303999990225	0.007453376427
0.305599987507	0.007894816808
0.307199984789	0.006356144324
0.308799982071	0.006854672451
0.310399979353	0.006751536392
0.312000006437	0.006303680595
0.313600003719	0.006345248781
0.315200001001	0.005695088301
0.316799998283	0.004185248166
0.318399995565	0.006305792369
0.319999992847	0.007067632396
0.321599990129	0.006254240405
0.323199987411	0.006848768331
0.324799984694	0.006191712338
0.326399981976	0.007090256549
0.327999979258	0.006846432574
0.329600006342	0.006337168626
0.331200003624	0.004037328530
0.332800000906	0.007425360847
0.334399998188	0.005195872393
0.335999995470	0.005227520596
0.337599992752	0.006990848575
0.339199990034	0.006577936467
0.340799987316	0.005315392278
0.342399984598	0.006116672419
0.343999981880	0.005383904558
0.345599979162	0.006659088656
0.347199976444	0.006542080548
0.348800003529	0.005914000329
0.350400000811	0.007361616474
0.351999998093	0.005519760307
0.353599995375	0.004804432392
0.355199992657	0.006481424440
0.356799989939	0.006756000686
0.358399987221	0.005530256312
0.359999984503	0.005975040607
0.361599981785	0.006115200464
0.363199979067	0.005720640533
0.364799976349	0.005573856179
0.366400003433	0.004858960398
0.368000000715	0.005201840308
0.369599997997	0.004887184594
0.371199995279	0.005859024357
0.372799992561	0.005683616269
0.374399989843	0.006418320350
0.375999987125	0.005782128312
0.377599984407	0.006227840669
0.379199981689	0.006979984697
0.380799978971	0.005879872479
0.382399976254	0.004304448143
0.384000003338	0.006675408687
0.385600000620	0.005051232409
0.387199997902	0.004755440634
0.388799995184	0.003655136330
0.390399992466	0.005203328561
0.391999989748	0.006180288736
0.393599987030	0.005370640662
0.395199984312	0.003980256151
0.396799981594	0.004941216204
0.398399978876	0.005699024536
0.399999976158	0.004484832287
0.401600003242	0.004547584336
0.403200000525	0.005397120491
0.404799997807	0.004755280446
0.406399995089	0.004445632454
0.407999992371	0.006043280475
0.409599989653	0.005624032579
0.411199986935	0.004214176442
0.412799984217	0.005199920386
0.414399981499	0.005570896436
0.415999978781	0.005151680205
0.417599976063	0.004017920233
0.419200003147	0.003738560248
0.420800000429	0.004054720514
0.422399997711	0.003758816281
0.423999994993	0.004771632608
0.425599992275	0.007233968470
0.427199989557	0.004772320390
0.428799986839	0.003447536146
0.430399984121	0.006758768577
0.431999981403	0.005904960446
0.433599978685	0.005124912597
0.435199975967	0.002677968238
0.436800003052	0.003308848245
0.438400000334	0.006098320708
0.439999997616	0.005176720675
0.441599994898	0.003164624330
0.443199992180	0.003690816229
0.444799989462	0.004746864550
0.446399986744	0.004133360460
0.447999984026	0.004885472357
0.449599981308	0.003740208223
0.451199978590	0.004385760520
0.452799975872	0.004246528260
0.454400002956	0.004649808630
0.456000000238	0.004019280430
0.457599997520	0.004763520323
0.459199994802	0.004689536523
0.460799992085	0.004271488171
0.462399989367	0.005018288270
0.463999986649	0.003119616304
0.465599983931	0.004014224280
0.467199981213	0.003816368291
0.468799978495	0.003054176224
0.470399975777	0.002794560278
0.472000002861	0.004338688217
0.473600000143	0.003899344476
0.475199997425	0.003635632340
0.476799994707	0.004100016318
0.478399991989	0.005235776305
0.479999989271	0.002239856170
0.481599986553	0.003836688353
0.483199983835	0.003065328347
0.484799981117	0.003450160380
0.486399978399	0.005603104364
0.487999975681	0.002081728075
0.489599972963	0.003166752169
0.491200000048	0.004659584258
0.492799997330	0.003468896262
0.494399994612	0.003337440314
0.495999991894	0.003420944326
0.497599989176	0.003780512372
0.499199986458	0.003388368292
0.500800013542	0.002063104184
0.502399981022	0.003331712214
0.504000008106	0.003016400384
0.505599975586	0.003121248214
0.507200002670	0.003286880208
0.508799970150	0.003996048123
0.510399997234	0.003372224281
0.511999964714	0.003583264304
0.513599991798	0.004049184266
0.515199959278	0.003148032119
0.516799986362	0.001443232060
0.518400013447	0.002068448113
0.519999980927	0.004735136405
0.521600008011	0.003030416323
0.523199975491	0.002411136171
0.524800002575	0.002612352138
0.526399970055	0.004845424555
0.527999997139	0.003256320255
0.529599964619	0.003051104257
0.531199991703	0.004392512143
0.532799959183	0.003892816370
0.534399986267	0.003401216352
0.536000013351	0.001671504229
0.537599980831	0.004398112185
0.539200007915	0.002394256182
0.540799975395	0.002633424243
0.542400002480	0.002111648209
0.543999969959	0.003217552090
0.545599997044	0.003466848284
0.547199964523	0.002946912311
0.548799991608	0.002734624315
0.550399959087	0.005199600477
0.551999986172	0.003354496323
0.553600013256	0.002028112067
0.555199980736	0.004635072313
0.556800007820	0.005160304252
0.558399975300	0.002444064245
0.560000002384	0.002981504193
0.561599969864	0.003555648262
0.563199996948	0.003174032317
0.564799964428	0.003561232239
0.566399991512	0.004776272457
0.567999958992	0.004203616176
0.569599986076	0.000852976053
0.571200013161	0.002316944301
0.572799980640	0.002294592327
0.574400007725	0.003818352241
0.575999975204	0.001887408085
0.577600002289	0.001799568185
0.579199969769	0.003666544333
0.580799996853	0.003261584323
0.582399964333	0.001209360082
0.583999991417	0.001526240143
0.585599958897	0.002933760174
0.587199985981	0.002759808209
0.588800013065	0.001101248083
0.590399980545	0.003823328298
0.592000007629	0.003712832462
0.593599975109	0.002286544302
0.595200002193	0.001527568209
0.596799969673	0.003455600236
0.598399996758	0.002030224074
0.599999964237	0.001522160135
0.601599991322	0.003205808345
0.603199958801	0.003162448294
0.604799985886	0.002268384211
0.606400012970	0.002811952261
0.607999980450	0.004460832570
0.609600007534	0.002972432179
0.611199975014	0.002902800217
0.612800002098	0.001317488146
0.614399969578	0.002151184250
0.615999996662	0.003339296207
0.617599964142	0.002660336206
0.619199991226	0.001714000129
0.620799958706	0.003674704349
0.622399985790	0.001247216132
0.624000012875	0.001657504123
0.625599980354	0.003257040400
0.627200007439	0.004608912393
0.628799974918	0.000706672086
0.630400002003	0.002425056184
0.631999969482	0.002619232284
0.633599996567	0.002703216160
0.635199964046	0.002321648179
0.636799991131	0.001106688054
0.638399958611	0.001611856162
0.639999985695	0.002466000151
0.641600012779	0.000552207988
0.643199980259	0.000117327989
0.644800007343	0.002212864114
0.646399974823	0.002913824283
0.648000001907	0.001917008194
0.649599969387	0.000698768010
0.651199996471	0.002577984240
0.652799963951	0.001502512139
0.654399991035	0.002085984219
0.655999958515	0.002758640330
0.657599985600	0.001748368144
0.659200012684	0.001601744094
0.660799980164	0.004242672119
0.662400007248	0.001794880140
0.663999974728	0.002839120338
0.665600001812	0.003340000287
0.667199969292	0.002853952348
0.668799996376	0.001460816129
0.670399963856	0.001101568108
0.671999990940	0.002325664274
0.673599958420	0.002282032277
0.675199985504	0.001099184155
0.676800012589	0.001329104067
0.678399980068	0.003122128313
0.680000007153	0.002356528305
0.681599974632	0.002306384267
0.683200001717	0.000851984078
0.684799969196	0.001887600170
0.686399996281	0.002179568168
0.687999963760	0.001249088091
0.689599990845	0.000150304040
0.691199958324	0.003510672366
0.692799985409	0.001022688113
0.694399952888	0.001212432049
0.695999979973	0.002618832281
0.697600007057	0.001636336092
0.699199974537	0.002179216128
0.700800001621	0.002352816286
0.702399969101	0.000803376082
0.703999996185	0.001196608180
0.705599963665	0.001419952139
0.707199990749	0.001809936133
0.708799958229	0.003906608559
0.710399985313	0.001689264085
0.711999952793	0.000800112088
0.713599979877	0.002193584107
0.715200006962	0.002740944270
0.716799974442	0.000104175990
0.718400001526	0.001126752119
0.719999969006	0.002179760253
0.721599996090	0.001007664017
0.723199963570	0.001569152111
0.724799990654	0.001483472181
0.726399958134	0.002403216204
0.727999985218	0.002664480358
0.729599952698	0.001662160154
0.731199979782	0.001749968156
0.732800006866	0.003006544197
0.734399974346	0.000729552121
0.736000001431	-0.000814512081
0.737599968910	0.001911728177
0.739199995995	0.002342608292
0.740799963474	0.000491552113
0.742399990559	0.000488336023
0.743999958038	0.001230528113
0.745599985123	0.001914832159
0.747199952602	-0.000145712096
0.748799979687	0.000614784018
0.750400006771	0.001445408096
0.751999974251	0.000202975993
0.753600001335	0.001310720108
0.755199968815	0.001745984191
0.756799995899	0.000821200025
0.758399963379	-0.000133120018
0.759999990463	0.000367312052
0.761599957943	0.002324752044
0.763199985027	0.001363360090
0.764799952507	0.001084000105
0.766399979591	0.000925840111
0.768000006676	0.001353232190
0.769599974155	0.000730512082
0.771200001240	-0.000464224024
0.772799968719	0.000976672163
0.774399995804	0.001733888173
0.775999963284	-0.000454016117
0.777599990368	0.000720272074
0.779199957848	0.002534688218
0.780799984932	0.000908720074
0.782399952412	0.000029871984
0.783999979496	0.001495536068
0.785600006580	-0.000123455990
0.787199974060	0.001323744189
0.788800001144	0.000723664067
0.790399968624	0.000633040094
0.791999995708	0.002694208175
0.793599963188	-0.000356400007
0.795199990273	-0.000674304087
0.796799957752	0.001386400079
0.798399984837	0.001416624058
0.799999952316	0.000304080080
0.801599979401	0.001334752189
0.803200006485	0.001052320120
0.804799973965	0.001853952184
0.806400001049	0.001040768111
0.807999968529	0.001079280046
0.809599995613	0.002244752133
0.811199963093	0.001298208139
0.812799990177	0.002211216139
0.814399957657	0.000299535983
0.815999984741	0.000964944076
0.817599952221	-0.000580208027
0.819199979305	0.000804832089
0.820800006390	0.001200256054
0.822399973869	-0.000244720053
0.824000000954	0.000749568047
0.825599968433	0.001152304118
0.827199995518	0.000921488099
0.828799962997	-0.000372816023
0.830399990082	0.000470240077
0.831999957561	0.001896640169
0.833599984646	0.001863792189
0.835199952126	0.000031056021
0.836799979210	-0.000335120072
0.838400006294	0.001706112176
0.839999973774	0.000896528072
0.841600000858	-0.000086480017
0.843199968338	0.001031312044
0.844799995422	0.000957600074
0.846399962902	0.000723568082
0.847999989986	0.001240336103
0.849599957466	0.000526671996
0.851199984550	0.001127360039
0.852799952030	-0.000569632044
0.854399979115	-0.000735472073
0.856000006199	0.000093808048
0.857599973679	0.002252864186
0.859200000763	0.001076512155
0.860799968243	0.001021344098
0.862399995327	0.000922000036
0.863999962807	0.000978832133
0.865599989891	0.000620304083
0.867199957371	0.000932976080
0.868799984455	0.000297872059
0.870399951935	-0.001891424181
0.871999979019	0.001026960090
0.873600006104	0.000737840077
0.875199973583	0.001298400108
0.876800000668	0.001094384119
0.878399968147	0.001599552110
0.879999995232	0.001436768100
0.881599962711	0.000973488088
0.883199989796	0.000091856040
0.884799957275	0.000104976003
0.886399984360	0.003960896283
0.887999951839	0.000157904040
0.889599978924	-0.001358752139
0.891200006008	0.001049536048
0.892799973488	0.001510800095
0.894400000572	0.001102720038
0.895999968052	0.001041568001
0.897599995136	0.001511200098
0.899199962616	0.001479936065
0.900799989700	0.000592352008
0.902399957180	0.000710016058
0.903999984264	0.000031919961
0.905599951744	-0.000266143994
0.907199978828	0.000149744010
0.908800005913	0.000844144088
0.910399973392	0.000042144038
0.912000000477	-0.000393920025
0.913599967957	0.000576000079
0.915199995041	-0.000065408007
0.916799962521	-0.000693232112
0.918399989605	0.000331760006
0.919999957085	0.000425024045
0.921599984169	-0.000438480056
0.923199951649	-0.000001696035
0.924799978733	0.000148352032
0.926400005817	0.001399792149
0.927999973297	0.000865200069
0.929600000381	-0.000290639990
0.931199967861	0.000833200058
0.932799994946	0.000593632052
0.934399962425	-0.000147808023
0.935999989510	-0.000835280109
0.937599956989	0.001832960173
0.939199984074	0.000726816070
0.940799951553	-0.001247472130
0.942399978638	-0.000138688003
0.944000005722	0.000837408064
0.945599973202	0.000134128000
0.947200000286	0.001178528066
0.948799967766	-0.001156192040
0.950399994850	0.000936672033
0.951999962330	-0.000289360090
0.953599989414	0.000265167997
0.955199956894	0.000489935977
0.956799983978	0.000264815986
0.958399951458	-0.000355328026
0.959999978542	-0.001712496160
0.961599946022	0.001184496097
0.963199973106	0.001053120126
0.964800000191	0.000710976019
0.966399967670	-0.000522240007
0.967999994755	-0.000428976055
0.969599962234	-0.001301280106
0.971199989319	-0.000354688033
0.972799956799	-0.000961680140
0.974399983883	-0.000020736010
0.975999951363	-0.001990448218
0.977599978447	-0.000170752071
0.979199945927	0.000492896070
0.980799973011	0.000966768072
0.982400000095	-0.001540208119
0.983999967575	0.000604863977
0.985599994659	-0.000760000083
0.987199962139	-0.000313056051
0.988799989223	-0.001761872205
0.990399956703	0.000030655989
0.991999983788	-0.000015712008
0.993599951267	-0.000034927980
0.995199978352	-0.000716832059
0.996799945831	0.000328847993
0.998399972916	0.000781600014
1.000000000000	0.000023135979
1.001600027084	-0.001282672165
1.003199934959	-0.000157168004
1.004799962044	0.000464304059
1.006399989128	0.000288960029
1.008000016212	0.000871456054
1.009599924088	-0.000228032019
1.011199951172	-0.000201823976
1.012799978256	0.000783728086
1.014400005341	0.000953472103
1.016000032425	-0.000640784041
1.017599940300	-0.000601440028
1.019199967384	-0.001427584095
1.020799994469	-0.000554576050
1.022400021553	-0.001129488111
1.023999929428	0.000097104006
1.025599956512	0.001264336053
1.027199983597	0.001000144053
1.028800010681	0.000236159947
1.030399918556	0.000538544031
1.031999945641	-0.000060975981
1.033599972725	-0.000443200028
1.035199999809	-0.000971840112
1.036800026894	-0.001560544129
1.038399934769	0.000247344055
1.039999961853	-0.000028672001
1.041599988937	-0.000821760041
1.043200016022	-0.000482192059
1.044799923897	0.001490368159
1.046399950981	-0.000311280019
1.047999978065	-0.000610928109
1.049600005150	0.000141983997
1.051200032234	-0.000311568059
1.052799940109	0.000324848050
1.054399967194	0.000595008023
1.055999994278	0.000153120011
1.057600021362	-0.000413120026
1.059199929237	-0.001088368124
1.060799956322	-0.000569296128
1.062399983406	-0.001014896086
1.064000010490	0.000209248072
1.065599918365	-0.000383343955
1.067199945450	0.000659632031
1.068799972534	-0.000759952061
1.070399999619	-0.001083216048
1.072000026703	-0.000067663961
1.073599934578	0.000456240057
1.075199961662	-0.001310416148
1.076799988747	-0.001463424182
1.078400015831	-0.000671360060
1.079999923706	0.000272144011
1.081599950790	-0.001060800045
1.083199977875	-0.000213071995
1.084800004959	-0.000365184009
1.086400032043	-0.000059968032
1.087999939919	-0.002914448269
1.089599967003	-0.001881440170
1.091199994087	-0.000763744058
1.092800021172	-0.000274239981
1.094399929047	-0.000702592020
1.095999956131	-0.001595664071
1.097599983215	-0.000104255989
1.099200010300	0.001259392127
1.100799918175	-0.002130624140
1.102399945259	-0.000712720037
1.103999972343	-0.001337264082
1.105599999428	-0.001091232058
1.107200026512	-0.002496064175
1.108799934387	0.000841968053
1.110399961472	0.000267600000
1.111999988556	-0.000840336026
1.113600015640	-0.001290272106
1.115199923515	-0.000170848027
1.116799950600	-0.001475744066
1.118399977684	-0.000875696074
1.120000004768	0.000031536023
1.121599912643	-0.001030032174
1.123199939728	-0.002494848100
1.124799966812	-0.000190432023
1.126399993896	0.000869408075
1.128000020981	-0.000094160037
1.129599928856	-0.002599984175
1.131199955940	0.000089648034
1.132799983025	0.000237936038
1.134400010109	-0.001141968067
1.135999917984	-0.000098064003
1.137599945068	-0.001511184149
1.139199972153	-0.000941936101
1.140799999237	-0.001562800142
1.142400026321	-0.000108336004
1.143999934196	-0.000749472063
1.145599961281	-0.001406048192
1.147199988365	-0.001798976096
1.148800015450	-0.000465135992
1.150399923325	-0.000349344045
1.151999950409	-0.002167872153
1.153599977493	-0.001456032158
1.155200004578	0.000380320009
1.156799912453	-0.000977888121
1.158399939537	-0.000679055986
1.159999966621	-0.000834560080
1.161599993706	-0.002175376285
1.163200020790	-0.002587024355
1.164799928665	-0.000166287995
1.166399955750	-0.000653264055
1.167999982834	0.001035792055
1.169600009918	-0.000309855997
1.171199917793	-0.001082080184
1.172799944878	0.000053664011
1.174399971962	-0.001206560060
1.175999999046	-0.000570608070
1.177600026131	-0.000624512031
1.179199934006	0.000649312045
1.180799961090	-0.001163920155
1.182399988174	-0.001859920099
1.184000015259	-0.001238560071
1.185599923134	-0.000549440098
1.187199950218	0.000856448081
1.188799977303	-0.002478352282
1.190400004387	-0.000999856042
1.191999912262	-0.002003776142
1.193599939346	-0.000909680093
1.195199966431	-0.003093808191
1.196799993515	0.000182383999
1.198400020599	-0.000937072095
1.199999928474	-0.001425712137
1.201599955559	0.000237103974
1.203199982643	-0.001229680143
1.204800009727	-0.000983920065
1.206399917603	-0.001169632073
1.207999944687	-0.001492544077
1.209599971771	-0.000423728081
1.211199998856	-0.000964272069
1.212800025940	-0.002266256139
1.214399933815	-0.001373392064
1.215999960899	-0.001048224163
1.217599987984	-0.001552192145
1.219200015068	-0.001406096155
1.220799922943	-0.000212944069
1.222399950027	-0.001401248155
1.223999977112	-0.003344000317
1.225600004196	-0.000132240049
1.227199912071	0.000072016031
1.228799939156	-0.000719824049
1.230399966240	-0.000419696094
1.231999993324	-0.000235376050
1.233600020409	-0.001051216153
1.235199928284	-0.002695584204
1.236799955368	-0.000619136030
1.238399982452	-0.000732480024
1.240000009537	-0.001292752102
1.241599917412	-0.002268080134
1.243199944496	-0.001961872214
1.244799971581	-0.000415712042
1.246399998665	-0.002248240169
1.248000025749	-0.000755552086
1.249599933624	-0.001494864118
1.251199960709	-0.001173168072
1.252799987793	-0.000666463980
1.254400014877	-0.000729584019
1.255999922752	-0.000300576008
1.257599949837	-0.000622736057
1.259199976921	-0.002220896073
1.260800004005	-0.000129536027
1.262399911880	0.000196832014
1.263999938965	-0.002912896220
1.265599966049	-0.001630192040
1.267199993134	-0.001553392038
1.268800020218	-0.002071728231
1.270399928093	-0.002792992163
1.271999955177	-0.001416560146
1.273599982262	-0.000610928051
1.275200009346	-0.001568944077
1.276799917221	-0.001617552130
1.278399944305	-0.000550240045
1.279999971390	-0.000576880004
1.281599998474	-0.002387728076
1.283200025558	-0.002335456200
1.284799933434	-0.001070048078
1.286399960518	0.000672064023
1.287999987602	-0.003317808267
1.289600014687	-0.002468384104
1.291199922562	0.000855360006
1.292799949646	-0.000955616124
1.294399976730	-0.001825808198
1.296000003815	-0.001818672172
1.297599911690	-0.000758080103
1.299199938774	-0.001908880193
1.300799965858	-0.002284704242
1.302399992943	-0.000702944119
1.304000020027	-0.001894112211
1.305599927902	-0.001686848118
1.307199954987	-0.000985840103
1.308799982071	-0.000615936005
1.310400009155	-0.003476688173
1.311999917030	-0.002410912188
1.313599944115	-0.002353392076
1.315199971199	-0.001640160102
1.316799998283	-0.003075392218
1.318400025368	-0.001956208143
1.319999933243	-0.001134112128
1.321599960327	-0.003440320259
1.323199987411	-0.000913216092
1.324800014496	-0.000945872045
1.326399922371	-0.001425024122
1.327999949455	-0.000846320065
1.329599976540	-0.001901008189
1.331200003624	-0.001010000007
1.332799911499	-0.000755536137
1.334399938583	-0.001041264040
1.335999965668	-0.002471264219
1.337599992752	-0.001218000078
1.339200019836	-0.001960976049
1.340799927711	-0.001448960160
1.342399954796	-0.003814832307
1.343999981880	-0.001718592132
1.345600008965	-0.001023744117
1.347199916840	-0.002278752159
1.348799943924	-0.002955536125
1.350399971008	-0.000987712061
1.351999998093	-0.001400176086
1.353600025177	-0.001450944110
1.355199933052	-0.002308384283
1.356799960136	-0.001623584074
1.358399987221	-0.002350880299
1.360000014305	-0.002783600241
1.361599922180	-0.001623024116
1.363199949265	-0.001492992160
1.364799976349	-0.001833360177
1.366400003433	-0.002178928116
1.367999911308	-0.003465520218
1.369599938393	-0.002394448267
1.371199965477	-0.002388976282
1.372799992561	-0.001692048158
1.374400019646	-0.002103696112
1.375999927521	-0.002068896079
1.377599954605	-0.001999008236
1.379199981689	-0.000187248006
1.380800008774	-0.000894384109
1.382399916649	-0.002583984286
1.383999943733	-0.002212224295
1.385599970818	-0.001695120125
1.387199997902	-0.002489152132
1.388799905777	-0.002308288123
1.390399932861	-0.001619744115
1.391999959946	-0.001344048069
1.393599987030	-0.001895824214
1.395200014114	-0.003232368268
1.396799921989	-0.000977120013
1.398399949074	-0.003019232303
1.399999976158	-0.003529520240
1.401600003242	-0.001540880068
1.403199911118	0.000065392000
1.404799938202	-0.002583024325
1.406399965286	-0.002960384125
1.407999992371	-0.001457904116
1.409600019455	-0.002310240176
1.411199927330	-0.001837728196
1.412799954414	-0.000301904016
1.414399981499	-0.002396224299
1.416000008583	-0.001811440219
1.417599916458	-0.002130192239
1.419199943542	-0.001361216069
1.420799970627	-0.001432176097
1.422399997711	-0.002336848294
1.423999905586	-0.003522240324
1.425599932671	-0.000319808023
1.427199959755	-0.002668048255
1.428799986839	-0.003465616377
1.430400013924	-0.001373264124
1.431999921799	-0.001765312161
1.433599948883	-0.002229536185
1.435199975967	-0.001531696063
1.436800003052	-0.001696416060
1.438399910927	-0.002807120094
1.439999938011	-0.001526048174
1.441599965096	-0.002096832264
1.443199992180	-0.001284784055
1.444800019264	-0.001792992116
1.446399927139	-0.001714480226
1.447999954224	-0.003314400325
1.449599981308	-0.003420640249
1.451200008392	-0.001284736092
1.452799916267	-0.000362560066
1.454399943352	-0.002289872151
1.455999970436	-0.000288592040
1.457599997520	-0.001870848122
1.459199905396	-0.002352880314
1.460799932480	-0.003605648410
1.462399959564	-0.001625200151
1.463999986649	-0.001317520044
1.465600013733	-0.003449936397
1.467199921608	-0.001875248156
1.468799948692	-0.000882736058
1.470399975777	-0.002927168272
1.472000002861	-0.003194112331
1.473599910736	-0.002133440226
1.475199937820	-0.001659936155
1.476799964905	-0.003118576249
1.478399991989	-0.002779536182
1.480000019073	-0.000581952045
1.481599926949	-0.002113584196
1.483199954033	-0.003189824289
1.484799981117	-0.001070592087
1.486400008202	-0.000708096079
1.487999916077	-0.003374480177
1.489599943161	-0.003341264324
1.491199970245	-0.001955616055
1.492799997330	-0.000884160050
1.494399905205	-0.003277056152
1.495999932289	-0.002499632305
1.497599959373	-0.002306960290
1.499199986458	-0.000607232039
1.500800013542	-0.002447376261
1.502399921417	-0.001575360191
1.503999948502	-0.000446496037
1.505599975586	-0.001226192107
1.507200002670	-0.003176928265
1.508799910545	-0.000955968106
1.510399937630	-0.003223056206
1.511999964714	-0.003140704241
1.513599991798	-0.001250448171
1.515200018883	-0.001692128135
1.516799926758	-0.004586976487
1.518399953842	-0.001866944134
1.519999980927	-0.002083056141
1.521600008011	-0.002027232200
1.523199915886	-0.001943056122
1.524799942970	-0.001842336147
1.526399970055	-0.001572736190
1.527999997139	-0.003009296255
1.529599905014	-0.002539072186
1.531199932098	-0.002624816261
1.532799959183	-0.001925824094
1.534399986267	-0.003232048359
1.536000013351	-0.004270448349
1.537599921227	-0.000472336076
1.539199948311	-0.002491232241
1.540799975395	-0.003387392266
1.542400002480	-0.002847488271
1.543999910355	-0.001907088095
1.545599937439	-0.001692384132
1.547199964523	-0.002575088292
1.548799991608	-0.003091520164
1.550400018692	-0.001426192117
1.551999926567	-0.001561408164
1.553599953651	-0.003626880236
1.555199980736	-0.002690800233
1.556800007820	-0.002772784093
1.558399915695	-0.002073184121
1.559999942780	-0.002175984206
1.561599969864	-0.002167184139
1.563199996948	-0.003430176293
1.564799904823	-0.001978256274
1.566399931908	-0.002591120079
1.567999958992	-0.004743888509
1.569599986076	-0.002873520367
1.571200013161	-0.003715008264
1.572799921036	-0.002223696094
1.574399948120	-0.001586176222
1.575999975204	-0.002563776216
1.577600002289	-0.000835680112
1.579199910164	-0.002582768211
1.580799937248	-0.001493120100
1.582399964333	-0.003146352246
1.583999991417	-0.002143808175
1.585600018501	-0.001579024130
1.587199926376	-0.002613056218
1.588799953461	-0.003172144294
1.590399980545	-0.001868800144
1.592000007629	-0.001847888110
1.593599915504	-0.002013568068
1.595199942589	-0.004405136220
1.596799969673	-0.003173120320
1.598399996758	-0.002912768163
1.599999904633	-0.003477392253
1.601599931717	-0.002806160133
1.603199958801	-0.002156464150
1.604799985886	-0.003095328342
1.606400012970	-0.004093040247
1.607999920845	-0.003017328214
1.609599947929	-0.001984352246
1.611199975014	-0.002559344284
1.612800002098	-0.004283296410
1.614399909973	-0.003599328222
1.615999937057	-0.000717696152
1.617599964142	-0.003936720546
1.619199991226	-0.004556624219
1.620800018311	-0.000796224049
1.622399926186	-0.003465520218
1.623999953270	-0.004116576165
1.625599980354	-0.002018288244
1.627200007439	-0.001742336201
1.628799915314	-0.003114512190
1.630399942398	-0.003482384374
1.631999969482	-0.000535280036
1.633599996567	-0.002747264225
1.635199904442	-0.002468336141
1.636799931526	-0.002528400160
1.638399958611	-0.000937648059
1.639999985695	-0.003876432311
1.641600012779	-0.002523392206
1.643199920654	-0.002160560340
1.644799947739	-0.002303472254
1.646399974823	-0.004467248451
1.648000001907	-0.002087456174
1.649599909782	-0.004328944255
1.651199936867	-0.003036848269
1.652799963951	-0.001400400070
1.654399991035	-0.003338960232
1.655999898911	-0.002881696215
1.657599925995	-0.001336352085
1.659199953079	-0.001956320135
1.660799980164	-0.002867424162
1.662400007248	-0.002727760235
1.663999915123	-0.003273552284
1.665599942207	-0.003155632177
1.667199969292	-0.003507952206
1.668799996376	-0.001684720162
1.670399904251	-0.003388208337
1.671999931335	-0.003333312226
1.673599958420	-0.001814464107
1.675199985504	-0.002828720259
1.676800012589	-0.002691616304
1.678399920464	-0.002383248182
1.679999947548	-0.002895008307
1.681599974632	-0.002788912272
1.683200001717	-0.003939856309
1.684799909592	-0.001189264120
1.686399936676	-0.000504432071
1.687999963760	-0.003468704410
1.689599990845	-0.003209792310
1.691199898720	-0.001264752005
1.692799925804	-0.002234304091
1.694399952888	-0.002962240251
1.695999979973	-0.002805104246
1.697600007057	-0.002328016097
1.699199914932	-0.002433392219
1.700799942017	-0.003572384361
1.702399969101	-0.003155296203
1.703999996185	-0.001255216077
1.705599904060	-0.002101568040
1.707199931145	-0.003721312387
1.708799958229	-0.004334880505
1.710399985313	-0.002344176173
1.712000012398	-0.004151728470
1.713599920273	-0.002665568143
1.715199947357	-0.003921600524
1.716799974442	-0.002617856255
1.718400001526	-0.002378432080
1.719999909401	-0.001726064133
1.721599936485	-0.003100816160
1.723199963570	-0.004139504395
1.724799990654	-0.002898448147
1.726399898529	-0.002476768102
1.727999925613	-0.001776752179
1.729599952698	-0.003274704330
1.731199979782	-0.003413632279
1.732800006866	-0.001680128160
1.734399914742	-0.003893632209
1.735999941826	-0.003550240304
1.737599968910	-0.003524416359
1.739199995995	-0.002385312226
1.740799903870	-0.003012784291
1.742399930954	-0.002015360165
1.743999958038	-0.002976496238
1.745599985123	-0.001997952117
1.747200012207	-0.003021456301
1.748799920082	-0.004415184259
1.750399947166	-0.002111632144
1.751999974251	-0.002368000103
1.753600001335	-0.002765488345
1.755199909210	-0.004718560260
1.756799936295	-0.001851776149
1.758399963379	-0.004248144105
1.759999990463	-0.004364832304
1.761599898338	-0.003160192166
1.763199925423	-0.003893408459
1.764799952507	-0.004200960509
1.766399979591	-0.003819152247
1.768000006676	-0.003692336148
1.769599914551	-0.003089488251
1.771199941635	-0.004482048098
1.772799968719	-0.002098608064
1.774399995804	-0.002772384323
1.775999903679	-0.003609616309
1.777599930763	-0.002652848139
1.779199957848	-0.002108352259
1.780799984932	-0.002338272287
1.782400012016	-0.004342192318
1.783999919891	-0.001756448182
1.785599946976	-0.003018736141
1.787199974060	-0.002895264188
1.788800001144	-0.004277920350
1.790399909019	-0.003004112281
1.791999936104	-0.003081040224
1.793599963188	-0.003939264454
1.795199990273	-0.003806016408
1.796799898148	-0.003268432338
1.798399925232	-0.003069296246
1.799999952316	-0.004462400451
1.801599979401	-0.003294416238
1.803200006485	-0.002624816261
1.804799914360	-0.004491328262
1.806399941444	-0.002036944265
1.807999968529	-0.003561616410
1.809599995613	-0.003151680343
1.811199903488	-0.003441312350
1.812799930573	-0.005311680492
1.814399957657	-0.003321264172
1.815999984741	-0.001555264113
1.817600011826	-0.004280528519
1.819199919701	-0.003528352361
1.820799946785	-0.002475840272
1.822399973869	-0.003030928317
1.824000000954	-0.004091808107
1.825599908829	-0.002950096270
1.827199935913	-0.003463984467
1.828799962997	-0.002599456348
1.830399990082	-0.003565600375
1.831999897957	-0.003330608364
1.833599925041	-0.003768720431
1.835199952126	-0.002086400054
1.836799979210	-0.004231808241
1.838400006294	-0.002248208271
1.839999914169	-0.003890512278
1.841599941254	-0.003704768373
1.843199968338	-0.003541824408
1.844799995422	-0.002596640261
1.846399903297	-0.002838000190
1.847999930382	-0.004744448233
1.849599957466	-0.002937968355
1.851199984550	-0.001262528123
1.852800011635	-0.003103472292
1.854399919510	-0.002302816138
1.855999946594	-0.003588816151
1.857599973679	-0.003245840315
1.859200000763	-0.002878528321
1.860799908638	-0.003962992225
1.862399935722	-0.002097568242
1.863999962807	-0.004198752344
1.865599989891	-0.003829152323
1.867199897766	-0.003564368235
1.868799924850	-0.003311136272
1.870399951935	-0.002777008107
1.871999979019	-0.003368224250
1.873600006104	-0.003742000321
1.875199913979	-0.003469040385
1.876799941063	-0.002449824242
1.878399968147	-0.002595552243
1.879999995232	-0.001359408139
1.881599903107	-0.003628768260
1.883199930191	-0.003904640442
1.884799957275	-0.004025152419
1.886399984360	-0.001914336230
1.888000011444	-0.004862832371
1.889599919319	-0.002566240262
1.891199946404	-0.002719648182
1.892799973488	-0.003171696328
1.894400000572	-0.002947296249
1.895999908447	-0.002189088147
1.897599935532	-0.003506400390
1.899199962616	-0.002384544117
1.900799989700	-0.004948080517
1.902399897575	-0.004041008186
1.903999924660	-0.001924496144
1.905599951744	-0.002447760198
1.907199978828	-0.004228784237
1.908800005913	-0.001848352142
1.910399913788	-0.002673328156
1.911999940872	-0.004197008442
1.913599967957	-0.002656688215
1.915199995041	-0.002857856220
1.916799902916	-0.005384352524
1.918399930000	-0.002947664121
1.919999957085	-0.003005872248
1.921599984169	-0.004054832272
1.923199892044	-0.002548224293
1.924799919128	-0.003228416201
1.926399946213	-0.003382688388
1.927999973297	-0.003050800180
1.929600000381	-0.004360944498
1.931199908257	-0.003929920495
1.932799935341	-0.003475584323
1.934399962425	-0.005336752627
1.935999989510	-0.003285152372
1.937599897385	-0.002969248220
1.939199924469	-0.003467552364
1.940799951553	-0.003175936406
1.942399978638	-0.004889408126
1.944000005722	-0.003353424370
1.945599913597	-0.002102208324
1.947199940681	-0.003919968382
1.948799967766	-0.005241312552
1.950399994850	-0.003104176139
1.951999902725	-0.002804656280
1.953599929810	-0.002737504197
1.955199956894	-0.004233488347
1.956799983978	-0.003098224290
1.958399891853	-0.004848656245
1.959999918938	-0.002101728227
1.961599946022	-0.003538784338
1.963199973106	-0.004062512424
1.964800000191	-0.004004704300
1.966399908066	-0.003676448250
1.967999935150	-0.004171696492
1.969599962234	-0.003447344294
1.971199989319	-0.003589008236
1.972799897194	-0.002994416282
1.974399924278	-0.004405392334
1.975999951363	-0.004184048623
1.977599978447	-0.003069712315
1.979200005531	-0.002753280103
1.980799913406	-0.003672832390
1.982399940491	-0.005623056553
1.983999967575	-0.002166912192
1.985599994659	-0.003688080236
1.987199902534	-0.003858080367
1.988799929619	-0.004555616528
1.990399956703	-0.005217312369
1.991999983788	-0.003712336300
1.993599891663	-0.003132560290
1.995199918747	-0.005147408228
1.996799945831	-0.004233840387
1.998399972916	-0.002501232084
2.000000000000	-0.003833776340
2.001600027084	-0.003459280357
2.003200054169	-0.002252048114
2.004799842834	-0.003466000315
2.006399869919	-0.004379120190
2.007999897003	-0.003974032588
2.009599924088	-0.002713920316
2.011199951172	-0.002623776207
2.012799978256	-0.004046112299
2.014400005341	-0.004325328395
2.016000032425	-0.003632352455
2.017600059509	-0.004465440288
2.019199848175	-0.004455248360
2.020799875259	-0.002713296330
2.022399902344	-0.003605568316
2.023999929428	-0.004412864335
2.025599956512	-0.002348912181
2.027199983597	-0.002750192303
2.028800010681	-0.004806976300
2.030400037766	-0.002823744202
2.032000064850	-0.002439296106
2.033599853516	-0.002175648231
2.035199880600	-0.004938272294
2.036799907684	-0.004537760280
2.038399934769	-0.003229520284
2.039999961853	-0.001429616124
2.041599988937	-0.005004576407
2.043200016022	-0.003960128408
2.044800043106	-0.001011360087
2.046399831772	-0.003594880225
2.047999858856	-0.004690272268
2.049599885941	-0.003930256236
2.051199913025	-0.003962976392
2.052799940109	-0.003564080223
2.054399967194	-0.003711856436
2.055999994278	-0.002173904097
2.057600021362	-0.002986768261
2.059200048447	-0.005184528418
2.060799837112	-0.003809760325
2.062399864197	-0.002575600287
2.063999891281	-0.003419312416
2.065599918365	-0.005232608411
2.067199945450	-0.002709424123
2.068799972534	-0.003905712394
2.070399999619	-0.002973264316
2.072000026703	-0.004088528454
2.073600053787	-0.003411120269
2.075199842453	-0.006105872337
2.076799869537	-0.003688240424
2.078399896622	-0.001878448180
2.079999923706	-0.003956672270
2.081599950790	-0.002376528224
2.083199977875	-0.003523824271
2.084800004959	-0.004170016386
2.086400032043	-0.003348496277
2.088000059128	-0.004977152217
2.089599847794	-0.003819136415
2.091199874878	-0.005497600418
2.092799901962	-0.004211312160
2.094399929047	-0.004195680376
2.095999956131	-0.003602928249
2.097599983215	-0.004379280377
2.099200010300	-0.003333824221
2.100800037384	-0.004194480367
2.102400064468	-0.005809120368
2.103999853134	-0.003506704234
2.105599880219	-0.002037504222
2.107199907303	-0.003841392230
2.108799934387	-0.003610064276
2.110399961472	-0.002716672374
2.111999988556	-0.003942304291
2.113600015640	-0.003895040369
2.115200042725	-0.003132288344
2.116799831390	-0.004607344512
2.118399858475	-0.003353920300
2.119999885559	-0.003456304315
2.121599912643	-0.005778272636
2.123199939728	-0.003405824304
2.124799966812	-0.004623216577
2.126399993896	-0.002472080290
2.128000020981	-0.004321520217
2.129600048065	-0.004815856460
2.131199836731	-0.003299040254
2.132799863815	-0.003729280317
2.134399890900	-0.006529872771
2.135999917984	-0.003201088170
2.137599945068	-0.002815600252
2.139199972153	-0.004678896628
2.140799999237	-0.004388752393
2.142400026321	-0.004418448545
2.144000053406	-0.006169536617
2.145599842072	-0.003849488450
2.147199869156	-0.004776672460
2.148799896240	-0.004541040398
2.150399923325	-0.003589616390
2.151999950409	-0.003438032232
2.153599977493	-0.005844560452
2.155200004578	-0.005553488620
2.156800031662	-0.002852000296
2.158400058746	-0.003553808434
2.159999847412	-0.004606736358
2.161599874496	-0.004893360194
2.163199901581	-0.003778896295
2.164799928665	-0.003348304192
2.166399955750	-0.004743776284
2.167999982834	-0.004940304440
2.169600009918	-0.004746416584
2.171200037003	-0.005574640352
2.172800064087	-0.003355072346
2.174399852753	-0.003388832323
2.175999879837	-0.004517392255
2.177599906921	-0.004127792548
2.179199934006	-0.003266992280
2.180799961090	-0.005393024534
2.182399988174	-0.005354944617
2.184000015259	-0.003909552470
2.185600042343	-0.004444752354
2.187199831009	-0.005907072686
2.188799858093	-0.004471680149
2.190399885178	-0.003731904319
2.191999912262	-0.002933312207
2.193599939346	-0.004648544360
2.195199966431	-0.006242688745
2.196799993515	-0.004638464656
2.198400020599	-0.003413504222
2.200000047684	-0.004492464475
2.201599836349	-0.004316208418
2.203199863434	-0.003509952221
2.204799890518	-0.004936288577
2.206399917603	-0.004066256341
2.207999944687	-0.004027424380
2.209599971771	-0.003786224173
2.211199998856	-0.006263808347
2.212800025940	-0.003355856286
2.214400053024	-0.005951888394
2.215999841690	-0.005555312615
2.217599868774	-0.006374800578
2.219199895859	-0.003650576342
2.220799922943	-0.003503216198
2.222399950027	-0.004090960138
2.223999977112	-0.006320400629
2.225600004196	-0.003514112206
2.227200031281	-0.002980768215
2.228800058365	-0.005657232367
2.230399847031	-0.004780832212
2.231999874115	-0.003500800347
2.233599901199	-0.002627920127
2.235199928284	-0.005063056480
2.236799955368	-0.005556448363
2.238399982452	-0.003551008180
2.240000009537	-0.003869952401
2.241600036621	-0.005595616531
2.243199825287	-0.003915696405
2.244799852371	-0.004391120281
2.246399879456	-0.004852976184
2.247999906540	-0.005360448267
2.249599933624	-0.003670608392
2.251199960709	-0.005907344632
2.252799987793	-0.004610672127
2.254400014877	-0.005278800614
2.256000041962	-0.003752544289
2.257599830627	-0.003397904336
2.259199857712	-0.003201648360
2.260799884796	-0.004486112390
2.262399911880	-0.002388512250
2.263999938965	-0.005018240307
2.265599966049	-0.004827040248
2.267199993134	-0.003572176211
2.268800020218	-0.005644240417
2.270400047302	-0.006230432540
2.271999835968	-0.003237136174
2.273599863052	-0.002001344226
2.275199890137	-0.003991344478
2.276799917221	-0.004069136456
2.278399944305	-0.002849984216
2.279999971390	-0.003973424435
2.281599998474	-0.005862144288
2.283200025558	-0.005186576396
2.284800052643	-0.004655200522
2.286399841309	-0.001573152142
2.287999868393	-0.006825168617
2.289599895477	-0.004974160343
2.291199922562	-0.003053312190
2.292799949646	-0.003452576231
2.294399976730	-0.005838176236
2.296000003815	-0.005785840563
2.297600030899	-0.004464528523
2.299200057983	-0.005138624460
2.300799846649	-0.003917344380
2.302399873734	-0.003817136399
2.303999900818	-0.003466864349
2.305599927902	-0.004510656465
2.307199954987	-0.003313728143
2.308799982071	-0.003355808323
2.310400009155	-0.004136336502
2.312000036240	-0.005728992634
2.313599824905	-0.004531888291
2.315199851990	-0.004955504555
2.316799879074	-0.004105040338
2.318399906158	-0.004995824303
2.319999933243	-0.003332800232
2.321599960327	-0.004649712238
2.323199987411	-0.004945984576
2.324800014496	-0.003183472203
2.326400041580	-0.004586480558
2.327999830246	-0.007118768524
2.329599857330	-0.003266800195
2.331199884415	-0.003230480244
2.332799911499	-0.002970416332
2.334399938583	-0.005417856388
2.335999965668	-0.003565936349
2.337599992752	-0.003411312355
2.339200019836	-0.003340464318
2.340800046921	-0.005606608465
2.342399835587	-0.005787856411
2.343999862671	-0.005906128325
2.345599889755	-0.003009536304
2.347199916840	-0.005537552293
2.348799943924	-0.005818000529
2.350399971008	-0.004533568397
2.351999998093	-0.004788320512
2.353600025177	-0.004114560317
2.355200052261	-0.006511632353
2.356799840927	-0.003582800273
2.358399868011	-0.005800240673
2.359999895096	-0.005936320405
2.361599922180	-0.004315504339
2.363199949265	-0.004775984213
2.364799976349	-0.004097648431
2.366400003433	-0.005575904623
2.368000030518	-0.005599008407
2.369600057602	-0.003997632302
2.371199846268	-0.005475056358
2.372799873352	-0.004791248590
2.374399900436	-0.006473264657
2.375999927521	-0.004780960269
2.377599954605	-0.005935552530
2.379199981689	-0.004166656174
2.380800008774	-0.005164592527
2.382400035858	-0.005323072430
2.383999824524	-0.005736320280
2.385599851608	-0.003413440194
2.387199878693	-0.005720992573
2.388799905777	-0.006517792586
2.390399932861	-0.004718896467
2.391999959946	-0.002383744111
2.393599987030	-0.007499744650
2.395200014114	-0.006308416370
2.396800041199	-0.003532448318
2.398399829865	-0.003611088265
2.399999856949	-0.005943312310
2.401599884033	-0.006331456359
2.403199911118	-0.003994464409
2.404799938202	-0.005685264245
2.406399965286	-0.004875312559
2.407999992371	-0.003557648277
2.409600019455	-0.005618128460
2.411200046539	-0.007038448472
2.412799835205	-0.003224656219
2.414399862289	-0.004146576393
2.415999889374	-0.005152736325
2.417599916458	-0.005820368417
2.419199943542	-0.005235728342
2.420799970627	-0.005416096654
2.422399997711	-0.005028768443
2.424000024796	-0.005396048538
2.425600051880	-0.003903936362
2.427199840546	-0.005212880671
2.428799867630	-0.005256960634
2.430399894714	-0.003307216335
2.431999921799	-0.004226816352
2.433599948883	-0.004860848188
2.435199975967	-0.005626320373
2.436800003052	-0.004019648302
2.438400030136	-0.003618928371
2.440000057220	-0.005103680305
2.441599845886	-0.005559776444
2.443199872971	-0.003813440213
2.444799900055	-0.003568224376
2.446399927139	-0.004594928585
2.447999954224	-0.005148224533
2.449599981308	-0.006228480488
2.451200008392	-0.005011184607
2.452800035477	-0.004194224253
2.454399824142	-0.005593680311
2.455999851227	-0.003609584179
2.457599878311	-0.003725968301
2.459199905396	-0.005572080612
2.460799932480	-0.004371024203
2.462399959564	-0.003311408218
2.463999986649	-0.003602416255
2.465600013733	-0.004904208239
2.467200040817	-0.004947552457
2.468799829483	-0.004843536299
2.470399856567	-0.006287552416
2.471999883652	-0.003781296313
2.473599910736	-0.003252800321
2.475199937820	-0.003936080262
2.476799964905	-0.005294432398
2.478399991989	-0.002727408195
2.480000019073	-0.003066528356
2.481600046158	-0.006847424433
2.483199834824	-0.006337952334
2.484799861908	-0.003293920308
2.486399888992	-0.003399712266
2.487999916077	-0.006278496701
2.489599943161	-0.005091344472
2.491199970245	-0.004364912398
2.492799997330	-0.004546720535
2.494400024414	-0.005635472480
2.496000051498	-0.005134624429
2.497599840164	-0.003316128161
2.499199867249	-0.004878048319
2.500799894333	-0.004549696576
2.502399921417	-0.005207664333
2.503999948502	-0.005641120486
2.505599975586	-0.004860736430
2.507200002670	-0.005247952417
2.508800029755	-0.004596928135
2.510399818420	-0.006925936788
2.511999845505	-0.006489296444
2.513599872589	-0.002825952135
2.515199899673	-0.005889552645
2.516799926758	-0.006413376424
2.518399953842	-0.005525728688
2.519999980927	-0.004514496308
2.521600008011	-0.005843424704
2.523200035095	-0.005192608573
2.524799823761	-0.004272720311
2.526399850845	-0.003930144478
2.527999877930	-0.006643376313
2.529599905014	-0.005645296536
2.531199932098	-0.003274592338
2.532799959183	-0.003894464346
2.534399986267	-0.006805360783
2.536000013351	-0.005349280313
2.537600040436	-0.004391536582
2.539199829102	-0.005187856499
2.540799856186	-0.006028992590
2.542399883270	-0.004697296303
2.543999910355	-0.004296064377
2.545599937439	-0.004916528706
2.547199964523	-0.004351264331
2.548799991608	-0.006622704677
2.550400018692	-0.003734304337
2.552000045776	-0.003744112328
2.553599834442	-0.003250672249
2.555199861526	-0.005973744672
2.556799888611	-0.004492400214
2.558399915695	-0.004395232536
2.559999942780	-0.004423184320
2.561599969864	-0.004583264235
2.563199996948	-0.003778832266
2.564800024033	-0.004836592358
2.566400051117	-0.004246432334
2.567999839783	-0.006754832808
2.569599866867	-0.004326640163
2.571199893951	-0.005875936244
2.572799921036	-0.005742352456
2.574399948120	-0.007370928768
2.575999975204	-0.006232176442
2.577600002289	-0.003785504261
2.579200029373	-0.002967888257
2.580799818039	-0.004560048226
2.582399845123	-0.005413072649
2.583999872208	-0.005695968401
2.585599899292	-0.004052464385
2.587199926376	-0.004458576441
2.588799953461	-0.006987776607
2.590399980545	-0.005056640599
2.592000007629	-0.002079120139
2.593600034714	-0.004654656164
2.595199823380	-0.005468128249
2.596799850464	-0.005255664233
2.598399877548	-0.005188992247
2.599999904633	-0.004563104361
2.601599931717	-0.006216784474
2.603199958801	-0.004040176515
2.604799985886	-0.005651792511
2.606400012970	-0.006010736339
2.608000040054	-0.003025472164
2.609599828720	-0.004008912481
2.611199855804	-0.005823088344
2.612799882889	-0.004428496584
2.614399909973	-0.004260400310
2.615999937057	-0.004961328581
2.617599964142	-0.006437312812
2.619199991226	-0.005386256613
2.620800018311	-0.005091440398
2.622400045395	-0.005126736593
2.623999834061	-0.006309504621
2.625599861145	-0.004462544341
2.627199888229	-0.005010352470
2.628799915314	-0.006840048824
2.630399942398	-0.006619408727
2.631999969482	-0.004709616303
2.633599996567	-0.004519456532
2.635200023651	-0.004260528367
2.636800050735	-0.005692160688
2.638399839401	-0.003778224345
2.639999866486	-0.004512384534
2.641599893570	-0.005031200591
2.643199920654	-0.004832592327
2.644799947739	-0.005650272593
2.646399974823	-0.006646320689
2.648000001907	-0.005295904353
2.649600028992	-0.005432000384
2.651199817657	-0.005274448544
2.652799844742	-0.005091680214
2.654399871826	-0.004899648484
2.655999898911	-0.004421328194
2.657599925995	-0.004568400327
2.659199953079	-0.006865424570
2.660799980164	-0.004795520566
2.662400007248	-0.004418432247
2.664000034332	-0.003674960230
2.665599822998	-0.007084112614
2.667199850082	-0.005936624482
2.668799877167	-0.005131968297
2.670399904251	-0.008122480474
2.671999931335	-0.005244816653
2.673599958420	-0.004607632291
2.675199985504	-0.004126240499
2.676800012589	-0.005201872438
2.678400039673	-0.004723728169
2.679999828339	-0.003417936154
2.681599855423	-0.006567104720
2.683199882507	-0.005854192190
2.684799909592	-0.003655376378
2.686399936676	-0.005165568553
2.687999963760	-0.006527488586
2.689599990845	-0.006623568479
2.691200017929	-0.003893648274
2.692800045013	-0.008488160558
2.694399833679	-0.006197824609
2.695999860764	-0.004855744541
2.697599887848	-0.005050736479
2.699199914932	-0.005807568319
2.700799942017	-0.007557920646
2.702399969101	-0.005389936268
2.703999996185	-0.004789632279
2.705600023270	-0.004588400479
2.707200050354	-0.006171760615
2.708799839020	-0.005898400676
2.710399866104	-0.005002976395
2.711999893188	-0.005792032462
2.713599920273	-0.004212624393
2.715199947357	-0.005416608416
2.716799974442	-0.006930704694
2.718400001526	-0.004890448414
2.720000028610	-0.005389328115
2.721599817276	-0.006354736630
2.723199844360	-0.006827072706
2.724799871445	-0.004853504244
2.726399898529	-0.004291216377
2.727999925613	-0.004141936544
2.729599952698	-0.005332672503
2.731199979782	-0.004307328258
2.732800006866	-0.004221008159
2.734400033951	-0.005757648498
2.735999822617	-0.007491136435
2.737599849701	-0.005367056467
2.739199876785	-0.003691232298
2.740799903870	-0.005356992595
2.742399930954	-0.005109328311
2.743999958038	-0.006007456686
2.745599985123	-0.003586672246
2.747200012207	-0.006242464297
2.748800039291	-0.007433440536
2.750399827957	-0.006030432414
2.751999855042	-0.004915088415
2.753599882126	-0.008111104369
2.755199909210	-0.007275472861
2.756799936295	-0.003568288172
2.758399963379	-0.005346096586
2.759999990463	-0.004123584367
2.761600017548	-0.005492784549
2.763200044632	-0.006035856437
2.764799833298	-0.004581936169
2.766399860382	-0.006498736329
2.767999887466	-0.007819968276
2.769599914551	-0.006299760658
2.771199941635	-0.006044512615
2.772799968719	-0.004661712330
2.774399995804	-0.005762672517
2.776000022888	-0.004096816294
2.777599811554	-0.006103648338
2.779199838638	-0.005944928620
2.780799865723	-0.004638352431
2.782399892807	-0.006784656551
2.783999919891	-0.006247776560
2.785599946976	-0.003982016351
2.787199974060	-0.004165488295
2.788800001144	-0.006754224654
2.790400028229	-0.006202672608
2.791999816895	-0.003805600340
2.793599843979	-0.006521280389
2.795199871063	-0.006073104683
2.796799898148	-0.005594160408
2.798399925232	-0.004951936193
2.799999952316	-0.005267712288
2.801599979401	-0.006176448427
2.803200006485	-0.004637088627
2.804800033569	-0.007542624604
2.806399822235	-0.004684336483
2.807999849319	-0.005820368417
2.809599876404	-0.004149488173
2.811199903488	-0.005552960560
2.812799930573	-0.005974880420
2.814399957657	-0.007005296648
2.815999984741	-0.004440608434
2.817600011826	-0.006931920536
2.819200038910	-0.006689248607
2.820799827576	-0.005696016364
2.822399854660	-0.005946912337
2.823999881744	-0.006807632744
2.825599908829	-0.003735408420
2.827199935913	-0.003830352332
2.828799962997	-0.006428960711
2.830399990082	-0.006004192401
2.832000017166	-0.004196032416
2.833600044250	-0.005547664594
2.835199832916	-0.008163088933
2.836799860001	-0.005741888657
2.838399887085	-0.002973504132
2.839999914169	-0.004340032581
2.841599941254	-0.006095392630
2.843199968338	-0.005100016482
2.844799995422	-0.004923264496
2.846400022507	-0.005757344421
2.847999811172	-0.006976768374
2.849599838257	-0.005526016466
2.851199865341	-0.005386288278
2.852799892426	-0.006452512462
2.854399919510	-0.005444304552
2.855999946594	-0.005310784560
2.857599973679	-0.005698784720
2.859200000763	-0.006671648473
2.860800027847	-0.006406240631
2.862399816513	-0.005052288529
2.863999843597	-0.006745328661
2.865599870682	-0.007241872605
2.867199897766	-0.005352256354
2.868799924850	-0.006040624343
2.870399951935	-0.006231120322
2.871999979019	-0.005555392243
2.873600006104	-0.003777040169
2.875200033188	-0.008098240942
2.876799821854	-0.005691280589
2.878399848938	-0.005104912445
2.879999876022	-0.005595520604
2.881599903107	-0.006554896478
2.883199930191	-0.005784688517
2.884799957275	-0.005525680259
2.886399984360	-0.006053840742
2.888000011444	-0.008363937028
2.889600038528	-0.006339168642
2.891199827194	-0.005037984345
2.892799854279	-0.005399760325
2.894399881363	-0.007291120477
2.895999908447	-0.005583168473
2.897599935532	-0.007316800766
2.899199962616	-0.006580336485
2.900799989700	-0.006034464575
2.902400016785	-0.005294304341
2.904000043869	-0.006770976353
2.905599832535	-0.006373472512
2.907199859619	-0.006855744403
2.908799886703	-0.006064080633
2.910399913788	-0.006771392655
2.911999940872	-0.007279456593
2.913599967957	-0.007427680772
2.915199995041	-0.006223376375
2.916800022125	-0.004393792246
2.918399810791	-0.005992096383
2.919999837875	-0.007931536995
2.921599864960	-0.005855728406
2.923199892044	-0.006598544773
2.924799919128	-0.006213840563
2.926399946213	-0.005011072382
2.927999973297	-0.005001552403
2.929600000381	-0.006276624277
2.931200027466	-0.005637440365
2.932799816132	-0.006001632661
2.934399843216	-0.006846144330
2.935999870300	-0.007238832768
2.937599897385	-0.005237952340
2.939199924469	-0.006310528610
2.940799951553	-0.005653264467
2.942399978638	-0.006261792500
2.944000005722	-0.006716512609
2.945600032806	-0.006387056317
2.947199821472	-0.006271024235
2.948799848557	-0.008252176456
2.950399875641	-0.006392160431
2.951999902725	-0.006461072247
2.953599929810	-0.005875056610
2.955199956894	-0.005627088714
2.956799983978	-0.005475168582
2.958400011063	-0.006975360680
2.960000038147	-0.006427072454
2.961599826813	-0.004008208402
2.963199853897	-0.006223232485
2.964799880981	-0.006461392622
2.966399908066	-0.004799472634
2.967999935150	-0.006931296550
2.969599962234	-0.006899968721
2.971199989319	-0.005201136693
2.972800016403	-0.003941520117
2.974400043488	-0.006705008447
2.975999832153	-0.006704272702
2.977599859238	-0.005135184620
2.979199886322	-0.004608208314
2.980799913406	-0.005836544558
2.982399940491	-0.007140768692
2.983999967575	-0.005212192424
2.985599994659	-0.005702688359
2.987200021744	-0.006787552498
2.988799810410	-0.006853872444
2.990399837494	-0.005189488176
2.991999864578	-0.004033152480
2.993599891663	-0.006312368438
2.995199918747	-0.007215200458
2.996799945831	-0.005646816455
2.998399972916	-0.005710624624
3.000000000000	-0.006414992735
3.001600027084	-0.007520560641
3.003199815750	-0.006617632695
3.004799842834	-0.006721120328
3.006399869919	-0.006052736659
3.007999897003	-0.005735632498
3.009599924088	-0.005799104460
3.011199951172	-0.004857568536
3.012799978256	-0.006160272285
3.014400005341	-0.006121088285
3.016000032425	-0.005605376326
3.017599821091	-0.006325712427
3.019199848175	-0.006101520266
3.020799875259	-0.005392176565
3.022399902344	-0.007215360645
3.023999929428	-0.006878272630
3.025599956512	-0.003226400353
3.027199983597	-0.004994704388
3.028800010681	-0.006113216747
3.030400037766	-0.006734080613
3.031999826431	-0.005439152475
3.033599853516	-0.005656608380
3.035199880600	-0.007081568707
3.036799907684	-0.006446880754
3.038399934769	-0.004502816126
3.039999961853	-0.004155216273
3.041599988937	-0.007482240442
3.043200016022	-0.004887216259
3.044799804687	-0.004074368160
3.046399831772	-0.007007328793
3.047999858856	-0.006882944610
3.049599885941	-0.006334640551
3.051199913025	-0.006171344779
3.052799940109	-0.005341152661
3.054399967194	-0.006287392695
3.055999994278	-0.006562384311
3.057600021362	-0.004794688430
3.059199810028	-0.005948496517
3.060799837112	-0.006331584416
3.062399864197	-0.005666576326
3.063999891281	-0.006349632517
3.065599918365	-0.006348144729
3.067199945450	-0.005398416426
3.068799972534	-0.008022977039
3.070399999619	-0.008265584707
3.072000026703	-0.005239216611
3.073599815369	-0.005919328425
3.075199842453	-0.007241856772
3.076799869537	-0.004599568434
3.078399896622	-0.005158640444
3.079999923706	-0.006293360610
3.081599950790	-0.003441472305
3.083199977875	-0.006930064410
3.084800004959	-0.006384432316
3.086400032043	-0.005334320478
3.087999820709	-0.006374672521
3.089599847794	-0.006703632418
3.091199874878	-0.005978192668
3.092799901962	-0.005117328372
3.094399929047	-0.006896928418
3.095999956131	-0.006245216355
3.097599983215	-0.006205376703
3.099200010300	-0.007837136276
3.100800037384	-0.006633968558
3.102399826050	-0.005930096377
3.103999853134	-0.005917552393
3.105599880219	-0.005440224428
3.107199907303	-0.004809008446
3.108799934387	-0.004725680221
3.110399961472	-0.005660768598
3.111999988556	-0.006804176606
3.113600015640	-0.005686592311
3.115199804306	-0.006130448543
3.116799831390	-0.006003792398
3.118399858475	-0.007116128691
3.119999885559	-0.007771232631
3.121599912643	-0.008006480522
3.123199939728	-0.005748144351
3.124799966812	-0.005434288643
3.126399993896	-0.005474048667
3.128000020981	-0.006998272613
3.129599809647	-0.006830816623
3.131199836731	-0.006083664484
3.132799863815	-0.005194944330
3.134399890900	-0.007172528654
3.135999917984	-0.008031632751
3.137599945068	-0.005258912221
3.139199972153	-0.006933664437
3.140799999237	-0.009466161020
3.142400026321	-0.007593040820
3.143999814987	-0.006117984653
3.145599842072	-0.005740288179
3.147199869156	-0.007163536735
3.148799896240	-0.008720832877
3.150399923325	-0.004854304250
3.151999950409	-0.005438928492
3.153599977493	-0.006249808706
3.155200004578	-0.006816896610
3.156800031662	-0.006050032564
3.158399820328	-0.008810033090
3.159999847412	-0.006004832685
3.161599874496	-0.005487936549
3.163199901581	-0.008846480399
3.164799928665	-0.006722080521
3.166399955750	-0.007396256551
3.167999982834	-0.006837136578
3.169600009918	-0.005855584517
3.171200037003	-0.006645296700
3.172799825668	-0.006793712731
3.174399852753	-0.007124016527
3.175999879837	-0.008228032850
3.177599906921	-0.006079152692
3.179199934006	-0.005337024573
3.180799961090	-0.005372880492
3.182399988174	-0.007064864505
3.184000015259	-0.005418576300
3.185599803925	-0.006469120737
3.187199831009	-0.005065360572
3.188799858093	-0.007529904600
3.190399885178	-0.009039744735
3.191999912262	-0.005198272411
3.193599939346	-0.006305952556
3.195199966431	-0.007826320827
3.196799993515	-0.006989552639
3.198400020599	-0.004562176298
3.199999809265	-0.005742560606
3.201599836349	-0.006737904623
3.203199863434	-0.005886464380
3.204799890518	-0.005932320375
3.206399917603	-0.006299712695
3.207999944687	-0.005682912655
3.209599971771	-0.006002768409
3.211199998856	-0.006392448675
3.212800025940	-0.006235024426
3.214399814606	-0.005123424344
3.215999841690	-0.005198688246
3.217599868774	-0.006646992639
3.219199895859	-0.006439856719
3.220799922943	-0.006352128461
3.222399950027	-0.005947952624
3.223999977112	-0.005806848407
3.225600004196	-0.005281216465
3.227200031281	-0.006884656381
3.228799819946	-0.007194224745
3.230399847031	-0.006095632445
3.231999874115	-0.005170352291
3.233599901199	-0.005045296624
3.235199928284	-0.008056672290
3.236799955368	-0.006462560501
3.238399982452	-0.008445664309
3.240000009537	-0.005794080440
3.241600036621	-0.007022192702
3.243199825287	-0.007387648802
3.244799852371	-0.006666480564
3.246399879456	-0.006594112609
3.247999906540	-0.007641824428
3.249599933624	-0.006442304701
3.251199960709	-0.005477696657
3.252799987793	-0.006594400387
3.254400014877	-0.008447136730
3.255999803543	-0.004688048270
3.257599830627	-0.004905600566
3.259199857712	-0.006053888705
3.260799884796	-0.007091024425
3.262399911880	-0.003852384398
3.263999938965	-0.007447648793
3.265599966049	-0.005892080721
3.267199993134	-0.009066432714
3.268800020218	-0.008620704524
3.270399808884	-0.007860912941
3.271999835968	-0.006606608629
3.273599863052	-0.007359056734
3.275199890137	-0.007724640425
3.276799917221	-0.005468944553
3.278399944305	-0.007646240760
3.279999971390	-0.007251744624
3.281599998474	-0.007653840818
3.283200025558	-0.006894496735
3.284799814224	-0.006149040535
3.286399841309	-0.005709536374
3.287999868393	-0.007582864724
3.289599895477	-0.007028976455
3.291199922562	-0.005872624461
3.292799949646	-0.004885536619
3.294399976730	-0.007140112575
3.296000003815	-0.005990320351
3.297600030899	-0.006554592401
3.299199819565	-0.007451488636
3.300799846649	-0.006766624749
3.302399873734	-0.004660432227
3.303999900818	-0.005571632180
3.305599927902	-0.005366592668
3.307199954987	-0.006333536468
3.308799982071	-0.003862016369
3.310400009155	-0.008786624297
3.311999797821	-0.006485264748
3.313599824905	-0.006017984357
3.315199851990	-0.005278688390
3.316799879074	-0.009485648945
3.318399906158	-0.006563968491
3.319999933243	-0.008346688934
3.321599960327	-0.006521376781
3.323199987411	-0.006841312628
3.324800014496	-0.004538432229
3.326399803162	-0.005693440326
3.327999830246	-0.007324192673
3.329599857330	-0.007116080727
3.331199884415	-0.006254976615
3.332799911499	-0.005889872555
3.334399938583	-0.008335856721
3.335999965668	-0.008203424513
3.337599992752	-0.006884896662
3.339200019836	-0.004668480251
3.340799808502	-0.006998560391
3.342399835587	-0.008489760570
3.343999862671	-0.007138768677
3.345599889755	-0.006058336701
3.347199916840	-0.006495600566
3.348799943924	-0.008893776685
3.350399971008	-0.006953824777
3.351999998093	-0.005985936616
3.353600025177	-0.007503360510
3.355199813843	-0.004596640356
3.356799840927	-0.007579520810
3.358399868011	-0.005985952448
3.359999895096	-0.006380224600
3.361599922180	-0.006365536712
3.363199949265	-0.008286353201
3.364799976349	-0.006444656756
3.366400003433	-0.005854944699
3.368000030518	-0.004748368170
3.369599819183	-0.007145856507
3.371199846268	-0.008933616802
3.372799873352	-0.007352368440
3.374399900436	-0.006277792621
3.375999927521	-0.007991616614
3.377599954605	-0.007623136509
3.379199981689	-0.005972448736
3.380800008774	-0.007470560726
3.382399797440	-0.005899648648
3.383999824524	-0.005940816365
3.385599851608	-0.006742336787
3.387199878693	-0.009364000522
3.388799905777	-0.006990336813
3.390399932861	-0.005482480396
3.391999959946	-0.006014304701
3.393599987030	-0.006406608503
3.395200014114	-0.006518272683
3.396799802780	-0.006236368790
3.398399829865	-0.007176864427
3.399999856949	-0.008695712313
3.401599884033	-0.005356720649
3.403199911118	-0.006459328346
3.404799938202	-0.010107953101
3.406399965286	-0.007462928537
3.407999992371	-0.004904256202
3.409600019455	-0.006714784540
3.411199808121	-0.007425408810
3.412799835205	-0.006489968393
3.414399862289	-0.007800624706
3.415999889374	-0.007785856724
3.417599916458	-0.007145584561
3.419199943542	-0.007383392658
3.420799970627	-0.005599360447
3.422399997711	-0.007837312296
3.424000024796	-0.008661152795
3.425599813461	-0.004712496419
3.427199840546	-0.006610272452
3.428799867630	-0.007861104794
3.430399894714	-0.004256416578
3.431999921799	-0.006198880728
3.433599948883	-0.006950816605
3.435199975967	-0.007048672531
3.436800003052	-0.005990816746
3.438400030136	-0.004478720482
3.439999818802	-0.006285552401
3.441599845886	-0.009892849252
3.443199872971	-0.006313552614
3.444799900055	-0.004561872222
3.446399927139	-0.007100400515
3.447999954224	-0.008878529072
3.449599981308	-0.008772288449
3.451200008392	0.010905024596
