0.000000000000	0.019895745441
0.001599999960	0.022067906335
0.003199999919	0.020712561905
0.004799999762	0.021903585643
0.006399999838	0.020673073828
0.007999999449	0.019465377554
0.009599999525	0.020167937502
0.011199999601	0.019489360973
0.012799999677	0.018249008805
0.014399999753	0.019372370094
0.015999998897	0.018747553229
0.017599999905	0.018048336729
0.019199999049	0.017735505477
0.020800000057	0.017497938126
0.022399999201	0.016374561936
0.024000000209	0.015463025309
0.025599999353	0.016054512933
0.027199998498	0.014571633190
0.028799999505	0.015031473711
0.030399998650	0.013818353415
0.031999997795	0.015386961401
0.033599998802	0.014116561040
0.035199999809	0.014928816818
0.036800000817	0.014528833330
0.038399998099	0.014787857421
0.039999999106	0.014564065263
0.041600000113	0.013855377212
0.043199997395	0.014775953256
0.044799998403	0.013714240864
0.046399999410	0.013410321437
0.048000000417	0.012859521434
0.049599997699	0.013904497027
0.051199998707	0.014158048667
0.052799999714	0.013919200748
0.054399996996	0.013417249545
0.055999998003	0.012290337123
0.057599999011	0.011473872699
0.059200000018	0.013084305450
0.060799997300	0.011821377091
0.062399998307	0.011567712761
0.063999995589	0.012414961122
0.065600000322	0.013009808958
0.067199997604	0.012133104727
0.068799994886	0.013155553490
0.070399999619	0.012543168850
0.071999996901	0.012815376744
0.073600001633	0.011650176719
0.075199998915	0.010720352642
0.076799996197	0.013394112699
0.078400000930	0.013404353522
0.079999998212	0.011080496944
0.081599995494	0.010395840742
0.083200000226	0.011922192760
0.084799997509	0.013061457314
0.086399994791	0.011304801330
0.087999999523	0.012472225353
0.089599996805	0.010819264688
0.091199994087	0.010426832363
0.092799998820	0.011669233441
0.094399996102	0.011843280867
0.096000000834	0.012173200957
0.097599998116	0.009671584703
0.099199995399	0.009999329224
0.100800000131	0.010679745115
0.102399997413	0.010258944705
0.103999994695	0.010560576804
0.105599999428	0.011021953076
0.107199996710	0.010535216890
0.108799993992	0.009845009074
0.110399998724	0.010681777261
0.111999996006	0.010827888735
0.113600000739	0.010458304547
0.115199998021	0.009885952808
0.116799995303	0.010730384849
0.118400000036	0.009641745128
0.119999997318	0.011440944858
0.121599994600	0.010867216624
0.123199999332	0.010704048909
0.124799996614	0.011302656494
0.126399993896	0.011814192869
0.127999991179	0.010160320438
0.129600003362	0.009555520490
0.131200000644	0.009703248739
0.132799997926	0.011877937242
0.134399995208	0.008104193024
0.135999992490	0.010542592965
0.137599989772	0.011527537368
0.139200001955	0.011641296558
0.140799999237	0.010245168582
0.142399996519	0.009977617301
0.143999993801	0.008807472885
0.145599991083	0.010630817153
0.147200003266	0.009796161205
0.148800000548	0.010042624548
0.150399997830	0.009598609060
0.151999995112	0.009530832991
0.153599992394	0.010720225051
0.155199989676	0.009700512514
0.156800001860	0.010374208912
0.158399999142	0.009867376648
0.159999996424	0.009917585179
0.161599993706	0.009601265192
0.163199990988	0.009255584329
0.164800003171	0.009172736667
0.166400000453	0.009666113183
0.167999997735	0.009172656573
0.169599995017	0.009028800763
0.171199992299	0.009726352990
0.172799989581	0.009685920551
0.174400001764	0.008575264364
0.175999999046	0.009337280877
0.177599996328	0.007776000537
0.179199993610	0.009339520708
0.180799990892	0.008645297028
0.182399988174	0.008689600974
0.184000000358	0.008500112221
0.185599997640	0.009088528343
0.187199994922	0.008795392700
0.188799992204	0.008251808584
0.190399989486	0.008519408293
0.192000001669	0.010120593011
0.193599998951	0.008125408553
0.195199996233	0.008493265137
0.196799993515	0.009090208448
0.198399990797	0.008936672471
0.199999988079	0.009292576462
0.201600000262	0.008614640683
0.203199997544	0.008814176545
0.204799994826	0.008850016631
0.206399992108	0.007870976813
0.207999989390	0.009805888869
0.209600001574	0.009733616374
0.211199998856	0.008314944804
0.212799996138	0.007694048807
0.214399993420	0.008993376978
0.215999990702	0.009849472903
0.217599987984	0.008148080669
0.219200000167	0.007229040377
0.220799997449	0.007400288712
0.222399994731	0.009713152424
0.223999992013	0.008648401126
0.225599989295	0.008134640753
0.227200001478	0.007492960431
0.228799998760	0.007967280224
0.230399996042	0.008055312559
0.231999993324	0.006985728629
0.233599990606	0.007715648506
0.235199987888	0.007979760878
0.236800000072	0.007818336599
0.238399997354	0.008360480890
0.239999994636	0.008106288500
0.241599991918	0.008342480287
0.243199989200	0.007134080399
0.244799986482	0.008991792798
0.246399998665	0.008173552342
0.247999995947	0.006709616631
0.249599993229	0.008370736614
0.251199990511	0.007536240388
0.252799987793	0.006233744323
0.254399985075	0.007353040855
0.255999982357	0.009702528827
0.257599979639	0.007046304643
0.259200006723	0.006307600532
0.260800004005	0.007030288689
0.262400001287	0.006600864697
0.263999998569	0.007073456421
0.265599995852	0.007193296682
0.267199993134	0.007927152328
0.268799990416	0.008183169179
0.270399987698	0.008076896891
0.271999984980	0.007513632532
0.273599982262	0.006672656629
0.275199979544	0.007027360611
0.276800006628	0.008434752934
0.278400003910	0.007455616724
0.280000001192	0.005494224373
0.281599998474	0.005549696274
0.283199995756	0.005773744546
0.284799993038	0.007448400836
0.286399990320	0.006458624266
0.287999987602	0.007896096446
0.289599984884	0.007599776611
0.291199982166	0.007100656629
0.292799979448	0.005301168188
0.294400006533	0.006379920524
0.296000003815	0.006940160412
0.297600001097	0.006053936668
0.299199998379	0.005786512513
0.300799995661	0.006583264563
0.302399992943	0.006668960676
0.303999990225	0.007295584772
0.305599987507	0.005187776405
0.307199984789	0.006318272557
0.308799982071	0.006443312392
0.310399979353	0.006195056718
0.312000006437	0.007505152375
0.313600003719	0.006524960510
0.315200001001	0.007114560809
0.316799998283	0.007694128901
0.318399995565	0.006322944537
0.319999992847	0.005511168391
0.321599990129	0.005746528506
0.323199987411	0.007673536427
0.324799984694	0.006225344725
0.326399981976	0.004893216304
0.327999979258	0.006507232320
0.329600006342	0.006467648782
0.331200003624	0.006100272294
0.332800000906	0.006877056789
0.334399998188	0.005898496602
0.335999995470	0.007227824535
0.337599992752	0.005297488533
0.339199990034	0.006652960554
0.340799987316	0.004977904260
0.342399984598	0.007335264701
0.343999981880	0.007499456406
0.345599979162	0.003555056173
0.347199976444	0.006040576380
0.348800003529	0.006819696631
0.350400000811	0.005615568254
0.351999998093	0.006005776580
0.353599995375	0.005143264309
0.355199992657	0.005349696148
0.356799989939	0.006033744663
0.358399987221	0.007081296761
0.359999984503	0.004618128296
0.361599981785	0.004632320255
0.363199979067	0.005208688322
0.364799976349	0.005915200338
0.366400003433	0.005646112375
0.368000000715	0.004011136480
0.369599997997	0.005758544430
0.371199995279	0.006382384337
0.372799992561	0.004365504254
0.374399989843	0.006096032448
0.375999987125	0.004288048483
0.377599984407	0.004849520512
0.379199981689	0.003382496303
0.380799978971	0.003640144365
0.382399976254	0.004307984374
0.384000003338	0.004046160262
0.385600000620	0.005255216267
0.387199997902	0.006018368527
0.388799995184	0.003773456207
0.390399992466	0.004479168449
0.391999989748	0.005406672601
0.393599987030	0.004110560287
0.395199984312	0.004669840448
0.396799981594	0.004127008375
0.398399978876	0.004376544151
0.399999976158	0.004046016373
0.401600003242	0.005061984528
0.403200000525	0.004705728497
0.404799997807	0.004169392399
0.406399995089	0.003790560178
0.407999992371	0.004139088094
0.409599989653	0.005764448550
0.411199986935	0.004905824549
0.412799984217	0.004468960222
0.414399981499	0.004600912333
0.415999978781	0.005953888409
0.417599976063	0.006372112315
0.419200003147	0.003738496220
0.420800000429	0.004751232453
0.422399997711	0.004923472647
0.423999994993	0.003696352243
0.425599992275	0.005301232450
0.427199989557	0.004502752330
0.428799986839	0.003919296432
0.430399984121	0.004111648537
0.431999981403	0.003927472513
0.433599978685	0.002975472249
0.435199975967	0.003760080319
0.436800003052	0.004327456467
0.438400000334	0.004987120163
0.439999997616	0.002621184103
0.441599994898	0.004889920354
0.443199992180	0.004279984161
0.444799989462	0.005177072249
0.446399986744	0.003094048239
0.447999984026	0.003836400341
0.449599981308	0.004599648528
0.451199978590	0.002997984178
0.452799975872	0.003000656143
0.454400002956	0.003912528511
0.456000000238	0.003588816384
0.457599997520	0.003291552188
0.459199994802	0.002811248181
0.460799992085	0.003411392216
0.462399989367	0.003859072225
0.463999986649	0.004466880113
0.465599983931	0.004882960580
0.467199981213	0.002788992133
0.468799978495	0.004393184558
0.470399975777	0.004763088189
0.472000002861	0.004498736467
0.473600000143	0.003120848211
0.475199997425	0.002522752155
0.476799994707	0.003717248328
0.478399991989	0.003572672140
0.479999989271	0.002684928244
0.481599986553	0.002853120212
0.483199983835	0.001758032129
0.484799981117	0.003866976360
0.486399978399	0.003717392217
0.487999975681	0.004451600369
0.489599972963	0.004600944463
0.491200000048	0.003033744171
0.492799997330	0.003305264283
0.494399994612	0.003770912299
0.495999991894	0.003924768418
0.497599989176	0.002431712113
0.499199986458	0.002542512259
0.500800013542	0.001926672179
0.502399981022	0.002695616102
0.504000008106	0.003105328185
0.505599975586	0.002527712146
0.507200002670	0.001957840053
0.508799970150	0.001815088093
0.510399997234	0.002006448107
0.511999964714	0.001950192149
0.513599991798	0.004649600480
0.515199959278	0.002488592174
0.516799986362	0.002294272184
0.518400013447	0.003678928362
0.519999980927	0.001785488101
0.521600008011	0.002515680157
0.523199975491	0.002613936318
0.524800002575	0.002767984290
0.526399970055	0.002342512133
0.527999997139	0.001782080159
0.529599964619	0.003279920202
0.531199991703	0.002116992138
0.532799959183	0.002015568083
0.534399986267	0.000480448041
0.536000013351	0.004099408165
0.537599980831	0.002442800207
0.539200007915	0.002957728226
0.540799975395	0.002591968281
0.542400002480	0.004433136433
0.543999969959	0.002962768311
0.545599997044	0.000547872041
0.547199964523	0.002061120234
0.548799991608	0.003776784288
0.550399959087	0.001393584185
0.551999986172	0.001862512087
0.553600013256	0.002172672190
0.555199980736	0.003930464387
0.556800007820	0.001023792080
0.558399975300	0.002653760137
0.560000002384	0.001151776058
0.561599969864	0.001798112178
0.563199996948	0.002143360209
0.564799964428	0.003199296305
0.566399991512	0.001076416112
0.567999958992	0.001280784025
0.569599986076	0.001344240038
0.571200013161	0.001516288146
0.572799980640	0.001963504124
0.574400007725	0.002396112075
0.575999975204	0.000477744063
0.577600002289	0.001053184154
0.579199969769	0.000285632035
0.580799996853	0.001475760131
0.582399964333	0.000032208005
0.583999991417	0.001941584167
0.585599958897	0.001175936079
0.587199985981	0.001633536071
0.588800013065	0.002636496210
0.590399980545	0.001371360151
0.592000007629	0.001638032147
0.593599975109	0.001217968063
0.595200002193	0.002115968149
0.596799969673	0.001889552223
0.598399996758	0.001036896138
0.599999964237	0.001053568092
0.601599991322	0.000843968010
0.603199958801	0.001300912001
0.604799985886	0.002250768244
0.606400012970	0.000447200087
0.607999980450	0.000998336123
0.609600007534	0.001898128190
0.611199975014	0.001770736068
0.612800002098	0.000682096055
0.614399969578	0.001570784138
0.615999996662	0.001605120138
0.617599964142	0.001605760073
0.619199991226	0.000769456092
0.620799958706	0.002721488243
0.622399985790	0.003908144310
0.624000012875	0.000141040044
0.625599980354	0.000327360001
0.627200007439	0.001305696089
0.628799974918	0.000474320055
0.630400002003	-0.000382656057
0.631999969482	0.001132128062
0.633599996567	0.001243856153
0.635199964046	0.000581023982
0.636799991131	0.000704256061
0.638399958611	0.000778560061
0.639999985695	0.002149264095
0.641600012779	0.001600640127
0.643199980259	0.001832336187
0.644800007343	0.002020800253
0.646399974823	0.001922688214
0.648000001907	0.001631824067
0.649599969387	-0.000012208022
0.651199996471	0.000364192034
0.652799963951	0.000421584060
0.654399991035	0.000321120024
0.655999958515	0.000656352029
0.657599985600	-0.000465680059
0.659200012684	0.000596576079
0.660799980164	-0.000757824047
0.662400007248	0.001776416088
0.663999974728	0.000417280069
0.665600001812	0.000693376060
0.667199969292	0.002564464230
0.668799996376	0.000861360051
0.670399963856	0.001612608088
0.671999990940	0.000040815994
0.673599958420	0.000509344041
0.675199985504	0.001159968087
0.676800012589	0.000854640035
0.678399980068	0.001520128106
0.680000007153	0.000955008029
0.681599974632	0.001398096094
0.683200001717	0.000374656025
0.684799969196	0.002041920088
0.686399996281	-0.000252640079
0.687999963760	-0.000661088037
0.689599990845	0.001223744126
0.691199958324	-0.000629136048
0.692799985409	0.000842816080
0.694399952888	0.001101152040
0.695999979973	0.001753136166
0.697600007057	-0.000493024010
0.699199974537	-0.000198304013
0.700800001621	0.001355664106
0.702399969101	-0.000431168039
0.703999996185	-0.001071360079
0.705599963665	-0.000912752119
0.707199990749	0.000354496005
0.708799958229	0.000377904013
0.710399985313	-0.000002192014
0.711999952793	-0.000194111999
0.713599979877	0.001099472051
0.715200006962	-0.001033808105
0.716799974442	0.000244416035
0.718400001526	0.000600288040
0.719999969006	-0.000211888051
0.721599996090	-0.000843680056
0.723199963570	0.001415440114
0.724799990654	-0.000059775994
0.726399958134	-0.001060720067
0.727999985218	-0.001319184084
0.729599952698	-0.000304400019
0.731199979782	0.000369088026
0.732800006866	-0.000894928060
0.734399974346	0.000275952014
0.736000001431	0.001636336092
0.737599968910	0.000729792111
0.739199995995	-0.000568896008
0.740799963474	-0.000276927982
0.742399990559	0.000198512018
0.743999958038	0.000144255959
0.745599985123	-0.000696624047
0.747199952602	-0.000852624071
0.748799979687	-0.001057120156
0.750400006771	-0.000453840039
0.751999974251	0.000352528034
0.753600001335	-0.000525776064
0.755199968815	0.000098447985
0.756799995899	0.000875616039
0.758399963379	0.000128256012
0.759999990463	-0.001806192100
0.761599957943	-0.000387024047
0.763199985027	-0.000420464086
0.764799952507	0.000591984077
0.766399979591	-0.001469680108
0.768000006676	-0.001445184113
0.769599974155	-0.000094848008
0.771200001240	-0.000688496046
0.772799968719	-0.002243744209
0.774399995804	0.000271024037
0.775999963284	-0.000531040016
0.777599990368	-0.001002032077
0.779199957848	-0.002530480269
0.780799984932	-0.000836528023
0.782399952412	-0.000193136017
0.783999979496	0.000469872059
0.785600006580	-0.001011904096
0.787199974060	-0.001847984153
0.788800001144	-0.000760304101
0.790399968624	-0.001158192172
0.791999995708	0.000001584000
0.793599963188	-0.002148384228
0.795199990273	-0.000586752023
0.796799957752	-0.000841424044
0.798399984837	-0.000830000034
0.799999952316	-0.002073696116
0.801599979401	-0.001863568206
0.803200006485	-0.000286480004
0.804799973965	-0.001908480190
0.806400001049	-0.003022112185
0.807999968529	-0.001402608119
0.809599995613	-0.000940848084
0.811199963093	-0.001322496100
0.812799990177	-0.000853984035
0.814399957657	-0.001162672066
0.815999984741	-0.000698544085
0.817599952221	0.000615312019
0.819199979305	-0.000624272041
0.820800006390	-0.001426976174
0.822399973869	-0.000618384045
0.824000000954	-0.001008480089
0.825599968433	-0.001111456077
0.827199995518	-0.001180656138
0.828799962997	-0.001394304098
0.830399990082	-0.001300576143
0.831999957561	-0.001449264120
0.833599984646	-0.002179008210
0.835199952126	-0.001964960247
0.836799979210	-0.001647968194
0.838400006294	-0.000373104005
0.839999973774	-0.000616480072
0.841600000858	0.000139408046
0.843199968338	-0.000625936082
0.844799995422	-0.001086128061
0.846399962902	-0.002623872133
0.847999989986	0.000288448005
0.849599957466	0.001490176190
0.851199984550	-0.002440544078
0.852799952030	-0.001441328088
0.854399979115	-0.002087696223
0.856000006199	-0.001327392180
0.857599973679	-0.001886848127
0.859200000763	-0.001896096161
0.860799968243	-0.002513200277
0.862399995327	-0.001443072106
0.863999962807	-0.001311536063
0.865599989891	-0.001187312067
0.867199957371	-0.001819872065
0.868799984455	-0.002523680218
0.870399951935	-0.000056943998
0.871999979019	-0.001513104187
0.873600006104	-0.000335119985
0.875199973583	-0.001802000101
0.876800000668	-0.002644912340
0.878399968147	-0.002899216255
0.879999995232	-0.002317600185
0.881599962711	-0.001011920045
0.883199989796	-0.001143856090
0.884799957275	0.000740816060
0.886399984360	-0.000603296037
0.887999951839	-0.002349904273
0.889599978924	-0.001755792182
0.891200006008	-0.001156480052
0.892799973488	-0.003072032239
0.894400000572	-0.001544992090
0.895999968052	-0.002034112113
0.897599995136	-0.001954144100
0.899199962616	-0.001630144194
0.900799989700	0.001293520094
0.902399957180	-0.000762864074
0.903999984264	-0.001064896118
0.905599951744	-0.002675072290
0.907199978828	-0.003578240285
0.908800005913	-0.001631856197
0.910399973392	-0.001106768032
0.912000000477	-0.001340336166
0.913599967957	-0.003455536207
0.915199995041	-0.001126272022
0.916799962521	-0.000881424116
0.918399989605	-0.003448640229
0.919999957085	-0.002721072175
0.921599984169	-0.001554976101
0.923199951649	-0.002134064212
0.924799978733	-0.002530768281
0.926400005817	-0.000920480059
0.927999973297	-0.003416240215
0.929600000381	-0.003667520359
0.931199967861	-0.001729168114
0.932799994946	-0.003620096250
0.934399962425	-0.003213072196
0.935999989510	-0.000561632041
0.937599956989	-0.001830880181
0.939199984074	-0.003438400337
0.940799951553	-0.001671952195
0.942399978638	-0.001116464147
0.944000005722	-0.000747328042
0.945599973202	-0.003435088322
0.947200000286	-0.001169216121
0.948799967766	-0.000820944028
0.950399994850	-0.004782512318
0.951999962330	-0.001630720100
0.953599989414	-0.002082800260
0.955199956894	-0.002966608154
0.956799983978	-0.001000144170
0.958399951458	-0.002846544143
0.959999978542	-0.004392592236
0.961599946022	-0.001658080146
0.963199973106	-0.002155952156
0.964800000191	-0.001320480136
0.966399967670	-0.003615680384
0.967999994755	-0.001841344172
0.969599962234	-0.000684160041
0.971199989319	-0.002362560248
0.972799956799	-0.000857792038
0.974399983883	-0.003203760367
0.975999951363	-0.002547232201
0.977599978447	-0.001286736107
0.979199945927	-0.002257920103
0.980799973011	-0.002621712163
0.982400000095	-0.002994720126
0.983999967575	-0.002006656257
0.985599994659	-0.003380560316
0.987199962139	-0.002248768229
0.988799989223	-0.000960832054
0.990399956703	-0.001331344130
0.991999983788	-0.001111904043
0.993599951267	-0.001358448062
0.995199978352	-0.002501136158
0.996799945831	-0.001134080114
0.998399972916	-0.003123472212
1.000000000000	-0.004339456558
1.001600027084	-0.001875328133
1.003199934959	-0.001671360107
1.004799962044	-0.004392864183
1.006399989128	-0.002988624154
1.008000016212	-0.001951824175
1.009599924088	-0.004412320442
1.011199951172	-0.002041584114
1.012799978256	-0.001031600055
1.014400005341	-0.002677952172
1.016000032425	-0.003972896375
1.017599940300	-0.002157744253
1.019199967384	-0.000637104094
1.020799994469	-0.001940480201
1.022400021553	-0.002608256182
1.023999929428	-0.002029728144
1.025599956512	-0.002308352152
1.027199983597	-0.003589728381
1.028800010681	-0.002877696184
1.030399918556	-0.002812272171
1.031999945641	-0.003010560293
1.033599972725	-0.003743648296
1.035199999809	-0.003635376226
1.036800026894	-0.000328031951
1.038399934769	-0.002708400134
1.039999961853	-0.002448160201
1.041599988937	-0.002841744339
1.043200016022	-0.002492832253
1.044799923897	-0.002783456119
1.046399950981	-0.003646624275
1.047999978065	-0.003005616367
1.049600005150	-0.003645984456
1.051200032234	-0.005249104463
1.052799940109	-0.002799504204
1.054399967194	-0.002206368139
1.055999994278	-0.002697040327
1.057600021362	-0.003434096230
1.059199929237	-0.002929792274
1.060799956322	-0.003956704400
1.062399983406	-0.002045584144
1.064000010490	-0.005069008563
1.065599918365	-0.002974592149
1.067199945450	-0.002858096268
1.068799972534	-0.002308896277
1.070399999619	-0.002069456037
1.072000026703	-0.004302512389
1.073599934578	-0.002098320052
1.075199961662	-0.004295072518
1.076799988747	-0.003162368201
1.078400015831	-0.001278688200
1.079999923706	-0.003312288318
1.081599950790	-0.003766080365
1.083199977875	-0.001560016070
1.084800004959	-0.002412720118
1.086400032043	-0.003556928365
1.087999939919	-0.004032688215
1.089599967003	-0.003108352190
1.091199994087	-0.003556864336
1.092800021172	-0.003062352305
1.094399929047	-0.003435568418
1.095999956131	-0.002640960272
1.097599983215	-0.004190048203
1.099200010300	-0.002474288223
1.100799918175	-0.002317936160
1.102399945259	-0.002871568315
1.103999972343	-0.004013424274
1.105599999428	-0.004116784316
1.107200026512	-0.004362304229
1.108799934387	-0.003854528302
1.110399961472	-0.003741456429
1.111999988556	-0.001496768207
1.113600015640	-0.003780528205
1.115199923515	-0.004450368229
1.116799950600	-0.002801456256
1.118399977684	-0.003608752275
1.120000004768	-0.003853456350
1.121599912643	-0.003120304318
1.123199939728	-0.003436288331
1.124799966812	-0.004068032373
1.126399993896	-0.003884032369
1.128000020981	-0.002828080207
1.129599928856	-0.002607808216
1.131199955940	-0.004368880298
1.132799983025	-0.003962848336
1.134400010109	-0.004784512334
1.135999917984	-0.004139856435
1.137599945068	-0.003349904204
1.139199972153	-0.002450480126
1.140799999237	-0.003776240395
1.142400026321	-0.003084544325
1.143999934196	-0.002839664230
1.145599961281	-0.004452336580
1.147199988365	-0.002953616204
1.148800015450	-0.001680528163
1.150399923325	-0.003183808178
1.151999950409	-0.003477920312
1.153599977493	-0.002787952311
1.155200004578	-0.002121008234
1.156799912453	-0.006270160433
1.158399939537	-0.003413536353
1.159999966621	-0.002674528165
1.161599993706	-0.004996976350
1.163200020790	-0.002673344221
1.164799928665	-0.002124624094
1.166399955750	-0.004957904574
1.167999982834	-0.003631312400
1.169600009918	-0.002700720215
1.171199917793	-0.003456224222
1.172799944878	-0.006082576700
1.174399971962	-0.003595600370
1.175999999046	-0.003207792295
1.177600026131	-0.006059696432
1.179199934006	-0.004497984424
1.180799961090	-0.002402208280
1.182399988174	-0.004915296566
1.184000015259	-0.002987568267
1.185599923134	-0.003268208355
1.187199950218	-0.004963344429
1.188799977303	-0.004375776276
1.190400004387	-0.001812432194
1.191999912262	-0.003220640356
1.193599939346	-0.004930432420
1.195199966431	-0.002839520341
1.196799993515	-0.002694256138
1.198400020599	-0.004123888444
1.199999928474	-0.004651296418
1.201599955559	-0.004807440564
1.203199982643	-0.002817184199
1.204800009727	-0.004765616264
1.206399917603	-0.004777408205
1.207999944687	-0.004050848540
1.209599971771	-0.003591072280
1.211199998856	-0.003838512348
1.212800025940	-0.004278624430
1.214399933815	-0.003318704199
1.215999960899	-0.002815104323
1.217599987984	-0.004812592175
1.219200015068	-0.004386704415
1.220799922943	-0.003448464209
1.222399950027	-0.004042000510
1.223999977112	-0.004565408453
1.225600004196	-0.003566912375
1.227199912071	-0.003888336243
1.228799939156	-0.006771392655
1.230399966240	-0.004012176301
1.231999993324	-0.004805232398
1.233600020409	-0.004843232222
1.235199928284	-0.004811792634
1.236799955368	-0.002755008172
1.238399982452	-0.003558208235
1.240000009537	-0.002968880115
1.241599917412	-0.003608624451
1.243199944496	-0.003161280183
1.244799971581	-0.004156576470
1.246399998665	-0.006595376413
1.248000025749	-0.005193264224
1.249599933624	-0.003812704235
1.251199960709	-0.004853376653
1.252799987793	-0.003283824306
1.254400014877	-0.003205024172
1.255999922752	-0.004667424597
1.257599949837	-0.004679056350
1.259199976921	-0.002943472238
1.260800004005	-0.005374192260
1.262399911880	-0.005020160228
1.263999938965	-0.003370720195
1.265599966049	-0.004837888293
1.267199993134	-0.003893872257
1.268800020218	-0.002971936250
1.270399928093	-0.004791776650
1.271999955177	-0.005838000681
1.273599982262	-0.005162864458
1.275200009346	-0.003285200335
1.276799917221	-0.003574944334
1.278399944305	-0.004298128653
1.279999971390	-0.004780560266
1.281599998474	-0.006057536695
1.283200025558	-0.003223952139
1.284799933434	-0.003992608283
1.286399960518	-0.005257792305
1.287999987602	-0.004893488251
1.289600014687	-0.002737504197
1.291199922562	-0.003953088541
1.292799949646	-0.006216448732
1.294399976730	-0.003645568388
1.296000003815	-0.003236432327
1.297599911690	-0.005547760520
1.299199938774	-0.004747280385
1.300799965858	-0.003208000213
1.302399992943	-0.006744704675
1.304000020027	-0.004498000257
1.305599927902	-0.003887616331
1.307199954987	-0.004088560119
1.308799982071	-0.004896320403
1.310400009155	-0.004320016596
1.311999917030	-0.003865472274
1.313599944115	-0.004713776521
1.315199971199	-0.003103328170
1.316799998283	-0.003142656293
1.318400025368	-0.006290320307
1.319999933243	-0.004731360357
1.321599960327	-0.004431056324
1.323199987411	-0.004203776363
1.324800014496	-0.004884448368
1.326399922371	-0.006319408771
1.327999949455	-0.002977328375
1.329599976540	-0.003637936199
1.331200003624	-0.004094384611
1.332799911499	-0.006347328424
1.334399938583	-0.006715232506
1.335999965668	-0.003313584253
1.337599992752	-0.004157312214
1.339200019836	-0.005937456619
1.340799927711	-0.003642432392
1.342399954796	-0.003947872203
1.343999981880	-0.004365888424
1.345600008965	-0.004941056482
1.347199916840	-0.003256720258
1.348799943924	-0.005499008577
1.350399971008	-0.003173472360
1.351999998093	-0.005042048171
1.353600025177	-0.004005920142
1.355199933052	-0.005022544414
1.356799960136	-0.004303024150
1.358399987221	-0.005110048223
1.360000014305	-0.005290864501
1.361599922180	-0.004323312081
1.363199949265	-0.004046160262
1.364799976349	-0.004232512321
1.366400003433	-0.004055760335
1.367999911308	-0.003092944156
1.369599938393	-0.003443600144
1.371199965477	-0.002472896129
1.372799992561	-0.005857424345
1.374400019646	-0.004458000418
1.375999927521	-0.002685568295
1.377599954605	-0.005019984674
1.379199981689	-0.005199328531
1.380800008774	-0.005579408258
1.382399916649	-0.005705600604
1.383999943733	-0.006135824602
1.385599970818	-0.004011760466
1.387199997902	-0.004196320195
1.388799905777	-0.005757920444
1.390399932861	-0.004624592606
1.391999959946	-0.003235376207
1.393599987030	-0.001929872204
1.395200014114	-0.005066480488
1.396799921989	-0.006397168618
1.398399949074	-0.003794656368
1.399999976158	-0.004968192428
1.401600003242	-0.006007472519
1.403199911118	-0.004300592467
1.404799938202	-0.003602816258
1.406399965286	-0.004309136420
1.407999992371	-0.005918624345
1.409600019455	-0.005711312406
1.411199927330	-0.004703360610
1.412799954414	-0.004116720520
1.414399981499	-0.003324400401
1.416000008583	-0.003467552364
1.417599916458	-0.002815168118
1.419199943542	-0.005412528291
1.420799970627	-0.003743344219
1.422399997711	-0.003314800328
1.423999905586	-0.005288016517
1.425599932671	-0.004866464529
1.427199959755	-0.004411152564
1.428799986839	-0.006017952692
1.430400013924	-0.005926304497
1.431999921799	-0.003963184077
1.433599948883	-0.003645520192
1.435199975967	-0.004460240249
1.436800003052	-0.004605504218
1.438399910927	-0.002625024179
1.439999938011	-0.006779904477
1.441599965096	-0.006353488658
1.443199992180	-0.003919312265
1.444800019264	-0.003081264207
1.446399927139	-0.007576848846
1.447999954224	-0.003935920540
1.449599981308	-0.004093040247
1.451200008392	-0.005195104517
1.452799916267	-0.005014560185
1.454399943352	-0.004029600415
1.455999970436	-0.004839376546
1.457599997520	-0.005771488417
1.459199905396	-0.005966608413
1.460799932480	-0.002492336323
1.462399959564	-0.004520176444
1.463999986649	-0.006109776441
1.465600013733	-0.005571840331
1.467199921608	-0.003650432220
1.468799948692	-0.003801456420
1.470399975777	-0.005181984510
1.472000002861	-0.004313104320
1.473599910736	-0.004854880273
1.475199937820	-0.005184768233
1.476799964905	-0.006111712661
1.478399991989	-0.004302944522
1.480000019073	-0.005770672578
1.481599926949	-0.004354096483
1.483199954033	-0.004478080198
1.484799981117	-0.006536560599
1.486400008202	-0.005652672611
1.487999916077	-0.005838144571
1.489599943161	-0.003855824238
1.491199970245	-0.003183232155
1.492799997330	-0.006768848747
1.494399905205	-0.003891952336
1.495999932289	-0.004539120477
1.497599959373	-0.005112736486
1.499199986458	-0.005367728416
1.500800013542	-0.004639760125
1.502399921417	-0.005397312343
1.503999948502	-0.005504448432
1.505599975586	-0.005746960640
1.507200002670	-0.004605344497
1.508799910545	-0.003773760283
1.510399937630	-0.004816416651
1.511999964714	-0.005118496250
1.513599991798	-0.005518832710
1.515200018883	-0.007797696628
1.516799926758	-0.005007488653
1.518399953842	-0.004250016529
1.519999980927	-0.005016608164
1.521600008011	-0.006198160350
1.523199915886	-0.005517312326
1.524799942970	-0.006388720591
1.526399970055	-0.007488496602
1.527999997139	-0.004150480498
1.529599905014	-0.005151760299
1.531199932098	-0.007122592535
1.532799959183	-0.007264432497
1.534399986267	-0.004063360393
1.536000013351	-0.005572272465
1.537599921227	-0.005186944269
1.539199948311	-0.006185152568
1.540799975395	-0.003811408300
1.542400002480	-0.004882400390
1.543999910355	-0.004822992254
1.545599937439	-0.005482832436
1.547199964523	-0.003942928277
1.548799991608	-0.005816864315
1.550400018692	-0.004226688296
1.551999926567	-0.005014400464
1.553599953651	-0.006951728370
1.555199980736	-0.006965840701
1.556800007820	-0.006730992347
1.558399915695	-0.004228944425
1.559999942780	-0.005420048255
1.561599969864	-0.004957616329
1.563199996948	-0.004439088516
1.564799904823	-0.005534752272
1.566399931908	-0.005201552529
1.567999958992	-0.004587936215
1.569599986076	-0.005192128476
1.571200013161	-0.003699696390
1.572799921036	-0.005995888263
1.574399948120	-0.005082976539
1.575999975204	-0.005307840649
1.577600002289	-0.004697152413
1.579199910164	-0.005016624462
1.580799937248	-0.006118224468
1.582399964333	-0.006619840395
1.583999991417	-0.004738016520
1.585600018501	-0.007020704448
1.587199926376	-0.002200960182
1.588799953461	-0.003250304377
1.590399980545	-0.004911040422
1.592000007629	-0.005356128328
1.593599915504	-0.003758048406
1.595199942589	-0.005318304524
1.596799969673	-0.005189968273
1.598399996758	-0.005698176567
1.599999904633	-0.006600384600
1.601599931717	-0.003187792376
1.603199958801	-0.005622992292
1.604799985886	-0.005072704516
1.606400012970	-0.006265536416
1.607999920845	-0.006029024255
1.609599947929	-0.004006336443
1.611199975014	-0.005528736394
1.612800002098	-0.004432448186
1.614399909973	-0.006032816600
1.615999937057	-0.005709472578
1.617599964142	-0.004431104288
1.619199991226	-0.006669152528
1.620800018311	-0.006786496378
1.622399926186	-0.004109168425
1.623999953270	-0.006111936644
1.625599980354	-0.004457136616
1.627200007439	-0.004789296538
1.628799915314	-0.005131008569
1.630399942398	-0.005610448308
1.631999969482	-0.006168880500
1.633599996567	-0.006335488521
1.635199904442	-0.005669056438
1.636799931526	-0.006334096659
1.638399958611	-0.003856816329
1.639999985695	-0.004177712370
1.641600012779	-0.006915872451
1.643199920654	-0.004384432454
1.644799947739	-0.004955792334
1.646399974823	-0.005442240275
1.648000001907	-0.004733760376
1.649599909782	-0.006949856412
1.651199936867	-0.005293088499
1.652799963951	-0.004195088521
1.654399991035	-0.006484304555
1.655999898911	-0.006139456294
1.657599925995	-0.006709088571
1.659199953079	-0.006089984439
1.660799980164	-0.007137392648
1.662400007248	-0.004936736543
1.663999915123	-0.004365136381
1.665599942207	-0.004502448253
1.667199969292	-0.006520608440
1.668799996376	-0.004375248216
1.670399904251	-0.004993648268
1.671999931335	-0.002945232205
1.673599958420	-0.006216256414
1.675199985504	-0.007210656535
1.676800012589	-0.004535344429
1.678399920464	-0.006551744416
1.679999947548	-0.005624464247
1.681599974632	-0.006079504266
1.683200001717	-0.006936544552
1.684799909592	-0.005472416524
1.686399936676	-0.006220528390
1.687999963760	-0.005972736515
1.689599990845	-0.002654400188
1.691199898720	-0.004160544369
1.692799925804	-0.005328256171
1.694399952888	-0.004654096439
1.695999979973	-0.003888144158
1.697600007057	-0.005711872596
1.699199914932	-0.006601744797
1.700799942017	-0.006419120356
1.702399969101	-0.005879056640
1.703999996185	-0.006175424438
1.705599904060	-0.005745136645
1.707199931145	-0.006611712743
1.708799958229	-0.006978192832
1.710399985313	-0.005619296338
1.712000012398	-0.005501456559
1.713599920273	-0.006356368773
1.715199947357	-0.006131472532
1.716799974442	-0.004052432254
1.718400001526	-0.005873504560
1.719999909401	-0.004329936579
1.721599936485	-0.004243952222
1.723199963570	-0.004883184563
1.724799990654	-0.006049616728
1.726399898529	-0.006270800717
1.727999925613	-0.005418128334
1.729599952698	-0.007371712476
1.731199979782	-0.006054784637
1.732800006866	-0.003953072242
1.734399914742	-0.007088016719
1.735999941826	-0.007267392706
1.737599968910	-0.004906800576
1.739199995995	-0.006702112500
1.740799903870	-0.007641456556
1.742399930954	-0.004878528416
1.743999958038	-0.006002976559
1.745599985123	-0.006407344714
1.747200012207	-0.004962736275
1.748799920082	-0.003946320154
1.750399947166	-0.005519728642
1.751999974251	-0.008298480883
1.753600001335	-0.007843664847
1.755199909210	-0.003557104385
1.756799936295	-0.006840032525
1.758399963379	-0.004727840424
1.759999990463	-0.006648656446
1.761599898338	-0.006093696691
1.763199925423	-0.006376224570
1.764799952507	-0.005652128719
1.766399979591	-0.004452368245
1.768000006676	-0.006453728769
1.769599914551	-0.006965504494
1.771199941635	-0.006468320731
1.772799968719	-0.005665328354
1.774399995804	-0.004523712210
1.775999903679	-0.005861632526
1.777599930763	-0.005872624461
1.779199957848	-0.006518592592
1.780799984932	-0.006432272494
1.782400012016	-0.005382256582
1.783999919891	-0.005803136621
1.785599946976	-0.005535280332
1.787199974060	-0.006592832506
1.788800001144	-0.005131376442
1.790399909019	-0.005631344393
1.791999936104	-0.006696352735
1.793599963188	-0.006329824682
1.795199990273	-0.004203616176
1.796799898148	-0.005436464678
1.798399925232	-0.007129952777
1.799999952316	-0.007841601036
1.801599979401	-0.005458304659
1.803200006485	-0.004687456414
1.804799914360	-0.006621568464
1.806399941444	-0.007574432530
1.807999968529	-0.006122336723
1.809599995613	-0.007483568508
1.811199903488	-0.005530416500
1.812799930573	-0.005170608405
1.814399957657	-0.007609936874
1.815999984741	-0.005561088212
1.817600011826	-0.003992912360
1.819199919701	-0.005430560559
1.820799946785	-0.005790464580
1.822399973869	-0.005168784410
1.824000000954	-0.006433392409
1.825599908829	-0.005171072669
1.827199935913	-0.005532080308
1.828799962997	-0.005548336543
1.830399990082	-0.005613344256
1.831999897957	-0.005756560247
1.833599925041	-0.004429760389
1.835199952126	-0.005170128308
1.836799979210	-0.006785616744
1.838400006294	-0.004410016350
1.839999914169	-0.006001200527
1.841599941254	-0.005633088294
1.843199968338	-0.004815296270
1.844799995422	-0.004670752212
1.846399903297	-0.006420992315
1.847999930382	-0.003963136114
1.849599957466	-0.006096720695
1.851199984550	-0.005853136536
1.852800011635	-0.007621088531
1.854399919510	-0.005807584617
1.855999946594	-0.005806976464
1.857599973679	-0.004985280335
1.859200000763	-0.006448480301
1.860799908638	-0.006422304548
1.862399935722	-0.003805520246
1.863999962807	-0.005191328470
1.865599989891	-0.006132704671
1.867199897766	-0.008136160672
1.868799924850	-0.005543312524
1.870399951935	-0.006118848454
1.871999979019	-0.006735584699
1.873600006104	-0.005504336674
1.875199913979	-0.006194112357
1.876799941063	-0.006485072430
1.878399968147	-0.005539216567
1.879999995232	-0.006921024527
1.881599903107	-0.006749840453
1.883199930191	-0.007936896756
1.884799957275	-0.005315760616
1.886399984360	-0.006857456639
1.888000011444	-0.005215504672
1.889599919319	-0.005349696614
1.891199946404	-0.005725168623
1.892799973488	-0.006229344290
1.894400000572	-0.004410240334
1.895999908447	-0.006746624596
1.897599935532	-0.005628048442
1.899199962616	-0.005003664643
1.900799989700	-0.004700896330
1.902399897575	-0.008518529125
1.903999924660	-0.006335968617
1.905599951744	-0.005321888253
1.907199978828	-0.006865824573
1.908800005913	-0.005376160610
1.910399913788	-0.005685696378
1.911999940872	-0.005711680278
1.913599967957	-0.006584832445
1.915199995041	-0.004926704336
1.916799902916	-0.005953840446
1.918399930000	-0.006174624432
1.919999957085	-0.006341088563
1.921599984169	-0.005967968609
1.923199892044	-0.007069968618
1.924799919128	-0.005417296663
1.926399946213	-0.007827136666
1.927999973297	-0.006443392485
1.929600000381	-0.006785808597
1.931199908257	-0.006660448387
1.932799935341	-0.006328400690
1.934399962425	-0.006607152522
1.935999989510	-0.005435648374
1.937599897385	-0.006667040754
1.939199924469	-0.008874672465
1.940799951553	-0.005513312295
1.942399978638	-0.005732608493
1.944000005722	-0.007198368665
1.945599913597	-0.006794448476
1.947199940681	-0.007146544755
1.948799967766	-0.005862288643
1.950399994850	-0.005399888381
1.951999902725	-0.006445344537
1.953599929810	-0.007346256636
1.955199956894	-0.005773184355
1.956799983978	-0.005186688621
1.958399891853	-0.004664704669
1.959999918938	-0.005028000567
1.961599946022	-0.004173552152
1.963199973106	-0.006957392674
1.964800000191	-0.006123024505
1.966399908066	-0.006186336745
1.967999935150	-0.005505424459
1.969599962234	-0.005878352560
1.971199989319	-0.005576672498
1.972799897194	-0.006247696467
1.974399924278	-0.006874688435
1.975999951363	-0.004641968291
1.977599978447	-0.007119168527
1.979200005531	-0.007325792685
1.980799913406	-0.006264544558
1.982399940491	-0.006050832570
1.983999967575	-0.006134880707
1.985599994659	-0.006380080245
1.987199902534	-0.006419632584
1.988799929619	-0.003705104347
1.990399956703	-0.007271072827
1.991999983788	-0.004961360246
1.993599891663	-0.007971328683
1.995199918747	-0.006805600598
1.996799945831	-0.006548320409
1.998399972916	-0.006505264435
2.000000000000	-0.006764624733
2.001600027084	-0.005743296351
2.003200054169	-0.004963584244
2.004799842834	-0.008027072996
2.006399869919	-0.006515184417
2.007999897003	-0.006933968514
2.009599924088	-0.005723360460
2.011199951172	-0.005483760498
2.012799978256	-0.005102464464
2.014400005341	-0.007077616639
2.016000032425	-0.006504256744
2.017600059509	-0.005157552660
2.019199848175	-0.004529408179
2.020799875259	-0.009487088770
2.022399902344	-0.006579008419
2.023999929428	-0.004601584282
2.025599956512	-0.005332192406
2.027199983597	-0.008070768788
2.028800010681	-0.004833104555
2.030400037766	-0.009172272868
2.032000064850	-0.004497552291
2.033599853516	-0.007499744650
2.035199880600	-0.005287632346
2.036799907684	-0.007633296773
2.038399934769	-0.005100608338
2.039999961853	-0.008104832843
2.041599988937	-0.006726000458
2.043200016022	-0.005948192440
2.044800043106	-0.006741344463
2.046399831772	-0.007254224736
2.047999858856	-0.005590320565
2.049599885941	-0.007123072632
2.051199913025	-0.005761088338
2.052799940109	-0.005534544587
2.054399967194	-0.004893488251
2.055999994278	-0.006591488607
2.057600021362	-0.005928880535
2.059200048447	-0.006399568636
2.060799837112	-0.007262656465
2.062399864197	-0.006706208456
2.063999891281	-0.006084768567
2.065599918365	-0.007145984564
2.067199945450	-0.005926752463
2.068799972534	-0.005820304621
2.070399999619	-0.006273456383
2.072000026703	-0.007290096488
2.073600053787	-0.007139920723
2.075199842453	-0.006241744384
2.076799869537	-0.006652064621
2.078399896622	-0.005081232637
2.079999923706	-0.007872256450
2.081599950790	-0.006319968496
2.083199977875	-0.008902960457
2.084800004959	-0.005185792688
2.086400032043	-0.007598160766
2.088000059128	-0.002911072224
2.089599847794	-0.006681840401
2.091199874878	-0.005037440453
2.092799901962	-0.007607760839
2.094399929047	-0.005584672559
2.095999956131	-0.005482848268
2.097599983215	-0.005188032519
2.099200010300	-0.006339472719
2.100800037384	-0.005800000392
2.102400064468	-0.006817248650
2.103999853134	-0.007549664471
2.105599880219	-0.007261424791
2.107199907303	-0.007454560604
2.108799934387	-0.007232560776
2.110399961472	-0.006054960657
2.111999988556	-0.006775696762
2.113600015640	-0.007036736701
2.115200042725	-0.005185424350
2.116799831390	-0.005234256387
2.118399858475	-0.007511248346
2.119999885559	-0.006424016319
2.121599912643	-0.006541760638
2.123199939728	-0.006201552693
2.124799966812	-0.006767328363
2.126399993896	-0.007309648674
2.128000020981	-0.006115856580
2.129600048065	-0.006808400620
2.131199836731	-0.005566928536
2.132799863815	-0.007786640432
2.134399890900	-0.007293840405
2.135999917984	-0.006179984659
2.137599945068	-0.005647920538
2.139199972153	-0.007051440421
2.140799999237	-0.005813600495
2.142400026321	-0.006278416608
2.144000053406	-0.006948784459
2.145599842072	-0.007485712413
2.147199869156	-0.006148800720
2.148799896240	-0.005191248376
2.150399923325	-0.007756128907
2.151999950409	-0.007453184575
2.153599977493	-0.005603264552
2.155200004578	-0.006499616429
2.156800031662	-0.007457696833
2.158400058746	-0.007423488423
2.159999847412	-0.004970096517
2.161599874496	-0.007293856703
2.163199901581	-0.006741792429
2.164799928665	-0.004944320302
2.166399955750	-0.005870544352
2.167999982834	-0.006563648582
2.169600009918	-0.003623200348
2.171200037003	-0.004738208372
2.172800064087	-0.006563360337
2.174399852753	-0.007641952951
2.175999879837	-0.004838592373
2.177599906921	-0.006810176652
2.179199934006	-0.005123344250
2.180799961090	-0.004923072178
2.182399988174	-0.007368688472
2.184000015259	-0.007021760568
2.185600042343	-0.006394160446
2.187199831009	-0.005732560530
2.188799858093	-0.007644928526
2.190399885178	-0.005933856592
2.191999912262	-0.004599808250
2.193599939346	-0.006783296354
2.195199966431	-0.004797776230
2.196799993515	-0.006524240598
2.198400020599	-0.005821376573
2.200000047684	-0.008187616244
2.201599836349	-0.005510176532
2.203199863434	-0.005927376449
2.204799890518	-0.006973696407
2.206399917603	-0.007709632628
2.207999944687	-0.004716144409
2.209599971771	-0.008211040869
2.211199998856	-0.005411856342
2.212800025940	-0.007062320597
2.214400053024	-0.005833536386
2.215999841690	-0.006395232398
2.217599868774	-0.006508000661
2.219199895859	-0.005918048322
2.220799922943	-0.005162784364
2.222399950027	-0.005242368672
2.223999977112	-0.007584864739
2.225600004196	-0.006433344446
2.227200031281	-0.006869792473
2.228800058365	-0.008399136364
2.230399847031	-0.007477728650
2.231999874115	-0.007773280609
2.233599901199	-0.006242000498
2.235199928284	-0.008145936765
2.236799955368	-0.007459600456
2.238399982452	-0.006672592368
2.240000009537	-0.006867376622
2.241600036621	-0.007153200451
2.243199825287	-0.004805968609
2.244799852371	-0.006966288667
2.246399879456	-0.005900240503
2.247999906540	-0.006107744295
2.249599933624	-0.006417968776
2.251199960709	-0.008213153109
2.252799987793	-0.008298304863
2.254400014877	-0.006366912741
2.256000041962	-0.005856800359
2.257599830627	-0.008147392422
2.259199857712	-0.005759888329
2.260799884796	-0.007122128736
2.262399911880	-0.006845152471
2.263999938965	-0.006663888693
2.265599966049	-0.006555952597
2.267199993134	-0.005431744270
2.268800020218	-0.007972320542
2.270400047302	-0.007015136536
2.271999835968	-0.004351104144
2.273599863052	-0.007125856355
2.275199890137	-0.006583312526
2.276799917221	-0.007662576623
2.278399944305	-0.005666848738
2.279999971390	-0.007572528441
2.281599998474	-0.006660512649
2.283200025558	-0.008257680573
2.284800052643	-0.006491728593
2.286399841309	-0.006216544658
2.287999868393	-0.007879792713
2.289599895477	-0.007074320689
2.291199922562	-0.002575776307
2.292799949646	-0.006933632307
2.294399976730	-0.007271312643
2.296000003815	-0.003728208365
2.297600030899	-0.006265424658
2.299200057983	-0.008438752964
2.300799846649	-0.006204240490
2.302399873734	-0.006169824395
2.303999900818	-0.006544432603
2.305599927902	-0.006277056411
2.307199954987	-0.006419424433
2.308799982071	-0.007273728494
2.310400009155	-0.006876576692
2.312000036240	-0.005919136573
2.313599824905	-0.008924672380
2.315199851990	-0.007050368469
2.316799879074	-0.006689472590
2.318399906158	-0.004814320244
2.319999933243	-0.007756432518
2.321599960327	-0.006846592762
2.323199987411	-0.006240512710
2.324800014496	-0.005255584605
2.326400041580	-0.008769392967
2.327999830246	-0.005327344406
2.329599857330	-0.007658048533
2.331199884415	-0.007716848515
2.332799911499	-0.007845312357
2.334399938583	-0.006795776542
2.335999965668	-0.007420256734
2.337599992752	-0.005575376563
2.339200019836	-0.005635952577
2.340800046921	-0.004826064222
2.342399835587	-0.008483841084
2.343999862671	-0.004917984363
2.345599889755	-0.007633728441
2.347199916840	-0.005488592666
2.348799943924	-0.005981600378
2.350399971008	-0.006547568366
2.351999998093	-0.007256784476
2.353600025177	-0.007252528332
2.355200052261	-0.007390688639
2.356799840927	-0.006866240408
2.358399868011	-0.005183424335
2.359999895096	-0.007154480554
2.361599922180	-0.007164368406
2.363199949265	-0.007095280569
2.364799976349	-0.005982848350
2.366400003433	-0.006096656434
2.368000030518	-0.007017312571
2.369600057602	-0.005771264434
2.371199846268	-0.006350400392
2.372799873352	-0.008671600372
2.374399900436	-0.008168593049
2.375999927521	-0.007421968505
2.377599954605	-0.005653360393
2.379199981689	-0.009581664577
2.380800008774	-0.009065184742
2.382400035858	-0.006269760430
2.383999824524	-0.004060976207
2.385599851608	-0.007086112630
2.387199878693	-0.007141024806
2.388799905777	-0.005740960594
2.390399932861	-0.006323488429
2.391999959946	-0.007721072529
2.393599987030	-0.006463184487
2.395200014114	-0.006160720717
2.396800041199	-0.004190048203
2.398399829865	-0.006480496377
2.399999856949	-0.007271808572
2.401599884033	-0.006678208709
2.403199911118	-0.007327264640
2.404799938202	-0.008674720302
2.406399965286	-0.008709536865
2.407999992371	-0.005265040323
2.409600019455	-0.007984496653
2.411200046539	-0.006528560538
2.412799835205	-0.005810608622
2.414399862289	-0.006810272578
2.415999889374	-0.004850512370
2.417599916458	-0.008174336515
2.419199943542	-0.005364016630
2.420799970627	-0.005384912249
2.422399997711	-0.005991952494
2.424000024796	-0.007349664811
2.425600051880	-0.006659024395
2.427199840546	-0.006077040453
2.428799867630	-0.005155040417
2.430399894714	-0.008394032717
2.431999921799	-0.007752320729
2.433599948883	-0.005578080658
2.435199975967	-0.007246864494
2.436800003052	-0.008147840388
2.438400030136	-0.006772880442
2.440000057220	-0.007085200399
2.441599845886	-0.005279712379
2.443199872971	-0.006376736332
2.444799900055	-0.005806560628
2.446399927139	-0.007726992480
2.447999954224	-0.006753888447
2.449599981308	-0.007269024849
2.451200008392	-0.007665776648
2.452800035477	-0.007827776484
2.454399824142	-0.006662544329
2.455999851227	-0.008040769026
2.457599878311	-0.008117280900
2.459199905396	-0.007744416595
2.460799932480	-0.007188000716
2.462399959564	-0.007131040562
2.463999986649	-0.005736016668
2.465600013733	-0.007979184389
2.467200040817	-0.006470144726
2.468799829483	-0.007872896269
2.470399856567	-0.005435104482
2.471999883652	-0.007391088642
2.473599910736	-0.007270000875
2.475199937820	-0.006645088550
2.476799964905	-0.005256688222
2.478399991989	-0.007122512441
2.480000019073	-0.008733552881
2.481600046158	-0.007013616618
2.483199834824	-0.007946737111
2.484799861908	-0.005511792377
2.486399888992	-0.006709296722
2.487999916077	-0.007687504869
2.489599943161	-0.006895712577
2.491199970245	-0.005925280508
2.492799997330	-0.006780496333
2.494400024414	-0.005798080470
2.496000051498	-0.005886256695
2.497599840164	-0.004196080379
2.499199867249	-0.009759008884
2.500799894333	-0.007255872712
2.502399921417	-0.007955136709
2.503999948502	-0.005702160299
2.505599975586	-0.007848672569
2.507200002670	-0.006249328610
2.508800029755	-0.004685328342
2.510399818420	-0.007794224657
2.511999845505	-0.006466720719
2.513599872589	-0.007311184425
2.515199899673	-0.006630144548
2.516799926758	-0.006062208675
2.518399953842	-0.006650384516
2.519999980927	-0.008930944838
2.521600008011	-0.006446496584
2.523200035095	-0.004890048411
2.524799823761	-0.008535568602
2.526399850845	-0.008426416665
2.527999877930	-0.005404800177
2.529599905014	-0.007832848467
2.531199932098	-0.007427200675
2.532799959183	-0.008726624772
2.534399986267	-0.007049744483
2.536000013351	-0.006819264498
2.537600040436	-0.003769488307
2.539199829102	-0.007006064523
2.540799856186	-0.006369968411
2.542399883270	-0.005392992403
2.543999910355	-0.008669616655
2.545599937439	-0.007018400822
2.547199964523	-0.008019456640
2.548799991608	-0.007211648859
2.550400018692	-0.007339456584
2.552000045776	-0.006039344706
2.553599834442	-0.007234272547
2.555199861526	-0.007773248479
2.556799888611	-0.007221984677
2.558399915695	-0.006034672260
2.559999942780	-0.007815824822
2.561599969864	-0.008642160334
2.563199996948	-0.006777600385
2.564800024033	-0.006505680736
2.566400051117	-0.007620624732
2.567999839783	-0.006876784377
2.569599866867	-0.008144960739
2.571199893951	-0.007786800619
2.572799921036	-0.006931376643
2.574399948120	-0.006597840693
2.575999975204	-0.007702320814
2.577600002289	-0.006042272318
2.579200029373	-0.006812160369
2.580799818039	-0.006690128706
2.582399845123	-0.007317056414
2.583999872208	-0.009422864765
2.585599899292	-0.010028992780
2.587199926376	-0.007565200794
2.588799953461	-0.006345328409
2.590399980545	-0.007376880385
2.592000007629	-0.007295568474
2.593600034714	-0.004587952513
2.595199823380	-0.008002464660
2.596799850464	-0.007086080499
2.598399877548	-0.006621152628
2.599999904633	-0.005093472544
2.601599931717	-0.006812624633
2.603199958801	-0.006691472605
2.604799985886	-0.007600880694
2.606400012970	-0.009466849267
2.608000040054	-0.007001264486
2.609599828720	-0.005760560278
2.611199855804	-0.005139520392
2.612799882889	-0.009006336331
2.614399909973	-0.007599712815
2.615999937057	-0.006032704376
2.617599964142	-0.008042112924
2.619199991226	-0.006784032565
2.620800018311	-0.006955040619
2.622400045395	-0.006856240332
2.623999834061	-0.008946192451
2.625599861145	-0.008916752413
2.627199888229	-0.006340320688
2.628799915314	-0.006022240501
2.630399942398	-0.007862960920
2.631999969482	-0.007625120692
2.633599996567	-0.005544224288
2.635200023651	-0.006110496353
2.636800050735	-0.006793968379
2.638399839401	-0.008466448635
2.639999866486	-0.006128288805
2.641599893570	-0.006974224467
2.643199920654	-0.006669200491
2.644799947739	-0.006785552483
2.646399974823	-0.006897536572
2.648000001907	-0.007034912705
2.649600028992	-0.006866640411
2.651199817657	-0.005847312510
2.652799844742	-0.007463808637
2.654399871826	-0.005907632411
2.655999898911	-0.008171744645
2.657599925995	-0.007600848563
2.659199953079	-0.007755184546
2.660799980164	-0.004443648271
2.662400007248	-0.009297137149
2.664000034332	-0.006253664382
2.665599822998	-0.007215328515
2.667199850082	-0.004230976570
2.668799877167	-0.009107489139
2.670399904251	-0.006217728369
2.671999931335	-0.007388704456
2.673599958420	-0.005405008327
2.675199985504	-0.005688800476
2.676800012589	-0.006901360583
2.678400039673	-0.007329472806
2.679999828339	-0.007566480432
2.681599855423	-0.008919537067
2.683199882507	-0.006357728504
2.684799909592	-0.007227088790
2.686399936676	-0.008830016479
2.687999963760	-0.008753760718
2.689599990845	-0.007439632434
2.691200017929	-0.005348800682
2.692800045013	-0.007647328544
2.694399833679	-0.006885328796
2.695999860764	-0.006730288733
2.697599887848	-0.006289296318
2.699199914932	-0.007696448825
2.700799942017	-0.005654592533
2.702399969101	-0.005941808689
2.703999996185	-0.007917728275
2.705600023270	-0.009865440428
2.707200050354	-0.005692624487
2.708799839020	-0.005779952742
2.710399866104	-0.007363712415
2.711999893188	-0.007531024516
2.713599920273	-0.005165552255
2.715199947357	-0.006060048472
2.716799974442	-0.006984368432
2.718400001526	-0.006446256302
2.720000028610	-0.006968848407
2.721599817276	-0.008750288747
2.723199844360	-0.006022240501
2.724799871445	-0.007152784616
2.726399898529	-0.005995552521
2.727999925613	-0.005986128468
2.729599952698	-0.005717200693
2.731199979782	-0.008871264756
2.732800006866	-0.005873792339
2.734400033951	-0.007142880466
2.735999822617	-0.008155008778
2.737599849701	-0.007587632630
2.739199876785	-0.005098880269
2.740799903870	-0.007641920820
2.742399930954	-0.005806016270
2.743999958038	-0.006704336498
2.745599985123	-0.008309409022
2.747200012207	-0.007779360749
2.748800039291	-0.006977088749
2.750399827957	-0.007627664600
2.751999855042	-0.007394736633
2.753599882126	-0.006892416626
2.755199909210	-0.006007232703
2.756799936295	-0.008200832643
2.758399963379	-0.006316960324
2.759999990463	-0.005984624382
2.761600017548	-0.008288816549
2.763200044632	-0.008051104844
2.764799833298	-0.006412080489
2.766399860382	-0.008135264739
2.767999887466	-0.008251904510
2.769599914551	-0.006766400766
2.771199941635	-0.006237312686
2.772799968719	-0.006370848510
2.774399995804	-0.006106608547
2.776000022888	-0.007584384643
2.777599811554	-0.005824656691
2.779199838638	-0.005580336321
2.780799865723	-0.007471984718
2.782399892807	-0.010000945069
2.783999919891	-0.005020672455
2.785599946976	-0.005716688465
2.787199974060	-0.008394608274
2.788800001144	-0.008317585103
2.790400028229	-0.003716048319
2.791999816895	-0.007299200632
2.793599843979	-0.008106480353
2.795199871063	-0.007531728595
2.796799898148	-0.008675488643
2.798399925232	-0.005968448706
2.799999952316	-0.006758016534
2.801599979401	-0.008107792586
2.803200006485	-0.009455504827
2.804800033569	-0.007107648533
2.806399822235	-0.007637792733
2.807999849319	-0.009035441093
2.809599876404	-0.006889296696
2.811199903488	-0.008786048740
2.812799930573	-0.007507840637
2.814399957657	-0.007566448767
2.815999984741	-0.005495008547
2.817600011826	-0.009737216868
2.819200038910	-0.007149408571
2.820799827576	-0.005419184454
2.822399854660	-0.007587488741
2.823999881744	-0.007835696451
2.825599908829	-0.005682704505
2.827199935913	-0.006450992543
2.828799962997	-0.007365456782
2.830399990082	-0.005926416256
2.832000017166	-0.008023728617
2.833600044250	-0.007956832647
2.835199832916	-0.005383472424
2.836799860001	-0.006886304822
2.838399887085	-0.007525472436
2.839999914169	-0.008221425116
2.841599941254	-0.008205984719
2.843199968338	-0.007337344345
2.844799995422	-0.007174240425
2.846400022507	-0.008270192891
2.847999811172	-0.006993600633
2.849599838257	-0.004799216520
2.851199865341	-0.006994256750
2.852799892426	-0.007523200475
2.854399919510	-0.006629440468
2.855999946594	-0.008739344776
2.857599973679	-0.007970784791
2.859200000763	-0.008185504936
2.860800027847	-0.006325520575
2.862399816513	-0.007885072380
2.863999843597	-0.006683312356
2.865599870682	-0.006755072623
2.867199897766	-0.005253088661
2.868799924850	-0.009384160861
2.870399951935	-0.007652512752
2.871999979019	-0.007828512229
2.873600006104	-0.006457696669
2.875200033188	-0.008358960971
2.876799821854	-0.007767136674
2.878399848938	-0.006570064463
2.879999876022	-0.006851936691
2.881599903107	-0.009549953043
2.883199930191	-0.006288640667
2.884799957275	-0.006913024466
2.886399984360	-0.008369392715
2.888000011444	-0.006158432458
2.889600038528	-0.006396528333
2.891199827194	-0.007969873026
2.892799854279	-0.008889360353
2.894399881363	-0.005531360395
2.895999908447	-0.006887488533
2.897599935532	-0.006137312390
2.899199962616	-0.007138864603
2.900799989700	-0.007139504422
2.902400016785	-0.007986704819
2.904000043869	-0.004097952507
2.905599832535	-0.007518608589
2.907199859619	-0.006027904339
2.908799886703	-0.007164896466
2.910399913788	-0.007490128744
2.911999940872	-0.006927968469
2.913599967957	-0.006107264664
2.915199995041	-0.009058064781
2.916800022125	-0.008320048451
2.918399810791	-0.006935056765
2.919999837875	-0.006773104426
2.921599864960	-0.009412304498
2.923199892044	-0.006400256418
2.924799919128	-0.005700640380
2.926399946213	-0.008015057072
2.927999973297	-0.006572176702
2.929600000381	-0.008421745151
2.931200027466	-0.006920896471
2.932799816132	-0.006650256459
2.934399843216	-0.008277232759
2.935999870300	-0.009966768324
2.937599897385	-0.005084336270
2.939199924469	-0.006523936521
2.940799951553	-0.008378752507
2.942399978638	-0.008120832965
2.944000005722	-0.003615024267
2.945600032806	-0.007985952310
2.947199821472	-0.007855104282
2.948799848557	-0.007793872617
2.950399875641	-0.007597584743
2.951999902725	-0.009063232690
2.953599929810	-0.007341152523
2.955199956894	-0.008431809023
2.956799983978	-0.008778848685
2.958400011063	-0.006083840504
2.960000038147	-0.008638896979
2.961599826813	-0.007627904881
2.963199853897	-0.007519776467
2.964799880981	-0.006627520546
2.966399908066	-0.008444496430
2.967999935150	-0.005897408351
2.969599962234	-0.007656480651
2.971199989319	-0.008258864284
2.972800016403	-0.009195377119
2.974400043488	-0.004493808374
2.975999832153	-0.008728688583
2.977599859238	-0.007674960885
2.979199886322	-0.008319776505
2.980799913406	-0.007413472515
2.982399940491	-0.009169536643
2.983999967575	-0.006120160688
2.985599994659	-0.008714432828
2.987200021744	-0.008149392903
2.988799810410	-0.005495024379
2.990399837494	-0.008015488274
2.991999864578	-0.008536049165
2.993599891663	-0.008177648298
2.995199918747	-0.007907168940
2.996799945831	-0.008051248267
2.998399972916	-0.005851888563
3.000000000000	-0.006806528661
3.001600027084	-0.005874512251
3.003199815750	-0.006722544320
3.004799842834	-0.009025984444
3.006399869919	-0.009178176522
3.007999897003	-0.008466800675
3.009599924088	-0.006284512579
3.011199951172	-0.006582224742
3.012799978256	-0.006812224630
3.014400005341	-0.007987665012
3.016000032425	-0.008495952934
3.017599821091	-0.007005088497
3.019199848175	-0.006223072298
3.020799875259	-0.006944048684
3.022399902344	-0.006722128484
3.023999929428	-0.007393776439
3.025599956512	-0.006862608716
3.027199983597	-0.007683904842
3.028800010681	-0.007467088755
3.030400037766	-0.008752144873
3.031999826431	-0.009042768739
3.033599853516	-0.007937296294
3.035199880600	-0.005671216641
3.036799907684	-0.008466753177
3.038399934769	-0.006411888637
3.039999961853	-0.007032336667
3.041599988937	-0.007034560665
3.043200016022	-0.007612656802
3.044799804687	-0.007109712809
3.046399831772	-0.007445600815
3.047999858856	-0.007699504495
3.049599885941	-0.007297888864
3.051199913025	-0.007461936679
3.052799940109	-0.009685920551
3.054399967194	-0.008281616494
3.055999994278	-0.008546256460
3.057600021362	-0.007136544678
3.059199810028	-0.007787776645
3.060799837112	-0.008218544535
3.062399864197	-0.008065104485
3.063999891281	-0.005215728190
3.065599918365	-0.008036432788
3.067199945450	-0.006293104496
3.068799972534	-0.006183952559
3.070399999619	-0.005079936236
3.072000026703	-0.009829904884
3.073599815369	-0.007306160405
3.075199842453	-0.008277776651
3.076799869537	-0.007173120510
3.078399896622	-0.009034928866
3.079999923706	-0.005160944536
3.081599950790	-0.007180528715
3.083199977875	-0.008658688515
3.084800004959	-0.007233648561
3.086400032043	-0.005888384301
3.087999820709	-0.010400368832
3.089599847794	-0.007019568700
3.091199874878	-0.006513088476
3.092799901962	-0.007495376747
3.094399929047	-0.007653680630
3.095999956131	-0.006611280609
3.097599983215	-0.006896288600
3.099200010300	-0.007119712420
3.100800037384	-0.007354032714
3.102399826050	-0.008055537008
3.103999853134	-0.008742848411
3.105599880219	-0.009257392958
3.107199907303	-0.007514912635
3.108799934387	-0.007952800952
3.110399961472	-0.007953728549
3.111999988556	-0.007993089035
3.113600015640	-0.007772176526
3.115199804306	-0.008024352603
3.116799831390	-0.007708080579
3.118399858475	-0.008184800856
3.119999885559	-0.008935024962
3.121599912643	-0.005567968357
3.123199939728	-0.004869760480
3.124799966812	-0.006516368594
3.126399993896	-0.010018704459
3.128000020981	-0.006434128620
3.129599809647	-0.006727264728
3.131199836731	-0.007850225084
3.132799863815	-0.009352512658
3.134399890900	-0.010084817186
3.135999917984	-0.005608480424
3.137599945068	-0.004608176183
3.139199972153	-0.009487664327
3.140799999237	-0.009297920391
3.142400026321	-0.007552032825
3.143999814987	-0.006272352301
3.145599842072	-0.007422896568
3.147199869156	-0.007991584949
3.148799896240	-0.005196368322
3.150399923325	-0.007474032696
3.151999950409	-0.007853056304
3.153599977493	-0.007033632603
3.155200004578	-0.007400512695
3.156800031662	-0.007682784460
3.158399820328	-0.007041440811
3.159999847412	-0.008450320922
3.161599874496	-0.006927232724
3.163199901581	-0.008224944584
3.164799928665	-0.008043744601
3.166399955750	-0.005867360625
3.167999982834	-0.007791536395
3.169600009918	-0.008145553060
3.171200037003	-0.005447456613
3.172799825668	-0.006880512461
3.174399852753	-0.006545440294
3.175999879837	-0.007257024758
3.177599906921	-0.008310848847
3.179199934006	-0.007069328800
3.180799961090	-0.008006961085
3.182399988174	-0.008008848876
3.184000015259	-0.008948256262
3.185599803925	-0.008063200861
3.187199831009	-0.009171152487
3.188799858093	-0.009185632691
3.190399885178	-0.006597504485
3.191999912262	-0.006344112568
3.193599939346	-0.006692032330
3.195199966431	-0.008243968710
3.196799993515	-0.005900112446
3.198400020599	-0.007983376272
3.199999809265	-0.006244896445
3.201599836349	-0.006334384438
3.203199863434	-0.008937472478
3.204799890518	-0.010037728585
3.206399917603	-0.004398112185
3.207999944687	-0.009042272344
3.209599971771	-0.009019392543
3.211199998856	-0.006600128487
3.212800025940	-0.006135552656
3.214399814606	-0.009167520329
3.215999841690	-0.007910224609
3.217599868774	-0.005079072434
3.219199895859	-0.007969312370
3.220799922943	-0.007636384573
3.222399950027	-0.005378224421
3.223999977112	-0.008291232400
3.225600004196	-0.009602464736
3.227200031281	-0.006382848602
3.228799819946	-0.007475424558
3.230399847031	-0.006891456433
3.231999874115	-0.008129616268
3.233599901199	-0.007870752364
3.235199928284	-0.007435808424
3.236799955368	-0.008966945112
3.238399982452	-0.007366064470
3.240000009537	-0.009232848883
3.241600036621	-0.003976960201
3.243199825287	-0.005417728331
3.244799852371	-0.007873504423
3.246399879456	-0.007391376421
3.247999906540	-0.005428128410
3.249599933624	-0.007103968412
3.251199960709	-0.007994032465
3.252799987793	-0.009298481047
3.254400014877	-0.007703616749
3.255999803543	-0.008033168502
3.257599830627	-0.007847488858
3.259199857712	-0.008655552752
3.260799884796	-0.007007440552
3.262399911880	-0.006700544618
3.263999938965	-0.007086768746
3.265599966049	-0.007836160250
3.267199993134	-0.008932816796
3.268800020218	-0.006804880686
3.270399808884	-0.008849713020
3.271999835968	-0.005914992653
3.273599863052	-0.007019440643
3.275199890137	-0.006662880536
3.276799917221	-0.007417808753
3.278399944305	-0.006620080676
3.279999971390	-0.009084224701
3.281599998474	-0.006498864386
3.283200025558	-0.008133440278
3.284799814224	-0.009020544589
3.286399841309	-0.007260032464
3.287999868393	-0.005351424683
3.289599895477	-0.008011200465
3.291199922562	-0.007596448530
3.292799949646	-0.007613984402
3.294399976730	-0.007347424515
3.296000003815	-0.008027601056
3.297600030899	-0.004730768502
3.299199819565	-0.008258992806
3.300799846649	-0.008426320739
3.302399873734	-0.008781104349
3.303999900818	-0.008282928728
3.305599927902	-0.008839776739
3.307199954987	-0.007020048331
3.308799982071	-0.007370912470
3.310400009155	-0.007341200486
3.311999797821	-0.008902736939
3.313599824905	-0.008668720722
3.315199851990	-0.007053488400
3.316799879074	-0.008763536811
3.318399906158	-0.008169648238
3.319999933243	-0.006660576444
3.321599960327	-0.007999376394
3.323199987411	-0.006797632668
3.324800014496	-0.006553296465
3.326399803162	-0.008331120946
3.327999830246	-0.009319168516
3.329599857330	-0.008619104512
3.331199884415	-0.009295504540
3.332799911499	-0.008186096326
3.334399938583	-0.010105537251
3.335999965668	-0.006838352419
3.337599992752	-0.008306480944
3.339200019836	-0.005526592489
3.340799808502	-0.007507008500
3.342399835587	-0.008552065119
3.343999862671	-0.007452544756
3.345599889755	-0.006580400746
3.347199916840	-0.006595792715
3.348799943924	-0.007163840812
3.350399971008	-0.008016080596
3.351999998093	-0.006806944497
3.353600025177	-0.009156720713
3.355199813843	-0.007196080871
3.356799840927	-0.007835616358
3.358399868011	-0.007517216727
3.359999895096	-0.007742112502
3.361599922180	-0.006601488683
3.363199949265	-0.009372064844
3.364799976349	-0.009286400862
3.366400003433	-0.007890608162
3.368000030518	-0.006951584481
3.369599819183	-0.008207472973
3.371199846268	-0.007051136810
3.372799873352	-0.007620032411
3.374399900436	-0.007228720468
3.375999927521	-0.006601408590
3.377599954605	-0.006285808515
3.379199981689	-0.008374912664
3.380800008774	-0.009009664878
3.382399797440	-0.008698464371
3.383999824524	-0.008239760995
3.385599851608	-0.007679024711
3.387199878693	-0.007247936446
3.388799905777	-0.009593809023
3.390399932861	-0.006613216363
3.391999959946	-0.007339440752
3.393599987030	-0.009507056326
3.395200014114	-0.009870304726
3.396799802780	-0.005557344761
3.398399829865	-0.006961840671
3.399999856949	-0.007080288604
3.401599884033	-0.006674144417
3.403199911118	-0.007370304782
3.404799938202	-0.008768000640
3.406399965286	-0.007179376669
3.407999992371	-0.005550192203
3.409600019455	-0.009801409207
3.411199808121	-0.008206848986
3.412799835205	-0.004875472281
3.414399862289	-0.007845040411
3.415999889374	-0.007617040537
3.417599916458	-0.010111681186
3.419199943542	-0.008980768733
3.420799970627	-0.008039936423
3.422399997711	-0.005687120371
3.424000024796	-0.008637025021
3.425599813461	-0.008102736436
3.427199840546	-0.007130864542
3.428799867630	-0.008179232478
3.430399894714	-0.008395264857
3.431999921799	-0.007663568482
3.433599948883	-0.007862928323
3.435199975967	-0.008147120476
3.436800003052	-0.007559504826
3.438400030136	-0.007811072748
3.439999818802	-0.007794416510
3.441599845886	-0.008178144693
3.443199872971	-0.006524576340
3.444799900055	-0.007802592590
3.446399927139	-0.007680896670
3.447999954224	-0.008269377053
3.449599981308	-0.005606592633
3.451200008392	0.008871440776
