0.000000000000	0.020370561630
0.001599999960	0.021244065836
0.003199999919	0.022838657722
0.004799999762	0.022727105767
0.006399999838	0.020926129073
0.007999999449	0.022801378742
0.009599999525	0.021123858169
0.011199999601	0.020907985047
0.012799999677	0.021156448871
0.014399999753	0.018912097439
0.015999998897	0.018419921398
0.017599999905	0.016465090215
0.019199999049	0.017718257383
0.020800000057	0.015951281413
0.022399999201	0.017355024815
0.024000000209	0.016805937514
0.025599999353	0.014196657576
0.027199998498	0.016560593620
0.028799999505	0.016653472558
0.030399998650	0.015666529536
0.031999997795	0.016674578190
0.033599998802	0.015973681584
0.035199999809	0.016668129712
0.036800000817	0.016992785037
0.038399998099	0.014916241169
0.039999999106	0.015287552960
0.041600000113	0.013663552701
0.043199997395	0.013389537111
0.044799998403	0.013081569225
0.046399999410	0.010977680795
0.048000000417	0.013617425226
0.049599997699	0.012764193118
0.051199998707	0.011364849284
0.052799999714	0.012341729365
0.054399996996	0.015386657789
0.055999998003	0.015053009614
0.057599999011	0.015295920894
0.059200000018	0.016447298229
0.060799997300	0.012371216901
0.062399998307	0.013421473093
0.063999995589	0.014003041200
0.065600000322	0.014075392857
0.067199997604	0.010230016895
0.068799994886	0.012098737061
0.070399999619	0.012379905209
0.071999996901	0.009724176489
0.073600001633	0.011287393048
0.075199998915	0.011210192926
0.076799996197	0.011757984757
0.078400000930	0.011578449048
0.079999998212	0.013772929087
0.081599995494	0.012256672606
0.083200000226	0.012939376757
0.084799997509	0.013125505298
0.086399994791	0.012865984812
0.087999999523	0.011895009317
0.089599996805	0.010933120735
0.091199994087	0.011077537201
0.092799998820	0.010965856723
0.094399996102	0.009905264713
0.096000000834	0.010354720987
0.097599998116	0.008026512340
0.099199995399	0.011141264811
0.100800000131	0.010551968589
0.102399997413	0.008922880515
0.103999994695	0.012140736915
0.105599999428	0.011595953256
0.107199996710	0.012813025154
0.108799993992	0.011967057362
0.110399998724	0.013751232997
0.111999996006	0.011779041030
0.113600000739	0.010569920763
0.115199998021	0.011464113370
0.116799995303	0.011143905111
0.118400000036	0.009709952399
0.119999997318	0.008053920232
0.121599994600	0.009540896863
0.123199999332	0.010013776831
0.124799996614	0.008692656644
0.126399993896	0.009519920684
0.127999991179	0.009875760414
0.129600003362	0.012039025314
0.131200000644	0.011656944640
0.132799997926	0.010714720935
0.134399995208	0.013514609076
0.135999992490	0.012009648606
0.137599989772	0.010258897208
0.139200001955	0.010647648945
0.140799999237	0.009784241207
0.142399996519	0.008538048714
0.143999993801	0.008539824747
0.145599991083	0.008760608733
0.147200003266	0.008520544507
0.148800000548	0.007923264988
0.150399997830	0.009000688791
0.151999995112	0.011609665118
0.153599992394	0.008747040294
0.155199989676	0.009367857128
0.156800001860	0.011400897056
0.158399999142	0.011518657207
0.159999996424	0.011226097122
0.161599993706	0.010348992422
0.163199990988	0.010069232434
0.164800003171	0.010538064875
0.166400000453	0.008069024421
0.167999997735	0.009740336798
0.169599995017	0.007997312583
0.171199992299	0.009305536747
0.172799989581	0.006619040389
0.174400001764	0.008400144987
0.175999999046	0.009056496434
0.177599996328	0.009548337199
0.179199993610	0.009866864420
0.180799990892	0.010225872509
0.182399988174	0.011375392787
0.184000000358	0.009596496820
0.185599997640	0.011906209402
0.187199994922	0.008740784600
0.188799992204	0.008341873065
0.190399989486	0.009358752519
0.192000001669	0.007448288612
0.193599998951	0.008853984997
0.195199996233	0.007234000601
0.196799993515	0.007739904802
0.198399990797	0.008713376708
0.199999988079	0.006613536738
0.201600000262	0.009866433218
0.203199997544	0.007803600747
0.204799994826	0.009117776528
0.206399992108	0.010466961190
0.207999989390	0.009274721146
0.209600001574	0.010211600922
0.211199998856	0.009060048498
0.212799996138	0.009946497157
0.214399993420	0.009516256861
0.215999990702	0.007686208468
0.217599987984	0.009023617022
0.219200000167	0.006570464466
0.220799997449	0.008418176323
0.222399994731	0.006934624631
0.223999992013	0.008469408378
0.225599989295	0.008171296678
0.227200001478	0.008257120848
0.228799998760	0.007579248864
0.230399996042	0.007877648808
0.231999993324	0.010761440732
0.233599990606	0.008090080693
0.235199987888	0.011994224973
0.236800000072	0.008703088388
0.238399997354	0.007798784878
0.239999994636	0.010004720651
0.241599991918	0.007818864658
0.243199989200	0.008395968936
0.244799986482	0.006253824569
0.246399998665	0.005936624482
0.247999995947	0.007865568623
0.249599993229	0.006691552699
0.251199990511	0.009458176792
0.252799987793	0.008575537242
0.254399985075	0.008598241024
0.255999982357	0.008316592313
0.257599979639	0.008367952891
0.259200006723	0.010709568858
0.260800004005	0.007986128330
0.262400001287	0.009436672553
0.263999998569	0.007159616333
0.265599995852	0.008327392861
0.267199993134	0.007931216620
0.268799990416	0.006330592558
0.270399987698	0.006167360581
0.271999984980	0.005152224563
0.273599982262	0.007284832653
0.275199979544	0.006244000513
0.276800006628	0.007392464671
0.278400003910	0.008895392530
0.280000001192	0.007695952430
0.281599998474	0.007677696645
0.283199995756	0.010281296447
0.284799993038	0.010000256822
0.286399990320	0.009721568786
0.287999987602	0.008076480590
0.289599984884	0.007773440797
0.291199982166	0.007732672617
0.292799979448	0.006099056453
0.294400006533	0.006190384272
0.296000003815	0.006506144535
0.297600001097	0.005323440302
0.299199998379	0.005558096338
0.300799995661	0.005474048201
0.302399992943	0.006579920650
0.303999990225	0.007194400765
0.305599987507	0.005320448428
0.307199984789	0.008576272987
0.308799982071	0.009125633165
0.310399979353	0.007579168770
0.312000006437	0.009885792620
0.313600003719	0.008359936997
0.315200001001	0.006773536559
0.316799998283	0.005302848294
0.318399995565	0.007612384390
0.319999992847	0.005545008462
0.321599990129	0.003840256250
0.323199987411	0.006135776639
0.324799984694	0.005078464281
0.326399981976	0.005985248368
0.327999979258	0.006828736514
0.329600006342	0.008983504958
0.331200003624	0.006899536587
0.332800000906	0.009256432764
0.334399998188	0.010012432933
0.335999995470	0.005786976311
0.337599992752	0.008057728410
0.339199990034	0.007704768796
0.340799987316	0.005327920429
0.342399984598	0.005499440245
0.343999981880	0.003944128286
0.345599979162	0.004721056204
0.347199976444	0.006438256707
0.348800003529	0.009042833000
0.350400000811	0.004685248248
0.351999998093	0.004750320222
0.353599995375	0.007623088546
0.355199992657	0.005760768428
0.356799989939	0.007672336418
0.358399987221	0.007082608528
0.359999984503	0.007533952594
0.361599981785	0.007652928587
0.363199979067	0.007726656739
0.364799976349	0.007206896786
0.366400003433	0.003474512370
0.368000000715	0.006676032674
0.369599997997	0.005797744263
0.371199995279	0.003143680282
0.372799992561	0.004894176498
0.374399989843	0.003674432402
0.375999987125	0.004767936189
0.377599984407	0.004211328458
0.379199981689	0.007230032701
0.380799978971	0.007802592590
0.382399976254	0.006533472333
0.384000003338	0.007913968526
0.385600000620	0.008027425036
0.387199997902	0.007554704789
0.388799995184	0.006224448327
0.390399992466	0.006481872406
0.391999989748	0.005772992503
0.393599987030	0.003678768175
0.395199984312	0.004462256562
0.396799981594	0.002282064175
0.398399978876	0.005060672294
0.399999976158	0.004651504569
0.401600003242	0.002959904261
0.403200000525	0.006343136542
0.404799997807	0.006533200387
0.406399995089	0.006394832395
0.407999992371	0.006802736782
0.409599989653	0.006589472294
0.411199986935	0.006323952693
0.412799984217	0.006484336685
0.414399981499	0.006832576357
0.415999978781	0.004884640221
0.417599976063	0.004607216455
0.419200003147	0.004955360200
0.420800000429	0.003421552246
0.422399997711	0.004880720284
0.423999994993	0.003518016310
0.425599992275	0.004260080401
0.427199989557	0.003686096286
0.428799986839	0.005954160355
0.430399984121	0.004980400205
0.431999981403	0.005796192680
0.433599978685	0.008075120859
0.435199975967	0.007294000592
0.436800003052	0.006711776368
0.438400000334	0.005916464608
0.439999997616	0.004150352441
0.441599994898	0.005753632635
0.443199992180	0.003101840382
0.444799989462	0.005337280221
0.446399986744	0.001735376194
0.447999984026	0.003411184298
0.449599981308	0.004602000583
0.451199978590	0.003904224373
0.452799975872	0.005142592359
0.454400002956	0.006293408573
0.456000000238	0.006195312366
0.457599997520	0.004297360312
0.459199994802	0.005112864543
0.460799992085	0.006627440453
0.462399989367	0.004018112551
0.463999986649	0.006228048354
0.465599983931	0.004797744565
0.467199981213	0.002564576222
0.468799978495	0.004934336524
0.470399975777	0.003428416327
0.472000002861	0.002219024114
0.473600000143	0.002602912253
0.475199997425	0.003774752375
0.476799994707	0.002399376128
0.478399991989	0.004270160571
0.479999989271	0.004610512406
0.481599986553	0.004813408479
0.483199983835	0.005420768633
0.484799981117	0.006463280413
0.486399978399	0.003956400324
0.487999975681	0.005617472343
0.489599972963	0.005395088345
0.491200000048	0.003247344168
0.492799997330	0.003569648368
0.494399994612	0.003651056206
0.495999991894	0.003598448355
0.497599989176	0.002534960164
0.499199986458	0.003882736433
0.500800013542	0.001197200152
0.502399981022	0.002491760300
0.504000008106	0.005220016465
0.505599975586	0.006505584810
0.507200002670	0.006010608282
0.508799970150	0.005438016262
0.510399997234	0.005416272674
0.511999964714	0.002728800289
0.513599991798	0.005407472607
0.515199959278	0.004424592480
0.516799986362	0.002664864296
0.518400013447	0.001801232225
0.519999980927	0.002603088273
0.521600008011	0.002678608289
0.523199975491	0.003207152244
0.524800002575	0.001875040121
0.526399970055	0.002626016270
0.527999997139	0.002594944322
0.529599964619	0.004900128581
0.531199991703	0.002335584257
0.532799959183	0.003615280380
0.534399986267	0.004480016418
0.536000013351	0.003477056278
0.537599980831	0.004130784422
0.539200007915	0.004559792578
0.540799975395	0.004387872294
0.542400002480	0.002400480211
0.543999969959	0.001908784150
0.545599997044	0.002280272078
0.547199964523	0.001823264174
0.548799991608	0.001763168140
0.550399959087	0.001342976117
0.551999986172	0.004106016364
0.553600013256	0.002311248099
0.555199980736	0.004105312284
0.556800007820	0.005085024517
0.558399975300	0.004369328264
0.560000002384	0.004460560158
0.561599969864	0.003900096286
0.563199996948	0.005458592437
0.564799964428	0.003029216314
0.566399991512	0.003340016352
0.567999958992	0.003977856133
0.569599986076	0.001352336141
0.571200013161	0.000296400016
0.572799980640	0.002156512113
0.574400007725	0.002323904075
0.575999975204	0.001023344113
0.577600002289	0.000910832023
0.579199969769	0.002582912100
0.580799996853	0.004986304324
0.582399964333	0.004805072211
0.583999991417	0.003124928335
0.585599958897	0.004108288325
0.587199985981	0.003897392424
0.588800013065	0.005386640318
0.590399980545	0.003568800399
0.592000007629	0.001624320168
0.593599975109	-0.000542352034
0.595200002193	-0.000002079987
0.596799969673	0.003163568210
0.598399996758	0.000090175978
0.599999964237	0.002176016103
0.601599991322	0.001636528061
0.603199958801	0.001983936178
0.604799985886	0.002670528134
0.606400012970	0.002577264095
0.607999980450	0.005563712679
0.609600007534	0.003216448240
0.611199975014	0.001811568160
0.612800002098	0.002809984377
0.614399969578	0.003494544188
0.615999996662	0.004854576197
0.617599964142	0.001459232066
0.619199991226	0.001914656139
0.620799958706	0.000966560037
0.622399985790	0.000332240044
0.624000012875	0.001228576060
0.625599980354	0.002825760283
0.627200007439	0.003457152285
0.628799974918	0.000329999981
0.630400002003	0.003169712378
0.631999969482	0.003382576164
0.633599996567	0.003245616332
0.635199964046	0.003245904343
0.636799991131	0.002917648293
0.638399958611	0.002102480270
0.639999985695	0.002126672072
0.641600012779	0.001922896132
0.643199980259	0.002047680086
0.644800007343	0.001305600046
0.646399974823	0.000947440101
0.648000001907	0.000138751988
0.649599969387	-0.000244560040
0.651199996471	0.001414448023
0.652799963951	0.000059632028
0.654399991035	0.000541520014
0.655999958515	0.002394480165
0.657599985600	0.001436544117
0.659200012684	0.002280896064
0.660799980164	0.002893984318
0.662400007248	0.000672064081
0.663999974728	0.001508176094
0.665600001812	0.002215728164
0.667199969292	0.000763424090
0.668799996376	-0.001236144104
0.670399963856	0.000703632017
0.671999990940	0.000610208022
0.673599958420	-0.000890048046
0.675199985504	-0.000540320121
0.676800012589	0.003212064272
0.678399980068	-0.000507680059
0.680000007153	0.003369712271
0.681599974632	0.003817312187
0.683200001717	0.001719280146
0.684799969196	0.002252400154
0.686399996281	0.002772432286
0.687999963760	0.002671408234
0.689599990845	0.001758208149
0.691199958324	0.000042320018
0.692799985409	-0.000008816041
0.694399952888	-0.000284431997
0.695999979973	-0.000163776072
0.697600007057	0.000057280016
0.699199974537	0.000063280007
0.700800001621	0.001595744165
0.702399969101	-0.000760656025
0.703999996185	0.001061968040
0.705599963665	0.002142080106
0.707199990749	0.001680464135
0.708799958229	0.001347728074
0.710399985313	0.001558720134
0.711999952793	0.001156880055
0.713599979877	0.001228928100
0.715200006962	0.001701440080
0.716799974442	-0.000179311988
0.718400001526	0.000420048018
0.719999969006	-0.001005936065
0.721599996090	-0.002130816225
0.723199963570	0.000816544052
0.724799990654	-0.001884208177
0.726399958134	-0.001616352121
0.727999985218	-0.000675488089
0.729599952698	-0.000150752050
0.731199979782	0.002243008232
0.732800006866	0.001962848241
0.734399974346	0.003215296194
0.736000001431	0.001857552095
0.737599968910	0.001932912157
0.739199995995	0.001167504117
0.740799963474	0.000351791998
0.742399990559	0.000397056079
0.743999958038	-0.000251024001
0.745599985123	-0.000827840064
0.747199952602	0.000690768065
0.748799979687	-0.001664048177
0.750400006771	0.001424976159
0.751999974251	-0.000480320014
0.753600001335	0.001430896111
0.755199968815	0.000886144117
0.756799995899	0.000344480039
0.758399963379	0.002207552083
0.759999990463	0.001598416129
0.761599957943	0.002189696301
0.763199985027	-0.000071023962
0.764799952507	0.001917584101
0.766399979591	0.002204160206
0.768000006676	-0.000420560042
0.769599974155	-0.001413648017
0.771200001240	0.000072160045
0.772799968719	-0.000276703970
0.774399995804	-0.001366288168
0.775999963284	-0.001290720073
0.777599990368	-0.001002640114
0.779199957848	-0.001261680154
0.780799984932	0.001190592069
0.782399952412	0.002802352188
0.783999979496	0.000447744067
0.785600006580	0.001768016140
0.787199974060	0.000942512124
0.788800001144	0.000234000021
0.790399968624	0.000925920089
0.791999995708	0.000192303982
0.793599963188	-0.000626992027
0.795199990273	-0.002526240190
0.796799957752	-0.003231824376
0.798399984837	-0.001053568092
0.799999952316	-0.001430480159
0.801599979401	0.000475840061
0.803200006485	-0.000077551987
0.804799973965	-0.000576256076
0.806400001049	0.001012528082
0.807999968529	-0.000430799992
0.809599995613	0.001744784066
0.811199963093	0.000420432014
0.812799990177	-0.000521344016
0.814399957657	-0.000257936044
0.815999984741	0.000844288035
0.817599952221	-0.000752592110
0.819199979305	-0.002027920214
0.820800006390	-0.001517664059
0.822399973869	-0.002106416272
0.824000000954	-0.002945728367
0.825599968433	-0.001706688083
0.827199995518	-0.001192192081
0.828799962997	-0.000528112054
0.830399990082	-0.001071040053
0.831999957561	0.001008304069
0.833599984646	0.001314480091
0.835199952126	0.001081776107
0.836799979210	0.000948896108
0.838400006294	-0.001304704114
0.839999973774	-0.001124944072
0.841600000858	-0.000282736088
0.843199968338	-0.001031424035
0.844799995422	-0.000976800104
0.846399962902	-0.002982320264
0.847999989986	-0.003849328263
0.849599957466	-0.003251888324
0.851199984550	-0.001304304111
0.852799952030	-0.000443312019
0.854399979115	-0.001075664186
0.856000006199	0.000499328075
0.857599973679	-0.000386368018
0.859200000763	-0.000159920004
0.860799968243	0.001031088061
0.862399995327	-0.000159600037
0.863999962807	-0.000451664062
0.865599989891	-0.001194352168
0.867199957371	-0.001469472074
0.868799984455	-0.002679488156
0.870399951935	-0.001112480066
0.871999979019	-0.002250832273
0.873600006104	-0.002236560220
0.875199973583	-0.004093920346
0.876800000668	-0.001393152168
0.878399968147	0.000080816011
0.879999995232	-0.000447040075
0.881599962711	0.000175056062
0.883199989796	-0.001440096181
0.884799957275	0.000480576040
0.886399984360	0.001188000082
0.887999951839	-0.001063504140
0.889599978924	-0.001746512135
0.891200006008	-0.000608272036
0.892799973488	-0.001651760074
0.894400000572	-0.001999056200
0.895999968052	-0.003807776142
0.897599995136	-0.001911120256
0.899199962616	-0.002983008279
0.900799989700	-0.002261648187
0.902399957180	-0.003188192146
0.903999984264	-0.003562160302
0.905599951744	-0.001770064118
0.907199978828	-0.001085856115
0.908800005913	-0.000720512122
0.910399973392	-0.001962336246
0.912000000477	-0.002419968136
0.913599967957	0.001423392096
0.915199995041	-0.000397712021
0.916799962521	-0.001489136135
0.918399989605	-0.001441840082
0.919999957085	-0.004223872442
0.921599984169	-0.003168320283
0.923199951649	-0.002599248197
0.924799978733	-0.002934528282
0.926400005817	-0.003487536218
0.927999973297	-0.002058928367
0.929600000381	-0.002539664041
0.931199967861	-0.001141376095
0.932799994946	0.001520976075
0.934399962425	0.000624928041
0.935999989510	-0.001893136185
0.937599956989	-0.000695936033
0.939199984074	-0.000621840009
0.940799951553	-0.000972176087
0.942399978638	-0.001259232056
0.944000005722	-0.004105088301
0.945599973202	-0.004882736597
0.947200000286	-0.003935248125
0.948799967766	-0.001147456118
0.950399994850	-0.003156800289
0.951999962330	-0.001534752082
0.953599989414	-0.002382960171
0.955199956894	-0.002502944320
0.956799983978	-0.001117472071
0.958399951458	-0.002403824357
0.959999978542	0.000040832023
0.961599946022	-0.000124208003
0.963199973106	-0.003270176239
0.964800000191	-0.002990656300
0.966399967670	-0.001730672084
0.967999994755	-0.002785312245
0.969599962234	-0.003302096389
0.971199989319	-0.002771152183
0.972799956799	-0.005028480198
0.974399983883	-0.002994176233
0.975999951363	-0.002463872079
0.977599978447	-0.002418848220
0.979199945927	-0.002922480227
0.980799973011	-0.002405392239
0.982400000095	0.000440048025
0.983999967575	-0.000976144103
0.985599994659	-0.000993280089
0.987199962139	0.000414799986
0.988799989223	-0.002118016127
0.990399956703	-0.003569088178
0.991999983788	-0.001482560183
0.993599951267	-0.002400768222
0.995199978352	-0.003589440370
0.996799945831	-0.002322688233
0.998399972916	-0.003162832232
1.000000000000	-0.002759904135
1.001600027084	-0.001532832161
1.003199934959	-0.002051248215
1.004799962044	-0.003281696234
1.006399989128	-0.004464720376
1.008000016212	-0.001530528069
1.009599924088	-0.003243456362
1.011199951172	-0.002173824236
1.012799978256	-0.001639040187
1.014400005341	-0.003624400357
1.016000032425	-0.003048464190
1.017599940300	-0.003283104161
1.019199967384	-0.002439360134
1.020799994469	-0.004155568313
1.022400021553	-0.006249824539
1.023999929428	-0.003192032222
1.025599956512	-0.004485424608
1.027199983597	-0.002977792174
1.028800010681	-0.004377088510
1.030399918556	-0.001864512102
1.031999945641	-0.002321664244
1.033599972725	-0.001112144208
1.035199999809	0.000546480063
1.036800026894	-0.002072816249
1.038399934769	-0.001382096088
1.039999961853	-0.001756176120
1.041599988937	-0.004362960346
1.043200016022	-0.001909728162
1.044799923897	-0.003974112216
1.046399950981	-0.003601952223
1.047999978065	-0.004681584425
1.049600005150	-0.004583760165
1.051200032234	-0.003653040389
1.052799940109	-0.003055296140
1.054399967194	-0.002233280102
1.055999994278	-0.003325696336
1.057600021362	-0.000989280059
1.059199929237	-0.001909248182
1.060799956322	-0.001876768190
1.062399983406	-0.003395376261
1.064000010490	-0.002100864192
1.065599918365	-0.000611280033
1.067199945450	-0.004517200403
1.068799972534	-0.004483936355
1.070399999619	-0.002843600232
1.072000026703	-0.004607072566
1.073599934578	-0.003170736367
1.075199961662	-0.005337936338
1.076799988747	-0.003585568396
1.078400015831	-0.004914816469
1.079999923706	-0.003016256262
1.081599950790	-0.002457248280
1.083199977875	-0.001788784168
1.084800004959	-0.001175936079
1.086400032043	-0.001948752208
1.087999939919	-0.001547808060
1.089599967003	-0.001534576179
1.091199994087	-0.002188640181
1.092800021172	-0.003897232469
1.094399929047	-0.004761184566
1.095999956131	-0.004893760663
1.097599983215	-0.005354944617
1.099200010300	-0.002678352175
1.100799918175	-0.003259344259
1.102399945259	-0.004580048379
1.103999972343	-0.002066848101
1.105599999428	-0.003133584280
1.107200026512	-0.002988096327
1.108799934387	-0.002757760230
1.110399961472	-0.000336320052
1.111999988556	-0.001403168077
1.113600015640	-0.003149024211
1.115199923515	-0.003227504203
1.116799950600	-0.002674512332
1.118399977684	-0.003285840154
1.120000004768	-0.003673136234
1.121599912643	-0.005125760566
1.123199939728	-0.004037376493
1.124799966812	-0.003658928210
1.126399993896	-0.004161616322
1.128000020981	-0.003840560326
1.129599928856	-0.003124896204
1.131199955940	-0.004138640128
1.132799983025	-0.003128992161
1.134400010109	-0.002106496133
1.135999917984	-0.001176032121
1.137599945068	-0.004414304160
1.139199972153	-0.003319456242
1.140799999237	-0.002345360117
1.142400026321	-0.004004704300
1.143999934196	-0.004591424484
1.145599961281	-0.004852384329
1.147199988365	-0.005544480402
1.148800015450	-0.004090176430
1.150399923325	-0.006562144496
1.151999950409	-0.003949168138
1.153599977493	-0.004731488414
1.155200004578	-0.004107600544
1.156799912453	-0.003957328387
1.158399939537	-0.003422880312
1.159999966621	0.000042127980
1.161599993706	-0.002636944177
1.163200020790	-0.001784144202
1.164799928665	-0.004795936402
1.166399955750	-0.004852704238
1.167999982834	-0.004507648293
1.169600009918	-0.004537056200
1.171199917793	-0.004594768398
1.172799944878	-0.004748336505
1.174399971962	-0.005814480595
1.175999999046	-0.004981600214
1.177600026131	-0.004212640226
1.179199934006	-0.003942272160
1.180799961090	-0.004990704358
1.182399988174	-0.002920320258
1.184000015259	-0.003394352272
1.185599923134	-0.003601616248
1.187199950218	-0.001336224144
1.188799977303	-0.003412592225
1.190400004387	-0.004414736293
1.191999912262	-0.005556992255
1.193599939346	-0.005630832631
1.195199966431	-0.005793152377
1.196799993515	-0.006018416490
1.198400020599	-0.007757776417
1.199999928474	-0.005824000575
1.201599955559	-0.004706992302
1.203199982643	-0.004056080244
1.204800009727	-0.003605968319
1.206399917603	-0.002309744246
1.207999944687	-0.003229008289
1.209599971771	-0.004787104204
1.211199998856	-0.004152688198
1.212800025940	-0.002009296091
1.214399933815	-0.003313856199
1.215999960899	-0.004091088194
1.217599987984	-0.005154240411
1.219200015068	-0.006544448435
1.220799922943	-0.004552976228
1.222399950027	-0.006253344472
1.223999977112	-0.004855152220
1.225600004196	-0.005839376710
1.227199912071	-0.006043056492
1.228799939156	-0.004297408275
1.230399966240	-0.000922704057
1.231999993324	-0.003046960337
1.233600020409	-0.002561312169
1.235199928284	-0.002794400323
1.236799955368	-0.003916112240
1.238399982452	-0.003137888387
1.240000009537	-0.002961920109
1.241599917412	-0.005634768400
1.243199944496	-0.005288752262
1.244799971581	-0.006121648476
1.246399998665	-0.004397584591
1.248000025749	-0.005677152425
1.249599933624	-0.006918640807
1.251199960709	-0.005677152425
1.252799987793	-0.005993888713
1.254400014877	-0.005148352589
1.255999922752	-0.004208208527
1.257599949837	-0.004579120316
1.259199976921	-0.004307840485
1.260800004005	-0.003688816214
1.262399911880	-0.003239952261
1.263999938965	-0.003498256207
1.265599966049	-0.004280608147
1.267199993134	-0.004710944369
1.268800020218	-0.005001088604
1.270399928093	-0.005407920573
1.271999955177	-0.005162944552
1.273599982262	-0.006302704569
1.275200009346	-0.007638112642
1.276799917221	-0.005431552418
1.278399944305	-0.006153744645
1.279999971390	-0.004616160411
1.281599998474	-0.005358896218
1.283200025558	-0.004657856189
1.284799933434	-0.003768960247
1.286399960518	-0.003123456379
1.287999987602	-0.003590032225
1.289600014687	-0.002790704370
1.291199922562	-0.005543328356
1.292799949646	-0.005212816410
1.294399976730	-0.004883744288
1.296000003815	-0.006535200402
1.297599911690	-0.005859280471
1.299199938774	-0.006249648519
1.300799965858	-0.006232080515
1.302399992943	-0.005567088258
1.304000020027	-0.005441456567
1.305599927902	-0.004133200273
1.307199954987	-0.005007152446
1.308799982071	-0.002731056185
1.310400009155	-0.004253696185
1.311999917030	-0.003960144240
1.313599944115	-0.004470752552
1.315199971199	-0.004195264541
1.316799998283	-0.005154768471
1.318400025368	-0.003898880212
1.319999933243	-0.006133152638
1.321599960327	-0.007456512656
1.323199987411	-0.006783872377
1.324800014496	-0.006055136677
1.326399922371	-0.004984944593
1.327999949455	-0.004482752178
1.329599976540	-0.003879536409
1.331200003624	-0.005261392333
1.332799911499	-0.002817632165
1.334399938583	-0.004224080592
1.335999965668	-0.004155392293
1.337599992752	-0.004024736118
1.339200019836	-0.003695424180
1.340799927711	-0.004996672273
1.342399954796	-0.006605408620
1.343999981880	-0.006347168703
1.345600008965	-0.007512096781
1.347199916840	-0.006442736369
1.348799943924	-0.007366240490
1.350399971008	-0.007172768470
1.351999998093	-0.005164240487
1.353600025177	-0.003396368353
1.355199933052	-0.006823360454
1.356799960136	-0.004761664197
1.358399987221	-0.003847680287
1.360000014305	-0.004182768520
1.361599922180	-0.003809936345
1.363199949265	-0.003484064247
1.364799976349	-0.003924784251
1.366400003433	-0.004570112564
1.367999911308	-0.005858752411
1.369599938393	-0.005597088486
1.371199965477	-0.007233744487
1.372799992561	-0.004774576519
1.374400019646	-0.007586832624
1.375999927521	-0.007187984418
1.377599954605	-0.007904528640
1.379199981689	-0.005746640265
1.380800008774	-0.002754560206
1.382399916649	-0.006051632576
1.383999943733	-0.005836336408
1.385599970818	-0.004875904415
1.387199997902	-0.003932704218
1.388799905777	-0.004201872274
1.390399932861	-0.004151104484
1.391999959946	-0.003827920416
1.393599987030	-0.006514688488
1.395200014114	-0.005697072484
1.396799921989	-0.006848880555
1.398399949074	-0.006487584673
1.399999976158	-0.005649504252
1.401600003242	-0.008157121018
1.403199911118	-0.003760704305
1.404799938202	-0.005415744614
1.406399965286	-0.005292144604
1.407999992371	-0.004028064199
1.409600019455	-0.006654048804
1.411199927330	-0.003127936274
1.412799954414	-0.004720368423
1.414399981499	-0.004326080438
1.416000008583	-0.003472640179
1.417599916458	-0.005565408617
1.419199943542	-0.007080480456
1.420799970627	-0.006675104611
1.422399997711	-0.005468816496
1.423999905586	-0.007559776772
1.425599932671	-0.005929936655
1.427199959755	-0.008092288859
1.428799986839	-0.006315840408
1.430400013924	-0.003925808240
1.431999921799	-0.003045776160
1.433599948883	-0.003074576147
1.435199975967	-0.005052688532
1.436800003052	-0.004530128557
1.438399910927	-0.003849472385
1.439999938011	-0.004515312612
1.441599965096	-0.005875296425
1.443199992180	-0.006181136705
1.444800019264	-0.005413088482
1.446399927139	-0.007208016701
1.447999954224	-0.007242976688
1.449599981308	-0.005237264559
1.451200008392	-0.007392144762
1.452799916267	-0.008013809100
1.454399943352	-0.006416880526
1.455999970436	-0.004325888585
1.457599997520	-0.004674208350
1.459199905396	-0.004613968544
1.460799932480	-0.003630912397
1.462399959564	-0.005088688340
1.463999986649	-0.005314448383
1.465600013733	-0.006455040537
1.467199921608	-0.004835168365
1.468799948692	-0.007345120423
1.470399975777	-0.007308160421
1.472000002861	-0.009103632532
1.473599910736	-0.006665456574
1.475199937820	-0.006487248465
1.476799964905	-0.008994848467
1.478399991989	-0.007536896504
1.480000019073	-0.006724656560
1.481599926949	-0.004035664257
1.483199954033	-0.004293600563
1.484799981117	-0.005720496643
1.486400008202	-0.004474944435
1.487999916077	-0.004599232227
1.489599943161	-0.005827552639
1.491199970245	-0.006545728538
1.492799997330	-0.006700784434
1.494399905205	-0.007485488430
1.495999932289	-0.006651328411
1.497599959373	-0.007875424810
1.499199986458	-0.006564720534
1.500800013542	-0.006985824555
1.502399921417	-0.006250640377
1.503999948502	-0.005688240286
1.505599975586	-0.005570736248
1.507200002670	-0.005868912674
1.508799910545	-0.004697584547
1.510399937630	-0.003502784297
1.511999964714	-0.004861440510
1.513599991798	-0.005741664674
1.515200018883	-0.006358896382
1.516799926758	-0.006490192376
1.518399953842	-0.006006016396
1.519999980927	-0.005091024563
1.521600008011	-0.008712752722
1.523199915886	-0.009814080782
1.524799942970	-0.007201520726
1.526399970055	-0.007161952555
1.527999997139	-0.007939713076
1.529599905014	-0.006107024383
1.531199932098	-0.005749664269
1.532799959183	-0.005095808301
1.534399986267	-0.004978176206
1.536000013351	-0.001820464153
1.537599921227	-0.005147776566
1.539199948311	-0.005401376635
1.540799975395	-0.004216736183
1.542400002480	-0.004498816561
1.543999910355	-0.007430256344
1.545599937439	-0.006860320456
1.547199964523	-0.006364672445
1.548799991608	-0.008159873076
1.550400018692	-0.007735696621
1.551999926567	-0.004828576464
1.553599953651	-0.006364176515
1.555199980736	-0.007532576565
1.556800007820	-0.005227664486
1.558399915695	-0.003854176262
1.559999942780	-0.006124208681
1.561599969864	-0.004544496536
1.563199996948	-0.004020768218
1.564799904823	-0.003901312361
1.566399931908	-0.005194592290
1.567999958992	-0.009258736856
1.569599986076	-0.006371408701
1.571200013161	-0.007754816674
1.572799921036	-0.008952705190
1.574399948120	-0.007469744422
1.575999975204	-0.008559648879
1.577600002289	-0.007810016628
1.579199910164	-0.006533504464
1.580799937248	-0.005213712342
1.582399964333	-0.006942624692
1.583999991417	-0.006617744453
1.585600018501	-0.004019824322
1.587199926376	-0.006337840576
1.588799953461	-0.005637600552
1.590399980545	-0.006063104607
1.592000007629	-0.005012448411
1.593599915504	-0.007435760461
1.595199942589	-0.008087649010
1.596799969673	-0.008656896651
1.598399996758	-0.008775953203
1.599999904633	-0.007584880572
1.601599931717	-0.005702432245
1.603199958801	-0.006688240450
1.604799985886	-0.007926656865
1.606400012970	-0.005342144519
1.607999920845	-0.004569040611
1.609599947929	-0.006845408585
1.611199975014	-0.005155136343
1.612800002098	-0.006965504494
1.614399909973	-0.005453296471
1.615999937057	-0.005973872729
1.617599964142	-0.008339408785
1.619199991226	-0.007233216427
1.620800018311	-0.007585568819
1.622399926186	-0.007170960773
1.623999953270	-0.006376720499
1.625599980354	-0.009036784992
1.627200007439	-0.006752976682
1.628799915314	-0.006707872730
1.630399942398	-0.006726512685
1.631999969482	-0.003682128387
1.633599996567	-0.004072320182
1.635199904442	-0.004827376455
1.636799931526	-0.006463552359
1.638399958611	-0.006232368294
1.639999985695	-0.005711520556
1.641600012779	-0.007271616720
1.643199920654	-0.008239393122
1.644799947739	-0.006527744699
1.646399974823	-0.008691009134
1.648000001907	-0.006142560393
1.649599909782	-0.008491856977
1.651199936867	-0.007311984431
1.652799963951	-0.009176065214
1.654399991035	-0.005620752461
1.655999898911	-0.005591296591
1.657599925995	-0.006413680501
1.659199953079	-0.006410960574
1.660799980164	-0.005330912303
1.662400007248	-0.005806432571
1.663999915123	-0.007579504512
1.665599942207	-0.004952240270
1.667199969292	-0.006519504357
1.668799996376	-0.007111744490
1.670399904251	-0.007750352845
1.671999931335	-0.008416384459
1.673599958420	-0.008547136560
1.675199985504	-0.008635296486
1.676800012589	-0.006982064806
1.678399920464	-0.007519840728
1.679999947548	-0.005388416350
1.681599974632	-0.005935872439
1.683200001717	-0.005617488641
1.684799909592	-0.007221088745
1.686399936676	-0.005622064695
1.687999963760	-0.004950384609
1.689599990845	-0.005420992617
1.691199898720	-0.004848240409
1.692799925804	-0.008261344396
1.694399952888	-0.008191872388
1.695999979973	-0.007522432599
1.697600007057	-0.009622288868
1.699199914932	-0.007022432517
1.700799942017	-0.007925297134
1.702399969101	-0.008057744242
1.703999996185	-0.005992256571
1.705599904060	-0.007597744465
1.707199931145	-0.004664656240
1.708799958229	-0.006515072659
1.710399985313	-0.005199472420
1.712000012398	-0.006252048537
1.713599920273	-0.005236112513
1.715199947357	-0.007402688731
1.716799974442	-0.006539264694
1.718400001526	-0.004897296429
1.719999909401	-0.008030336350
1.721599936485	-0.009051296860
1.723199963570	-0.007763440721
1.724799990654	-0.008354800753
1.726399898529	-0.008584656753
1.727999925613	-0.007821712643
1.729599952698	-0.005441584624
1.731199979782	-0.007382256445
1.732800006866	-0.006188176572
1.734399914742	-0.005213104654
1.735999941826	-0.004809984472
1.737599968910	-0.003454384161
1.739199995995	-0.006182064302
1.740799903870	-0.005724896677
1.742399930954	-0.007253664546
1.743999958038	-0.007661744487
1.745599985123	-0.007472848520
1.747200012207	-0.008147616871
1.748799920082	-0.008144992404
1.750399947166	-0.007217584644
1.751999974251	-0.008070688695
1.753600001335	-0.006965792738
1.755199909210	-0.006769376341
1.756799936295	-0.006521728355
1.758399963379	-0.004226144403
1.759999990463	-0.005575200543
1.761599898338	-0.007196944673
1.763199925423	-0.004841488320
1.764799952507	-0.005900272634
1.766399979591	-0.008607921191
1.768000006676	-0.006981584709
1.769599914551	-0.008069360629
1.771199941635	-0.006795440800
1.772799968719	-0.008248576894
1.774399995804	-0.009005584754
1.775999903679	-0.008088912815
1.777599930763	-0.007542176638
1.779199957848	-0.006968352478
1.780799984932	-0.005858880468
1.782400012016	-0.006646704394
1.783999919891	-0.006583312526
1.785599946976	-0.004705664236
1.787199974060	-0.005524864420
1.788800001144	-0.005518032238
1.790399909019	-0.007320496719
1.791999936104	-0.007243840490
1.793599963188	-0.005487008486
1.795199990273	-0.008384432644
1.796799898148	-0.008966321126
1.798399925232	-0.008424560539
1.799999952316	-0.009508960880
1.801599979401	-0.007552112453
1.803200006485	-0.008876528591
1.804799914360	-0.006674848497
1.806399941444	-0.006160608493
1.807999968529	-0.006386480294
1.809599995613	-0.006166656502
1.811199903488	-0.007090080529
1.812799930573	-0.004822064191
1.814399957657	-0.007123024669
1.815999984741	-0.004925280344
1.817600011826	-0.006721120328
1.819199919701	-0.008356624283
1.820799946785	-0.008565872908
1.822399973869	-0.008983744308
1.824000000954	-0.007772976533
1.825599908829	-0.009178496897
1.827199935913	-0.007473808713
1.828799962997	-0.007131728344
1.830399990082	-0.006739088800
1.831999897957	-0.006352400407
1.833599925041	-0.006389296614
1.835199952126	-0.004726384301
1.836799979210	-0.007354656700
1.838400006294	-0.006783680525
1.839999914169	-0.006564640440
1.841599941254	-0.007750944700
1.843199968338	-0.006187024526
1.844799995422	-0.008063680492
1.846399903297	-0.007921280339
1.847999930382	-0.009282960556
1.849599957466	-0.010019728914
1.851199984550	-0.007744240575
1.852800011635	-0.007207328454
1.854399919510	-0.007842512801
1.855999946594	-0.007501904387
1.857599973679	-0.006182992365
1.859200000763	-0.006776272785
1.860799908638	-0.005848080385
1.862399935722	-0.005320320372
1.863999962807	-0.006795632653
1.865599989891	-0.006227728445
1.867199897766	-0.006385952700
1.868799924850	-0.006971280556
1.870399951935	-0.009031936526
1.871999979019	-0.007592896465
1.873600006104	-0.008638208732
1.875199913979	-0.008984496817
1.876799941063	-0.008825632744
1.878399968147	-0.006259696558
1.879999995232	-0.007693696767
1.881599903107	-0.006956304424
1.883199930191	-0.006898144726
1.884799957275	-0.005151696503
1.886399984360	-0.005097584333
1.888000011444	-0.005608096253
1.889599919319	-0.006878272630
1.891199946404	-0.007224048488
1.892799973488	-0.006895680446
1.894400000572	-0.008276673034
1.895999908447	-0.008155792952
1.897599935532	-0.008997281082
1.899199962616	-0.007869248278
1.900799989700	-0.009067488834
1.902399897575	-0.009244561195
1.903999924660	-0.010305760428
1.905599951744	-0.008145056665
1.907199978828	-0.007894257084
1.908800005913	-0.006380096544
1.910399913788	-0.005115728360
1.911999940872	-0.006216752343
1.913599967957	-0.005812736694
1.915199995041	-0.007027168758
1.916799902916	-0.007393248845
1.918399930000	-0.007775376551
1.919999957085	-0.009566145018
1.921599984169	-0.009026641026
1.923199892044	-0.009354785085
1.924799919128	-0.009730864316
1.926399946213	-0.007397968788
1.927999973297	-0.009163200855
1.929600000381	-0.006303712726
1.931199908257	-0.006505008321
1.932799935341	-0.005338576622
1.934399962425	-0.006006896496
1.935999989510	-0.007189616561
1.937599897385	-0.004748432431
1.939199924469	-0.005836832337
1.940799951553	-0.004922240507
1.942399978638	-0.006139952689
1.944000005722	-0.006424672436
1.945599913597	-0.007646320853
1.947199940681	-0.008930688724
1.948799967766	-0.007344720419
1.950399994850	-0.008873760700
1.951999902725	-0.009782800451
1.953599929810	-0.006920048501
1.955199956894	-0.006741280667
1.956799983978	-0.006897680461
1.958399891853	-0.006028592587
1.959999918938	-0.006381856743
1.961599946022	-0.005015840288
1.963199973106	-0.006730608642
1.964800000191	-0.006107392721
1.966399908066	-0.007595152594
1.967999935150	-0.007481552660
1.969599962234	-0.006700368598
1.971199989319	-0.007777472492
1.972799897194	-0.008676640689
1.974399924278	-0.009712768719
1.975999951363	-0.008512225002
1.977599978447	-0.009675296955
1.979200005531	-0.006903072353
1.980799913406	-0.008201920427
1.982399940491	-0.008076640777
1.983999967575	-0.006213616580
1.985599994659	-0.005830640439
1.987199902534	-0.006140800659
1.988799929619	-0.006418848410
1.990399956703	-0.008053424768
1.991999983788	-0.008518832736
1.993599891663	-0.006888176780
1.995199918747	-0.007332112640
1.996799945831	-0.009831408970
1.998399972916	-0.009619008750
2.000000000000	-0.009389440529
2.001600027084	-0.008071200922
2.003200054169	-0.009218832478
2.004799842834	-0.008332224563
2.006399869919	-0.005690880585
2.007999897003	-0.006818304304
2.009599924088	-0.007003904786
2.011199951172	-0.007616752759
2.012799978256	-0.006710736547
2.014400005341	-0.007231936790
2.016000032425	-0.005663680378
2.017600059509	-0.008111376315
2.019199848175	-0.009804064408
2.020799875259	-0.008395840414
2.022399902344	-0.007088976447
2.023999929428	-0.009670833126
2.025599956512	-0.009630144574
2.027199983597	-0.009230544791
2.028800010681	-0.008931584656
2.030400037766	-0.007396400440
2.032000064850	-0.006207152270
2.033599853516	-0.007077184506
2.035199880600	-0.007077520713
2.036799907684	-0.006377248559
2.038399934769	-0.007267072797
2.039999961853	-0.006762720644
2.041599988937	-0.007908816449
2.043200016022	-0.006768208463
2.044800043106	-0.007718080655
2.046399831772	-0.007917728275
2.047999858856	-0.008990816772
2.049599885941	-0.009523600340
2.051199913025	-0.008140064776
2.052799940109	-0.009519328363
2.054399967194	-0.008974464610
2.055999994278	-0.007499440573
2.057600021362	-0.007648944855
2.059200048447	-0.005260912236
2.060799837112	-0.007410016377
2.062399864197	-0.006535840686
2.063999891281	-0.007749680430
2.065599918365	-0.007020448800
2.067199945450	-0.007734640501
2.068799972534	-0.008481248282
2.070399999619	-0.009914448485
2.072000026703	-0.007982080802
2.073600053787	-0.009712624364
2.075199842453	-0.007416640408
2.076799869537	-0.008498816751
2.078399896622	-0.007462336682
2.079999923706	-0.009561808780
2.081599950790	-0.007390976418
2.083199977875	-0.007209376432
2.084800004959	-0.006367632654
2.086400032043	-0.006639360450
2.088000059128	-0.007464720868
2.089599847794	-0.006820896640
2.091199874878	-0.007663968485
2.092799901962	-0.007837216370
2.094399929047	-0.007648960687
2.095999956131	-0.010577040724
2.097599983215	-0.008096640930
2.099200010300	-0.007730528712
2.100800037384	-0.009357312694
2.102400064468	-0.008749232627
2.103999853134	-0.008430737071
2.105599880219	-0.008231696673
2.107199907303	-0.007906256244
2.108799934387	-0.005540496670
2.110399961472	-0.006488560699
2.111999988556	-0.008004385047
2.113600015640	-0.006878528744
2.115200042725	-0.006610768382
2.116799831390	-0.007899840362
2.118399858475	-0.006433104631
2.119999885559	-0.007041744422
2.121599912643	-0.008755184710
2.123199939728	-0.008869648911
2.124799966812	-0.009545808658
2.126399993896	-0.008779216558
2.128000020981	-0.009927729145
2.129600048065	-0.008913104422
2.131199836731	-0.006775152404
2.132799863815	-0.007084016688
2.134399890900	-0.006421360653
2.135999917984	-0.005142288283
2.137599945068	-0.006718304474
2.139199972153	-0.007067616563
2.140799999237	-0.007182416506
2.142400026321	-0.008282721043
2.144000053406	-0.008882144466
2.145599842072	-0.007340256590
2.147199869156	-0.010203696787
2.148799896240	-0.010317728855
2.150399923325	-0.010089169256
2.151999950409	-0.010379920714
2.153599977493	-0.009954241104
2.155200004578	-0.007676416542
2.156800031662	-0.006557552610
2.158400058746	-0.006750160363
2.159999847412	-0.006165712606
2.161599874496	-0.005594112445
2.163199901581	-0.005756288301
2.164799928665	-0.006736432668
2.166399955750	-0.007623456884
2.167999982834	-0.008606160991
2.169600009918	-0.007876624353
2.171200037003	-0.010238320567
2.172800064087	-0.009713521227
2.174399852753	-0.009668752551
2.175999879837	-0.010097361170
2.177599906921	-0.007770640776
2.179199934006	-0.007207920775
2.180799961090	-0.008540224284
2.182399988174	-0.009004976600
2.184000015259	-0.007968897000
2.185600042343	-0.005720592570
2.187199831009	-0.005425280426
2.188799858093	-0.006674848497
2.190399885178	-0.008259936236
2.191999912262	-0.006832032464
2.193599939346	-0.007825761102
2.195199966431	-0.007800960913
2.196799993515	-0.007991344668
2.198400020599	-0.008898193017
2.200000047684	-0.008339201100
2.201599836349	-0.009190960787
2.203199863434	-0.007917088456
2.204799890518	-0.007725824602
2.206399917603	-0.006694176700
2.207999944687	-0.006136048585
2.209599971771	-0.006997664459
2.211199998856	-0.006501136348
2.212800025940	-0.006044320296
2.214400053024	-0.005744448397
2.215999841690	-0.007235872559
2.217599868774	-0.008607552387
2.219199895859	-0.008230497129
2.220799922943	-0.009270353243
2.222399950027	-0.009690960869
2.223999977112	-0.008085664362
2.225600004196	-0.009570321068
2.227200031281	-0.008154273033
2.228800058365	-0.008481488563
2.230399847031	-0.007990432903
2.231999874115	-0.008465216495
2.233599901199	-0.006190496497
2.235199928284	-0.006093936507
2.236799955368	-0.007438176777
2.238399982452	-0.007246304769
2.240000009537	-0.008166993037
2.241600036621	-0.008390112780
2.243199825287	-0.009298144840
2.244799852371	-0.007895136252
2.246399879456	-0.007604224607
2.247999906540	-0.009457056411
2.249599933624	-0.008091920987
2.251199960709	-0.010675009340
2.252799987793	-0.007510656491
2.254400014877	-0.008073520847
2.256000041962	-0.006176064722
2.257599830627	-0.006166240666
2.259199857712	-0.006070608273
2.260799884796	-0.007901377045
2.262399911880	-0.008451088332
2.263999938965	-0.005486080423
2.265599966049	-0.007945184596
2.267199993134	-0.008553264663
2.268800020218	-0.007909392938
2.270400047302	-0.009029841051
2.271999835968	-0.009964624420
2.273599863052	-0.009329601191
2.275199890137	-0.009567776695
2.276799917221	-0.010129025206
2.278399944305	-0.010136784986
2.279999971390	-0.006126544438
2.281599998474	-0.007587216794
2.283200025558	-0.007745888550
2.284800052643	-0.005797440652
2.286399841309	-0.006212912500
2.287999868393	-0.007195904385
2.289599895477	-0.008865072392
2.291199922562	-0.007495744620
2.292799949646	-0.008699872531
2.294399976730	-0.008312176913
2.296000003815	-0.009323664941
2.297600030899	-0.010144176893
2.299200057983	-0.009930080734
2.300799846649	-0.009811696596
2.302399873734	-0.008624016307
2.303999900818	-0.009308016859
2.305599927902	-0.007651888765
2.307199954987	-0.008303056471
2.308799982071	-0.006861408707
2.310400009155	-0.006472000387
2.312000036240	-0.007303280756
2.313599824905	-0.006800992414
2.315199851990	-0.006636128761
2.316799879074	-0.008437808603
2.318399906158	-0.008037072606
2.319999933243	-0.010095489211
2.321599960327	-0.010092833079
2.323199987411	-0.010714065284
2.324800014496	-0.009311985224
2.326400041580	-0.009064864367
2.327999830246	-0.010969729163
2.329599857330	-0.008814112283
2.331199884415	-0.008041825145
2.332799911499	-0.006756976712
2.334399938583	-0.007693984546
2.335999965668	-0.006940288469
2.337599992752	-0.006573920604
2.339200019836	-0.006509744562
2.340800046921	-0.006785424426
2.342399835587	-0.009224800393
2.343999862671	-0.007200816646
2.345599889755	-0.008633009158
2.347199916840	-0.009068016894
2.348799943924	-0.010162016377
2.350399971008	-0.009660865180
2.351999998093	-0.009429168887
2.353600025177	-0.006703520659
2.355200052261	-0.007760288659
2.356799840927	-0.007241232786
2.358399868011	-0.008092112839
2.359999895096	-0.008556448855
2.361599922180	-0.006478560623
2.363199949265	-0.007023680490
2.364799976349	-0.008152288385
2.366400003433	-0.009530097246
2.368000030518	-0.007734432817
2.369600057602	-0.007606304716
2.371199846268	-0.009708416648
2.372799873352	-0.008460112847
2.374399900436	-0.008741328493
2.375999927521	-0.010018752888
2.377599954605	-0.010643120855
2.379199981689	-0.008427584544
2.380800008774	-0.009119472466
2.382400035858	-0.005333040375
2.383999824524	-0.007562336512
2.385599851608	-0.007932000794
2.387199878693	-0.007094832603
2.388799905777	-0.006577056367
2.390399932861	-0.007190064527
2.391999959946	-0.006582944654
2.393599987030	-0.007029456552
2.395200014114	-0.008958736435
2.396800041199	-0.009255857207
2.398399829865	-0.009666800499
2.399999856949	-0.009157984518
2.401599884033	-0.010064240545
2.403199911118	-0.009749121033
2.404799938202	-0.008419584483
2.406399965286	-0.007786208764
2.407999992371	-0.006544352509
2.409600019455	-0.007583440747
2.411200046539	-0.006922944449
2.412799835205	-0.006818992551
2.414399862289	-0.006854336709
2.415999889374	-0.007449152414
2.417599916458	-0.008529936895
2.419199943542	-0.006971152499
2.420799970627	-0.008542704396
2.422399997711	-0.008835840970
2.424000024796	-0.009301696904
2.425600051880	-0.010554992594
2.427199840546	-0.010365632363
2.428799867630	-0.008610544726
2.430399894714	-0.008906144649
2.431999921799	-0.009257008322
2.433599948883	-0.007051920518
2.435199975967	-0.005884704646
2.436800003052	-0.007304768544
2.438400030136	-0.006690992508
2.440000057220	-0.007951905020
2.441599845886	-0.008182800375
2.443199872971	-0.008661825210
2.444799900055	-0.009562577121
2.446399927139	-0.009690800682
2.447999954224	-0.009544464760
2.449599981308	-0.009906096384
2.451200008392	-0.009733664803
2.452800035477	-0.009516929276
2.454399824142	-0.008195408620
2.455999851227	-0.007878528908
2.457599878311	-0.007029328495
2.459199905396	-0.007080992684
2.460799932480	-0.008592432365
2.462399959564	-0.007183136418
2.463999986649	-0.006410176400
2.465600013733	-0.008787136525
2.467200040817	-0.008232432418
2.468799829483	-0.008891504258
2.470399856567	-0.008931344375
2.471999883652	-0.008021936752
2.473599910736	-0.008580928668
2.475199937820	-0.008892753161
2.476799964905	-0.009646752849
2.478399991989	-0.009221584536
2.480000019073	-0.009410432540
2.481600046158	-0.007825888693
2.483199834824	-0.008235408925
2.484799861908	-0.007441344671
2.486399888992	-0.006886496674
2.487999916077	-0.008022768423
2.489599943161	-0.009693088941
2.491199970245	-0.008095872588
2.492799997330	-0.006778912619
2.494400024414	-0.009390336461
2.496000051498	-0.009541536681
2.497599840164	-0.010000657290
2.499199867249	-0.011084176600
2.500799894333	-0.010390320793
2.502399921417	-0.008339696564
2.503999948502	-0.008932016790
2.505599975586	-0.008102912456
2.507200002670	-0.007522288710
2.508800029755	-0.008097792976
2.510399818420	-0.007093152497
2.511999845505	-0.006706000771
2.513599872589	-0.006948080845
2.515199899673	-0.006968224421
2.516799926758	-0.009107424878
2.518399953842	-0.007672464475
2.519999980927	-0.010789057240
2.521600008011	-0.009591841139
2.523200035095	-0.009048048407
2.524799823761	-0.009944208898
2.526399850845	-0.010283185169
2.527999877930	-0.007822416723
2.529599905014	-0.008741009049
2.531199932098	-0.007567456458
2.532799959183	-0.007274880540
2.534399986267	-0.007829409093
2.536000013351	-0.006679232698
2.537600040436	-0.007017264608
2.539199829102	-0.007285856642
2.540799856186	-0.006799408700
2.542399883270	-0.008446992375
2.543999910355	-0.009564177133
2.545599937439	-0.009278560989
2.547199964523	-0.008659345098
2.548799991608	-0.008977889083
2.550400018692	-0.012334961444
2.552000045776	-0.009439712390
2.553599834442	-0.008278816938
2.555199861526	-0.009088336490
2.556799888611	-0.008147648536
2.558399915695	-0.008262961172
2.559999942780	-0.006674160715
2.561599969864	-0.006930960808
2.563199996948	-0.008010240272
2.564800024033	-0.007919776253
2.566400051117	-0.007785728667
2.567999839783	-0.007628080901
2.569599866867	-0.009010048583
2.571199893951	-0.009180864319
2.572799921036	-0.009863568470
2.574399948120	-0.010679136962
2.575999975204	-0.009632769041
2.577600002289	-0.009431392886
2.579200029373	-0.008759696968
2.580799818039	-0.008519968949
2.582399845123	-0.007119472604
2.583999872208	-0.007571424823
2.585599899292	-0.005927712657
2.587199926376	-0.008447888307
2.588799953461	-0.006128848530
2.590399980545	-0.005993184634
2.592000007629	-0.007670112420
2.593600034714	-0.008796048351
2.595199823380	-0.007848336361
2.596799850464	-0.009372849017
2.598399877548	-0.010097872466
2.599999904633	-0.010169104673
2.601599931717	-0.008362112567
2.603199958801	-0.010374193080
2.604799985886	-0.009209728800
2.606400012970	-0.006409232505
2.608000040054	-0.008976176381
2.609599828720	-0.007968897000
2.611199855804	-0.008218592964
2.612799882889	-0.006248560734
2.614399909973	-0.006431680638
2.615999937057	-0.008713856339
2.617599964142	-0.006937872618
2.619199991226	-0.008590272628
2.620800018311	-0.008101536892
2.622400045395	-0.009727712721
2.623999834061	-0.009439457208
2.625599861145	-0.011318304576
2.627199888229	-0.011215888895
2.628799915314	-0.010856160894
2.630399942398	-0.008157520555
2.631999969482	-0.006457520649
2.633599996567	-0.010209056549
2.635200023651	-0.007555216551
2.636800050735	-0.007477408741
2.638399839401	-0.006163632497
2.639999866486	-0.007757216692
2.641599893570	-0.007472768426
2.643199920654	-0.007500944659
2.644799947739	-0.008965216577
2.646399974823	-0.006672896445
2.648000001907	-0.009225521237
2.649600028992	-0.010689472780
2.651199817657	-0.008254032582
2.652799844742	-0.009062416852
2.654399871826	-0.008273872547
2.655999898911	-0.010848096572
2.657599925995	-0.006598752458
2.659199953079	-0.007271504495
2.660799980164	-0.008879888803
2.662400007248	-0.007668320555
2.664000034332	-0.007848496549
2.665599822998	-0.008237840608
2.667199850082	-0.008953697048
2.668799877167	-0.010284400545
2.670399904251	-0.008628800511
2.671999931335	-0.009969648905
2.673599958420	-0.010033665225
2.675199985504	-0.009338336997
2.676800012589	-0.009994257241
2.678400039673	-0.009106272832
2.679999828339	-0.009326080792
2.681599855423	-0.007821504958
2.683199882507	-0.008912720717
2.684799909592	-0.006427664310
2.686399936676	-0.007649648469
2.687999963760	-0.006880448665
2.689599990845	-0.008376592770
2.691200017929	-0.007530544419
2.692800045013	-0.007452640682
2.694399833679	-0.007986032404
2.695999860764	-0.010132736526
2.697599887848	-0.009744896553
2.699199914932	-0.009831776842
2.700799942017	-0.010249248706
2.702399969101	-0.009117440321
2.703999996185	-0.009655648842
2.705600023270	-0.007040816825
2.707200050354	-0.008277984336
2.708799839020	-0.008187680505
2.710399866104	-0.006578656379
2.711999893188	-0.007255920675
2.713599920273	-0.007790064439
2.715199947357	-0.008184065111
2.716799974442	-0.008469728753
2.718400001526	-0.008663664572
2.720000028610	-0.008346401155
2.721599817276	-0.009667936713
2.723199844360	-0.011681024916
2.724799871445	-0.010539297014
2.726399898529	-0.009258529171
2.727999925613	-0.008775984868
2.729599952698	-0.010456528515
2.731199979782	-0.007429008372
2.732800006866	-0.007679712493
2.734400033951	-0.007949008606
2.735999822617	-0.006904080510
2.737599849701	-0.006516784430
2.739199876785	-0.007633248810
2.740799903870	-0.008243232965
2.742399930954	-0.009765760973
2.743999958038	-0.008339025080
2.745599985123	-0.007735296618
2.747200012207	-0.009257232770
2.748800039291	-0.010616336949
2.750399827957	-0.010859441012
2.751999855042	-0.009188672528
2.753599882126	-0.011192913167
2.755199909210	-0.009598785080
2.756799936295	-0.006510880310
2.758399963379	-0.008342720568
2.759999990463	-0.007600560784
2.761600017548	-0.005153488368
2.763200044632	-0.005781616550
2.764799833298	-0.008203905076
2.766399860382	-0.006843184587
2.767999887466	-0.009194592945
2.769599914551	-0.008544928394
2.771199941635	-0.008771601133
2.772799968719	-0.010451440699
2.774399995804	-0.009425072931
2.776000022888	-0.010384464636
2.777599811554	-0.010576641187
2.779199838638	-0.009047776461
2.780799865723	-0.008873696439
2.782399892807	-0.008791345172
2.783999919891	-0.008057776839
2.785599946976	-0.005861168727
2.787199974060	-0.006348608527
2.788800001144	-0.007382640615
2.790400028229	-0.007248688489
2.791999816895	-0.008972576819
2.793599843979	-0.007905968465
2.795199871063	-0.010843505152
2.796799898148	-0.008637056686
2.798399925232	-0.008766736835
2.799999952316	-0.009859233163
2.801599979401	-0.009216880426
2.803200006485	-0.009667441249
2.804800033569	-0.010318624787
2.806399822235	-0.010357121006
2.807999849319	-0.008280624636
2.809599876404	-0.006250736304
2.811199903488	-0.007905408740
2.812799930573	-0.006009328645
2.814399957657	-0.008013504557
2.815999984741	-0.008091216907
2.817600011826	-0.009278144687
2.819200038910	-0.007254352793
2.820799827576	-0.008262624964
2.822399854660	-0.010084737092
2.823999881744	-0.008927312680
2.825599908829	-0.009340480901
2.827199935913	-0.008386832662
2.828799962997	-0.009819745086
2.830399990082	-0.009208656847
2.832000017166	-0.007667872589
2.833600044250	-0.007279856596
2.835199832916	-0.008698464371
2.836799860001	-0.007168880664
2.838399887085	-0.007042000536
2.839999914169	-0.008661569096
2.841599941254	-0.008347984403
2.843199968338	-0.006725872401
2.844799995422	-0.009041232988
2.846400022507	-0.011142512783
2.847999811172	-0.009544337168
2.849599838257	-0.010701232590
2.851199865341	-0.011687121354
2.852799892426	-0.009657888673
2.854399919510	-0.008187904954
2.855999946594	-0.008145025000
2.857599973679	-0.007670256775
2.859200000763	-0.009647345170
2.860800027847	-0.008377120830
2.862399816513	-0.006735712755
2.863999843597	-0.007511344738
2.865599870682	-0.007510288619
2.867199897766	-0.007685520686
2.868799924850	-0.009968672879
2.870399951935	-0.007379280403
2.871999979019	-0.010042320937
2.873600006104	-0.010212432593
2.875200033188	-0.011103681289
2.876799821854	-0.009809777141
2.878399848938	-0.010763472877
2.879999876022	-0.009118896909
2.881599903107	-0.009182320908
2.883199930191	-0.007574480493
2.884799957275	-0.006593520753
2.886399984360	-0.008009952493
2.888000011444	-0.006381312385
2.889600038528	-0.008243808523
2.891199827194	-0.007060336415
2.892799854279	-0.009921888821
2.894399881363	-0.009860401042
2.895999908447	-0.010372577235
2.897599935532	-0.010171680711
2.899199962616	-0.008793168701
2.900799989700	-0.009482864290
2.902400016785	-0.010778352618
2.904000043869	-0.007725792471
2.905599832535	-0.007804768626
2.907199859619	-0.007504864596
2.908799886703	-0.007836192846
2.910399913788	-0.008269184269
2.911999940872	-0.007040864788
2.913599967957	-0.007486384828
2.915199995041	-0.007037488744
2.916800022125	-0.006388720591
2.918399810791	-0.010091041215
2.919999837875	-0.009685040452
2.921599864960	-0.008368720300
2.923199892044	-0.008837008849
2.924799919128	-0.011362032965
2.926399946213	-0.009105104953
2.927999973297	-0.008567648940
2.929600000381	-0.009134560823
2.931200027466	-0.009113376960
2.932799816132	-0.007693904452
2.934399843216	-0.007245072629
2.935999870300	-0.007847936824
2.937599897385	-0.006693456322
2.939199924469	-0.005301056430
2.940799951553	-0.007986256853
2.942399978638	-0.009045776911
2.944000005722	-0.008693777025
2.945600032806	-0.010077760555
2.947199821472	-0.009713424370
2.948799848557	-0.009396848269
2.950399875641	-0.010620448738
2.951999902725	-0.011027553119
2.953599929810	-0.009925488383
2.955199956894	-0.009333232418
2.956799983978	-0.007429920603
2.958400011063	-0.007221712731
2.960000038147	-0.008197120391
2.961599826813	-0.007476608735
2.963199853897	-0.006376576610
2.964799880981	-0.008524208330
2.966399908066	-0.008655440994
2.967999935150	-0.008890721016
2.969599962234	-0.007131312508
2.971199989319	-0.010378384963
2.972800016403	-0.010773344897
2.974400043488	-0.010130320676
2.975999832153	-0.009506928734
2.977599859238	-0.009705568664
2.979199886322	-0.010649712756
2.980799913406	-0.008351968601
2.982399940491	-0.008626128547
2.983999967575	-0.009837073274
2.985599994659	-0.008299504407
2.987200021744	-0.007183216512
2.988799810410	-0.007987200283
2.990399837494	-0.008242144249
2.991999864578	-0.008179952390
2.993599891663	-0.008374464698
2.995199918747	-0.009189601056
2.996799945831	-0.010350961238
2.998399972916	-0.009711168706
3.000000000000	-0.008870736696
3.001600027084	-0.008699264377
3.003199815750	-0.009276096709
3.004799842834	-0.007690320723
3.006399869919	-0.008315952495
3.007999897003	-0.007716848515
3.009599924088	-0.005529408343
3.011199951172	-0.007219664752
3.012799978256	-0.007154032588
3.014400005341	-0.006942080799
3.016000032425	-0.007532704622
3.017599821091	-0.008619761094
3.019199848175	-0.007816256955
3.020799875259	-0.009965952486
3.022399902344	-0.009301665239
3.023999929428	-0.009213441052
3.025599956512	-0.009914944880
3.027199983597	-0.008892976679
3.028800010681	-0.009422240779
3.030400037766	-0.010192353278
3.031999826431	-0.009248592891
3.033599853516	-0.007795440499
3.035199880600	-0.007479536813
3.036799907684	-0.005762800574
3.038399934769	-0.007319120690
3.039999961853	-0.009481232613
3.041599988937	-0.008291984908
3.043200016022	-0.009082544595
3.044799804687	-0.008070624433
3.046399831772	-0.010680608451
3.047999858856	-0.009986001067
3.049599885941	-0.010236016475
3.051199913025	-0.009369616397
3.052799940109	-0.008095552213
3.054399967194	-0.009945376776
3.055999994278	-0.008679408580
3.057600021362	-0.009595409036
3.059199810028	-0.010197249241
3.060799837112	-0.007810448762
3.062399864197	-0.008010176942
3.063999891281	-0.007524736691
3.065599918365	-0.008648032323
3.067199945450	-0.009759329259
3.068799972534	-0.008233248256
3.070399999619	-0.010336641222
3.072000026703	-0.008809696883
3.073599815369	-0.011245056987
3.075199842453	-0.010465312749
3.076799869537	-0.010080897249
3.078399896622	-0.009465632960
3.079999923706	-0.009710192680
3.081599950790	-0.009738544933
3.083199977875	-0.007270416711
3.084800004959	-0.006852736697
3.086400032043	-0.009062577039
3.087999820709	-0.006102656480
3.089599847794	-0.007411056664
3.091199874878	-0.008581104688
3.092799901962	-0.008028432727
3.094399929047	-0.008649569005
3.095999956131	-0.009278352372
3.097599983215	-0.009443168528
3.099200010300	-0.009049632587
3.100800037384	-0.010789249092
3.102399826050	-0.011232176796
3.103999853134	-0.009991360828
3.105599880219	-0.008703664877
3.107199907303	-0.009790432639
3.108799934387	-0.009217169136
3.110399961472	-0.008636992425
3.111999988556	-0.005861520767
3.113600015640	-0.005913408473
3.115199804306	-0.007502704393
3.116799831390	-0.008203952573
3.118399858475	-0.008958080783
3.119999885559	-0.008985089138
3.121599912643	-0.009337552823
3.123199939728	-0.009608720429
3.124799966812	-0.010140992701
3.126399993896	-0.010214736685
3.128000020981	-0.008791584522
3.129599809647	-0.009715520777
3.131199836731	-0.008328912780
3.132799863815	-0.007362224627
3.134399890900	-0.006933808792
3.135999917984	-0.007570000831
3.137599945068	-0.008092353120
3.139199972153	-0.006996768527
3.140799999237	-0.008287249133
3.142400026321	-0.007123184856
3.143999814987	-0.009566240944
3.145599842072	-0.008919216692
3.147199869156	-0.009573873132
3.148799896240	-0.009603184648
3.150399923325	-0.010561360978
3.151999950409	-0.009582673199
3.153599977493	-0.008758224547
3.155200004578	-0.009609584697
3.156800031662	-0.007965568453
3.158399820328	-0.007967504673
3.159999847412	-0.006733648479
3.161599874496	-0.007097040769
3.163199901581	-0.007263728417
3.164799928665	-0.005913216621
3.166399955750	-0.008627392352
3.167999982834	-0.009830176830
3.169600009918	-0.006463312544
3.171200037003	-0.007451760583
3.172799825668	-0.009660288692
3.174399852753	-0.010178960860
3.175999879837	-0.010817969218
3.177599906921	-0.010860432871
3.179199934006	-0.010678816587
3.180799961090	-0.009437536821
3.182399988174	-0.009176176973
3.184000015259	-0.007760736626
3.185599803925	-0.007262784522
3.187199831009	-0.006154432427
3.188799858093	-0.007407712750
3.190399885178	-0.008387728594
3.191999912262	-0.006833920721
3.193599939346	-0.007394000422
3.195199966431	-0.008403984830
3.196799993515	-0.010183600709
3.198400020599	-0.010504497215
3.199999809265	-0.009629600681
3.201599836349	-0.009609776549
3.203199863434	-0.010724784806
3.204799890518	-0.009768673219
3.206399917603	-0.008764640428
3.207999944687	-0.007445344701
3.209599971771	-0.007376384456
3.211199998856	-0.007601984777
3.212800025940	-0.006736912765
3.214399814606	-0.007459456567
3.215999841690	-0.007809232455
3.217599868774	-0.007507552858
3.219199895859	-0.008568208665
3.220799922943	-0.007794224657
3.222399950027	-0.008301856928
3.223999977112	-0.009050192311
3.225600004196	-0.011215792969
3.227200031281	-0.010023312643
3.228799819946	-0.010523361154
3.230399847031	-0.010222689249
3.231999874115	-0.007589936722
3.233599901199	-0.009355344810
3.235199928284	-0.007885328494
3.236799955368	-0.009135536849
3.238399982452	-0.007171536796
3.240000009537	-0.007840081118
3.241600036621	-0.006741600577
3.243199825287	-0.008346032351
3.244799852371	-0.009714560583
3.246399879456	-0.011682257056
3.247999906540	-0.010123568587
3.249599933624	-0.009955184534
3.251199960709	-0.010533008724
3.252799987793	-0.010105120949
3.254400014877	-0.008861713111
3.255999803543	-0.009415056556
3.257599830627	-0.008756976575
3.259199857712	-0.007122096606
3.260799884796	-0.008014752530
3.262399911880	-0.009316640906
3.263999938965	-0.006973744370
3.265599966049	-0.006072304677
3.267199993134	-0.009630416520
3.268800020218	-0.008545856923
3.270399808884	-0.008629920892
3.271999835968	-0.011294753291
3.273599863052	-0.009349809028
3.275199890137	-0.010938673280
3.276799917221	-0.010570480488
3.278399944305	-0.009959072806
3.279999971390	-0.009451201186
3.281599998474	-0.008856304921
3.283200025558	-0.008537841029
3.284799814224	-0.006018336397
3.286399841309	-0.007697344758
3.287999868393	-0.007987680845
3.289599895477	-0.006714512594
3.291199922562	-0.005695664324
3.292799949646	-0.007047264371
3.294399976730	-0.009594161063
3.296000003815	-0.008560592309
3.297600030899	-0.009922768921
3.299199819565	-0.011977729388
3.300799846649	-0.010258960538
3.302399873734	-0.009948688559
3.303999900818	-0.009788689204
3.305599927902	-0.006778160576
3.307199954987	-0.008186096326
3.308799982071	-0.008699201047
3.310400009155	-0.008141680621
3.311999797821	-0.007105760742
3.313599824905	-0.006866640411
3.315199851990	-0.008439600468
3.316799879074	-0.008849617094
3.318399906158	-0.005712624639
3.319999933243	-0.009215520695
3.321599960327	-0.010502128862
3.323199987411	-0.010712512769
3.324800014496	-0.010549376719
3.326399803162	-0.008209648542
3.327999830246	-0.010178833269
3.329599857330	-0.008805233054
3.331199884415	-0.009421057068
3.332799911499	-0.008735344745
3.334399938583	-0.006076224614
3.335999965668	-0.007858864963
3.337599992752	-0.008562704548
3.339200019836	-0.006805616431
3.340799808502	-0.007278064732
3.342399835587	-0.009266817011
3.343999862671	-0.007770368829
3.345599889755	-0.010438720696
3.347199916840	-0.008690833114
3.348799943924	-0.010923281312
3.350399971008	-0.009441968985
3.351999998093	-0.011630897410
3.353600025177	-0.011022113264
3.355199813843	-0.008870976977
3.356799840927	-0.007542448584
3.358399868011	-0.009056705050
3.359999895096	-0.008443152532
3.361599922180	-0.008087536320
3.363199949265	-0.008714720607
3.364799976349	-0.007130976766
3.366400003433	-0.008385648951
3.368000030518	-0.009516160935
3.369599819183	-0.007917584851
3.371199846268	-0.011000528932
3.372799873352	-0.009675616398
3.374399900436	-0.008020624518
3.375999927521	-0.010366512462
3.377599954605	-0.011763105169
3.379199981689	-0.008914017119
3.380800008774	-0.007495472673
3.382399797440	-0.008226624690
3.383999824524	-0.009810432792
3.385599851608	-0.008775552735
3.387199878693	-0.008304832503
3.388799905777	-0.005232384428
3.390399932861	-0.008151376620
3.391999959946	-0.006098432466
3.393599987030	-0.009769841097
3.395200014114	-0.008378000930
3.396799802780	-0.009046000428
3.398399829865	-0.010514608584
3.399999856949	-0.010916464962
3.401599884033	-0.011257857084
3.403199911118	-0.008352944627
3.404799938202	-0.009484929033
3.406399965286	-0.009956897236
3.407999992371	-0.008028880693
3.409600019455	-0.007873424329
3.411199808121	-0.007046704646
3.412799835205	-0.007870640606
3.414399862289	-0.007466352545
3.415999889374	-0.008810160682
3.417599916458	-0.009567457251
3.419199943542	-0.007543296553
3.420799970627	-0.009528704919
3.422399997711	-0.009734144434
3.424000024796	-0.009936848655
3.425599813461	-0.008700816892
3.427199840546	-0.010448641144
3.428799867630	-0.009890080430
3.430399894714	-0.009952449240
3.431999921799	-0.008407249115
3.433599948883	-0.008004033007
3.435199975967	-0.009214401245
3.436800003052	-0.007900432684
3.438400030136	-0.008516384289
3.439999818802	-0.004895152524
3.441599845886	-0.006947280373
3.443199872971	-0.008361728862
3.444799900055	-0.010248704813
3.446399927139	-0.010552560911
3.447999954224	-0.008924272843
3.449599981308	-0.009652256966
3.451200008392	0.010080209002
