0.000000000000	0.024015970528
0.001599999960	0.022488994524
0.003199999919	0.022826017812
0.004799999762	0.023050578311
0.006399999838	0.022594513372
0.007999999449	0.019700529054
0.009599999525	0.019796257839
0.011199999601	0.019860241562
0.012799999677	0.018810912967
0.014399999753	0.018454113975
0.015999998897	0.019510833547
0.017599999905	0.015796449035
0.019199999049	0.018433073536
0.020800000057	0.015934720635
0.022399999201	0.017398688942
0.024000000209	0.020337313414
0.025599999353	0.018306434155
0.027199998498	0.017412960529
0.028799999505	0.018263168633
0.030399998650	0.015553041361
0.031999997795	0.015433521010
0.033599998802	0.014845089056
0.035199999809	0.017725616693
0.036800000817	0.013009441085
0.038399998099	0.014352145605
0.039999999106	0.015149745159
0.041600000113	0.017633793876
0.043199997395	0.013268817216
0.044799998403	0.014000513591
0.046399999410	0.014037328772
0.048000000417	0.013564000838
0.049599997699	0.016046114266
0.051199998707	0.013303041458
0.052799999714	0.014063809067
0.054399996996	0.013175296597
0.055999998003	0.014230465516
0.057599999011	0.014488689601
0.059200000018	0.014449569397
0.060799997300	0.013397457078
0.062399998307	0.013457344845
0.063999995589	0.012883009389
0.065600000322	0.013846561313
0.067199997604	0.013227873482
0.068799994886	0.012163137086
0.070399999619	0.010751345195
0.071999996901	0.013973217458
0.073600001633	0.013845745474
0.075199998915	0.014133920893
0.076799996197	0.013189553283
0.078400000930	0.012850177474
0.079999998212	0.014509969391
0.081599995494	0.015031937510
0.083200000226	0.011892609298
0.084799997509	0.011186000891
0.086399994791	0.010784208775
0.087999999523	0.011556369253
0.089599996805	0.011803728528
0.091199994087	0.011798225343
0.092799998820	0.011296160519
0.094399996102	0.008132385090
0.096000000834	0.012860577554
0.097599998116	0.012390256859
0.099199995399	0.011136016808
0.100800000131	0.013904225081
0.102399997413	0.013227744959
0.103999994695	0.011684545316
0.105599999428	0.013605585322
0.107199996710	0.011899713427
0.108799993992	0.009477696382
0.110399998724	0.009757632390
0.111999996006	0.011805408634
0.113600000739	0.012324896641
0.115199998021	0.011242113076
0.116799995303	0.011222208850
0.118400000036	0.009481952526
0.119999997318	0.011570625007
0.121599994600	0.011393841356
0.123199999332	0.011303569190
0.124799996614	0.010957936756
0.126399993896	0.010733600706
0.127999991179	0.011996513233
0.129600003362	0.008403184824
0.131200000644	0.012528320774
0.132799997926	0.013197665103
0.134399995208	0.009552928619
0.135999992490	0.010314481333
0.137599989772	0.008569024503
0.139200001955	0.011826400645
0.140799999237	0.008914608508
0.142399996519	0.011827904731
0.143999993801	0.008589136414
0.145599991083	0.008100048639
0.147200003266	0.012807904743
0.148800000548	0.011069200933
0.150399997830	0.009178608656
0.151999995112	0.010590368882
0.153599992394	0.010178033262
0.155199989676	0.010188032873
0.156800001860	0.011818752624
0.158399999142	0.010524896905
0.159999996424	0.007781392429
0.161599993706	0.009558880702
0.163199990988	0.010677441023
0.164800003171	0.006665984634
0.166400000453	0.010662608780
0.167999997735	0.009586224332
0.169599995017	0.007940320298
0.171199992299	0.009294144809
0.172799989581	0.012157089077
0.174400001764	0.008690129034
0.175999999046	0.008653473109
0.177599996328	0.012540657073
0.179199993610	0.010664944537
0.180799990892	0.009292433038
0.182399988174	0.009368561208
0.184000000358	0.009660961106
0.185599997640	0.009069136344
0.187199994922	0.006917744409
0.188799992204	0.011173904873
0.190399989486	0.008551072329
0.192000001669	0.008799216710
0.193599998951	0.009247920476
0.195199996233	0.009835328907
0.196799993515	0.009539136663
0.198399990797	0.008721024729
0.199999988079	0.009671985172
0.201600000262	0.008482192643
0.203199997544	0.010044161230
0.204799994826	0.009005184285
0.206399992108	0.009136992507
0.207999989390	0.009320384823
0.209600001574	0.010688768700
0.211199998856	0.007780848537
0.212799996138	0.007845664397
0.214399993420	0.009003153071
0.215999990702	0.008203216828
0.217599987984	0.009777280502
0.219200000167	0.008523601107
0.220799997449	0.009456480853
0.222399994731	0.010733408853
0.223999992013	0.008399296552
0.225599989295	0.008265520446
0.227200001478	0.009121520445
0.228799998760	0.008950753137
0.230399996042	0.009718128480
0.231999993324	0.009452369064
0.233599990606	0.007655952591
0.235199987888	0.006791456603
0.236800000072	0.009104688652
0.238399997354	0.007685280871
0.239999994636	0.009524528868
0.241599991918	0.006444672588
0.243199989200	0.007311296649
0.244799986482	0.008444160223
0.246399998665	0.008625120856
0.247999995947	0.010102576576
0.249599993229	0.006102496292
0.251199990511	0.009119088762
0.252799987793	0.010559665039
0.254399985075	0.009254496545
0.255999982357	0.009906833060
0.257599979639	0.006613168400
0.259200006723	0.008056176826
0.260800004005	0.005837392528
0.262400001287	0.006397728343
0.263999998569	0.007546912879
0.265599995852	0.005751744378
0.267199993134	0.007711088751
0.268799990416	0.008811457083
0.270399987698	0.007677568588
0.271999984980	0.007183616515
0.273599982262	0.008433952928
0.275199979544	0.009521201253
0.276800006628	0.006628208328
0.278400003910	0.009118768387
0.280000001192	0.008199312724
0.281599998474	0.009564208798
0.283199995756	0.009910833091
0.284799993038	0.005893168505
0.286399990320	0.007644496858
0.287999987602	0.005278208293
0.289599984884	0.006955872755
0.291199982166	0.007665952668
0.292799979448	0.006964880507
0.294400006533	0.007454448845
0.296000003815	0.007147552446
0.297600001097	0.009117136709
0.299199998379	0.009444928728
0.300799995661	0.006861248519
0.302399992943	0.007669728715
0.303999990225	0.009705920704
0.305599987507	0.007962225005
0.307199984789	0.007338640746
0.308799982071	0.008745072410
0.310399979353	0.008253440261
0.312000006437	0.004967136309
0.313600003719	0.006539456546
0.315200001001	0.007085056510
0.316799998283	0.007841824554
0.318399995565	0.006181872450
0.319999992847	0.006999136414
0.321599990129	0.007237440441
0.323199987411	0.006105744280
0.324799984694	0.006600096356
0.326399981976	0.009426048957
0.327999979258	0.008494241163
0.329600006342	0.008511472493
0.331200003624	0.006875088438
0.332800000906	0.008099424653
0.334399998188	0.007829840295
0.335999995470	0.005961600691
0.337599992752	0.007058848627
0.339199990034	0.007080800366
0.340799987316	0.005602976307
0.342399984598	0.005930624437
0.343999981880	0.007964400575
0.345599979162	0.007756704465
0.347199976444	0.006332048681
0.348800003529	0.006037024315
0.350400000811	0.007606320549
0.351999998093	0.008458096534
0.353599995375	0.006351776421
0.355199992657	0.007162816823
0.356799989939	0.007306224667
0.358399987221	0.005030032247
0.359999984503	0.006941184402
0.361599981785	0.006165904459
0.363199979067	0.006881712470
0.364799976349	0.005451312289
0.366400003433	0.008069120347
0.368000000715	0.006640832406
0.369599997997	0.006352496333
0.371199995279	0.006472336594
0.372799992561	0.006475440692
0.374399989843	0.007289136760
0.375999987125	0.006860368419
0.377599984407	0.006055264268
0.379199981689	0.007136224769
0.380799978971	0.007385888603
0.382399976254	0.005175856408
0.384000003338	0.003973008133
0.385600000620	0.007170768455
0.387199997902	0.007068240549
0.388799995184	0.004729168490
0.390399992466	0.005508800503
0.391999989748	0.003317792201
0.393599987030	0.007800800726
0.395199984312	0.007423936855
0.396799981594	0.006807408761
0.398399978876	0.005702016409
0.399999976158	0.005140848458
0.401600003242	0.005212576594
0.403200000525	0.009775952436
0.404799997807	0.005880608689
0.406399995089	0.005777968559
0.407999992371	0.006029888522
0.409599989653	0.006034688558
0.411199986935	0.008514048532
0.412799984217	0.004908304662
0.414399981499	0.003148608143
0.415999978781	0.005134448409
0.417599976063	0.005761552602
0.419200003147	0.006438992452
0.420800000429	0.006521600764
0.422399997711	0.005377392285
0.423999994993	0.004946768284
0.425599992275	0.006097936537
0.427199989557	0.006618112326
0.428799986839	0.005771808326
0.430399984121	0.007562704384
0.431999981403	0.005723232403
0.433599978685	0.004072896205
0.435199975967	0.004447360523
0.436800003052	0.007556432858
0.438400000334	0.003852240276
0.439999997616	0.004618736450
0.441599994898	0.003317312337
0.443199992180	0.003728960408
0.444799989462	0.004452288616
0.446399986744	0.007180720568
0.447999984026	0.004754336551
0.449599981308	0.005164032336
0.451199978590	0.005353728309
0.452799975872	0.006923184730
0.454400002956	0.007115808781
0.456000000238	0.004575248342
0.457599997520	0.006098608486
0.459199994802	0.003413792234
0.460799992085	0.006146496627
0.462399989367	0.003871648340
0.463999986649	0.006533104461
0.465599983931	0.004175776150
0.467199981213	0.004742848221
0.468799978495	0.004789248575
0.470399975777	0.005243376363
0.472000002861	0.006482400466
0.473600000143	0.005503888242
0.475199997425	0.004935904406
0.476799994707	0.007745088544
0.478399991989	0.005054544192
0.479999989271	0.005386272445
0.481599986553	0.006175728515
0.483199983835	0.006870144513
0.484799981117	0.005092640407
0.486399978399	0.003917984199
0.487999975681	0.005592064466
0.489599972963	0.003444608301
0.491200000048	0.003803840373
0.492799997330	0.004023584072
0.494399994612	0.004800064489
0.495999991894	0.003818064230
0.497599989176	0.006159072742
0.499199986458	0.005727216601
0.500800013542	0.003562624333
0.502399981022	0.004500032403
0.504000008106	0.005338848568
0.505599975586	0.004821200389
0.507200002670	0.003890112275
0.508799970150	0.005350560416
0.510399997234	0.004082352389
0.511999964714	0.003816752229
0.513599991798	0.005670656450
0.515199959278	0.002460192190
0.516799986362	0.003070256207
0.518400013447	0.004143776372
0.519999980927	0.004337136168
0.521600008011	0.006288496777
0.523199975491	0.004977728240
0.524800002575	0.005257200450
0.526399970055	0.003843872342
0.527999997139	0.005581296515
0.529599964619	0.007470624521
0.531199991703	0.003722256282
0.532799959183	0.005129168276
0.534399986267	0.004601168446
0.536000013351	0.003426976269
0.537599980831	0.004930912517
0.539200007915	0.004492912441
0.540799975395	0.003857776290
0.542400002480	0.002848896198
0.543999969959	0.003111392260
0.545599997044	0.004073632415
0.547199964523	0.004381776322
0.548799991608	0.004664048553
0.550399959087	0.002948640380
0.551999986172	0.004449936561
0.553600013256	0.005751888268
0.555199980736	0.002733856207
0.556800007820	0.005504688714
0.558399975300	0.003143168287
0.560000002384	0.003522048239
0.561599969864	0.003592176363
0.563199996948	0.002496816218
0.564799964428	0.004584624432
0.566399991512	0.003289040178
0.567999958992	0.002206256147
0.569599986076	0.003754384350
0.571200013161	0.003118224209
0.572799980640	0.005002048332
0.574400007725	0.005256912205
0.575999975204	0.005752128549
0.577600002289	0.004165872466
0.579199969769	0.004270720296
0.580799996853	0.007142656483
0.582399964333	0.004182960372
0.583999991417	0.002557632281
0.585599958897	0.003320080228
0.587199985981	0.002542640315
0.588800013065	0.001725872164
0.590399980545	0.003788336413
0.592000007629	0.002461840166
0.593599975109	0.002793440130
0.595200002193	0.003538976423
0.596799969673	0.003957440611
0.598399996758	0.004315920174
0.599999964237	0.003488576273
0.601599991322	0.004684208427
0.603199958801	0.004829088226
0.604799985886	0.002837408334
0.606400012970	0.005552816670
0.607999980450	0.002526000142
0.609600007534	0.001635120134
0.611199975014	0.002872544341
0.612800002098	0.000873552053
0.614399969578	0.004474992398
0.615999996662	0.001400160021
0.617599964142	0.002353392309
0.619199991226	0.003501824336
0.620799958706	0.002441152232
0.622399985790	0.004049760289
0.624000012875	0.003437712323
0.625599980354	0.004207200371
0.627200007439	0.004047472496
0.628799974918	0.001564816106
0.630400002003	0.003833984258
0.631999969482	0.002846640302
0.633599996567	0.003671952290
0.635199964046	0.003213824239
0.636799991131	0.002391648246
0.638399958611	0.001634928165
0.639999985695	0.003420688212
0.641600012779	0.003741360269
0.643199980259	0.001526992070
0.644800007343	0.002716528252
0.646399974823	0.002814320149
0.648000001907	0.004397376440
0.649599969387	0.005266336259
0.651199996471	0.003139296314
0.652799963951	0.001516688033
0.654399991035	0.002543792129
0.655999958515	0.003342032200
0.657599985600	0.001598368166
0.659200012684	0.002920064377
0.660799980164	0.003095600288
0.662400007248	0.001928464160
0.663999974728	0.003353024367
0.665600001812	0.002575344173
0.667199969292	0.003150224220
0.668799996376	0.001547568128
0.670399963856	0.001560816192
0.671999990940	0.003005632199
0.673599958420	0.002144416096
0.675199985504	0.005307696294
0.676800012589	0.001168512157
0.678399980068	0.002493744250
0.680000007153	0.001812928240
0.681599974632	0.004661216401
0.683200001717	0.001754208235
0.684799969196	0.003195936326
0.686399996281	0.002495248336
0.687999963760	0.000768624071
0.689599990845	0.002273696242
0.691199958324	0.001555808121
0.692799985409	0.000871424098
0.694399952888	0.003324896330
0.695999979973	0.002500528237
0.697600007057	0.001642704126
0.699199974537	0.002401776146
0.700800001621	0.003625328420
0.702399969101	0.004310528282
0.703999996185	0.001726912102
0.705599963665	0.003031936241
0.707199990749	0.002772096079
0.708799958229	0.004214256536
0.710399985313	0.001680000219
0.711999952793	0.003217040328
0.713599979877	0.001791072194
0.715200006962	0.000922016043
0.716799974442	0.001662224182
0.718400001526	0.001939552138
0.719999969006	0.001799296122
0.721599996090	0.001959648216
0.723199963570	0.002557680244
0.724799990654	0.002851424273
0.726399958134	0.003095968161
0.727999985218	0.001708304160
0.729599952698	0.002471552230
0.731199979782	0.002439296106
0.732800006866	0.003317120252
0.734399974346	0.000980288023
0.736000001431	0.001603616169
0.737599968910	0.001788832131
0.739199995995	0.001205776120
0.740799963474	0.000921536062
0.742399990559	0.002763648285
0.743999958038	-0.000053536020
0.745599985123	0.000261775975
0.747199952602	0.001298688119
0.748799979687	0.001544368104
0.750400006771	0.000898224069
0.751999974251	0.002055024263
0.753600001335	0.001782800187
0.755199968815	0.000959648052
0.756799995899	0.000555648061
0.758399963379	0.000525136013
0.759999990463	0.001856288174
0.761599957943	0.002066416200
0.763199985027	0.002178224269
0.764799952507	-0.000034528028
0.766399979591	0.002139344113
0.768000006676	0.001814544201
0.769599974155	0.001338768168
0.771200001240	0.000801600108
0.772799968719	-0.001372992177
0.774399995804	0.000866432092
0.775999963284	0.002610880183
0.777599990368	0.002268640092
0.779199957848	0.001522768056
0.780799984932	0.001203680062
0.782399952412	-0.000046928020
0.783999979496	0.003101728391
0.785600006580	0.000552496000
0.787199974060	0.001020192052
0.788800001144	0.001843456179
0.790399968624	0.001052112086
0.791999995708	0.002894416219
0.793599963188	0.001577184186
0.795199990273	0.000084383988
0.796799957752	0.000660960039
0.798399984837	-0.000836400024
0.799999952316	0.002115088049
0.801599979401	-0.000584960042
0.803200006485	0.001388288103
0.804799973965	0.001592624118
0.806400001049	0.001356416149
0.807999968529	0.003080640221
0.809599995613	-0.000008160026
0.811199963093	0.001129216049
0.812799990177	0.000382847997
0.814399957657	0.000065712033
0.815999984741	0.000172112050
0.817599952221	0.000921712082
0.819199979305	-0.000317984028
0.820800006390	0.000328080030
0.822399973869	0.002732880181
0.824000000954	0.001057872083
0.825599968433	0.001230656169
0.827199995518	0.003322832286
0.828799962997	0.000907312089
0.830399990082	0.001537760138
0.831999957561	0.002401952166
0.833599984646	0.001012992114
0.835199952126	0.000196879977
0.836799979210	0.001672160113
0.838400006294	-0.000276576058
0.839999973774	0.000675504038
0.841600000858	0.001860976103
0.843199968338	-0.001497712103
0.844799995422	0.000999504118
0.846399962902	0.001658592140
0.847999989986	-0.000138272037
0.849599957466	-0.001226752065
0.851199984550	0.001995728118
0.852799952030	-0.000352208037
0.854399979115	0.000457600050
0.856000006199	0.001486976165
0.857599973679	-0.000070656009
0.859200000763	-0.000590416079
0.860799968243	0.000288208015
0.862399995327	-0.000698416028
0.863999962807	0.000707775995
0.865599989891	-0.000375920034
0.867199957371	-0.002163264202
0.868799984455	-0.000329136004
0.870399951935	-0.001426768024
0.871999979019	-0.000558896048
0.873600006104	-0.000306192029
0.875199973583	0.000458783994
0.876800000668	0.001040800125
0.878399968147	-0.000170144005
0.879999995232	0.002089568181
0.881599962711	0.000621680112
0.883199989796	-0.002237792127
0.884799957275	0.000406864041
0.886399984360	0.000010960036
0.887999951839	0.000128703978
0.889599978924	-0.000673040049
0.891200006008	-0.001234048046
0.892799973488	0.000022463999
0.894400000572	-0.002655584132
0.895999968052	0.000214256012
0.897599995136	0.000263583963
0.899199962616	-0.000165584017
0.900799989700	0.000096719996
0.902399957180	-0.000267200026
0.903999984264	0.001410128083
0.905599951744	0.002954848344
0.907199978828	-0.001819216181
0.908800005913	0.000071343995
0.910399973392	-0.000814800151
0.912000000477	-0.000378128054
0.913599967957	-0.000283104018
0.915199995041	-0.000451264001
0.916799962521	0.000287152012
0.918399989605	-0.000102655998
0.919999957085	0.000087888016
0.921599984169	-0.001329920138
0.923199951649	-0.001820720150
0.924799978733	-0.000696464092
0.926400005817	0.001899888157
0.927999973297	0.001618928043
0.929600000381	-0.000568912015
0.931199967861	0.000293840072
0.932799994946	0.002079680096
0.934399962425	-0.000796160079
0.935999989510	-0.000186751990
0.937599956989	-0.002587680239
0.939199984074	-0.001482896158
0.940799951553	0.000416064024
0.942399978638	0.000824384042
0.944000005722	-0.000056608045
0.945599973202	-0.000881504093
0.947200000286	0.000463328033
0.948799967766	0.000324559980
0.950399994850	-0.000478704053
0.951999962330	0.000022544013
0.953599989414	-0.000639056088
0.955199956894	0.000622672029
0.956799983978	0.000482400035
0.958399951458	-0.000070848000
0.959999978542	-0.001119136112
0.961599946022	-0.000140304022
0.963199973106	0.000498800015
0.964800000191	-0.002331536263
0.966399967670	-0.000742832082
0.967999994755	-0.002043520100
0.969599962234	-0.000114560040
0.971199989319	0.000091135982
0.972799956799	0.000177423994
0.974399983883	-0.001528032124
0.975999951363	-0.001926976140
0.977599978447	0.000937552075
0.979199945927	-0.000770320126
0.980799973011	-0.001544544124
0.982400000095	-0.001449024072
0.983999967575	-0.001067408128
0.985599994659	-0.001234720112
0.987199962139	-0.001397616114
0.988799989223	-0.002378976205
0.990399956703	-0.002064704197
0.991999983788	-0.001239904086
0.993599951267	-0.001644640113
0.995199978352	-0.001558304182
0.996799945831	-0.001687104115
0.998399972916	0.000520832022
1.000000000000	-0.000339824008
1.001600027084	0.000672528055
1.003199934959	-0.000454928027
1.004799962044	-0.001408880111
1.006399989128	0.000659168058
1.008000016212	0.000747696089
1.009599924088	-0.002434016205
1.011199951172	-0.002183312317
1.012799978256	-0.001991088269
1.014400005341	0.000432127970
1.016000032425	-0.002156880219
1.017599940300	-0.001584992162
1.019199967384	-0.001832880196
1.020799994469	-0.001006880077
1.022400021553	-0.000878960069
1.023999929428	-0.002104224171
1.025599956512	-0.000492512074
1.027199983597	-0.000311119977
1.028800010681	-0.002404496307
1.030399918556	-0.000268576026
1.031999945641	-0.001675744192
1.033599972725	-0.002466256265
1.035199999809	-0.000893504126
1.036800026894	-0.001385824056
1.038399934769	-0.001388960169
1.039999961853	-0.002809824189
1.041599988937	-0.000048480015
1.043200016022	-0.001698960201
1.044799923897	-0.002739312127
1.046399950981	-0.002722368343
1.047999978065	-0.000864880043
1.049600005150	-0.002216160297
1.051200032234	-0.003044320270
1.052799940109	0.000007408002
1.054399967194	-0.001524384134
1.055999994278	-0.001679584151
1.057600021362	-0.002171600237
1.059199929237	0.000572832068
1.060799956322	-0.000218960064
1.062399983406	-0.002788096201
1.064000010490	-0.001191680203
1.065599918365	-0.002665536245
1.067199945450	-0.001541376114
1.068799972534	-0.004107520450
1.070399999619	-0.001835312112
1.072000026703	-0.002240720205
1.073599934578	-0.003399472218
1.075199961662	-0.001464384142
1.076799988747	-0.000013088003
1.078400015831	-0.000640560058
1.079999923706	-0.001037344104
1.081599950790	-0.000101199992
1.083199977875	-0.000858048094
1.084800004959	-0.002270928118
1.086400032043	-0.001733824145
1.087999939919	-0.002719120122
1.089599967003	-0.003008624306
1.091199994087	-0.004404704552
1.092800021172	-0.000879520085
1.094399929047	-0.003555328352
1.095999956131	-0.002349088201
1.097599983215	-0.002291856101
1.099200010300	-0.001951488201
1.100799918175	-0.002774720080
1.102399945259	-0.003243488260
1.103999972343	-0.000534992083
1.105599999428	-0.001912256121
1.107200026512	-0.004510880448
1.108799934387	-0.001208048081
1.110399961472	-0.000953328097
1.111999988556	-0.001667568111
1.113600015640	-0.002430016175
1.115199923515	-0.003099632217
1.116799950600	-0.003149232129
1.118399977684	-0.004637232516
1.120000004768	-0.000232288017
1.121599912643	-0.000599408057
1.123199939728	-0.000040896000
1.124799966812	-0.003481904278
1.126399993896	-0.002092944225
1.128000020981	-0.001227680128
1.129599928856	-0.001978160115
1.131199955940	-0.001970480196
1.132799983025	-0.004439936485
1.134400010109	-0.002072416013
1.135999917984	-0.002621456282
1.137599945068	-0.001531504095
1.139199972153	-0.002343232045
1.140799999237	-0.003820864251
1.142400026321	-0.001735168160
1.143999934196	-0.003985952120
1.145599961281	-0.004353200551
1.147199988365	-0.002468336141
1.148800015450	-0.001981248148
1.150399923325	-0.000921904051
1.151999950409	-0.000476640038
1.153599977493	-0.001258016098
1.155200004578	-0.001361888135
1.156799912453	-0.001062736148
1.158399939537	-0.001050400082
1.159999966621	-0.002295584185
1.161599993706	-0.003953136504
1.163200020790	-0.002984032268
1.164799928665	-0.002237872221
1.166399955750	-0.003523312276
1.167999982834	-0.002612352138
1.169600009918	-0.003963248339
1.171199917793	-0.003929584287
1.172799944878	-0.002046608133
1.174399971962	-0.003906592261
1.175999999046	-0.001960304100
1.177600026131	-0.001352752093
1.179199934006	-0.002851584228
1.180799961090	-0.000236352033
1.182399988174	-0.000890624011
1.184000015259	-0.003304880345
1.185599923134	-0.002700864337
1.187199950218	-0.002791408217
1.188799977303	-0.002435520291
1.190400004387	-0.005119984504
1.191999912262	-0.004097040277
1.193599939346	-0.002413648181
1.195199966431	-0.003513760399
1.196799993515	-0.002471712185
1.198400020599	-0.001328560058
1.199999928474	-0.000494320062
1.201599955559	-0.002289056079
1.203199982643	-0.001594528207
1.204800009727	-0.003110352205
1.206399917603	-0.002887376351
1.207999944687	-0.003210688243
1.209599971771	-0.003567808308
1.211199998856	-0.003478608327
1.212800025940	-0.003840656253
1.214399933815	-0.004435184412
1.215999960899	-0.002610976342
1.217599987984	-0.001865024213
1.219200015068	-0.001475328114
1.220799922943	-0.002911216114
1.222399950027	-0.003445136361
1.223999977112	-0.002191312145
1.225600004196	-0.001187968068
1.227199912071	-0.003303072182
1.228799939156	-0.003027984174
1.230399966240	-0.004460688215
1.231999993324	-0.003308752319
1.233600020409	-0.004463728517
1.235199928284	-0.002751792315
1.236799955368	-0.003525648266
1.238399982452	-0.003461072221
1.240000009537	-0.002175024245
1.241599917412	-0.003100240370
1.243199944496	-0.004935616627
1.244799971581	-0.003912256099
1.246399998665	-0.003303920152
1.248000025749	-0.002234560205
1.249599933624	-0.003069520229
1.251199960709	-0.002961984370
1.252799987793	-0.002670480171
1.254400014877	-0.001213984098
1.255999922752	-0.002274512313
1.257599949837	-0.003487008391
1.259199976921	-0.003254048293
1.260800004005	-0.004844608251
1.262399911880	-0.004618720151
1.263999938965	-0.003372496227
1.265599966049	-0.003294592258
1.267199993134	-0.003228928195
1.268800020218	-0.003944352269
1.270399928093	-0.002096512122
1.271999955177	-0.002906864276
1.273599982262	-0.004090672359
1.275200009346	-0.004142480437
1.276799917221	-0.003576208372
1.278399944305	-0.002083584201
1.279999971390	-0.004568800330
1.281599998474	-0.003992032260
1.283200025558	-0.004489664454
1.284799933434	-0.001960624242
1.286399960518	-0.003471872304
1.287999987602	-0.004252352286
1.289600014687	-0.005305904429
1.291199922562	-0.004216528498
1.292799949646	-0.003785552457
1.294399976730	-0.003623552388
1.296000003815	-0.003748144256
1.297599911690	-0.002607584232
1.299199938774	-0.002734688111
1.300799965858	-0.001874720096
1.302399992943	-0.003241968341
1.304000020027	-0.003333728295
1.305599927902	-0.002702944214
1.307199954987	-0.003598336363
1.308799982071	-0.002745504258
1.310400009155	-0.002023104113
1.311999917030	-0.007067936473
1.313599944115	-0.002225280274
1.315199971199	-0.003691312391
1.316799998283	-0.005531312432
1.318400025368	-0.003918496426
1.319999933243	-0.004958080128
1.321599960327	-0.001873264206
1.323199987411	-0.002678304212
1.324800014496	-0.002867168281
1.326399922371	-0.003855728311
1.327999949455	-0.002480688272
1.329599976540	-0.002390224254
1.331200003624	-0.004717904143
1.332799911499	-0.002454448259
1.334399938583	-0.004039728548
1.335999965668	-0.003775920253
1.337599992752	-0.003551392350
1.339200019836	-0.005010464229
1.340799927711	-0.004890176468
1.342399954796	-0.004502352327
1.343999981880	-0.004914672580
1.345600008965	-0.005071120337
1.347199916840	-0.002951840172
1.348799943924	-0.004202816170
1.350399971008	-0.003989696503
1.351999998093	-0.003750976175
1.353600025177	-0.005175552331
1.355199933052	-0.002045072149
1.356799960136	-0.004136048257
1.358399987221	-0.002799616195
1.360000014305	-0.003772192402
1.361599922180	-0.005715712439
1.363199949265	-0.004335568286
1.364799976349	-0.004952800460
1.366400003433	-0.005012480542
1.367999911308	-0.005382896401
1.369599938393	-0.004436976276
1.371199965477	-0.004144672304
1.372799992561	-0.003509632312
1.374400019646	-0.003585216356
1.375999927521	-0.002838944318
1.377599954605	-0.003648048267
1.379199981689	-0.004309232347
1.380800008774	-0.003479872365
1.382399916649	-0.003690272337
1.383999943733	-0.004350272473
1.385599970818	-0.004170224536
1.387199997902	-0.004134912509
1.388799905777	-0.004392112140
1.390399932861	-0.005050112493
1.391999959946	-0.005237056408
1.393599987030	-0.003804848297
1.395200014114	-0.005519488361
1.396799921989	-0.005483344663
1.398399949074	-0.004788400605
1.399999976158	-0.004825136159
1.401600003242	-0.002703664126
1.403199911118	-0.002642544219
1.404799938202	-0.004504272249
1.406399965286	-0.004862624221
1.407999992371	-0.004837360233
1.409600019455	-0.004041600507
1.411199927330	-0.003063584212
1.412799954414	-0.003971008118
1.414399981499	-0.005740976427
1.416000008583	-0.005923728459
1.417599916458	-0.005401712377
1.419199943542	-0.005037552677
1.420799970627	-0.005983040668
1.422399997711	-0.005348144565
1.423999905586	-0.004212976433
1.425599932671	-0.005303040612
1.427199959755	-0.002956560347
1.428799986839	-0.003635984380
1.430400013924	-0.004178096540
1.431999921799	-0.005026928149
1.433599948883	-0.004690800328
1.435199975967	-0.004616528284
1.436800003052	-0.005873392336
1.438399910927	-0.006911008619
1.439999938011	-0.004328672308
1.441599965096	-0.006322192494
1.443199992180	-0.005606928375
1.444800019264	-0.006298784632
1.446399927139	-0.005380496383
1.447999954224	-0.003938352223
1.449599981308	-0.004528208170
1.451200008392	-0.004323472269
1.452799916267	-0.004533376545
1.454399943352	-0.002612608252
1.455999970436	-0.003849504283
1.457599997520	-0.005951728672
1.459199905396	-0.005382464267
1.460799932480	-0.004257840104
1.462399959564	-0.004671152215
1.463999986649	-0.005657776725
1.465600013733	-0.004904256202
1.467199921608	-0.005581920501
1.468799948692	-0.004987216555
1.470399975777	-0.005606640596
1.472000002861	-0.004172736313
1.473599910736	-0.004238512367
1.475199937820	-0.005665888544
1.476799964905	-0.002890528180
1.478399991989	-0.003776128404
1.480000019073	-0.003991760314
1.481599926949	-0.004587040283
1.483199954033	-0.006102016661
1.484799981117	-0.003660544287
1.486400008202	-0.006610320415
1.487999916077	-0.003877776442
1.489599943161	-0.006764864549
1.491199970245	-0.005635760259
1.492799997330	-0.005124960560
1.494399905205	-0.006289248355
1.495999932289	-0.005051824264
1.497599959373	-0.005854960531
1.499199986458	-0.006247216370
1.500800013542	-0.004814384505
1.502399921417	-0.004892784636
1.503999948502	-0.005614752416
1.505599975586	-0.005397936329
1.507200002670	-0.004097984172
1.508799910545	-0.005579632241
1.510399937630	-0.005090064369
1.511999964714	-0.006891952828
1.513599991798	-0.005688688252
1.515200018883	-0.003667360405
1.516799926758	-0.005460976623
1.518399953842	-0.005561920349
1.519999980927	-0.007614384871
1.521600008011	-0.002860288369
1.523199915886	-0.005787184462
1.524799942970	-0.005328912288
1.526399970055	-0.004466576502
1.527999997139	-0.005669376347
1.529599905014	-0.004407568369
1.531199932098	-0.005244960543
1.532799959183	-0.004460960627
1.534399986267	-0.005511104595
1.536000013351	-0.006695968565
1.537599921227	-0.004206800368
1.539199948311	-0.006878304761
1.540799975395	-0.006816400681
1.542400002480	-0.006317920517
1.543999910355	-0.006563296542
1.545599937439	-0.004476096481
1.547199964523	-0.006504000630
1.548799991608	-0.005248192232
1.550400018692	-0.005163520575
1.551999926567	-0.004437728319
1.553599953651	-0.005485840607
1.555199980736	-0.005360560492
1.556800007820	-0.003793280339
1.558399915695	-0.006739520468
1.559999942780	-0.004980960395
1.561599969864	-0.006493936293
1.563199996948	-0.004664128646
1.564799904823	-0.005962112453
1.566399931908	-0.006706960499
1.567999958992	-0.006656000391
1.569599986076	-0.007151152473
1.571200013161	-0.006278576329
1.572799921036	-0.005682240240
1.574399948120	-0.006706848741
1.575999975204	-0.005425568670
1.577600002289	-0.005074688233
1.579199910164	-0.006089216564
1.580799937248	-0.005385808647
1.582399964333	-0.004854944535
1.583999991417	-0.005399456248
1.585600018501	-0.006043008529
1.587199926376	-0.004993312526
1.588799953461	-0.006204656325
1.590399980545	-0.005649056286
1.592000007629	-0.006550448481
1.593599915504	-0.004334576428
1.595199942589	-0.006290288642
1.596799969673	-0.005480784457
1.598399996758	-0.006276720669
1.599999904633	-0.007108880673
1.601599931717	-0.004689072259
1.603199958801	-0.007239744533
1.604799985886	-0.005106192548
1.606400012970	-0.004097520374
1.607999920845	-0.006722944789
1.609599947929	-0.005169328302
1.611199975014	-0.006868304685
1.612800002098	-0.006322080735
1.614399909973	-0.006723424420
1.615999937057	-0.007935872301
1.617599964142	-0.006212400272
1.619199991226	-0.007582272403
1.620800018311	-0.004282624461
1.622399926186	-0.006265840493
1.623999953270	-0.006738848519
1.625599980354	-0.006515744608
1.627200007439	-0.005080544390
1.628799915314	-0.006165040657
1.630399942398	-0.006320560351
1.631999969482	-0.007351584733
1.633599996567	-0.005913488567
1.635199904442	-0.006117056590
1.636799931526	-0.007167056669
1.638399958611	-0.004959104583
1.639999985695	-0.005857456475
1.641600012779	-0.008487856947
1.643199920654	-0.005997648463
1.644799947739	-0.005669504404
1.646399974823	-0.006488928571
1.648000001907	-0.005506288260
1.649599909782	-0.006873312406
1.651199936867	-0.006092656404
1.652799963951	-0.006345952395
1.654399991035	-0.004452832509
1.655999898911	-0.006248000544
1.657599925995	-0.005131936166
1.659199953079	-0.005280512385
1.660799980164	-0.006794192363
1.662400007248	-0.006756416522
1.663999915123	-0.006942832842
1.665599942207	-0.006289488636
1.667199969292	-0.006702896673
1.668799996376	-0.008480480872
1.670399904251	-0.006788000464
1.671999931335	-0.006119760685
1.673599958420	-0.006595264655
1.675199985504	-0.007481488865
1.676800012589	-0.006260976661
1.678399920464	-0.005474048201
1.679999947548	-0.004669088405
1.681599974632	-0.004926256370
1.683200001717	-0.006138768513
1.684799909592	-0.005745584611
1.686399936676	-0.006331328768
1.687999963760	-0.006753312424
1.689599990845	-0.008092288859
1.691199898720	-0.006949424744
1.692799925804	-0.006418896373
1.694399952888	-0.007524176501
1.695999979973	-0.007300800644
1.697600007057	-0.006773552392
1.699199914932	-0.007302336395
1.700799942017	-0.005454096477
1.702399969101	-0.006948256399
1.703999996185	-0.004350816365
1.705599904060	-0.004812256433
1.707199931145	-0.007681376766
1.708799958229	-0.005580896512
1.710399985313	-0.005877264310
1.712000012398	-0.008727824315
1.713599920273	-0.005738528445
1.715199947357	-0.007436656393
1.716799974442	-0.007647920400
1.718400001526	-0.007343920413
1.719999909401	-0.006651072763
1.721599936485	-0.006623680703
1.723199963570	-0.006607184652
1.724799990654	-0.007387888618
1.726399898529	-0.005848256405
1.727999925613	-0.005416560452
1.729599952698	-0.006259136368
1.731199979782	-0.004938096274
1.732800006866	-0.005226016510
1.734399914742	-0.005172256380
1.735999941826	-0.006455664523
1.737599968910	-0.007856288925
1.739199995995	-0.008268192410
1.740799903870	-0.007469728589
1.742399930954	-0.007405616809
1.743999958038	-0.007488736417
1.745599985123	-0.007138016634
1.747200012207	-0.008352784440
1.748799920082	-0.006148768589
1.750399947166	-0.006932720542
1.751999974251	-0.006324448623
1.753600001335	-0.006130272523
1.755199909210	-0.008113648742
1.756799936295	-0.006227104459
1.758399963379	-0.006656512618
1.759999990463	-0.005712624639
1.761599898338	-0.007311728783
1.763199925423	-0.006464912556
1.764799952507	-0.005948192440
1.766399979591	-0.006606864743
1.768000006676	-0.006673696451
1.769599914551	-0.007128832396
1.771199941635	-0.006395600736
1.772799968719	-0.006842736620
1.774399995804	-0.007507456467
1.775999903679	-0.006560496520
1.777599930763	-0.006478304509
1.779199957848	-0.006940048654
1.780799984932	-0.005267248489
1.782400012016	-0.007699520793
1.783999919891	-0.006378640421
1.785599946976	-0.007874865085
1.787199974060	-0.007311792579
1.788800001144	-0.008132592775
1.790399909019	-0.008233120665
1.791999936104	-0.007810496725
1.793599963188	-0.006434576586
1.795199990273	-0.006795168389
1.796799898148	-0.007160672452
1.798399925232	-0.007084288634
1.799999952316	-0.006561120506
1.801599979401	-0.007341088727
1.803200006485	-0.006530528422
1.804799914360	-0.007216352504
1.806399941444	-0.006154064555
1.807999968529	-0.007215408608
1.809599995613	-0.007431376725
1.811199903488	-0.007363280747
1.812799930573	-0.007916096598
1.814399957657	-0.008389312774
1.815999984741	-0.006054816768
1.817600011826	-0.005586000625
1.819199919701	-0.009360080585
1.820799946785	-0.007266832516
1.822399973869	-0.007012560498
1.824000000954	-0.004851968493
1.825599908829	-0.007407696452
1.827199935913	-0.007127216551
1.828799962997	-0.006734528579
1.830399990082	-0.006010384299
1.831999897957	-0.005737744272
1.833599925041	-0.007199040614
1.835199952126	-0.008968048729
1.836799979210	-0.007369040512
1.838400006294	-0.008743632585
1.839999914169	-0.008744833060
1.841599941254	-0.008685008623
1.843199968338	-0.008830304258
1.844799995422	-0.007293840405
1.846399903297	-0.006404448766
1.847999930382	-0.007648032624
1.849599957466	-0.008662000299
1.851199984550	-0.006451568566
1.852800011635	-0.007134064566
1.854399919510	-0.005910432432
1.855999946594	-0.005887344480
1.857599973679	-0.008972336538
1.859200000763	-0.006208304316
1.860799908638	-0.007518000435
1.862399935722	-0.008518896997
1.863999962807	-0.006895984523
1.865599989891	-0.007199456450
1.867199897766	-0.008333440870
1.868799924850	-0.008632240817
1.870399951935	-0.008214304224
1.871999979019	-0.007832832634
1.873600006104	-0.008652464487
1.875199913979	-0.007530544885
1.876799941063	-0.006090272684
1.878399968147	-0.006442144513
1.879999995232	-0.007718432695
1.881599903107	-0.005630672444
1.883199930191	-0.006246608682
1.884799957275	-0.006649152376
1.886399984360	-0.008102240972
1.888000011444	-0.008392016403
1.889599919319	-0.007632960565
1.891199946404	-0.007047728635
1.892799973488	-0.008290000260
1.894400000572	-0.007835792378
1.895999908447	-0.008743088692
1.897599935532	-0.007731408812
1.899199962616	-0.007610528730
1.900799989700	-0.009118961170
1.902399897575	-0.006217440590
1.903999924660	-0.007642288692
1.905599951744	-0.005991696380
1.907199978828	-0.006361152511
1.908800005913	-0.007596352603
1.910399913788	-0.007636928465
1.911999940872	-0.006838656496
1.913599967957	-0.008034416474
1.915199995041	-0.009816625156
1.916799902916	-0.008001568727
1.918399930000	-0.009281552397
1.919999957085	-0.008115088567
1.921599984169	-0.008204224519
1.923199892044	-0.008466336876
1.924799919128	-0.008311936632
1.926399946213	-0.007556064520
1.927999973297	-0.006554080639
1.929600000381	-0.007144384552
1.931199908257	-0.007164112758
1.932799935341	-0.006486272439
1.934399962425	-0.007518480532
1.935999989510	-0.006443136372
1.937599897385	-0.007561136503
1.939199924469	-0.007819616236
1.940799951553	-0.009033760987
1.942399978638	-0.007721184753
1.944000005722	-0.007567024790
1.945599913597	-0.008147360757
1.947199940681	-0.008272368461
1.948799967766	-0.008568736725
1.950399994850	-0.005456592422
1.951999902725	-0.007152192760
1.953599929810	-0.007760592736
1.955199956894	-0.007301120553
1.956799983978	-0.007589904591
1.958399891853	-0.008888481185
1.959999918938	-0.007923232391
1.961599946022	-0.006533600390
1.963199973106	-0.008495984599
1.964800000191	-0.007921056822
1.966399908066	-0.007704368792
1.967999935150	-0.009977744892
1.969599962234	-0.009035889059
1.971199989319	-0.009083745070
1.972799897194	-0.006533072796
1.974399924278	-0.009066320956
1.975999951363	-0.008082816377
1.977599978447	-0.005835792515
1.979200005531	-0.008630416356
1.980799913406	-0.007217968814
1.982399940491	-0.007702144794
1.983999967575	-0.007160016336
1.985599994659	-0.008299904875
1.987199902534	-0.010055121034
1.988799929619	-0.007540448569
1.990399956703	-0.009207393043
1.991999983788	-0.008324000984
1.993599891663	-0.008585632779
1.995199918747	-0.007912064902
1.996799945831	-0.008055632934
1.998399972916	-0.006622880697
2.000000000000	-0.007611008827
2.001600027084	-0.007310112473
2.003200054169	-0.006342640612
2.004799842834	-0.008684257045
2.006399869919	-0.009105696343
2.007999897003	-0.007784192916
2.009599924088	-0.007973472588
2.011199951172	-0.007696512621
2.012799978256	-0.008897968568
2.014400005341	-0.009358689189
2.016000032425	-0.008008528501
2.017600059509	-0.009564368986
2.019199848175	-0.008034416474
2.020799875259	-0.009439408779
2.022399902344	-0.007404048461
2.023999929428	-0.008393232711
2.025599956512	-0.007214944344
2.027199983597	-0.007102256641
2.028800010681	-0.008244064637
2.030400037766	-0.007384944707
2.032000064850	-0.007938144729
2.033599853516	-0.007934800349
2.035199880600	-0.007779664826
2.036799907684	-0.010099872947
2.038399934769	-0.008377296850
2.039999961853	-0.009569280781
2.041599988937	-0.010511728935
2.043200016022	-0.010115024634
2.044800043106	-0.009228913113
2.046399831772	-0.008966288529
2.047999858856	-0.008507585153
2.049599885941	-0.009492048994
2.051199913025	-0.008008657023
2.052799940109	-0.007483664434
2.054399967194	-0.006007968448
2.055999994278	-0.006282016635
2.057600021362	-0.007613360882
2.059200048447	-0.007580432575
2.060799837112	-0.006377120502
2.062399864197	-0.008224256337
2.063999891281	-0.008664480411
2.065599918365	-0.010085009038
2.067199945450	-0.008515953086
2.068799972534	-0.008313168772
2.070399999619	-0.008092688397
2.072000026703	-0.008513264358
2.073600053787	-0.007015232462
2.075199842453	-0.009596096352
2.076799869537	-0.008557552472
2.078399896622	-0.008774464950
2.079999923706	-0.008631936274
2.081599950790	-0.007849920541
2.083199977875	-0.007344336715
2.084800004959	-0.007105568424
2.086400032043	-0.008802480996
2.088000059128	-0.007778896485
2.089599847794	-0.008940977044
2.091199874878	-0.007839344442
2.092799901962	-0.007400704548
2.094399929047	-0.009470785037
2.095999956131	-0.008654097095
2.097599983215	-0.007355856709
2.099200010300	-0.007506960537
2.100800037384	-0.009148784913
2.102400064468	-0.007362112869
2.103999853134	-0.008729136549
2.105599880219	-0.006290608551
2.107199907303	-0.007055536378
2.108799934387	-0.008161792532
2.110399961472	-0.009133536369
2.111999988556	-0.010674432851
2.113600015640	-0.008763280697
2.115200042725	-0.010068432428
2.116799831390	-0.009304224513
2.118399858475	-0.008903793059
2.119999885559	-0.008617457002
2.121599912643	-0.009354609065
2.123199939728	-0.009069249034
2.124799966812	-0.009047472849
2.126399993896	-0.007565264590
2.128000020981	-0.006774576847
2.129600048065	-0.006697088480
2.131199836731	-0.009554657154
2.132799863815	-0.008263233118
2.134399890900	-0.007738160901
2.135999917984	-0.008823664859
2.137599945068	-0.008520352654
2.139199972153	-0.009458321147
2.140799999237	-0.008558720350
2.142400026321	-0.007927376777
2.144000053406	-0.009092017077
2.145599842072	-0.009040944278
2.147199869156	-0.008353712969
2.148799896240	-0.006623120513
2.150399923325	-0.008241200820
2.151999950409	-0.007619904820
2.153599977493	-0.007446624804
2.155200004578	-0.008450528607
2.156800031662	-0.009082384408
2.158400058746	-0.007473392412
2.159999847412	-0.007351840846
2.161599874496	-0.008052689023
2.163199901581	-0.009019969031
2.164799928665	-0.010637632571
2.166399955750	-0.008692304604
2.167999982834	-0.007643440738
2.169600009918	-0.010054192506
2.171200037003	-0.010235264897
2.172800064087	-0.008231217042
2.174399852753	-0.008396432735
2.175999879837	-0.006802304648
2.177599906921	-0.007822657004
2.179199934006	-0.009479761124
2.180799961090	-0.008347728290
2.182399988174	-0.009142656811
2.184000015259	-0.009296640754
2.185600042343	-0.008666208945
2.187199831009	-0.009268673137
2.188799858093	-0.008609776385
2.190399885178	-0.008829521015
2.191999912262	-0.009211792611
2.193599939346	-0.010204913095
2.195199966431	-0.010073632933
2.196799993515	-0.009878832847
2.198400020599	-0.008608848788
2.200000047684	-0.009454784915
2.201599836349	-0.006852336694
2.203199863434	-0.008437952958
2.204799890518	-0.008695504628
2.206399917603	-0.007945376448
2.207999944687	-0.008477376774
2.209599971771	-0.008928513154
2.211199998856	-0.009527073242
2.212800025940	-0.008908896707
2.214400053024	-0.009479313157
2.215999841690	-0.010153264739
2.217599868774	-0.010524736717
2.219199895859	-0.008749616332
2.220799922943	-0.008949536830
2.222399950027	-0.009743792936
2.223999977112	-0.008039264940
2.225600004196	-0.008873584680
2.227200031281	-0.007606480736
2.228800058365	-0.008646977134
2.230399847031	-0.008885105141
2.231999874115	-0.006924288347
2.233599901199	-0.008715712465
2.235199928284	-0.008843680844
2.236799955368	-0.010003441013
2.238399982452	-0.008769792505
2.240000009537	-0.008031792939
2.241600036621	-0.009752657264
2.243199825287	-0.010070016608
2.244799852371	-0.008793552406
2.246399879456	-0.008959377185
2.247999906540	-0.010093265213
2.249599933624	-0.009414113127
2.251199960709	-0.007530928589
2.252799987793	-0.009136096574
2.254400014877	-0.008780544624
2.256000041962	-0.008955056779
2.257599830627	-0.009570176713
2.259199857712	-0.008264305070
2.260799884796	-0.008257920854
2.262399911880	-0.007199888583
2.263999938965	-0.010198928416
2.265599966049	-0.010278129019
2.267199993134	-0.011152048595
2.268800020218	-0.009042289108
2.270400047302	-0.009947328828
2.271999835968	-0.009450880811
2.273599863052	-0.010342081077
2.275199890137	-0.009789888747
2.276799917221	-0.007637584582
2.278399944305	-0.008152560331
2.279999971390	-0.008078816347
2.281599998474	-0.009673296474
2.283200025558	-0.009894864634
2.284800052643	-0.007849521004
2.286399841309	-0.008243632503
2.287999868393	-0.009909552522
2.289599895477	-0.009107808582
2.291199922562	-0.009318800643
2.292799949646	-0.010751680471
2.294399976730	-0.009418737143
2.296000003815	-0.008840240538
2.297600030899	-0.009292352945
2.299200057983	-0.008973920718
2.300799846649	-0.008271712810
2.302399873734	-0.007473024540
2.303999900818	-0.008791328408
2.305599927902	-0.006859904621
2.307199954987	-0.009845040739
2.308799982071	-0.009787696414
2.310400009155	-0.007403824478
2.312000036240	-0.009215313010
2.313599824905	-0.011310192756
2.315199851990	-0.008863216266
2.316799879074	-0.009558880702
2.318399906158	-0.009252512828
2.319999933243	-0.009847248904
2.321599960327	-0.008580672555
2.323199987411	-0.009156880900
2.324800014496	-0.009682080708
2.326400041580	-0.009241457097
2.327999830246	-0.008509248495
2.329599857330	-0.007665568497
2.331199884415	-0.007620960474
2.332799911499	-0.009480896406
2.334399938583	-0.008505040780
2.335999965668	-0.009812480770
2.337599992752	-0.008849441074
2.339200019836	-0.009360864758
2.340800046921	-0.009549585171
2.342399835587	-0.009705664590
2.343999862671	-0.009710640647
2.345599889755	-0.009626897052
2.347199916840	-0.010169057176
2.348799943924	-0.009185233153
2.350399971008	-0.010354097001
2.351999998093	-0.008700320497
2.353600025177	-0.007709216792
2.355200052261	-0.007386448793
2.356799840927	-0.008118496276
2.358399868011	-0.010332128964
2.359999895096	-0.008145712316
2.361599922180	-0.009383808821
2.363199949265	-0.009377185255
2.364799976349	-0.009024321102
2.366400003433	-0.010485536419
2.368000030518	-0.010806880891
2.369600057602	-0.009564144537
2.371199846268	-0.009570608847
2.372799873352	-0.010535952635
2.374399900436	-0.009512497112
2.375999927521	-0.009493905120
2.377599954605	-0.008702512830
2.379199981689	-0.008965936489
2.380800008774	-0.007979616523
2.382400035858	-0.010135632940
2.383999824524	-0.009801137261
2.385599851608	-0.008852384984
2.387199878693	-0.008866688237
2.388799905777	-0.008956960402
2.390399932861	-0.008834145032
2.391999959946	-0.010320529342
2.393599987030	-0.009310385212
2.395200014114	-0.009325568564
2.396800041199	-0.010135425255
2.398399829865	-0.007529376540
2.399999856949	-0.010366560891
2.401599884033	-0.010104833171
2.403199911118	-0.009722433053
2.404799938202	-0.008462497033
2.406399965286	-0.009988289326
2.407999992371	-0.008600224741
2.409600019455	-0.008884800598
2.411200046539	-0.009001072496
2.412799835205	-0.010149168782
2.414399862289	-0.007564672735
2.415999889374	-0.010079088621
2.417599916458	-0.010232464410
2.419199943542	-0.010453136638
2.420799970627	-0.010566816665
2.422399997711	-0.009401937015
2.424000024796	-0.008565904573
2.425600051880	-0.010349392891
2.427199840546	-0.009000240825
2.428799867630	-0.009025328793
2.430399894714	-0.008243184537
2.431999921799	-0.008207025006
2.433599948883	-0.010355953127
2.435199975967	-0.009668513201
2.436800003052	-0.007976352237
2.438400030136	-0.009876049124
2.440000057220	-0.007096000481
2.441599845886	-0.010063680820
2.443199872971	-0.011026849039
2.444799900055	-0.009194272570
2.446399927139	-0.010385984555
2.447999954224	-0.009563840926
2.449599981308	-0.009554913267
2.451200008392	-0.009096864611
2.452800035477	-0.009281841107
2.454399824142	-0.010014545172
2.455999851227	-0.009645728394
2.457599878311	-0.009643936530
2.459199905396	-0.008920672350
2.460799932480	-0.010196080431
2.462399959564	-0.008764288388
2.463999986649	-0.009254608303
2.465600013733	-0.011208305135
2.467200040817	-0.010679393075
2.468799829483	-0.009724624455
2.470399856567	-0.011087841354
2.471999883652	-0.011912625283
2.473599910736	-0.008453488350
2.475199937820	-0.009323952720
2.476799964905	-0.009329456836
2.478399991989	-0.009052048437
2.480000019073	-0.008649328724
2.481600046158	-0.008167488500
2.483199834824	-0.008455216885
2.484799861908	-0.010389904492
2.486399888992	-0.010501745157
2.487999916077	-0.008120976388
2.489599943161	-0.009631616995
2.491199970245	-0.009785472415
2.492799997330	-0.011339824647
2.494400024414	-0.010735984892
2.496000051498	-0.008573136292
2.497599840164	-0.010287185200
2.499199867249	-0.010016192682
2.500799894333	-0.009580465034
2.502399921417	-0.010011824779
2.503999948502	-0.008008976467
2.505599975586	-0.008246880956
2.507200002670	-0.007940768264
2.508800029755	-0.009325040504
2.510399818420	-0.008798576891
2.511999845505	-0.010582513176
2.513599872589	-0.010166288354
2.515199899673	-0.010056369007
2.516799926758	-0.009143376723
2.518399953842	-0.009994960390
2.519999980927	-0.010761473328
2.521600008011	-0.009841985069
2.523200035095	-0.008415552787
2.524799823761	-0.008888640441
2.526399850845	-0.009870816953
2.527999877930	-0.010070032440
2.529599905014	-0.008462688886
2.531199932098	-0.009112064727
2.532799959183	-0.008626161143
2.534399986267	-0.007917488925
2.536000013351	-0.010846832767
2.537600040436	-0.009524976835
2.539199829102	-0.009592128918
2.540799856186	-0.009995760396
2.542399883270	-0.011480112560
2.543999910355	-0.010182624683
2.545599937439	-0.010681232437
2.547199964523	-0.010033217259
2.548799991608	-0.009306048974
2.550400018692	-0.009493600577
2.552000045776	-0.009621377103
2.553599834442	-0.008447312750
2.555199861526	-0.010160257109
2.556799888611	-0.008737952448
2.558399915695	-0.009901824407
2.559999942780	-0.009136080742
2.561599969864	-0.010463137180
2.563199996948	-0.009047296830
2.564800024033	-0.008712128736
2.566400051117	-0.011525648646
2.567999839783	-0.011162368581
2.569599866867	-0.009782113135
2.571199893951	-0.010504769161
2.572799921036	-0.011274864897
2.574399948120	-0.010652576573
2.575999975204	-0.009262560867
2.577600002289	-0.009182560258
2.579200029373	-0.009135120548
2.580799818039	-0.008442992344
2.582399845123	-0.009521264583
2.583999872208	-0.009059088305
2.585599899292	-0.008912337013
2.587199926376	-0.009256816469
2.588799953461	-0.009660304524
2.590399980545	-0.009943536483
2.592000007629	-0.010821600445
2.593600034714	-0.011236368679
2.595199823380	-0.010509201325
2.596799850464	-0.010537280701
2.598399877548	-0.010163185187
2.599999904633	-0.009914352559
2.601599931717	-0.010129457340
2.603199958801	-0.009941216558
2.604799985886	-0.009847168811
2.606400012970	-0.008509792387
2.608000040054	-0.008919232525
2.609599828720	-0.009545761161
2.611199855804	-0.010398880579
2.612799882889	-0.009872960858
2.614399909973	-0.008996704593
2.615999937057	-0.010161792859
2.617599964142	-0.010242273100
2.619199991226	-0.008290656842
2.620800018311	-0.009891584516
2.622400045395	-0.008573233150
2.623999834061	-0.010710720904
2.625599861145	-0.009554753080
2.627199888229	-0.010404752567
2.628799915314	-0.008661297150
2.630399942398	-0.008275024593
2.631999969482	-0.010561329313
2.633599996567	-0.009706928395
2.635200023651	-0.010397200473
2.636800050735	-0.009637056850
2.638399839401	-0.010026993230
2.639999866486	-0.009890784509
2.641599893570	-0.010500704870
2.643199920654	-0.010753313079
2.644799947739	-0.010249905288
2.646399974823	-0.010304464959
2.648000001907	-0.010612624697
2.649600028992	-0.009792992845
2.651199817657	-0.009926129133
2.652799844742	-0.008757360280
2.654399871826	-0.009322000667
2.655999898911	-0.009721793234
2.657599925995	-0.009467200376
2.659199953079	-0.009282672778
2.660799980164	-0.010207233019
2.662400007248	-0.008832560852
2.664000034332	-0.009837904945
2.665599822998	-0.008635248989
2.667199850082	-0.010361297056
2.668799877167	-0.010015056469
2.670399904251	-0.010990097187
2.671999931335	-0.011247856542
2.673599958420	-0.008959840983
2.675199985504	-0.007650832646
2.676800012589	-0.009887169115
2.678400039673	-0.008906704374
2.679999828339	-0.008576081134
2.681599855423	-0.009050113149
2.683199882507	-0.010269057006
2.684799909592	-0.011554049328
2.686399936676	-0.010100929067
2.687999963760	-0.009572416544
2.689599990845	-0.009550481103
2.691200017929	-0.010030561127
2.692800045013	-0.010800304823
2.694399833679	-0.009772976860
2.695999860764	-0.010357297026
2.697599887848	-0.009725361131
2.699199914932	-0.010204400867
2.700799942017	-0.011031025089
2.702399969101	-0.009309777059
2.703999996185	-0.008757600561
2.705600023270	-0.009411056526
2.707200050354	-0.009318129160
2.708799839020	-0.008429440670
2.710399866104	-0.009465312585
2.711999893188	-0.011358512565
2.713599920273	-0.010305296630
2.715199947357	-0.008982496336
2.716799974442	-0.010792016983
2.718400001526	-0.012240448967
2.720000028610	-0.009538641199
2.721599817276	-0.010624305345
2.723199844360	-0.009732064791
2.724799871445	-0.010897280648
2.726399898529	-0.009654144756
2.727999925613	-0.009187120944
2.729599952698	-0.011620065197
2.731199979782	-0.009681840427
2.732800006866	-0.007828688249
2.734400033951	-0.009473793209
2.735999822617	-0.007944560610
2.737599849701	-0.009054064751
2.739199876785	-0.010356864892
2.740799903870	-0.010440080427
2.742399930954	-0.009865440428
2.743999958038	-0.011059841141
2.745599985123	-0.010132080875
2.747200012207	-0.009827921167
2.748800039291	-0.009190896526
2.750399827957	-0.012389313430
2.751999855042	-0.010755713098
2.753599882126	-0.010482625104
2.755199909210	-0.008444240317
2.756799936295	-0.011190304533
2.758399963379	-0.010180832818
2.759999990463	-0.008841296658
2.761600017548	-0.009905536659
2.763200044632	-0.010433969088
2.764799833298	-0.012069696561
2.766399860382	-0.010712672956
2.767999887466	-0.010091984645
2.769599914551	-0.010372225195
2.771199941635	-0.010350161232
2.772799968719	-0.010987120681
2.774399995804	-0.008739504963
2.776000022888	-0.010067088529
2.777599811554	-0.011011120863
2.779199838638	-0.008722304367
2.780799865723	-0.009314976633
2.782399892807	-0.009307281114
2.783999919891	-0.009914017282
2.785599946976	-0.008482640609
2.787199974060	-0.011559825391
2.788800001144	-0.010704960674
2.790400028229	-0.011303473264
2.791999816895	-0.011481041089
2.793599843979	-0.010116256773
2.795199871063	-0.010806736536
2.796799898148	-0.010283793323
2.798399925232	-0.010138880461
2.799999952316	-0.009809120558
2.801599979401	-0.009969424456
2.803200006485	-0.008528640494
2.804800033569	-0.010047473013
2.806399822235	-0.008904736489
2.807999849319	-0.008082481101
2.809599876404	-0.010621136986
2.811199903488	-0.010814448819
2.812799930573	-0.011458560824
2.814399957657	-0.009707264602
2.815999984741	-0.009452641010
2.817600011826	-0.010117281228
2.819200038910	-0.011591137387
2.820799827576	-0.010171872564
2.822399854660	-0.011775745079
2.823999881744	-0.010871856473
2.825599908829	-0.010091536678
2.827199935913	-0.011351585388
2.828799962997	-0.010378160514
2.830399990082	-0.009156448767
2.832000017166	-0.011018416844
2.833600044250	-0.009519536979
2.835199832916	-0.009638193063
2.836799860001	-0.011082257144
2.838399887085	-0.010584913194
2.839999914169	-0.010362192988
2.841599941254	-0.011656177230
2.843199968338	-0.010348256677
2.844799995422	-0.010237856768
2.846400022507	-0.011066577397
2.847999811172	-0.009348256513
2.849599838257	-0.009998128749
2.851199865341	-0.010064144619
2.852799892426	-0.009564609267
2.854399919510	-0.009864096530
2.855999946594	-0.010275169276
2.857599973679	-0.010334176943
2.859200000763	-0.009426400997
2.860800027847	-0.010587121360
2.862399816513	-0.009586528875
2.863999843597	-0.009261136875
2.865599870682	-0.010583248921
2.867199897766	-0.011301104911
2.868799924850	-0.011022817343
2.870399951935	-0.012587809004
2.871999979019	-0.010337680578
2.873600006104	-0.009279089049
2.875200033188	-0.011045040563
2.876799821854	-0.010178336874
2.878399848938	-0.009149168618
2.879999876022	-0.009751792997
2.881599903107	-0.008936752565
2.883199930191	-0.011236432940
2.884799957275	-0.012097056955
2.886399984360	-0.009375697002
2.888000011444	-0.010943121277
2.889600038528	-0.011187264696
2.891199827194	-0.011837537400
2.892799854279	-0.010424705222
2.894399881363	-0.012919456698
2.895999908447	-0.011990817264
2.897599935532	-0.010344305076
2.899199962616	-0.010299105197
2.900799989700	-0.008724656887
2.902400016785	-0.010206704959
2.904000043869	-0.010022976436
2.905599832535	-0.008439056575
2.907199859619	-0.010064960457
2.908799886703	-0.010136368684
2.910399913788	-0.010480913334
2.911999940872	-0.011974081397
2.913599967957	-0.008712369017
2.915199995041	-0.009889056906
2.916800022125	-0.011677777395
2.918399810791	-0.011536592618
2.919999837875	-0.009984176606
2.921599864960	-0.009117872454
2.923199892044	-0.010187569074
2.924799919128	-0.010432449169
2.926399946213	-0.009113328531
2.927999973297	-0.011192048900
2.929600000381	-0.009650608525
2.931200027466	-0.009463696741
2.932799816132	-0.009621264413
2.934399843216	-0.010207440704
2.935999870300	-0.008543776348
2.937599897385	-0.010252033360
2.939199924469	-0.011246048845
2.940799951553	-0.011904112995
2.942399978638	-0.010530080646
2.944000005722	-0.011649536900
2.945600032806	-0.011368800886
2.947199821472	-0.010457216762
2.948799848557	-0.011392433196
2.950399875641	-0.009810272604
2.951999902725	-0.010246736929
2.953599929810	-0.009473728947
2.955199956894	-0.008815712295
2.956799983978	-0.010350864381
2.958400011063	-0.011484753340
2.960000038147	-0.008470784873
2.961599826813	-0.010005520657
2.963199853897	-0.009769152850
2.964799880981	-0.011538992636
2.966399908066	-0.012014544569
2.967999935150	-0.011135793291
2.969599962234	-0.010342672467
2.971199989319	-0.011522960849
2.972800016403	-0.010398144834
2.974400043488	-0.010096064769
2.975999832153	-0.009766752832
2.977599859238	-0.010040672496
2.979199886322	-0.009454272687
2.980799913406	-0.010012208484
2.982399940491	-0.010083168745
2.983999967575	-0.009203025140
2.985599994659	-0.010175201111
2.987200021744	-0.010868528858
2.988799810410	-0.010331841186
2.990399837494	-0.010730128735
2.991999864578	-0.010089248419
2.993599891663	-0.010479409248
2.995199918747	-0.009986832738
2.996799945831	-0.009102560580
2.998399972916	-0.010387969203
3.000000000000	-0.010189104825
3.001600027084	-0.009917280637
3.003199815750	-0.010535696521
3.004799842834	-0.009617792442
3.006399869919	-0.008884657174
3.007999897003	-0.008324177004
3.009599924088	-0.010995681398
3.011199951172	-0.010865569115
3.012799978256	-0.009535520338
3.014400005341	-0.010264624842
3.016000032425	-0.009867936373
3.017599821091	-0.010299297050
3.019199848175	-0.010467968881
3.020799875259	-0.011796257459
3.022399902344	-0.009378801100
3.023999929428	-0.009356608614
3.025599956512	-0.009706288576
3.027199983597	-0.009514528327
3.028800010681	-0.010066992603
3.030400037766	-0.008530672640
3.031999826431	-0.010964432731
3.033599853516	-0.009741361253
3.035199880600	-0.009808208793
3.036799907684	-0.010447665118
3.038399934769	-0.010514993221
3.039999961853	-0.010574321263
3.041599988937	-0.011943841353
3.043200016022	-0.011973761022
3.044799804687	-0.011551105417
3.046399831772	-0.010312529281
3.047999858856	-0.011574640870
3.049599885941	-0.011193713173
3.051199913025	-0.009041952901
3.052799940109	-0.010671921074
3.054399967194	-0.009878112935
3.055999994278	-0.010191072710
3.057600021362	-0.009747521020
3.059199810028	-0.009671504609
3.060799837112	-0.012576720677
3.062399864197	-0.011508353055
3.063999891281	-0.010633264668
3.065599918365	-0.012230209075
3.067199945450	-0.010364800692
3.068799972534	-0.010336320847
3.070399999619	-0.010437697172
3.072000026703	-0.010424177162
3.073599815369	-0.010881297290
3.075199842453	-0.008868128993
3.076799869537	-0.008813344873
3.078399896622	-0.008916896768
3.079999923706	-0.009704641066
3.081599950790	-0.010055088438
3.083199977875	-0.012200769037
3.084800004959	-0.010763617232
3.086400032043	-0.010618656874
3.087999820709	-0.011239840649
3.089599847794	-0.010754336603
3.091199874878	-0.010365184397
3.092799901962	-0.009556928650
3.094399929047	-0.010990768671
3.095999956131	-0.008610241115
3.097599983215	-0.011046352796
3.099200010300	-0.010693537071
3.100800037384	-0.008538384922
3.102399826050	-0.009519376792
3.103999853134	-0.009723440744
3.105599880219	-0.008829200640
3.107199907303	-0.009470464662
3.108799934387	-0.010307968594
3.110399961472	-0.009997649118
3.111999988556	-0.011784897186
3.113600015640	-0.008918848820
3.115199804306	-0.011146272533
3.116799831390	-0.011529088952
3.118399858475	-0.012379377149
3.119999885559	-0.011447072960
3.121599912643	-0.010671009310
3.123199939728	-0.011906080879
3.124799966812	-0.009384272620
3.126399993896	-0.009743728675
3.128000020981	-0.010309969075
3.129599809647	-0.008410928771
3.131199836731	-0.008884401061
3.132799863815	-0.009283920750
3.134399890900	-0.008924736641
3.135999917984	-0.010174704716
3.137599945068	-0.008757840842
3.139199972153	-0.011084944941
3.140799999237	-0.011533041485
3.142400026321	-0.011686400510
3.143999814987	-0.011034289375
3.145599842072	-0.010770768858
3.147199869156	-0.011738545261
3.148799896240	-0.008692881092
3.150399923325	-0.010766385123
3.151999950409	-0.008990640752
3.153599977493	-0.008065712638
3.155200004578	-0.009264849126
3.156800031662	-0.009107296355
3.158399820328	-0.011008752510
3.159999847412	-0.008778656833
3.161599874496	-0.009501808323
3.163199901581	-0.011870929040
3.164799928665	-0.010749008507
3.166399955750	-0.010152112693
3.167999982834	-0.011468256824
3.169600009918	-0.011426800862
3.171200037003	-0.011672848836
3.172799825668	-0.012153873220
3.174399852753	-0.011333248578
3.175999879837	-0.010949936695
3.177599906921	-0.009988640435
3.179199934006	-0.009544752538
3.180799961090	-0.011249745265
3.182399988174	-0.010040384717
3.184000015259	-0.010345232673
3.185599803925	-0.010872624815
3.187199831009	-0.010544992983
3.188799858093	-0.012178448960
3.190399885178	-0.010180529207
3.191999912262	-0.012102801353
3.193599939346	-0.010618912987
3.195199966431	-0.010067088529
3.196799993515	-0.010958912782
3.198400020599	-0.010122688487
3.199999809265	-0.010217200965
3.201599836349	-0.012151185423
3.203199863434	-0.010731888935
3.204799890518	-0.008719312958
3.206399917603	-0.010371360928
3.207999944687	-0.010545808822
3.209599971771	-0.011144032702
3.211199998856	-0.010717009194
3.212800025940	-0.011146193370
3.214399814606	-0.010781296529
3.215999841690	-0.009425552562
3.217599868774	-0.012675761245
3.219199895859	-0.011445361190
3.220799922943	-0.010148016736
3.222399950027	-0.011813680641
3.223999977112	-0.010291936807
3.225600004196	-0.010687152855
3.227200031281	-0.008754832670
3.228799819946	-0.010198161006
3.230399847031	-0.008790864609
3.231999874115	-0.010025952943
3.233599901199	-0.009752384387
3.235199928284	-0.010658209212
3.236799955368	-0.010696512647
3.238399982452	-0.012636848725
3.240000009537	-0.010813505389
3.241600036621	-0.012384065427
3.243199825287	-0.011773088947
3.244799852371	-0.009991937317
3.246399879456	-0.010287664831
3.247999906540	-0.010869297199
3.249599933624	-0.009988944978
3.251199960709	-0.009011904709
3.252799987793	-0.009838241152
3.254400014877	-0.006285792682
3.255999803543	-0.011170033365
3.257599830627	-0.009490320459
3.259199857712	-0.009658113122
3.260799884796	-0.009568672627
3.262399911880	-0.010017665103
3.263999938965	-0.012113280594
3.265599966049	-0.009352657013
3.267199993134	-0.009214448743
3.268800020218	-0.012044704519
3.270399808884	-0.011387664825
3.271999835968	-0.009132033214
3.273599863052	-0.010676560923
3.275199890137	-0.011490545236
3.276799917221	-0.011545537040
3.278399944305	-0.010001473129
3.279999971390	-0.010468272492
3.281599998474	-0.009808672592
3.283200025558	-0.010239472613
3.284799814224	-0.011056081392
3.286399841309	-0.010109040886
3.287999868393	-0.010381264612
3.289599895477	-0.009997745045
3.291199922562	-0.011752337217
3.292799949646	-0.011817345396
3.294399976730	-0.011058849283
3.296000003815	-0.011877824552
3.297600030899	-0.012242737226
3.299199819565	-0.011238688603
3.300799846649	-0.011099904776
3.302399873734	-0.012453009374
3.303999900818	-0.010003664531
3.305599927902	-0.008585792966
3.307199954987	-0.010992384516
3.308799982071	-0.011832800694
3.310400009155	-0.008500385098
3.311999797821	-0.009848096408
3.313599824905	-0.010879920796
3.315199851990	-0.010944817215
3.316799879074	-0.009861377068
3.318399906158	-0.012089776807
3.319999933243	-0.012454977259
3.321599960327	-0.009627392516
3.323199987411	-0.010699600913
3.324800014496	-0.012598801404
3.326399803162	-0.010073680431
3.327999830246	-0.011061713099
3.329599857330	-0.009564688429
3.331199884415	-0.010647488758
3.332799911499	-0.009488416836
3.334399938583	-0.011370561086
3.335999965668	-0.012249280699
3.337599992752	-0.011484992690
3.339200019836	-0.009517808445
3.340799808502	-0.009215360507
3.342399835587	-0.011731249280
3.343999862671	-0.011468624696
3.345599889755	-0.011437809095
3.347199916840	-0.011402336881
3.348799943924	-0.010954513215
3.350399971008	-0.009294000454
3.351999998093	-0.009917393327
3.353600025177	-0.010601025075
3.355199813843	-0.009362448938
3.356799840927	-0.008916128427
3.358399868011	-0.010657184757
3.359999895096	-0.010913216509
3.361599922180	-0.010298720561
3.363199949265	-0.008794224821
3.364799976349	-0.011622144841
3.366400003433	-0.010746705346
3.368000030518	-0.011227136478
3.369599819183	-0.011713056825
3.371199846268	-0.012641648762
3.372799873352	-0.010949361138
3.374399900436	-0.009894913062
3.375999927521	-0.009148480371
3.377599954605	-0.011022816412
3.379199981689	-0.009394160472
3.380800008774	-0.008878304623
3.382399797440	-0.010663025081
3.383999824524	-0.007858800702
3.385599851608	-0.010360145010
3.387199878693	-0.011964608915
3.388799905777	-0.010674577206
3.390399932861	-0.010962320492
3.391999959946	-0.010121152736
3.393599987030	-0.010092880577
3.395200014114	-0.012531520799
3.396799802780	-0.012041713111
3.398399829865	-0.011612609029
3.399999856949	-0.010771840811
3.401599884033	-0.010368800722
3.403199911118	-0.008728624322
3.404799938202	-0.010449617170
3.406399965286	-0.009555584751
3.407999992371	-0.008137056604
3.409600019455	-0.010574832559
3.411199808121	-0.011442145333
3.412799835205	-0.010715184733
3.414399862289	-0.010136769153
3.415999889374	-0.010852049105
3.417599916458	-0.010781104676
3.419199943542	-0.011655393057
3.420799970627	-0.010456752963
3.422399997711	-0.011655553244
3.424000024796	-0.011005552486
3.425599813461	-0.010690945201
3.427199840546	-0.009949840605
3.428799867630	-0.010838961229
3.430399894714	-0.010584481061
3.431999921799	-0.010288288817
3.433599948883	-0.010008896701
3.435199975967	-0.009982288815
3.436800003052	-0.009057360701
3.438400030136	-0.012679456733
3.439999818802	-0.010595761240
3.441599845886	-0.011357872747
3.443199872971	-0.010305488482
3.444799900055	-0.011155136861
3.446399927139	-0.011065648869
3.447999954224	-0.010724464431
3.449599981308	-0.010069505312
3.451200008392	0.011462304741
