0.000000000000	0.023264657706
0.001599999960	0.023017201573
0.003199999919	0.021500864998
0.004799999762	0.022194834426
0.006399999838	0.023180993274
0.007999999449	0.022207265720
0.009599999525	0.020346000791
0.011199999601	0.022057170048
0.012799999677	0.020758032799
0.014399999753	0.020472049713
0.015999998897	0.020064145327
0.017599999905	0.019063360989
0.019199999049	0.020266113803
0.020800000057	0.018600640818
0.022399999201	0.018720097840
0.024000000209	0.017052002251
0.025599999353	0.018750386313
0.027199998498	0.017114017159
0.028799999505	0.019079457968
0.030399998650	0.015416289680
0.031999997795	0.014882001095
0.033599998802	0.018797362223
0.035199999809	0.017034817487
0.036800000817	0.014198177494
0.038399998099	0.017591778189
0.039999999106	0.016354706138
0.041600000113	0.015828194097
0.043199997395	0.016622945666
0.044799998403	0.015697633848
0.046399999410	0.016450865194
0.048000000417	0.017885969952
0.049599997699	0.017137121409
0.051199998707	0.014626640826
0.052799999714	0.014020897448
0.054399996996	0.014544673264
0.055999998003	0.016687249765
0.057599999011	0.014006129466
0.059200000018	0.015858657658
0.060799997300	0.014549793676
0.062399998307	0.014997472987
0.063999995589	0.014768209308
0.065600000322	0.014270449057
0.067199997604	0.012510033324
0.068799994886	0.015620961785
0.070399999619	0.014511393383
0.071999996901	0.013725888915
0.073600001633	0.013232529163
0.075199998915	0.014441953041
0.076799996197	0.013553889468
0.078400000930	0.013127361424
0.079999998212	0.014503329061
0.081599995494	0.012718177401
0.083200000226	0.011587744579
0.084799997509	0.014721537009
0.086399994791	0.012984353118
0.087999999523	0.011580512859
0.089599996805	0.014624353498
0.091199994087	0.014680481516
0.092799998820	0.012246465310
0.094399996102	0.012987936847
0.096000000834	0.015119233169
0.097599998116	0.013831777498
0.099199995399	0.014272960834
0.100800000131	0.012010080740
0.102399997413	0.013583216816
0.103999994695	0.012710848823
0.105599999428	0.012717857026
0.107199996710	0.011458721012
0.108799993992	0.011457856745
0.110399998724	0.012089792639
0.111999996006	0.012104544789
0.113600000739	0.009764945135
0.115199998021	0.013140737079
0.116799995303	0.011705713347
0.118400000036	0.012247793376
0.119999997318	0.013365953229
0.121599994600	0.012211648747
0.123199999332	0.011707585305
0.124799996614	0.011641601101
0.126399993896	0.012142385356
0.127999991179	0.011203520931
0.129600003362	0.011763952672
0.131200000644	0.012645024806
0.132799997926	0.011603840627
0.134399995208	0.012689265423
0.135999992490	0.010561040603
0.137599989772	0.011784193106
0.139200001955	0.012420784682
0.140799999237	0.011796784587
0.142399996519	0.010188193060
0.143999993801	0.012501648627
0.145599991083	0.012816096656
0.147200003266	0.011103761382
0.148800000548	0.011628881097
0.150399997830	0.010432081297
0.151999995112	0.011702769436
0.153599992394	0.011002193205
0.155199989676	0.011093025096
0.156800001860	0.009485680610
0.158399999142	0.010185712948
0.159999996424	0.011915281415
0.161599993706	0.010967808776
0.163199990988	0.010335824452
0.164800003171	0.009476848878
0.166400000453	0.011279600672
0.167999997735	0.010882608593
0.169599995017	0.010247360915
0.171199992299	0.009522144683
0.172799989581	0.008376833051
0.174400001764	0.009310385212
0.175999999046	0.010153920390
0.177599996328	0.011261393316
0.179199993610	0.011546689086
0.180799990892	0.009938992560
0.182399988174	0.010143200867
0.184000000358	0.008891120553
0.185599997640	0.012259121053
0.187199994922	0.008435617201
0.188799992204	0.010054432787
0.190399989486	0.008361008950
0.192000001669	0.010339489207
0.193599998951	0.010593584739
0.195199996233	0.009580017067
0.196799993515	0.008379488252
0.198399990797	0.011726208963
0.199999988079	0.010570016690
0.201600000262	0.008089120500
0.203199997544	0.009453169070
0.204799994826	0.010604321025
0.206399992108	0.009200721048
0.207999989390	0.009448705241
0.209600001574	0.009359137155
0.211199998856	0.007787168492
0.212799996138	0.010971857235
0.214399993420	0.009221952409
0.215999990702	0.008174784482
0.217599987984	0.008316064253
0.219200000167	0.009173552506
0.220799997449	0.010807121173
0.222399994731	0.010432576761
0.223999992013	0.009568993002
0.225599989295	0.009574753232
0.227200001478	0.009791392833
0.228799998760	0.010447184555
0.230399996042	0.008768416941
0.231999993324	0.006962960586
0.233599990606	0.007830224931
0.235199987888	0.010101072490
0.236800000072	0.008785696700
0.238399997354	0.008310768753
0.239999994636	0.009071952663
0.241599991918	0.008860721253
0.243199989200	0.008243856952
0.244799986482	0.008269377053
0.246399998665	0.009718752466
0.247999995947	0.008173008449
0.249599993229	0.009729920886
0.251199990511	0.007487344556
0.252799987793	0.009095520712
0.254399985075	0.008920944296
0.255999982357	0.009589648806
0.257599979639	0.007275280543
0.259200006723	0.009330528788
0.260800004005	0.009947712533
0.262400001287	0.008840240538
0.263999998569	0.009088880382
0.265599995852	0.008957440965
0.267199993134	0.008357376792
0.268799990416	0.008492336608
0.270399987698	0.007605296560
0.271999984980	0.009878097102
0.273599982262	0.008951280266
0.275199979544	0.011073697358
0.276800006628	0.008144992404
0.278400003910	0.007967264391
0.280000001192	0.008700016886
0.281599998474	0.008846448734
0.283199995756	0.007256720681
0.284799993038	0.009118272923
0.286399990320	0.008786897175
0.287999987602	0.007429776713
0.289599984884	0.007610608824
0.291199982166	0.007897344418
0.292799979448	0.009392145090
0.294400006533	0.007816464640
0.296000003815	0.009537121281
0.297600001097	0.007587008644
0.299199998379	0.008859968744
0.300799995661	0.011071649380
0.302399992943	0.009155248292
0.303999990225	0.006114144344
0.305599987507	0.007043392397
0.307199984789	0.008690657094
0.308799982071	0.008174144663
0.310399979353	0.007297744509
0.312000006437	0.005568144377
0.313600003719	0.008666656911
0.315200001001	0.007066064514
0.316799998283	0.008594240993
0.318399995565	0.004322960507
0.319999992847	0.010427281260
0.321599990129	0.008265616372
0.323199987411	0.008407888934
0.324799984694	0.008266544901
0.326399981976	0.008018257096
0.327999979258	0.006776880473
0.329600006342	0.008463152684
0.331200003624	0.008874768391
0.332800000906	0.004709808622
0.334399998188	0.007958528586
0.335999995470	0.007482976653
0.337599992752	0.008479008451
0.339199990034	0.004331152420
0.340799987316	0.007573856506
0.342399984598	0.008350544609
0.343999981880	0.006054544356
0.345599979162	0.007422752678
0.347199976444	0.007576656528
0.348800003529	0.007388432510
0.350400000811	0.008482256904
0.351999998093	0.006440880708
0.353599995375	0.005872976501
0.355199992657	0.006040544715
0.356799989939	0.006545408629
0.358399987221	0.005274000578
0.359999984503	0.006323456299
0.361599981785	0.008060513064
0.363199979067	0.004937040620
0.364799976349	0.009332608432
0.366400003433	0.006977232639
0.368000000715	0.007382752839
0.369599997997	0.004817824345
0.371199995279	0.009270384908
0.372799992561	0.007642800454
0.374399989843	0.004483584315
0.375999987125	0.007946256548
0.377599984407	0.008746800944
0.379199981689	0.006574560422
0.380799978971	0.005393552594
0.382399976254	0.007582752500
0.384000003338	0.004580448382
0.385600000620	0.006999568548
0.387199997902	0.005486704409
0.388799995184	0.006566992495
0.390399992466	0.006451536436
0.391999989748	0.008203328587
0.393599987030	0.005206096452
0.395199984312	0.005401920527
0.396799981594	0.007257424761
0.398399978876	0.007922128774
0.399999976158	0.005394576583
0.401600003242	0.007532512769
0.403200000525	0.007383696735
0.404799997807	0.006475072354
0.406399995089	0.008004336618
0.407999992371	0.006315584294
0.409599989653	0.003948672209
0.411199986935	0.006431120448
0.412799984217	0.006930224597
0.414399981499	0.004856848158
0.415999978781	0.004072960466
0.417599976063	0.006919952575
0.419200003147	0.005533152260
0.420800000429	0.005417984445
0.422399997711	0.006204848643
0.423999994993	0.005483648274
0.425599992275	0.006533104461
0.427199989557	0.006789984647
0.428799986839	0.006043680478
0.430399984121	0.005499408580
0.431999981403	0.007018944714
0.433599978685	0.003593856469
0.435199975967	0.005996960681
0.436800003052	0.003747904440
0.438400000334	0.006096096709
0.439999997616	0.004738592543
0.441599994898	0.005942848511
0.443199992180	0.007201424800
0.444799989462	0.005647920538
0.446399986744	0.007409600541
0.447999984026	0.006398528349
0.449599981308	0.006139680278
0.451199978590	0.006136304699
0.452799975872	0.006556944456
0.454400002956	0.004243568517
0.456000000238	0.003034880152
0.457599997520	0.006994704716
0.459199994802	0.004284032155
0.460799992085	0.005821504630
0.462399989367	0.005995536689
0.463999986649	0.006109440234
0.465599983931	0.006282688584
0.467199981213	0.005902080331
0.468799978495	0.005642512348
0.470399975777	0.005784752313
0.472000002861	0.005584032275
0.473600000143	0.005639040377
0.475199997425	0.005914032459
0.476799994707	0.004813072272
0.478399991989	0.005076832604
0.479999989271	0.004154416267
0.481599986553	0.005002192222
0.483199983835	0.005291344598
0.484799981117	0.003296112176
0.486399978399	0.006331136450
0.487999975681	0.005506288260
0.489599972963	0.004768160172
0.491200000048	0.006717808545
0.492799997330	0.005813504569
0.494399994612	0.005574400537
0.495999991894	0.005829520524
0.497599989176	0.006425424479
0.499199986458	0.005525088403
0.500800013542	0.005446880590
0.502399981022	0.003630080260
0.504000008106	0.004935232457
0.505599975586	0.005524704698
0.507200002670	0.005264192354
0.508799970150	0.004005424213
0.510399997234	0.007416400593
0.511999964714	0.004837216344
0.513599991798	0.003839984303
0.515199959278	0.004993024282
0.516799986362	0.005762000568
0.518400013447	0.003332336200
0.519999980927	0.004710944369
0.521600008011	0.006717568729
0.523199975491	0.005474320613
0.524800002575	0.003433824284
0.526399970055	0.005617056508
0.527999997139	0.004639680497
0.529599964619	0.004474784248
0.531199991703	0.005132112186
0.532799959183	0.004586544354
0.534399986267	0.003064192366
0.536000013351	0.006277184468
0.537599980831	0.005116176326
0.539200007915	0.005068960600
0.540799975395	0.003607552266
0.542400002480	0.005911024753
0.543999969959	0.003808768233
0.545599997044	0.004627744202
0.547199964523	0.006631264463
0.548799991608	0.003838912351
0.550399959087	0.005229536444
0.551999986172	0.005166016519
0.553600013256	0.004061504267
0.555199980736	0.004789392464
0.556800007820	0.004551168531
0.558399975300	0.005177856423
0.560000002384	0.003201200161
0.561599969864	0.005366928410
0.563199996948	0.004653696436
0.564799964428	0.006580016576
0.566399991512	0.003674416337
0.567999958992	0.003997648600
0.569599986076	0.003365808399
0.571200013161	0.004973792471
0.572799980640	0.005847072694
0.574400007725	0.005404208321
0.575999975204	0.003392672166
0.577600002289	0.006849248428
0.579199969769	0.004712608177
0.580799996853	0.004885024391
0.582399964333	0.004140384495
0.583999991417	0.005528784357
0.585599958897	0.003889776301
0.587199985981	0.004176352173
0.588800013065	0.003026048187
0.590399980545	0.005597200710
0.592000007629	0.005999552552
0.593599975109	0.002191360109
0.595200002193	0.004099344369
0.596799969673	0.003932912368
0.598399996758	0.006114256568
0.599999964237	0.003318000352
0.601599991322	0.004257168155
0.603199958801	0.002784928307
0.604799985886	0.004300624132
0.606400012970	0.003678192385
0.607999980450	0.003936384339
0.609600007534	0.002554400126
0.611199975014	0.003628144274
0.612800002098	0.005135200452
0.614399969578	0.003790976247
0.615999996662	0.003278848249
0.617599964142	0.004848240409
0.619199991226	0.004469488282
0.620799958706	0.004284080118
0.622399985790	0.001801248174
0.624000012875	0.002044624183
0.625599980354	0.007931969129
0.627200007439	0.004402576480
0.628799974918	0.004088080488
0.630400002003	0.001929296181
0.631999969482	0.004737392534
0.633599996567	0.002897360362
0.635199964046	0.004213168286
0.636799991131	0.005141456611
0.638399958611	0.003086800221
0.639999985695	0.002465984318
0.641600012779	0.003351776162
0.643199980259	0.004242224153
0.644800007343	0.003920400515
0.646399974823	0.004444224294
0.648000001907	0.004081264138
0.649599969387	0.001792480121
0.651199996471	0.005157392472
0.652799963951	0.005379088223
0.654399991035	0.002372256247
0.655999958515	0.004169232212
0.657599985600	0.003815040225
0.659200012684	0.002251632279
0.660799980164	0.001473616110
0.662400007248	0.004740048666
0.663999974728	0.001274704118
0.665600001812	0.001904800185
0.667199969292	0.002723584184
0.668799996376	0.002190736122
0.670399963856	0.003562944243
0.671999990940	0.002001280198
0.673599958420	0.003686944256
0.675199985504	0.002130864188
0.676800012589	0.005042928271
0.678399980068	0.003807280213
0.680000007153	0.001332864165
0.681599974632	0.002452448243
0.683200001717	0.001636320143
0.684799969196	0.002958048135
0.686399996281	0.001623136108
0.687999963760	0.004700176418
0.689599990845	0.002674048301
0.691199958324	0.002367824316
0.692799985409	0.004691280425
0.694399952888	0.003703264287
0.695999979973	0.002703664126
0.697600007057	0.003167376388
0.699199974537	0.003793904325
0.700800001621	0.004992400296
0.702399969101	0.002999504330
0.703999996185	0.001405232120
0.705599963665	0.001155424048
0.707199990749	0.002893280238
0.708799958229	0.002325888257
0.710399985313	0.003101152135
0.711999952793	0.002608112292
0.713599979877	0.001699600019
0.715200006962	0.001912896172
0.716799974442	0.004164288286
0.718400001526	0.002920912346
0.719999969006	0.001584480167
0.721599996090	0.002309392206
0.723199963570	0.003421632340
0.724799990654	0.002032512333
0.726399958134	0.002846352290
0.727999985218	0.004467712250
0.729599952698	0.003407040378
0.731199979782	0.000346304005
0.732800006866	0.003672240302
0.734399974346	0.001748928102
0.736000001431	0.002870480297
0.737599968910	0.002705168212
0.739199995995	0.002890192205
0.740799963474	0.000271823985
0.742399990559	0.004660336301
0.743999958038	0.003162160283
0.745599985123	0.002987152198
0.747199952602	0.002389584202
0.748799979687	0.001023456105
0.750400006771	0.002143008169
0.751999974251	0.001982576214
0.753600001335	0.003685856238
0.755199968815	0.002837920096
0.756799995899	0.000094848037
0.758399963379	0.001754336176
0.759999990463	0.002239040099
0.761599957943	0.002850576304
0.763199985027	0.004002560396
0.764799952507	0.002531088190
0.766399979591	0.001207120018
0.768000006676	0.002381920116
0.769599974155	0.004732736386
0.771200001240	0.002186288359
0.772799968719	0.002566608135
0.774399995804	0.004893104546
0.775999963284	0.002413456095
0.777599990368	0.002851152327
0.779199957848	0.001640896196
0.780799984932	0.003723568283
0.782399952412	0.002282944042
0.783999979496	0.002809120109
0.785600006580	-0.000002767954
0.787199974060	0.001459568157
0.788800001144	0.004339328501
0.790399968624	0.003354992252
0.791999995708	-0.000028656001
0.793599963188	0.002005440183
0.795199990273	0.002620320302
0.796799957752	0.003311280161
0.798399984837	0.003356272122
0.799999952316	0.000845920003
0.801599979401	0.001752160140
0.803200006485	0.002964144340
0.804799973965	0.003271312220
0.806400001049	0.000124512022
0.807999968529	0.003772960277
0.809599995613	0.002302912297
0.811199963093	0.000832640042
0.812799990177	0.002125200117
0.814399957657	0.004197120201
0.815999984741	0.004565488547
0.817599952221	0.000953312090
0.819199979305	0.003041072283
0.820800006390	0.001151168020
0.822399973869	0.002956928220
0.824000000954	0.001362752169
0.825599968433	0.002508368110
0.827199995518	0.002671168186
0.828799962997	0.001905792160
0.830399990082	0.001561040175
0.831999957561	0.002210784238
0.833599984646	0.000489440048
0.835199952126	0.002415008144
0.836799979210	0.001558048069
0.838400006294	0.003371584229
0.839999973774	-0.000251183985
0.841600000858	0.002323136199
0.843199968338	0.003846768290
0.844799995422	0.002230144106
0.846399962902	0.001685008174
0.847999989986	0.000208159952
0.849599957466	0.002796592191
0.851199984550	-0.000625520013
0.852799952030	0.005305360537
0.854399979115	0.001731200144
0.856000006199	0.001561632147
0.857599973679	-0.002391200280
0.859200000763	0.002570384182
0.860799968243	0.003030544147
0.862399995327	-0.001346352044
0.863999962807	0.001851696172
0.865599989891	-0.001735648140
0.867199957371	0.002646304201
0.868799984455	0.001639296068
0.870399951935	0.001304928097
0.871999979019	0.001274672104
0.873600006104	0.000744912017
0.875199973583	0.002322976245
0.876800000668	0.000566256116
0.878399968147	0.002223872114
0.879999995232	0.001521248138
0.881599962711	0.001884144149
0.883199989796	0.002579776105
0.884799957275	0.000031152042
0.886399984360	0.002127728192
0.887999951839	0.000145488040
0.889599978924	0.001892496133
0.891200006008	-0.001162736095
0.892799973488	0.000927200075
0.894400000572	0.001113264123
0.895999968052	0.002296912251
0.897599995136	0.002882608213
0.899199962616	0.001890400075
0.900799989700	0.002015696140
0.902399957180	0.000951376103
0.903999984264	-0.000518576009
0.905599951744	-0.000176944013
0.907199978828	0.000893696037
0.908800005913	0.001617024187
0.910399973392	-0.000988320098
0.912000000477	-0.000245920033
0.913599967957	0.000061632018
0.915199995041	0.000821952126
0.916799962521	0.000935488089
0.918399989605	0.000165792051
0.919999957085	0.001699056127
0.921599984169	0.000395840034
0.923199951649	0.003242928302
0.924799978733	0.003916304559
0.926400005817	0.000748480030
0.927999973297	0.000758096052
0.929600000381	-0.000318736013
0.931199967861	0.004226096440
0.932799994946	0.001508240122
0.934399962425	-0.000021328045
0.935999989510	-0.000978896045
0.937599956989	0.000361968036
0.939199984074	0.000431136054
0.940799951553	0.000149696032
0.942399978638	0.000122255951
0.944000005722	0.000700927980
0.945599973202	0.002617968246
0.947200000286	0.000143008001
0.948799967766	0.000029087994
0.950399994850	-0.000113168040
0.951999962330	0.002337984275
0.953599989414	0.001376736094
0.955199956894	-0.000812336104
0.956799983978	-0.000948416127
0.958399951458	0.000158560026
0.959999978542	0.003731184173
0.961599946022	-0.000562592060
0.963199973106	0.000841808040
0.964800000191	0.000642400002
0.966399967670	0.000527055992
0.967999994755	-0.001265072031
0.969599962234	0.000706896069
0.971199989319	0.002155616181
0.972799956799	0.000396896066
0.974399983883	0.000736016082
0.975999951363	0.000763024087
0.977599978447	-0.000231984028
0.979199945927	0.001474896213
0.980799973011	-0.001261536148
0.982400000095	0.000348768022
0.983999967575	-0.000061632018
0.985599994659	0.001598800067
0.987199962139	0.000380032056
0.988799989223	-0.001572176116
0.990399956703	0.000586912094
0.991999983788	-0.000055967990
0.993599951267	0.002210384235
0.995199978352	-0.000517488050
0.996799945831	-0.001059247996
0.998399972916	0.001256288146
1.000000000000	0.002058624290
1.001600027084	-0.001201152103
1.003199934959	-0.002810448175
1.004799962044	0.001848480199
1.006399989128	0.002419936238
1.008000016212	-0.000178975999
1.009599924088	-0.000812256068
1.011199951172	-0.000521648035
1.012799978256	0.001308928127
1.014400005341	0.001316512120
1.016000032425	0.000075424025
1.017599940300	0.000224560034
1.019199967384	-0.000365456013
1.020799994469	0.002566176234
1.022400021553	0.001259216107
1.023999929428	0.001602320117
1.025599956512	-0.000623312080
1.027199983597	0.001658640103
1.028800010681	-0.000163856050
1.030399918556	0.000838672044
1.031999945641	-0.000211792023
1.033599972725	-0.000384208048
1.035199999809	0.000100752019
1.036800026894	-0.000352608040
1.038399934769	-0.000148511972
1.039999961853	-0.000995072071
1.041599988937	-0.000493104046
1.043200016022	0.001277616015
1.044799923897	0.001763152191
1.046399950981	0.001529264147
1.047999978065	0.000293584017
1.049600005150	0.002008336131
1.051200032234	0.000137440045
1.052799940109	-0.000535920088
1.054399967194	0.000557552034
1.055999994278	-0.001006928040
1.057600021362	0.001383328112
1.059199929237	-0.000555600040
1.060799956322	0.000327807968
1.062399983406	-0.000432784029
1.064000010490	-0.001679760171
1.065599918365	-0.000144384016
1.067199945450	-0.002058496233
1.068799972534	0.002200416289
1.070399999619	-0.000643856125
1.072000026703	-0.000662352075
1.073599934578	0.001715152175
1.075199961662	-0.000173120032
1.076799988747	-0.000988288084
1.078400015831	-0.002553680213
1.079999923706	0.001136096078
1.081599950790	-0.001183408080
1.083199977875	-0.000486672041
1.084800004959	-0.001424208167
1.086400032043	-0.000650032074
1.087999939919	-0.000529664103
1.089599967003	-0.001039279974
1.091199994087	0.000999248005
1.092800021172	-0.001014768146
1.094399929047	0.000317968079
1.095999956131	0.000137392053
1.097599983215	0.001343008131
1.099200010300	0.000462880067
1.100799918175	-0.000267600029
1.102399945259	-0.001936320215
1.103999972343	0.000270720047
1.105599999428	0.001695600105
1.107200026512	-0.002185408259
1.108799934387	-0.001138416119
1.110399961472	0.000810624100
1.111999988556	-0.000758992101
1.113600015640	-0.002419536235
1.115199923515	0.000513296050
1.116799950600	-0.000517104054
1.118399977684	0.001427312032
1.120000004768	-0.000197296031
1.121599912643	-0.001657584100
1.123199939728	-0.001746656024
1.124799966812	0.000755952089
1.126399993896	0.001813984243
1.128000020981	-0.000440800010
1.129599928856	-0.001262784121
1.131199955940	-0.000744464051
1.132799983025	0.001633232110
1.134400010109	-0.000665872183
1.135999917984	-0.001617328147
1.137599945068	-0.002131712157
1.139199972153	0.001597840106
1.140799999237	-0.001116368105
1.142400026321	-0.001341872150
1.143999934196	-0.000492768071
1.145599961281	0.000980176148
1.147199988365	0.000863792084
1.148800015450	-0.000874288089
1.150399923325	0.000635872013
1.151999950409	-0.000523936003
1.153599977493	0.001056416077
1.155200004578	-0.001423776150
1.156799912453	-0.000475824112
1.158399939537	-0.003453792306
1.159999966621	0.000214208005
1.161599993706	-0.000108303953
1.163200020790	-0.000492224062
1.164799928665	-0.002339360304
1.166399955750	0.000585584028
1.167999982834	-0.001003824058
1.169600009918	-0.002033472061
1.171199917793	-0.001365536125
1.172799944878	-0.000331104064
1.174399971962	-0.000188944061
1.175999999046	0.001349888043
1.177600026131	-0.000725312042
1.179199934006	0.000072496019
1.180799961090	-0.000367920089
1.182399988174	-0.003835536307
1.184000015259	-0.002657120349
1.185599923134	-0.003433200298
1.187199950218	-0.002124816179
1.188799977303	-0.002062288113
1.190400004387	-0.002830592217
1.191999912262	-0.000605200010
1.193599939346	0.000134976086
1.195199966431	-0.001449760166
1.196799993515	-0.002960016252
1.198400020599	-0.000019552044
1.199999928474	-0.002451248234
1.201599955559	-0.000656672113
1.203199982643	0.000016927945
1.204800009727	-0.001680752146
1.206399917603	-0.001075808075
1.207999944687	-0.001461344189
1.209599971771	-0.000372816081
1.211199998856	-0.001394752064
1.212800025940	-0.000063887957
1.214399933815	-0.000982352067
1.215999960899	-0.002383392304
1.217599987984	0.000110704001
1.219200015068	-0.000362160092
1.220799922943	-0.001937664114
1.222399950027	-0.001319840201
1.223999977112	-0.000097279983
1.225600004196	-0.002430992201
1.227199912071	-0.001974048093
1.228799939156	-0.001552384114
1.230399966240	-0.000885504123
1.231999993324	-0.002415648196
1.233600020409	-0.001365760108
1.235199928284	0.001080784132
1.236799955368	-0.000467472040
1.238399982452	-0.002975936281
1.240000009537	-0.002042160137
1.241599917412	-0.000921936065
1.243199944496	0.001456432161
1.244799971581	-0.001122688060
1.246399998665	-0.002722496167
1.248000025749	-0.001406560070
1.249599933624	-0.000886880094
1.251199960709	-0.001181424130
1.252799987793	-0.001552336151
1.254400014877	-0.002706416184
1.255999922752	-0.003064080374
1.257599949837	-0.000910224044
1.259199976921	0.000076991979
1.260800004005	-0.001713312115
1.262399911880	-0.003245040309
1.263999938965	-0.004290128127
1.265599966049	-0.002332032192
1.267199993134	-0.002081776271
1.268800020218	-0.003940816503
1.270399928093	-0.000684432045
1.271999955177	-0.000827072014
1.273599982262	-0.002642176347
1.275200009346	-0.001053152140
1.276799917221	0.001581504126
1.278399944305	-0.001087904093
1.279999971390	-0.003587360261
1.281599998474	-0.001882784185
1.283200025558	-0.000134048023
1.284799933434	-0.002553808270
1.286399960518	-0.002873248188
1.287999987602	-0.002178016119
1.289600014687	0.000074447969
1.291199922562	-0.001437296160
1.292799949646	-0.001386240125
1.294399976730	-0.001374032116
1.296000003815	-0.001554816146
1.297599911690	-0.001636336092
1.299199938774	-0.001233568182
1.300799965858	-0.000593776058
1.302399992943	-0.002479392337
1.304000020027	-0.002998032141
1.305599927902	-0.002911232179
1.307199954987	-0.003143552225
1.308799982071	-0.001250352128
1.310400009155	-0.002852944192
1.311999917030	-0.002640160266
1.313599944115	-0.002743344288
1.315199971199	-0.003103680210
1.316799998283	-0.003044288373
1.318400025368	-0.002757680370
1.319999933243	-0.001200336148
1.321599960327	-0.000634864089
1.323199987411	-0.000035039990
1.324800014496	-0.003064208198
1.326399922371	0.000320704014
1.327999949455	-0.001729216194
1.329599976540	-0.002637408208
1.331200003624	-0.003356176196
1.332799911499	-0.001224272186
1.334399938583	-0.000784656033
1.335999965668	-0.002566320123
1.337599992752	-0.004033616278
1.339200019836	-0.004596080165
1.340799927711	-0.002564400202
1.342399954796	-0.002473536180
1.343999981880	-0.003104592208
1.345600008965	-0.003614416346
1.347199916840	-0.001834544120
1.348799943924	-0.001355840010
1.350399971008	-0.001738352119
1.351999998093	-0.004857440479
1.353600025177	-0.000423296064
1.355199933052	-0.003375280416
1.356799960136	-0.001492640120
1.358399987221	-0.004778384231
1.360000014305	-0.003900240175
1.361599922180	-0.001184016117
1.363199949265	-0.003692912403
1.364799976349	-0.004161936231
1.366400003433	-0.001803264138
1.367999911308	-0.002732560271
1.369599938393	-0.004482544493
1.371199965477	-0.002439872129
1.372799992561	-0.003988560289
1.374400019646	-0.001138400054
1.375999927521	-0.003433344187
1.377599954605	-0.001409824123
1.379199981689	-0.001842592144
1.380800008774	-0.002756560454
1.382399916649	-0.002430816181
1.383999943733	-0.001760624116
1.385599970818	-0.002795968205
1.387199997902	-0.001664304174
1.388799905777	-0.004157616291
1.390399932861	-0.001759168110
1.391999959946	-0.001709088101
1.393599987030	-0.001841088175
1.395200014114	-0.002510640305
1.396799921989	-0.002576960251
1.398399949074	-0.003284384264
1.399999976158	-0.004726032261
1.401600003242	-0.002156128176
1.403199911118	-0.001801696257
1.404799938202	-0.004014752340
1.406399965286	-0.004159776494
1.407999992371	-0.000531632046
1.409600019455	-0.002843168331
1.411199927330	-0.002165152226
1.412799954414	-0.000916688063
1.414399981499	-0.001852768124
1.416000008583	-0.003657936351
1.417599916458	-0.003590816166
1.419199943542	-0.002245280193
1.420799970627	-0.002334080171
1.422399997711	-0.002244800096
1.423999905586	-0.003468080191
1.425599932671	-0.003245616332
1.427199959755	-0.002872064244
1.428799986839	-0.002702352125
1.430400013924	-0.001204287983
1.431999921799	-0.004935216159
1.433599948883	-0.002814336214
1.435199975967	-0.004336816259
1.436800003052	-0.004774048459
1.438399910927	-0.002699248260
1.439999938011	-0.006437424570
1.441599965096	-0.002213248285
1.443199992180	-0.002843488241
1.444800019264	-0.000934528129
1.446399927139	-0.004131456371
1.447999954224	-0.002175872214
1.449599981308	-0.002281808294
1.451200008392	-0.002642320236
1.452799916267	-0.004404256586
1.454399943352	-0.004963104147
1.455999970436	-0.003208896378
1.457599997520	-0.002533600200
1.459199905396	-0.000438000046
1.460799932480	-0.004024640191
1.462399959564	-0.004614928272
1.463999986649	-0.003382720286
1.465600013733	-0.005108368583
1.467199921608	-0.002743696328
1.468799948692	-0.001567344065
1.470399975777	-0.002651120303
1.472000002861	-0.003665840253
1.473599910736	-0.005955456290
1.475199937820	-0.002083984204
1.476799964905	-0.002227936173
1.478399991989	-0.003188400296
1.480000019073	-0.004331760574
1.481599926949	-0.003266736399
1.483199954033	-0.002005280228
1.484799981117	-0.003888960229
1.486400008202	-0.003559072269
1.487999916077	-0.005518176593
1.489599943161	-0.002606032183
1.491199970245	-0.004806720186
1.492799997330	-0.001837472082
1.494399905205	-0.003952224273
1.495999932289	-0.003951952327
1.497599959373	-0.003903776407
1.499199986458	-0.002849104349
1.500800013542	-0.003968128469
1.502399921417	-0.002448624233
1.503999948502	-0.002460960299
1.505599975586	-0.003254416399
1.507200002670	-0.002333360258
1.508799910545	-0.003971312195
1.510399937630	-0.003835168201
1.511999964714	-0.004726352170
1.513599991798	-0.002416080330
1.515200018883	-0.004340512212
1.516799926758	-0.001628928119
1.518399953842	-0.002675600117
1.519999980927	-0.000655344047
1.521600008011	-0.005270576570
1.523199915886	-0.002514944179
1.524799942970	-0.003640944371
1.526399970055	-0.004059584346
1.527999997139	-0.002123712096
1.529599905014	-0.003420816269
1.531199932098	-0.005281216465
1.532799959183	-0.003157568164
1.534399986267	-0.002471184125
1.536000013351	-0.004921536427
1.537599921227	-0.005403600633
1.539199948311	-0.003474368248
1.540799975395	-0.002141152043
1.542400002480	-0.005485536531
1.543999910355	-0.000865248090
1.545599937439	-0.002600544132
1.547199964523	-0.003558128374
1.548799991608	-0.003195440164
1.550400018692	-0.003805008251
1.551999926567	-0.004257584456
1.553599953651	-0.003835840151
1.555199980736	-0.004203632474
1.556800007820	-0.004754000343
1.558399915695	-0.004025520291
1.559999942780	-0.002910736250
1.561599969864	-0.003506160108
1.563199996948	-0.004224400502
1.564799904823	-0.002165424172
1.566399931908	-0.003231552197
1.567999958992	-0.005637264345
1.569599986076	-0.001372032100
1.571200013161	-0.006695568562
1.572799921036	-0.004398544319
1.574399948120	-0.001632160158
1.575999975204	-0.002143088263
1.577600002289	-0.006079776678
1.579199910164	-0.002116848249
1.580799937248	-0.001250400092
1.582399964333	-0.004605104215
1.583999991417	-0.005062672310
1.585600018501	-0.003094384214
1.587199926376	-0.003156448249
1.588799953461	-0.006119888742
1.590399980545	-0.001863296260
1.592000007629	-0.004343072418
1.593599915504	-0.005100192502
1.595199942589	-0.001675360138
1.596799969673	-0.001772944117
1.598399996758	-0.005941664334
1.599999904633	-0.003853168339
1.601599931717	-0.001759616192
1.603199958801	-0.005181744695
1.604799985886	-0.002480816329
1.606400012970	-0.003165712347
1.607999920845	-0.004581664223
1.609599947929	-0.003260240192
1.611199975014	-0.003137056250
1.612800002098	-0.004460368305
1.614399909973	-0.006065024529
1.615999937057	-0.003578096395
1.617599964142	-0.006267184392
1.619199991226	-0.006300896406
1.620800018311	-0.001016352093
1.622399926186	-0.004024400376
1.623999953270	-0.003825440304
1.625599980354	-0.004846416414
1.627200007439	-0.004012656398
1.628799915314	-0.002575120190
1.630399942398	-0.005782464519
1.631999969482	-0.005087296478
1.633599996567	-0.006536496338
1.635199904442	-0.002380080288
1.636799931526	-0.003486608388
1.638399958611	-0.002986240201
1.639999985695	-0.007096096408
1.641600012779	-0.004022672307
1.643199920654	-0.004172880203
1.644799947739	-0.002575872233
1.646399974823	-0.004488544539
1.648000001907	-0.002655008109
1.649599909782	-0.001822160208
1.651199936867	-0.003862576326
1.652799963951	-0.004450000357
1.654399991035	-0.003409120254
1.655999898911	-0.004913760349
1.657599925995	-0.005300112534
1.659199953079	-0.002969680121
1.660799980164	-0.004941648338
1.662400007248	-0.002860240173
1.663999915123	-0.004170960281
1.665599942207	-0.002628192306
1.667199969292	-0.004829392303
1.668799996376	-0.002798624337
1.670399904251	-0.003374400316
1.671999931335	-0.003635360394
1.673599958420	-0.005743648391
1.675199985504	-0.003467152361
1.676800012589	-0.002544416115
1.678399920464	-0.002838864224
1.679999947548	-0.005091792438
1.681599974632	-0.005877120420
1.683200001717	-0.003920656163
1.684799909592	-0.003715184284
1.686399936676	-0.003281936282
1.687999963760	-0.006450160407
1.689599990845	-0.004389696289
1.691199898720	-0.006604960654
1.692799925804	-0.000485664088
1.694399952888	-0.006358624436
1.695999979973	-0.005766784307
1.697600007057	-0.005766144488
1.699199914932	-0.002560928231
1.700799942017	-0.004003056325
1.702399969101	-0.006876976695
1.703999996185	-0.001513328170
1.705599904060	-0.005811824463
1.707199931145	-0.006996032782
1.708799958229	-0.005278032273
1.710399985313	-0.004415936302
1.712000012398	-0.005892144516
1.713599920273	-0.004854144529
1.715199947357	-0.005718704313
1.716799974442	-0.005726048257
1.718400001526	-0.006025040522
1.719999909401	-0.003578608390
1.721599936485	-0.004522896372
1.723199963570	-0.005840960424
1.724799990654	-0.005823312327
1.726399898529	-0.002088832203
1.727999925613	-0.003932768479
1.729599952698	-0.004328016192
1.731199979782	-0.006260752678
1.732800006866	-0.005276528653
1.734399914742	-0.004307856318
1.735999941826	-0.004180032294
1.737599968910	-0.006874016486
1.739199995995	-0.005155168474
1.740799903870	-0.004980144557
1.742399930954	-0.004757824354
1.743999958038	-0.004813712556
1.745599985123	-0.005259136669
1.747200012207	-0.005123200361
1.748799920082	-0.007007264532
1.750399947166	-0.002584928181
1.751999974251	-0.004150384571
1.753600001335	-0.005956912413
1.755199909210	-0.005511536263
1.756799936295	-0.003865408245
1.758399963379	-0.004252880346
1.759999990463	-0.005868640728
1.761599898338	-0.006686832756
1.763199925423	-0.006847344805
1.764799952507	-0.004992096219
1.766399979591	-0.003312624292
1.768000006676	-0.006578912493
1.769599914551	-0.007879409008
1.771199941635	-0.004668608308
1.772799968719	-0.004774752539
1.774399995804	-0.004342768341
1.775999903679	-0.005342832301
1.777599930763	-0.005073776469
1.779199957848	-0.004774544388
1.780799984932	-0.004103168380
1.782400012016	-0.004945360590
1.783999919891	-0.005108464509
1.785599946976	-0.005373776425
1.787199974060	-0.003453824203
1.788800001144	-0.008166880347
1.790399909019	-0.005494896322
1.791999936104	-0.003701584414
1.793599963188	-0.006451072637
1.795199990273	-0.006567360833
1.796799898148	-0.003608368337
1.798399925232	-0.004311296158
1.799999952316	-0.005945568439
1.801599979401	-0.005638784729
1.803200006485	-0.005581904203
1.804799914360	-0.005669184495
1.806399941444	-0.004645024426
1.807999968529	-0.004950416274
1.809599995613	-0.005519424565
1.811199903488	-0.003454880323
1.812799930573	-0.004846688360
1.814399957657	-0.006103424355
1.815999984741	-0.005904512480
1.817600011826	-0.006306192372
1.819199919701	-0.007208400872
1.820799946785	-0.005697808694
1.822399973869	-0.005102032330
1.824000000954	-0.004980656318
1.825599908829	-0.007139024790
1.827199935913	-0.003523808206
1.828799962997	-0.005913344678
1.830399990082	-0.006523072254
1.831999897957	-0.003751168260
1.833599925041	-0.003987168428
1.835199952126	-0.007574416697
1.836799979210	-0.004058208317
1.838400006294	-0.004722784273
1.839999914169	-0.008188080974
1.841599941254	-0.003376544220
1.843199968338	-0.004552944563
1.844799995422	-0.005528272595
1.846399903297	-0.006347840652
1.847999930382	-0.004279088229
1.849599957466	-0.006092624739
1.851199984550	-0.004192928318
1.852800011635	-0.006353344303
1.854399919510	-0.007383280434
1.855999946594	-0.005722896662
1.857599973679	-0.004632240161
1.859200000763	-0.007153696846
1.860799908638	-0.007038672455
1.862399935722	-0.006355824415
1.863999962807	-0.004593296442
1.865599989891	-0.006036064588
1.867199897766	-0.005288880318
1.868799924850	-0.007432160433
1.870399951935	-0.006701920647
1.871999979019	-0.003504912369
1.873600006104	-0.005829104688
1.875199913979	-0.004128944594
1.876799941063	-0.006850720383
1.878399968147	-0.003431456396
1.879999995232	-0.008133216761
1.881599903107	-0.004232304171
1.883199930191	-0.004789824132
1.884799957275	-0.006681632716
1.886399984360	-0.009724416770
1.888000011444	-0.004912096541
1.889599919319	-0.005755232647
1.891199946404	-0.006542128511
1.892799973488	-0.003719136352
1.894400000572	-0.005380864255
1.895999908447	-0.005800000392
1.897599935532	-0.006794192363
1.899199962616	-0.005477552302
1.900799989700	-0.006074608304
1.902399897575	-0.003683840390
1.903999924660	-0.006047360599
1.905599951744	-0.005081024487
1.907199978828	-0.008252320811
1.908800005913	-0.005826800596
1.910399913788	-0.006401392631
1.911999940872	-0.006578032393
1.913599967957	-0.004841776565
1.915199995041	-0.006508880761
1.916799902916	-0.006127600558
1.918399930000	-0.005662208423
1.919999957085	-0.005794192664
1.921599984169	-0.005993760657
1.923199892044	-0.005790096708
1.924799919128	-0.005733344704
1.926399946213	-0.005344304256
1.927999973297	-0.006303296424
1.929600000381	-0.004501760472
1.931199908257	-0.006765392609
1.932799935341	-0.007056704722
1.934399962425	-0.007096016780
1.935999989510	-0.008203616366
1.937599897385	-0.008287488483
1.939199924469	-0.005626016296
1.940799951553	-0.004821360577
1.942399978638	-0.005809968803
1.944000005722	-0.005145472474
1.945599913597	-0.005307808518
1.947199940681	-0.004525056574
1.948799967766	-0.004504496232
1.950399994850	-0.006033088546
1.951999902725	-0.003898368450
1.953599929810	-0.007784592453
1.955199956894	-0.005131520331
1.956799983978	-0.007697056513
1.958399891853	-0.007107216399
1.959999918938	-0.005286304280
1.961599946022	-0.004914368503
1.963199973106	-0.005565584637
1.964800000191	-0.006830352359
1.966399908066	-0.005696032662
1.967999935150	-0.008665232919
1.969599962234	-0.005579760298
1.971199989319	-0.006615664344
1.972799897194	-0.007900848985
1.974399924278	-0.005673136562
1.975999951363	-0.004361840431
1.977599978447	-0.007148720790
1.979200005531	-0.008751376532
1.980799913406	-0.005197696388
1.982399940491	-0.006975584663
1.983999967575	-0.007526112720
1.985599994659	-0.006092160475
1.987199902534	-0.006985088810
1.988799929619	-0.005484208465
1.990399956703	-0.005125808530
1.991999983788	-0.006715424359
1.993599891663	-0.007112240884
1.995199918747	-0.008205024526
1.996799945831	-0.005492576398
1.998399972916	-0.007661808748
2.000000000000	-0.005257568322
2.001600027084	-0.004769776482
2.003200054169	-0.005902384408
2.004799842834	-0.006971952505
2.006399869919	-0.008156401105
2.007999897003	-0.007089520805
2.009599924088	-0.007212848868
2.011199951172	-0.006687152665
2.012799978256	-0.007106576581
2.014400005341	-0.005280992482
2.016000032425	-0.006233552471
2.017600059509	-0.003828240326
2.019199848175	-0.009219888598
2.020799875259	-0.006069072522
2.022399902344	-0.004601248540
2.023999929428	-0.007396656554
2.025599956512	-0.004124176223
2.027199983597	-0.005251392256
2.028800010681	-0.003781440435
2.030400037766	-0.006733264308
2.032000064850	-0.004966656677
2.033599853516	-0.006614496466
2.035199880600	-0.009346304461
2.036799907684	-0.005281312391
2.038399934769	-0.006675360724
2.039999961853	-0.006884432398
2.041599988937	-0.004227120429
2.043200016022	-0.006586304400
2.044800043106	-0.005806512665
2.046399831772	-0.004006560426
2.047999858856	-0.006227856502
2.049599885941	-0.007841712795
2.051199913025	-0.006991856731
2.052799940109	-0.008543328382
2.054399967194	-0.004262080416
2.055999994278	-0.005360288545
2.057600021362	-0.005849392619
2.059200048447	-0.009072433226
2.060799837112	-0.007920800708
2.062399864197	-0.003534448333
2.063999891281	-0.008812208660
2.065599918365	-0.007932720706
2.067199945450	-0.005174592603
2.068799972534	-0.006330672652
2.070399999619	-0.007358544506
2.072000026703	-0.005713344552
2.073600053787	-0.008563952520
2.075199842453	-0.008856448345
2.076799869537	-0.006450528745
2.078399896622	-0.005251296330
2.079999923706	-0.007215088699
2.081599950790	-0.007986752316
2.083199977875	-0.005817328580
2.084800004959	-0.007783104666
2.086400032043	-0.006891552825
2.088000059128	-0.006968448404
2.089599847794	-0.006817632355
2.091199874878	-0.003986192401
2.092799901962	-0.008004128933
2.094399929047	-0.007257488556
2.095999956131	-0.007252080832
2.097599983215	-0.006424496416
2.099200010300	-0.006274432410
2.100800037384	-0.007385584526
2.102400064468	-0.004464336205
2.103999853134	-0.004327392206
2.105599880219	-0.005654864479
2.107199907303	-0.006980752572
2.108799934387	-0.006421664730
2.110399961472	-0.007438432425
2.111999988556	-0.006176160648
2.113600015640	-0.009317488410
2.115200042725	-0.009829808958
2.116799831390	-0.007727824617
2.118399858475	-0.005851504393
2.119999885559	-0.006907312665
2.121599912643	-0.005859904457
2.123199939728	-0.008011137135
2.124799966812	-0.007317344658
2.126399993896	-0.006251232233
2.128000020981	-0.005837824661
2.129600048065	-0.005180800334
2.131199836731	-0.006475152448
2.132799863815	-0.006256688386
2.134399890900	-0.007485728711
2.135999917984	-0.007147376426
2.137599945068	-0.006192704663
2.139199972153	-0.006417264696
2.140799999237	-0.010656304657
2.142400026321	-0.006734304596
2.144000053406	-0.005367584527
2.145599842072	-0.005986320321
2.147199869156	-0.005875280593
2.148799896240	-0.006301088724
2.150399923325	-0.005114192143
2.151999950409	-0.007082736585
2.153599977493	-0.006752400659
2.155200004578	-0.004527744371
2.156800031662	-0.007524288725
2.158400058746	-0.008861985058
2.159999847412	-0.007146576419
2.161599874496	-0.008329040371
2.163199901581	-0.006036960520
2.164799928665	-0.005882416386
2.166399955750	-0.005665504374
2.167999982834	-0.008927633055
2.169600009918	-0.009535296820
2.171200037003	-0.006191376597
2.172800064087	-0.009001312777
2.174399852753	-0.007110608742
2.175999879837	-0.008357120678
2.177599906921	-0.007981808856
2.179199934006	-0.007301840466
2.180799961090	-0.005970000289
2.182399988174	-0.007278512698
2.184000015259	-0.007825104520
2.185600042343	-0.008887153119
2.187199831009	-0.007461120840
2.188799858093	-0.007235360332
2.190399885178	-0.008139120415
2.191999912262	-0.007019600365
2.193599939346	-0.006988944486
2.195199966431	-0.007271984592
2.196799993515	-0.008640416898
2.198400020599	-0.007062144578
2.200000047684	-0.005544608459
2.201599836349	-0.006764160469
2.203199863434	-0.007721600588
2.204799890518	-0.006166384555
2.206399917603	-0.007051920518
2.207999944687	-0.007764864713
2.209599971771	-0.006206576247
2.211199998856	-0.007847152650
2.212800025940	-0.006736448500
2.214400053024	-0.009826401249
2.215999841690	-0.006717808545
2.217599868774	-0.006774368696
2.219199895859	-0.007554320619
2.220799922943	-0.004779840354
2.222399950027	-0.008462080732
2.223999977112	-0.006824912503
2.225600004196	-0.009437552653
2.227200031281	-0.007224400528
2.228800058365	-0.006563072558
2.230399847031	-0.006704784464
2.231999874115	-0.007752992678
2.233599901199	-0.009468208998
2.235199928284	-0.006939952727
2.236799955368	-0.007707824465
2.238399982452	-0.008513840847
2.240000009537	-0.008656176738
2.241600036621	-0.006236048415
2.243199825287	-0.007619104348
2.244799852371	-0.007895024493
2.246399879456	-0.007660208736
2.247999906540	-0.007737904787
2.249599933624	-0.009183457121
2.251199960709	-0.006518032867
2.252799987793	-0.007086096797
2.254400014877	-0.009779312648
2.256000041962	-0.007570432499
2.257599830627	-0.005169120617
2.259199857712	-0.008226960897
2.260799884796	-0.007681440562
2.262399911880	-0.006507792510
2.263999938965	-0.006593888626
2.265599966049	-0.008232048713
2.267199993134	-0.006301152520
2.268800020218	-0.007958208211
2.270400047302	-0.010290673003
2.271999835968	-0.005808560643
2.273599863052	-0.006926576607
2.275199890137	-0.008127409033
2.276799917221	-0.005757584237
2.278399944305	-0.007649984676
2.279999971390	-0.008469248191
2.281599998474	-0.006612320431
2.283200025558	-0.007921792567
2.284800052643	-0.008884833194
2.286399841309	-0.008006624877
2.287999868393	-0.008114560507
2.289599895477	-0.010079745203
2.291199922562	-0.006538864691
2.292799949646	-0.004536000546
2.294399976730	-0.007602880709
2.296000003815	-0.008909808472
2.297600030899	-0.007927824743
2.299200057983	-0.008921280503
2.300799846649	-0.005176080391
2.302399873734	-0.005991920363
2.303999900818	-0.008527264930
2.305599927902	-0.009002368897
2.307199954987	-0.007895456627
2.308799982071	-0.003681808244
2.310400009155	-0.007332480513
2.312000036240	-0.009355696850
2.313599824905	-0.009747904725
2.315199851990	-0.008677264675
2.316799879074	-0.005260336213
2.318399906158	-0.006985344458
2.319999933243	-0.008514240384
2.321599960327	-0.008844240569
2.323199987411	-0.007163856644
2.324800014496	-0.006231168751
2.326400041580	-0.004494048189
2.327999830246	-0.007640336640
2.329599857330	-0.008405072615
2.331199884415	-0.008289217018
2.332799911499	-0.006881824695
2.334399938583	-0.007754128426
2.335999965668	-0.008599168621
2.337599992752	-0.006413776428
2.339200019836	-0.010175152682
2.340800046921	-0.007300240453
2.342399835587	-0.007207536604
2.343999862671	-0.006601376459
2.345599889755	-0.008358752355
2.347199916840	-0.009004096501
2.348799943924	-0.007497056853
2.350399971008	-0.008203920908
2.351999998093	-0.005459824577
2.353600025177	-0.007753984537
2.355200052261	-0.010314176790
2.356799840927	-0.008538656868
2.358399868011	-0.006734768394
2.359999895096	-0.008602128364
2.361599922180	-0.007344464306
2.363199949265	-0.009862449020
2.364799976349	-0.008658416569
2.366400003433	-0.007821776904
2.368000030518	-0.009176928550
2.369600057602	-0.009265520610
2.371199846268	-0.008527888916
2.372799873352	-0.010383216664
2.374399900436	-0.007490640506
2.375999927521	-0.006195200607
2.377599954605	-0.008503184654
2.379199981689	-0.008442496881
2.380800008774	-0.008029248565
2.382400035858	-0.007137728389
2.383999824524	-0.008177808486
2.385599851608	-0.008995872922
2.387199878693	-0.007610544562
2.388799905777	-0.009505040944
2.390399932861	-0.006611184683
2.391999959946	-0.006601664703
2.393599987030	-0.009743057191
2.395200014114	-0.007896368392
2.396800041199	-0.007194320671
2.398399829865	-0.007363040466
2.399999856949	-0.008080064319
2.401599884033	-0.009621168487
2.403199911118	-0.009645937011
2.404799938202	-0.007432800718
2.406399965286	-0.007529440802
2.407999992371	-0.008840320632
2.409600019455	-0.009051552974
2.411200046539	-0.010101440363
2.412799835205	-0.008699216880
2.414399862289	-0.009172081016
2.415999889374	-0.010655809194
2.417599916458	-0.006403840613
2.419199943542	-0.008895744570
2.420799970627	-0.009501936845
2.422399997711	-0.009312720969
2.424000024796	-0.008054304868
2.425600051880	-0.007625696715
2.427199840546	-0.009095248766
2.428799867630	-0.007442496717
2.430399894714	-0.009358992800
2.431999921799	-0.008715424687
2.433599948883	-0.006145136431
2.435199975967	-0.008191072382
2.436800003052	-0.010208768770
2.438400030136	-0.008168608882
2.440000057220	-0.009946784936
2.441599845886	-0.009611248970
2.443199872971	-0.007929248735
2.444799900055	-0.007670864463
2.446399927139	-0.006653120741
2.447999954224	-0.008658288978
2.449599981308	-0.007691520732
2.451200008392	-0.009924368933
2.452800035477	-0.007621520665
2.454399824142	-0.006475568749
2.455999851227	-0.008034177125
2.457599878311	-0.011465168558
2.459199905396	-0.009499968961
2.460799932480	-0.006833168678
2.462399959564	-0.009627057239
2.463999986649	-0.007001600694
2.465600013733	-0.009804768488
2.467200040817	-0.009294896387
2.468799829483	-0.009409297258
2.470399856567	-0.009147856385
2.471999883652	-0.007184544578
2.473599910736	-0.008854432963
2.475199937820	-0.008987632580
2.476799964905	-0.008776417002
2.478399991989	-0.007679024711
2.480000019073	-0.006449968554
2.481600046158	-0.009184560739
2.483199834824	-0.009887296706
2.484799861908	-0.010486721061
2.486399888992	-0.007283264771
2.487999916077	-0.007894032635
2.489599943161	-0.009557761252
2.491199970245	-0.007998689078
2.492799997330	-0.009614529088
2.494400024414	-0.007060880773
2.496000051498	-0.006996656768
2.497599840164	-0.007543472573
2.499199867249	-0.011265280657
2.500799894333	-0.010067904368
2.502399921417	-0.005921952426
2.503999948502	-0.007424272597
2.505599975586	-0.009025569074
2.507200002670	-0.009312240407
2.508800029755	-0.009348017164
2.510399818420	-0.009198816493
2.511999845505	-0.008933808655
2.513599872589	-0.009366640821
2.515199899673	-0.008343201131
2.516799926758	-0.007255760487
2.518399953842	-0.010040736757
2.519999980927	-0.007772800513
2.521600008011	-0.008196032606
2.523200035095	-0.009865920991
2.524799823761	-0.009587792680
2.526399850845	-0.008133616298
2.527999877930	-0.009095184505
2.529599905014	-0.011815072969
2.531199932098	-0.008489985019
2.532799959183	-0.009035008959
2.534399986267	-0.010597216897
2.536000013351	-0.009684208781
2.537600040436	-0.008965424262
2.539199829102	-0.010648448952
2.540799856186	-0.009619024582
2.542399883270	-0.008369904943
2.543999910355	-0.007770704571
2.545599937439	-0.009131088853
2.547199964523	-0.009251264855
2.548799991608	-0.010927696712
2.550400018692	-0.009957265109
2.552000045776	-0.007779696491
2.553599834442	-0.007407936733
2.555199861526	-0.009939232841
2.556799888611	-0.010339953005
2.558399915695	-0.011189793237
2.559999942780	-0.007754032500
2.561599969864	-0.008030353114
2.563199996948	-0.008785808459
2.564800024033	-0.009409393184
2.566400051117	-0.011125184596
2.567999839783	-0.008814033121
2.569599866867	-0.006138208788
2.571199893951	-0.008072081022
2.572799921036	-0.010493105277
2.574399948120	-0.008341712877
2.575999975204	-0.009945681319
2.577600002289	-0.005646944512
2.579200029373	-0.007363952696
2.580799818039	-0.008191264234
2.582399845123	-0.007314640563
2.583999872208	-0.009107569233
2.585599899292	-0.009585328400
2.587199926376	-0.009547200985
2.588799953461	-0.010214352980
2.590399980545	-0.008564272895
2.592000007629	-0.006815808825
2.593600034714	-0.008664513007
2.595199823380	-0.007648480590
2.596799850464	-0.007326736581
2.598399877548	-0.007894688286
2.599999904633	-0.009088064544
2.601599931717	-0.010972945020
2.603199958801	-0.007411648519
2.604799985886	-0.010090576485
2.606400012970	-0.009205136448
2.608000040054	-0.008781456389
2.609599828720	-0.011181456968
2.611199855804	-0.010255488567
2.612799882889	-0.008682800457
2.614399909973	-0.010056752712
2.615999937057	-0.012269568630
2.617599964142	-0.008419056423
2.619199991226	-0.009167104959
2.620800018311	-0.009421248920
2.622400045395	-0.008574352600
2.623999834061	-0.009405440651
2.625599861145	-0.011399216950
2.627199888229	-0.010551360436
2.628799915314	-0.008004432544
2.630399942398	-0.009266064502
2.631999969482	-0.008349744603
2.633599996567	-0.007174448576
2.635200023651	-0.009714816697
2.636800050735	-0.008954704739
2.638399839401	-0.007604032755
2.639999866486	-0.008051520213
2.641599893570	-0.007746352814
2.643199920654	-0.008941808715
2.644799947739	-0.009054448456
2.646399974823	-0.009236864746
2.648000001907	-0.007894560695
2.649600028992	-0.008548480459
2.651199817657	-0.009781217203
2.652799844742	-0.010643120855
2.654399871826	-0.009811281227
2.655999898911	-0.010284032673
2.657599925995	-0.008621312678
2.659199953079	-0.008983200416
2.660799980164	-0.009711776860
2.662400007248	-0.012751473114
2.664000034332	-0.009131888859
2.665599822998	-0.010489488952
2.667199850082	-0.010110304691
2.668799877167	-0.011302624829
2.670399904251	-0.007206224836
2.671999931335	-0.007463664748
2.673599958420	-0.010534704663
2.675199985504	-0.007793376688
2.676800012589	-0.010682624765
2.678400039673	-0.009798960760
2.679999828339	-0.007528208662
2.681599855423	-0.008759216405
2.683199882507	-0.011678161100
2.684799909592	-0.011557425372
2.686399936676	-0.009456017055
2.687999963760	-0.009779600427
2.689599990845	-0.009826816618
2.691200017929	-0.011307025328
2.692800045013	-0.010801104829
2.694399833679	-0.009808512405
2.695999860764	-0.009133760817
2.697599887848	-0.005670496263
2.699199914932	-0.009820944630
2.700799942017	-0.009589985013
2.702399969101	-0.010313073173
2.703999996185	-0.009833073243
2.705600023270	-0.007283296436
2.707200050354	-0.009628945030
2.708799839020	-0.009304096922
2.710399866104	-0.008977792226
2.711999893188	-0.009000608698
2.713599920273	-0.009657297283
2.715199947357	-0.011023025028
2.716799974442	-0.007381280418
2.718400001526	-0.009515760466
2.720000028610	-0.010414113291
2.721599817276	-0.009759329259
2.723199844360	-0.009177248925
2.724799871445	-0.006192272529
2.726399898529	-0.010309280828
2.727999925613	-0.009316048585
2.729599952698	-0.010937936604
2.731199979782	-0.011071344838
2.732800006866	-0.007950352505
2.734400033951	-0.010268896818
2.735999822617	-0.010394624434
2.737599849701	-0.012204305269
2.739199876785	-0.008230960928
2.740799903870	-0.010488896631
2.742399930954	-0.008811105043
2.743999958038	-0.009593265131
2.745599985123	-0.007730784826
2.747200012207	-0.007264368702
2.748800039291	-0.008224304765
2.750399827957	-0.007297056727
2.751999855042	-0.008300560527
2.753599882126	-0.010501105338
2.755199909210	-0.010689089075
2.756799936295	-0.008985488676
2.758399963379	-0.007101792376
2.759999990463	-0.010004896671
2.761600017548	-0.011367537081
2.763200044632	-0.010030064732
2.764799833298	-0.009980432689
2.766399860382	-0.010666657239
2.767999887466	-0.008666913025
2.769599914551	-0.009729441255
2.771199941635	-0.011216016486
2.772799968719	-0.009597072378
2.774399995804	-0.007130496670
2.776000022888	-0.009935680777
2.777599811554	-0.010910080746
2.779199838638	-0.009206352755
2.780799865723	-0.011908416636
2.782399892807	-0.008208353072
2.783999919891	-0.008419824764
2.785599946976	-0.010628752410
2.787199974060	-0.010284464806
2.788800001144	-0.012321009301
2.790400028229	-0.008909217082
2.791999816895	-0.009863088839
2.793599843979	-0.010166849010
2.795199871063	-0.009729952551
2.796799898148	-0.010408112779
2.798399925232	-0.008213249035
2.799999952316	-0.008855792694
2.801599979401	-0.010488657281
2.803200006485	-0.009500432760
2.804800033569	-0.008612192236
2.806399822235	-0.010429984890
2.807999849319	-0.010281824507
2.809599876404	-0.007591568399
2.811199903488	-0.009235217236
2.812799930573	-0.010361792520
2.814399957657	-0.011289584450
2.815999984741	-0.006677920464
2.817600011826	-0.010698241182
2.819200038910	-0.011387169361
2.820799827576	-0.009727329016
2.822399854660	-0.009845617227
2.823999881744	-0.008216704242
2.825599908829	-0.009481696412
2.827199935913	-0.008874337189
2.828799962997	-0.010261921212
2.830399990082	-0.009515840560
2.832000017166	-0.008428896777
2.833600044250	-0.008705344982
2.835199832916	-0.010329697281
2.836799860001	-0.009749680758
2.838399887085	-0.009869520552
2.839999914169	-0.012153472751
2.841599941254	-0.010515840724
2.843199968338	-0.008787248284
2.844799995422	-0.007575472817
2.846400022507	-0.009313568473
2.847999811172	-0.009092641063
2.849599838257	-0.006389024667
2.851199865341	-0.009251760319
2.852799892426	-0.008756481111
2.854399919510	-0.007842928171
2.855999946594	-0.010076097213
2.857599973679	-0.009991808794
2.859200000763	-0.009289233014
2.860800027847	-0.008110593073
2.862399816513	-0.010132656433
2.863999843597	-0.011500401422
2.865599870682	-0.010835024528
2.867199897766	-0.009454512969
2.868799924850	-0.010794608854
2.870399951935	-0.009332193062
2.871999979019	-0.007680720650
2.873600006104	-0.008470064960
2.875200033188	-0.009136064909
2.876799821854	-0.009608784690
2.878399848938	-0.010199056938
2.879999876022	-0.009361600503
2.881599903107	-0.010445873253
2.883199930191	-0.011586769484
2.884799957275	-0.010402817279
2.886399984360	-0.011363760568
2.888000011444	-0.009489488788
2.889600038528	-0.010813329369
2.891199827194	-0.008344496600
2.892799854279	-0.010147793218
2.894399881363	-0.010166704655
2.895999908447	-0.007338288706
2.897599935532	-0.009086992592
2.899199962616	-0.010452528484
2.900799989700	-0.007777040824
2.902400016785	-0.007089376450
2.904000043869	-0.010130080394
2.905599832535	-0.008737600408
2.907199859619	-0.010122193024
2.908799886703	-0.011670593172
2.910399913788	-0.008883520961
2.911999940872	-0.009293744341
2.913599967957	-0.008204128593
2.915199995041	-0.010676433332
2.916800022125	-0.010868112557
2.918399810791	-0.010287809186
2.919999837875	-0.009794688784
2.921599864960	-0.009976289235
2.923199892044	-0.009836704470
2.924799919128	-0.010917888954
2.926399946213	-0.009180464782
2.927999973297	-0.009395728819
2.929600000381	-0.010508497246
2.931200027466	-0.010464848951
2.932799816132	-0.011293664575
2.934399843216	-0.010091536678
2.935999870300	-0.010893168859
2.937599897385	-0.010206448846
2.939199924469	-0.010305712931
2.940799951553	-0.009724752977
2.942399978638	-0.009632208385
2.944000005722	-0.010720577091
2.945600032806	-0.012396273203
2.947199821472	-0.011630129069
2.948799848557	-0.010612145066
2.950399875641	-0.010101072490
2.951999902725	-0.010390784591
2.953599929810	-0.010258672759
2.955199956894	-0.009759873152
2.956799983978	-0.007462160662
2.958400011063	-0.009852464311
2.960000038147	-0.010207904503
2.961599826813	-0.010388880968
2.963199853897	-0.011105633341
2.964799880981	-0.010848528706
2.966399908066	-0.010671921074
2.967999935150	-0.013265073299
2.969599962234	-0.011480833404
2.971199989319	-0.010750913061
2.972800016403	-0.007682992611
2.974400043488	-0.009549440816
2.975999832153	-0.011182080954
2.977599859238	-0.011863089167
2.979199886322	-0.011161617003
2.980799913406	-0.008657184429
2.982399940491	-0.009047936648
2.983999967575	-0.012002753094
2.985599994659	-0.009930544533
2.987200021744	-0.010302753188
2.988799810410	-0.010009504855
2.990399837494	-0.010801136494
2.991999864578	-0.009238928556
2.993599891663	-0.011601344682
2.995199918747	-0.011303440668
2.996799945831	-0.010907713324
2.998399972916	-0.010409313254
3.000000000000	-0.009230624884
3.001600027084	-0.010176529177
3.003199815750	-0.010605584830
3.004799842834	-0.009487520903
3.006399869919	-0.010082528926
3.007999897003	-0.009792272933
3.009599924088	-0.011971296743
3.011199951172	-0.009139984846
3.012799978256	-0.012245153077
3.014400005341	-0.010988800786
3.016000032425	-0.009661968797
3.017599821091	-0.013015809469
3.019199848175	-0.010634817183
3.020799875259	-0.010281536728
3.022399902344	-0.010251552798
3.023999929428	-0.012214208953
3.025599956512	-0.009968688712
3.027199983597	-0.008934080601
3.028800010681	-0.010202577338
3.030400037766	-0.008272816427
3.031999826431	-0.009202720597
3.033599853516	-0.010591456667
3.035199880600	-0.012049905024
3.036799907684	-0.009444640949
3.038399934769	-0.011186720803
3.039999961853	-0.009778656997
3.041599988937	-0.009262464941
3.043200016022	-0.010846785270
3.044799804687	-0.010093024932
3.046399831772	-0.009066720493
3.047999858856	-0.010907744989
3.049599885941	-0.011101297103
3.051199913025	-0.010029792786
3.052799940109	-0.010279889219
3.054399967194	-0.011971617118
3.055999994278	-0.011262000538
3.057600021362	-0.011024832726
3.059199810028	-0.009389232844
3.060799837112	-0.010903617367
3.062399864197	-0.009294944815
3.063999891281	-0.012472401373
3.065599918365	-0.012207904831
3.067199945450	-0.009400112554
3.068799972534	-0.010894144885
3.070399999619	-0.008093024604
3.072000026703	-0.012276496738
3.073599815369	-0.009814960882
3.075199842453	-0.010676480830
3.076799869537	-0.009262369014
3.078399896622	-0.009615681134
3.079999923706	-0.010724144988
3.081599950790	-0.011047297157
3.083199977875	-0.012729536742
3.084800004959	-0.009966752492
3.086400032043	-0.010807184502
3.087999820709	-0.010624865070
3.089599847794	-0.012354289182
3.091199874878	-0.009969872423
3.092799901962	-0.008094384335
3.094399929047	-0.011545233428
3.095999956131	-0.010015952401
3.097599983215	-0.010116384365
3.099200010300	-0.011439072900
3.100800037384	-0.008786976337
3.102399826050	-0.009800961241
3.103999853134	-0.008893921040
3.105599880219	-0.011201472953
3.107199907303	-0.008906641044
3.108799934387	-0.010640945286
3.110399961472	-0.011480865069
3.111999988556	-0.008879761212
3.113600015640	-0.010585408658
3.115199804306	-0.010795696639
3.116799831390	-0.011449169368
3.118399858475	-0.010384080932
3.119999885559	-0.010358097032
3.121599912643	-0.011505137198
3.123199939728	-0.011087184772
3.124799966812	-0.009552752599
3.126399993896	-0.011730960570
3.128000020981	-0.010643152520
3.129599809647	-0.008417248726
3.131199836731	-0.011121649295
3.132799863815	-0.010936561041
3.134399890900	-0.009612464346
3.135999917984	-0.013079904951
3.137599945068	-0.009308592416
3.139199972153	-0.011082752608
3.140799999237	-0.009950849228
3.142400026321	-0.009667633101
3.143999814987	-0.012978944927
3.145599842072	-0.009998960420
3.147199869156	-0.009623472579
3.148799896240	-0.010470944457
3.150399923325	-0.010781777091
3.151999950409	-0.008862112649
3.153599977493	-0.010397632606
3.155200004578	-0.008616784588
3.156800031662	-0.011642880738
3.158399820328	-0.010204833001
3.159999847412	-0.010100704618
3.161599874496	-0.013990961015
3.163199901581	-0.010451473296
3.164799928665	-0.008186624385
3.166399955750	-0.012325424701
3.167999982834	-0.010741808452
3.169600009918	-0.012712321244
3.171200037003	-0.009199456312
3.172799825668	-0.012371744961
3.174399852753	-0.009266064502
3.175999879837	-0.010644161142
3.177599906921	-0.010825120844
3.179199934006	-0.009637936950
3.180799961090	-0.013138624839
3.182399988174	-0.012586160563
3.184000015259	-0.009375264868
3.185599803925	-0.012176784687
3.187199831009	-0.009587745182
3.188799858093	-0.010400944389
3.190399885178	-0.011273233220
3.191999912262	-0.011107744649
3.193599939346	-0.009435392916
3.195199966431	-0.009542481042
3.196799993515	-0.013353440911
3.198400020599	-0.009584240615
3.199999809265	-0.010145200416
3.201599836349	-0.010749408975
3.203199863434	-0.011674992740
3.204799890518	-0.010526976548
3.206399917603	-0.007913696580
3.207999944687	-0.010648000985
3.209599971771	-0.009901424870
3.211199998856	-0.008867937140
3.212800025940	-0.008639712818
3.214399814606	-0.009327344596
3.215999841690	-0.012148064561
3.217599868774	-0.010746384971
3.219199895859	-0.012335601263
3.220799922943	-0.009404832497
3.222399950027	-0.011296240613
3.223999977112	-0.011582640931
3.225600004196	-0.010313169099
3.227200031281	-0.012826433405
3.228799819946	-0.009903793223
3.230399847031	-0.010641520843
3.231999874115	-0.010674192570
3.233599901199	-0.013538112864
3.235199928284	-0.007589760702
3.236799955368	-0.010491728783
3.238399982452	-0.014424609020
3.240000009537	-0.009049504995
3.241600036621	-0.012220337056
3.243199825287	-0.011588305235
3.244799852371	-0.009534688666
3.246399879456	-0.010956496932
3.247999906540	-0.011215808801
3.249599933624	-0.011234960519
3.251199960709	-0.008196961135
3.252799987793	-0.012004273012
3.254400014877	-0.012297504582
3.255999803543	-0.009880945086
3.257599830627	-0.011087744497
3.259199857712	-0.009133696556
3.260799884796	-0.011668449268
3.262399911880	-0.012804625556
3.263999938965	-0.012937185355
3.265599966049	-0.010291968472
3.267199993134	-0.009738016874
3.268800020218	-0.010927440599
3.270399808884	-0.009840256535
3.271999835968	-0.011261008680
3.273599863052	-0.010160272941
3.275199890137	-0.009869216941
3.276799917221	-0.009045440704
3.278399944305	-0.011051137000
3.279999971390	-0.013073041104
3.281599998474	-0.009185744449
3.283200025558	-0.011785744689
3.284799814224	-0.011000849307
3.286399841309	-0.009307856672
3.287999868393	-0.011408001184
3.289599895477	-0.012587985024
3.291199922562	-0.009431968443
3.292799949646	-0.008304384537
3.294399976730	-0.011714944616
3.296000003815	-0.011506528594
3.297600030899	-0.010808097199
3.299199819565	-0.009170289151
3.300799846649	-0.010761841200
3.302399873734	-0.012287808582
3.303999900818	-0.009912304580
3.305599927902	-0.011579360813
3.307199954987	-0.011963904835
3.308799982071	-0.010644032620
3.310400009155	-0.007361856755
3.311999797821	-0.011983408593
3.313599824905	-0.014418257400
3.315199851990	-0.010861440562
3.316799879074	-0.009298176505
3.318399906158	-0.010336080566
3.319999933243	-0.011304817162
3.321599960327	-0.012463840656
3.323199987411	-0.012397713028
3.324800014496	-0.009480240755
3.326399803162	-0.008003376424
3.327999830246	-0.010971249081
3.329599857330	-0.010110897012
3.331199884415	-0.012759265490
3.332799911499	-0.011177441105
3.334399938583	-0.010183952749
3.335999965668	-0.011249360628
3.337599992752	-0.010736417025
3.339200019836	-0.013350160792
3.340799808502	-0.009249696508
3.342399835587	-0.011936977506
3.343999862671	-0.013171841390
3.345599889755	-0.009877217002
3.347199916840	-0.011166608892
3.348799943924	-0.010016896762
3.350399971008	-0.011123200879
3.351999998093	-0.010128688999
3.353600025177	-0.010997393169
3.355199813843	-0.007399856579
3.356799840927	-0.009857696481
3.358399868011	-0.009335776791
3.359999895096	-0.009972913191
3.361599922180	-0.010730081238
3.363199949265	-0.009994480759
3.364799976349	-0.012769089080
3.366400003433	-0.010987089016
3.368000030518	-0.012254800647
3.369599819183	-0.011967184953
3.371199846268	-0.010252673179
3.372799873352	-0.011479104869
3.374399900436	-0.009150656871
3.375999927521	-0.010279361159
3.377599954605	-0.010568512604
3.379199981689	-0.011511713266
3.380800008774	-0.012447184883
3.382399797440	-0.009649200365
3.383999824524	-0.010484129190
3.385599851608	-0.010995361023
3.387199878693	-0.011432880536
3.388799905777	-0.014764465392
3.390399932861	-0.009813280776
3.391999959946	-0.009875249118
3.393599987030	-0.010953312740
3.395200014114	-0.010877937078
3.396799802780	-0.009040224366
3.398399829865	-0.010714769363
3.399999856949	-0.012253616937
3.401599884033	-0.008008160628
3.403199911118	-0.011770753190
3.404799938202	-0.010080784559
3.406399965286	-0.011309537105
3.407999992371	-0.009196032770
3.409600019455	-0.011959681287
3.411199808121	-0.012237857096
3.412799835205	-0.011298129335
3.414399862289	-0.009771040641
3.415999889374	-0.013352992944
3.417599916458	-0.009350400418
3.419199943542	-0.009990576655
3.420799970627	-0.009007552639
3.422399997711	-0.009659200907
3.424000024796	-0.011774720624
3.425599813461	-0.010652977042
3.427199840546	-0.012164768763
3.428799867630	-0.010575297289
3.430399894714	-0.010289200582
3.431999921799	-0.010665024631
3.433599948883	-0.012339120731
3.435199975967	-0.011158720590
3.436800003052	-0.011080064811
3.438400030136	-0.010190401226
3.439999818802	-0.012407761067
3.441599845886	-0.012602848932
3.443199872971	-0.012028801255
3.444799900055	-0.012778640725
3.446399927139	-0.012396449223
3.447999954224	-0.010253136978
3.449599981308	-0.010793360882
3.451200008392	0.012222608551
