0.000000000000	0.024778386578
0.001599999960	0.024369394407
0.003199999919	0.022385345772
0.004799999762	0.025003105402
0.006399999838	0.025198834017
0.007999999449	0.024134034291
0.009599999525	0.022470081225
0.011199999601	0.022097250447
0.012799999677	0.021171120927
0.014399999753	0.021384466439
0.015999998897	0.018229026347
0.017599999905	0.018294705078
0.019199999049	0.018532993272
0.020800000057	0.018521824852
0.022399999201	0.017703473568
0.024000000209	0.018548944965
0.025599999353	0.017573889345
0.027199998498	0.016558321193
0.028799999505	0.017856866121
0.030399998650	0.018826434389
0.031999997795	0.018872672692
0.033599998802	0.016873696819
0.035199999809	0.018654242158
0.036800000817	0.017771329731
0.038399998099	0.017748609185
0.039999999106	0.016572784632
0.041600000113	0.016301121563
0.043199997395	0.016254976392
0.044799998403	0.015486016870
0.046399999410	0.015306673013
0.048000000417	0.014706033282
0.049599997699	0.016127297655
0.051199998707	0.015254369006
0.052799999714	0.015814017504
0.054399996996	0.016490545124
0.055999998003	0.015926176682
0.057599999011	0.015807937831
0.059200000018	0.017258977517
0.060799997300	0.014313137159
0.062399998307	0.016822192818
0.063999995589	0.015141537413
0.065600000322	0.015731377527
0.067199997604	0.014041569084
0.068799994886	0.014147329144
0.070399999619	0.013141153380
0.071999996901	0.013614256866
0.073600001633	0.013703409582
0.075199998915	0.015031697229
0.076799996197	0.014169025235
0.078400000930	0.014288449660
0.079999998212	0.015950465575
0.081599995494	0.013617169112
0.083200000226	0.013720225543
0.084799997509	0.015474321321
0.086399994791	0.014332865365
0.087999999523	0.013892864808
0.089599996805	0.013957409188
0.091199994087	0.014166049659
0.092799998820	0.013914353214
0.094399996102	0.011727824807
0.096000000834	0.014377137646
0.097599998116	0.014085360803
0.099199995399	0.013497041538
0.100800000131	0.012454672717
0.102399997413	0.013765857555
0.103999994695	0.013759121299
0.105599999428	0.013416240923
0.107199996710	0.014062144794
0.108799993992	0.013525664806
0.110399998724	0.013454144821
0.111999996006	0.013003361411
0.113600000739	0.014543808997
0.115199998021	0.012956800871
0.116799995303	0.012567921542
0.118400000036	0.012646129355
0.119999997318	0.013125937432
0.121599994600	0.012585121207
0.123199999332	0.012280496769
0.124799996614	0.012042096816
0.126399993896	0.012363009155
0.127999991179	0.011652848683
0.129600003362	0.013839809224
0.131200000644	0.012842592783
0.132799997926	0.011719104834
0.134399995208	0.012831200846
0.135999992490	0.013459457085
0.137599989772	0.012822416611
0.139200001955	0.011935248971
0.140799999237	0.012057457119
0.142399996519	0.012189872563
0.143999993801	0.011951984838
0.145599991083	0.010756577365
0.147200003266	0.011435888708
0.148800000548	0.012313025072
0.150399997830	0.011801425368
0.151999995112	0.011524257250
0.153599992394	0.012395841070
0.155199989676	0.011775664985
0.156800001860	0.013079793192
0.158399999142	0.012264224701
0.159999996424	0.013517824933
0.161599993706	0.011961841024
0.163199990988	0.012680673040
0.164800003171	0.011727936566
0.166400000453	0.009238656610
0.167999997735	0.010659649037
0.169599995017	0.010735008866
0.171199992299	0.010770608671
0.172799989581	0.011833248660
0.174400001764	0.011662432924
0.175999999046	0.010898544453
0.177599996328	0.010215152986
0.179199993610	0.011474512517
0.180799990892	0.011607584544
0.182399988174	0.012397904880
0.184000000358	0.012352609076
0.185599997640	0.011280065402
0.187199994922	0.012693745084
0.188799992204	0.010295536369
0.190399989486	0.011207857169
0.192000001669	0.008589169011
0.193599998951	0.009554560296
0.195199996233	0.009692640975
0.196799993515	0.009622144513
0.198399990797	0.009696128778
0.199999988079	0.010877264664
0.201600000262	0.011576753110
0.203199997544	0.010687776841
0.204799994826	0.009806960821
0.206399992108	0.010991552845
0.207999989390	0.010209265165
0.209600001574	0.011211168952
0.211199998856	0.011470560916
0.212799996138	0.011093633249
0.214399993420	0.009260032326
0.215999990702	0.009423600510
0.217599987984	0.009565104730
0.219200000167	0.009702176787
0.220799997449	0.009436240420
0.222399994731	0.009246672504
0.223999992013	0.008778736927
0.225599989295	0.009887040593
0.227200001478	0.009037472308
0.228799998760	0.009527568705
0.230399996042	0.008705184795
0.231999993324	0.010613201186
0.233599990606	0.010007040575
0.235199987888	0.009051856585
0.236800000072	0.009547920898
0.238399997354	0.009612544440
0.239999994636	0.009140497074
0.241599991918	0.010402720422
0.243199989200	0.009193520993
0.244799986482	0.008658369072
0.246399998665	0.006707744673
0.247999995947	0.009115057066
0.249599993229	0.009755216539
0.251199990511	0.008067136630
0.252799987793	0.009665264748
0.254399985075	0.008498624898
0.255999982357	0.010071968660
0.257599979639	0.010470576584
0.259200006723	0.009281217121
0.260800004005	0.009993792512
0.262400001287	0.010030209087
0.263999998569	0.008255776949
0.265599995852	0.009563008323
0.267199993134	0.009333808906
0.268799990416	0.007888064720
0.270399987698	0.008820560761
0.271999984980	0.007276752498
0.273599982262	0.008607152849
0.275199979544	0.008502864279
0.276800006628	0.009345985018
0.278400003910	0.008285872638
0.280000001192	0.008871392347
0.281599998474	0.009507904761
0.283199995756	0.008794720285
0.284799993038	0.008646177128
0.286399990320	0.008757440373
0.287999987602	0.008705136366
0.289599984884	0.007089584600
0.291199982166	0.008509168401
0.292799979448	0.008343872614
0.294400006533	0.008229056373
0.296000003815	0.008167952299
0.297600001097	0.006476512644
0.299199998379	0.008451520465
0.300799995661	0.009215872735
0.302399992943	0.006957488600
0.303999990225	0.009769184515
0.305599987507	0.009190225042
0.307199984789	0.008005488664
0.308799982071	0.007445712574
0.310399979353	0.008535617031
0.312000006437	0.007800496649
0.313600003719	0.008138656616
0.315200001001	0.008837617002
0.316799998283	0.009163889103
0.318399995565	0.007144720759
0.319999992847	0.008498896845
0.321599990129	0.006839248352
0.323199987411	0.007275712676
0.324799984694	0.008000176400
0.326399981976	0.006872736383
0.327999979258	0.008077696897
0.329600006342	0.008002785034
0.331200003624	0.006819984410
0.332800000906	0.007956977002
0.334399998188	0.007796832826
0.335999995470	0.006992432754
0.337599992752	0.007071776781
0.339199990034	0.006681296509
0.340799987316	0.007064256351
0.342399984598	0.007770592812
0.343999981880	0.007058560383
0.345599979162	0.005051520187
0.347199976444	0.006243312731
0.348800003529	0.006654928438
0.350400000811	0.007575584576
0.351999998093	0.006677104626
0.353599995375	0.006779200397
0.355199992657	0.008008432575
0.356799989939	0.008659856394
0.358399987221	0.008299456909
0.359999984503	0.006783248391
0.361599981785	0.007767968811
0.363199979067	0.008087377064
0.364799976349	0.006939920597
0.366400003433	0.007967088372
0.368000000715	0.007495824713
0.369599997997	0.006742176600
0.371199995279	0.006713552400
0.372799992561	0.005468896590
0.374399989843	0.006725872401
0.375999987125	0.007808240596
0.377599984407	0.006145632360
0.379199981689	0.007410240825
0.380799978971	0.007500928827
0.382399976254	0.007376000751
0.384000003338	0.007183264475
0.385600000620	0.006409760565
0.387199997902	0.008442064747
0.388799995184	0.006935440470
0.390399992466	0.005351072177
0.391999989748	0.005476912484
0.393599987030	0.006124784704
0.395199984312	0.005506416317
0.396799981594	0.004774144385
0.398399978876	0.006185920443
0.399999976158	0.006046896335
0.401600003242	0.005325360224
0.403200000525	0.006588560529
0.404799997807	0.006674400531
0.406399995089	0.006239360198
0.407999992371	0.005603056401
0.409599989653	0.006104176398
0.411199986935	0.007242624648
0.412799984217	0.005223472603
0.414399981499	0.005689344369
0.415999978781	0.004676368553
0.417599976063	0.004786496516
0.419200003147	0.006304576527
0.420800000429	0.004743232392
0.422399997711	0.005946464371
0.423999994993	0.004303280264
0.425599992275	0.006507952698
0.427199989557	0.005870016292
0.428799986839	0.004898160230
0.430399984121	0.004523088224
0.431999981403	0.006503296550
0.433599978685	0.005140256602
0.435199975967	0.007056304719
0.436800003052	0.005761600565
0.438400000334	0.005247552413
0.439999997616	0.006959120743
0.441599994898	0.006267280784
0.443199992180	0.006549040321
0.444799989462	0.005351120606
0.446399986744	0.004002592526
0.447999984026	0.005084000528
0.449599981308	0.004926864523
0.451199978590	0.004792400170
0.452799975872	0.005038320553
0.454400002956	0.005238416605
0.456000000238	0.005283136386
0.457599997520	0.006417744327
0.459199994802	0.005680848379
0.460799992085	0.006419552490
0.462399989367	0.004680480342
0.463999986649	0.005581104662
0.465599983931	0.007028032560
0.467199981213	0.003919344395
0.468799978495	0.004809936509
0.470399975777	0.005032288376
0.472000002861	0.005123136565
0.473600000143	0.003110496327
0.475199997425	0.005299728364
0.476799994707	0.004599072505
0.478399991989	0.003409248311
0.479999989271	0.006234032568
0.481599986553	0.005078736227
0.483199983835	0.004035472404
0.484799981117	0.005323200487
0.486399978399	0.005881760269
0.487999975681	0.006207648665
0.489599972963	0.003115600208
0.491200000048	0.003055232111
0.492799997330	0.006238640286
0.494399994612	0.003779328428
0.495999991894	0.005168224219
0.497599989176	0.002607968170
0.499199986458	0.004724064376
0.500800013542	0.004510960542
0.502399981022	0.004864528310
0.504000008106	0.004077824298
0.505599975586	0.005442528520
0.507200002670	0.004603088368
0.508799970150	0.004292240366
0.510399997234	0.003834960284
0.511999964714	0.005958992522
0.513599991798	0.005138128530
0.515199959278	0.004847952165
0.516799986362	0.004005776253
0.518400013447	0.004033968318
0.519999980927	0.004238176160
0.521600008011	0.002666400280
0.523199975491	0.003595632268
0.524800002575	0.004763152450
0.526399970055	0.003556336276
0.527999997139	0.004581728484
0.529599964619	0.005255696364
0.531199991703	0.003944480326
0.532799959183	0.003925984260
0.534399986267	0.004172752146
0.536000013351	0.004894880578
0.537599980831	0.003939888440
0.539200007915	0.004359728191
0.540799975395	0.003385504242
0.542400002480	0.004527584650
0.543999969959	0.002729648259
0.545599997044	0.004800192546
0.547199964523	0.004281632137
0.548799991608	0.004195392132
0.550399959087	0.002929792274
0.551999986172	0.005019888282
0.553600013256	0.005647136364
0.555199980736	0.005089312326
0.556800007820	0.004317504354
0.558399975300	0.004892896395
0.560000002384	0.003195568221
0.561599969864	0.003831536276
0.563199996948	0.005085264333
0.564799964428	0.004788432270
0.566399991512	0.003541552229
0.567999958992	0.004214112181
0.569599986076	0.003726400435
0.571200013161	0.003206496360
0.572799980640	0.003194528166
0.574400007725	0.004316736478
0.575999975204	0.003271872178
0.577600002289	0.004233104177
0.579199969769	0.004027952440
0.580799996853	0.003593648318
0.582399964333	0.003888432402
0.583999991417	0.004934704397
0.585599958897	0.004788608290
0.587199985981	0.002950336318
0.588800013065	0.003745984286
0.590399980545	0.004366656300
0.592000007629	0.002851216123
0.593599975109	0.001424608054
0.595200002193	0.003187728347
0.596799969673	0.003275296185
0.598399996758	0.004635152407
0.599999964237	0.002213488100
0.601599991322	0.004355584271
0.603199958801	0.003505376168
0.604799985886	0.003580272198
0.606400012970	0.003501200350
0.607999980450	0.004226112273
0.609600007534	0.001842016121
0.611199975014	0.004207680468
0.612800002098	0.005141344387
0.614399969578	0.002161184093
0.615999996662	0.002211280167
0.617599964142	0.002762768185
0.619199991226	0.002497712150
0.620799958706	0.000956352043
0.622399985790	0.003328224178
0.624000012875	0.001356000081
0.625599980354	0.002899264218
0.627200007439	0.004322000314
0.628799974918	0.003095488297
0.630400002003	0.004748816602
0.631999969482	0.003771200310
0.633599996567	0.003826176282
0.635199964046	0.004392448347
0.636799991131	0.003171712393
0.638399958611	0.002944080159
0.639999985695	0.003444176400
0.641600012779	0.003160240129
0.643199980259	0.002444080310
0.644800007343	0.001052304055
0.646399974823	0.002941568149
0.648000001907	0.001332736108
0.649599969387	0.002663488267
0.651199996471	0.003305392340
0.652799963951	0.002584448084
0.654399991035	0.004478304181
0.655999958515	0.004731120542
0.657599985600	0.002151984256
0.659200012684	0.002657120116
0.660799980164	0.002968288260
0.662400007248	0.003147856332
0.663999974728	0.001599808107
0.665600001812	0.003685712349
0.667199969292	0.001868272200
0.668799996376	0.001236624084
0.670399963856	0.001079904032
0.671999990940	0.001923568081
0.673599958420	0.002405216219
0.675199985504	0.001585984137
0.676800012589	0.001504688058
0.678399980068	0.002291296143
0.680000007153	0.003172816243
0.681599974632	0.003170096315
0.683200001717	0.004251088481
0.684799969196	0.002079024212
0.686399996281	0.002038640203
0.687999963760	0.002745184116
0.689599990845	0.002954864176
0.691199958324	0.003111760132
0.692799985409	0.000967088097
0.694399952888	0.001332048094
0.695999979973	0.002401824109
0.697600007057	0.000986080035
0.699199974537	0.001637040055
0.700800001621	0.002573072212
0.702399969101	0.003912128508
0.703999996185	0.003853456350
0.705599963665	0.002417760203
0.707199990749	0.003922112286
0.708799958229	0.002739696298
0.710399985313	0.002213584259
0.711999952793	0.003298672149
0.713599979877	0.002249952173
0.715200006962	0.002090560040
0.716799974442	0.002558448352
0.718400001526	0.001960528083
0.719999969006	0.002006448107
0.721599996090	0.000972944079
0.723199963570	0.000718320021
0.724799990654	0.002025456168
0.726399958134	0.002499792259
0.727999985218	0.000003823989
0.729599952698	0.002789024264
0.731199979782	0.001870512147
0.732800006866	0.001949776197
0.734399974346	0.003505744273
0.736000001431	0.002941360231
0.737599968910	0.002604368143
0.739199995995	0.001657888177
0.740799963474	0.001802272163
0.742399990559	0.002626656089
0.743999958038	0.002121520229
0.745599985123	0.000009312025
0.747199952602	0.001231584116
0.748799979687	0.001679664128
0.750400006771	0.001693200204
0.751999974251	0.000874160032
0.753600001335	0.002487824298
0.755199968815	0.001316224108
0.756799995899	0.002351792296
0.758399963379	0.001705456176
0.759999990463	0.001303968020
0.761599957943	0.000335232035
0.763199985027	0.001385520096
0.764799952507	0.002299376298
0.766399979591	0.001286384067
0.768000006676	0.001005808124
0.769599974155	0.000304799993
0.771200001240	0.000918128062
0.772799968719	0.000995104085
0.774399995804	-0.000129104039
0.775999963284	0.001048064092
0.777599990368	0.001079600072
0.779199957848	0.001964288065
0.780799984932	0.002099088160
0.782399952412	0.001467680093
0.783999979496	0.002433344256
0.785600006580	0.003430912271
0.787199974060	0.002622336149
0.788800001144	0.001489872113
0.790399968624	0.000442656048
0.791999995708	0.002095632255
0.793599963188	0.001459824154
0.795199990273	0.001132944133
0.796799957752	0.000368528039
0.798399984837	0.001577344141
0.799999952316	0.001858320087
0.801599979401	0.000771136081
0.803200006485	0.001340208109
0.804799973965	0.000708496082
0.806400001049	0.000553376041
0.807999968529	0.001236592070
0.809599995613	0.001586816157
0.811199963093	0.000417424046
0.812799990177	0.001595552196
0.814399957657	0.000746944046
0.815999984741	0.002161616227
0.817599952221	0.000716688053
0.819199979305	0.000637136050
0.820800006390	0.001170848031
0.822399973869	0.000952848059
0.824000000954	-0.000629008049
0.825599968433	0.001080432092
0.827199995518	0.000819904089
0.828799962997	0.002206736244
0.830399990082	0.001451200107
0.831999957561	0.002816464286
0.833599984646	0.002096960088
0.835199952126	0.001632416155
0.836799979210	0.000114464026
0.838400006294	0.001503744163
0.839999973774	0.001208928064
0.841600000858	0.001082144096
0.843199968338	0.000454592053
0.844799995422	-0.000227248020
0.846399962902	0.000551248027
0.847999989986	0.000452464010
0.849599957466	0.002266656142
0.851199984550	0.000094960036
0.852799952030	0.001590672066
0.854399979115	0.001077424153
0.856000006199	0.001850944129
0.857599973679	0.000269232027
0.859200000763	0.001415088074
0.860799968243	0.002768304199
0.862399995327	0.000630544091
0.863999962807	0.000122015983
0.865599989891	-0.000167600025
0.867199957371	0.000100480043
0.868799984455	0.000395888055
0.870399951935	-0.001152896089
0.871999979019	-0.000057984027
0.873600006104	-0.001132544130
0.875199973583	0.001458512153
0.876800000668	0.000598991988
0.878399968147	0.000331776042
0.879999995232	0.000761760049
0.881599962711	0.001809904119
0.883199989796	0.001473568147
0.884799957275	0.001216272009
0.886399984360	0.000945552019
0.887999951839	0.001547376160
0.889599978924	0.000857664039
0.891200006008	0.000327119982
0.892799973488	0.000620896055
0.894400000572	0.001150064054
0.895999968052	-0.000485472032
0.897599995136	-0.001116544125
0.899199962616	-0.000345456036
0.900799989700	0.000676512020
0.902399957180	0.000543504080
0.903999984264	0.000439488009
0.905599951744	0.001017056056
0.907199978828	0.001042768126
0.908800005913	-0.000060192066
0.910399973392	0.000450368039
0.912000000477	0.001231344067
0.913599967957	0.000778288057
0.915199995041	0.000891440082
0.916799962521	-0.000424240046
0.918399989605	-0.001103216084
0.919999957085	0.000490512000
0.921599984169	-0.000477888039
0.923199951649	-0.000105024003
0.924799978733	-0.000811824109
0.926400005817	-0.000295184029
0.927999973297	0.000396400079
0.929600000381	0.000517152017
0.931199967861	0.000349664071
0.932799994946	0.001208064146
0.934399962425	0.000450063992
0.935999989510	0.000962528051
0.937599956989	0.000989456079
0.939199984074	0.000372576062
0.940799951553	0.001344048069
0.942399978638	-0.000324352033
0.944000005722	0.000109728011
0.945599973202	-0.000412704074
0.947200000286	-0.000360639999
0.948799967766	-0.000159743999
0.950399994850	0.000613904034
0.951999962330	-0.000851488090
0.953599989414	0.001566720079
0.955199956894	0.000719616073
0.956799983978	0.000932976080
0.958399951458	0.000471423991
0.959999978542	0.000401696045
0.961599946022	0.001945456141
0.963199973106	0.001406064141
0.964800000191	0.000248768018
0.966399967670	0.001597952098
0.967999994755	-0.000808848126
0.969599962234	-0.000581344066
0.971199989319	-0.001636160188
0.972799956799	0.001320528099
0.974399983883	0.000553248043
0.975999951363	-0.001094224164
0.977599978447	0.000048240014
0.979199945927	0.001130800112
0.980799973011	-0.000697200012
0.982400000095	0.001194304088
0.983999967575	-0.000293712044
0.985599994659	-0.000787792087
0.987199962139	0.001802544226
0.988799989223	0.000430944026
0.990399956703	0.000493424071
0.991999983788	-0.001255968120
0.993599951267	0.000553184014
0.995199978352	0.000602144049
0.996799945831	-0.001057056128
0.998399972916	-0.001208784175
1.000000000000	-0.000150720007
1.001600027084	0.000832399994
1.003199934959	0.000623264059
1.004799962044	-0.001694528153
1.006399989128	0.001375136082
1.008000016212	0.001142864116
1.009599924088	-0.001053184154
1.011199951172	-0.000163664037
1.012799978256	0.001054944121
1.014400005341	-0.000333152013
1.016000032425	-0.000837312080
1.017599940300	0.001119616092
1.019199967384	-0.001416832092
1.020799994469	-0.002107568085
1.022400021553	-0.001424416085
1.023999929428	-0.000983392121
1.025599956512	-0.000950144022
1.027199983597	-0.000757408096
1.028800010681	-0.000829888100
1.030399918556	0.000424992060
1.031999945641	0.000335296034
1.033599972725	0.001652880106
1.035199999809	0.000265120034
1.036800026894	-0.000350911985
1.038399934769	-0.001080400078
1.039999961853	0.000465632009
1.041599988937	-0.000383424020
1.043200016022	-0.001059024129
1.044799923897	-0.002480704337
1.046399950981	0.000218255984
1.047999978065	-0.001452880097
1.049600005150	-0.000537824060
1.051200032234	-0.000653264055
1.052799940109	-0.000665312051
1.054399967194	-0.000027360005
1.055999994278	-0.000208015976
1.057600021362	0.000742640055
1.059199929237	-0.000256272033
1.060799956322	-0.000053919990
1.062399983406	0.000771232066
1.064000010490	0.000005680013
1.065599918365	-0.000748272054
1.067199945450	0.000196464040
1.068799972534	-0.000981392106
1.070399999619	-0.001500432147
1.072000026703	-0.000710816064
1.073599934578	0.000293487974
1.075199961662	-0.002397408243
1.076799988747	-0.000952032045
1.078400015831	-0.001006320119
1.079999923706	0.000200768030
1.081599950790	-0.001436864142
1.083199977875	-0.000277072017
1.084800004959	0.000905952125
1.086400032043	0.000455600093
1.087999939919	-0.000548751967
1.089599967003	-0.000135616050
1.091199994087	-0.000671488058
1.092800021172	-0.002319296123
1.094399929047	-0.000461392046
1.095999956131	-0.001090944046
1.097599983215	-0.002443424193
1.099200010300	-0.000869920070
1.100799918175	-0.000410800072
1.102399945259	-0.001946064178
1.103999972343	-0.001867072075
1.105599999428	-0.001021552016
1.107200026512	-0.000781808048
1.108799934387	-0.001442880137
1.110399961472	-0.000757328118
1.111999988556	-0.000483552052
1.113600015640	-0.000725792022
1.115199923515	-0.000462304044
1.116799950600	-0.000162144002
1.118399977684	-0.000717360061
1.120000004768	-0.001255680108
1.121599912643	-0.001804752159
1.123199939728	-0.000363328028
1.124799966812	-0.001223376137
1.126399993896	-0.002032352146
1.128000020981	-0.000456624053
1.129599928856	-0.000128143962
1.131199955940	0.000069488015
1.132799983025	-0.000988784130
1.134400010109	-0.000235007974
1.135999917984	-0.000902960019
1.137599945068	-0.001504256041
1.139199972153	-0.001055776142
1.140799999237	-0.001622224110
1.142400026321	-0.001995040104
1.143999934196	-0.001657088171
1.145599961281	-0.000598016079
1.147199988365	-0.001252224087
1.148800015450	-0.001532480121
1.150399923325	-0.002089120215
1.151999950409	-0.001549248118
1.153599977493	0.000003600018
1.155200004578	-0.002554592211
1.156799912453	-0.001305360114
1.158399939537	-0.000994224101
1.159999966621	0.000015663998
1.161599993706	-0.000833232072
1.163200020790	-0.000678400043
1.164799928665	-0.001217520097
1.166399955750	-0.001246336149
1.167999982834	-0.001332240063
1.169600009918	-0.000372416020
1.171199917793	-0.000829872093
1.172799944878	-0.002042080276
1.174399971962	-0.001467024093
1.175999999046	-0.000713104091
1.177600026131	-0.000320656050
1.179199934006	-0.000906400033
1.180799961090	-0.001135232160
1.182399988174	-0.001841104124
1.184000015259	-0.000867760100
1.185599923134	-0.000842176087
1.187199950218	-0.001429968164
1.188799977303	-0.000907264068
1.190400004387	-0.000266064046
1.191999912262	-0.002192032291
1.193599939346	-0.001848224201
1.195199966431	-0.001230496098
1.196799993515	-0.002788272221
1.198400020599	-0.002223616233
1.199999928474	-0.001357344096
1.201599955559	-0.000787680096
1.203199982643	-0.002492640167
1.204800009727	-0.002029040130
1.206399917603	-0.001503872103
1.207999944687	-0.000129840002
1.209599971771	-0.001592048095
1.211199998856	-0.000898304104
1.212800025940	-0.001735472237
1.214399933815	-0.001783984131
1.215999960899	-0.001617072150
1.217599987984	-0.002179104136
1.219200015068	-0.001814752119
1.220799922943	-0.003600432305
1.222399950027	-0.003026256338
1.223999977112	-0.000972768059
1.225600004196	-0.002192080254
1.227199912071	-0.001581168151
1.228799939156	-0.002482944168
1.230399966240	-0.001341024064
1.231999993324	-0.001957552275
1.233600020409	-0.002374624135
1.235199928284	-0.002195392270
1.236799955368	-0.000812304090
1.238399982452	-0.000659152109
1.240000009537	-0.002476784168
1.241599917412	-0.001338848146
1.243199944496	-0.001902064192
1.244799971581	-0.002596816281
1.246399998665	-0.002652288182
1.248000025749	-0.002682224382
1.249599933624	-0.001870016218
1.251199960709	-0.002816368360
1.252799987793	-0.001564416103
1.254400014877	-0.001313152141
1.255999922752	-0.001584640122
1.257599949837	-0.001922832103
1.259199976921	-0.001382832066
1.260800004005	-0.000895312114
1.262399911880	-0.001901168027
1.263999938965	-0.001439840067
1.265599966049	-0.001834288123
1.267199993134	-0.001775984187
1.268800020218	-0.002158688148
1.270399928093	-0.001728272066
1.271999955177	-0.001407216070
1.273599982262	-0.001348912134
1.275200009346	-0.002484256169
1.276799917221	-0.001999344211
1.278399944305	-0.000963664090
1.279999971390	-0.001360096154
1.281599998474	-0.001812272123
1.283200025558	-0.000915696088
1.284799933434	-0.000263936032
1.286399960518	-0.001742688124
1.287999987602	-0.001813664217
1.289600014687	-0.001962992130
1.291199922562	-0.003166864393
1.292799949646	-0.001657504123
1.294399976730	-0.001209024107
1.296000003815	-0.002347392263
1.297599911690	-0.002261504298
1.299199938774	-0.001714096172
1.300799965858	-0.000599456078
1.302399992943	-0.001686704112
1.304000020027	-0.002502192277
1.305599927902	-0.002071776194
1.307199954987	-0.003260000376
1.308799982071	-0.001597248134
1.310400009155	-0.001885392121
1.311999917030	-0.000332576048
1.313599944115	-0.001004768070
1.315199971199	-0.002900272142
1.316799998283	-0.001595008071
1.318400025368	-0.001854320173
1.319999933243	-0.003545376239
1.321599960327	-0.001533616101
1.323199987411	-0.001665072166
1.324800014496	-0.002248736098
1.326399922371	-0.001980448142
1.327999949455	-0.000939888065
1.329599976540	-0.003008000320
1.331200003624	-0.002796352142
1.332799911499	-0.001731616096
1.334399938583	-0.001282560057
1.335999965668	-0.002155184047
1.337599992752	-0.003536160337
1.339200019836	-0.001107728109
1.340799927711	-0.002184224315
1.342399954796	-0.002663536230
1.343999981880	-0.002437568270
1.345600008965	-0.003383296309
1.347199916840	-0.003560816403
1.348799943924	-0.002371824114
1.350399971008	-0.002457696246
1.351999998093	-0.003285056213
1.353600025177	-0.002756064292
1.355199933052	-0.002386032138
1.356799960136	-0.000971936039
1.358399987221	-0.003822176484
1.360000014305	-0.001837152056
1.361599922180	-0.001107360120
1.363199949265	-0.002422192134
1.364799976349	-0.003779808292
1.366400003433	-0.001073536114
1.367999911308	-0.000801200047
1.369599938393	-0.001868192223
1.371199965477	-0.003037104150
1.372799992561	-0.002323632129
1.374400019646	-0.001388496137
1.375999927521	-0.003588592401
1.377599954605	-0.002596304286
1.379199981689	-0.001840608194
1.380800008774	-0.002013744088
1.382399916649	-0.001396080130
1.383999943733	-0.001251392066
1.385599970818	-0.002131136134
1.387199997902	-0.001563984086
1.388799905777	-0.002438352210
1.390399932861	-0.002115744166
1.391999959946	-0.004376800265
1.393599987030	-0.002417184180
1.395200014114	-0.002285696100
1.396799921989	-0.002347728238
1.398399949074	-0.002966704313
1.399999976158	-0.002092448296
1.401600003242	-0.000790352118
1.403199911118	-0.002089968184
1.404799938202	-0.003644480370
1.406399965286	-0.001948144170
1.407999992371	-0.001744720154
1.409600019455	-0.002922048094
1.411199927330	-0.002804192249
1.412799954414	-0.001475248137
1.414399981499	-0.001897008158
1.416000008583	-0.001925568213
1.417599916458	-0.003019776195
1.419199943542	-0.002261568094
1.420799970627	-0.003007808235
1.422399997711	-0.003100464353
1.423999905586	-0.003308992367
1.425599932671	-0.002621712163
1.427199959755	-0.001652848092
1.428799986839	-0.001746656140
1.430400013924	-0.000389568042
1.431999921799	-0.001765504130
1.433599948883	-0.003055472160
1.435199975967	-0.002241648268
1.436800003052	-0.003247792367
1.438399910927	-0.003577936208
1.439999938011	-0.003548992332
1.441599965096	-0.003780576400
1.443199992180	-0.002475056332
1.444800019264	-0.003275760217
1.446399927139	-0.002377088182
1.447999954224	-0.003725200426
1.449599981308	-0.001898112125
1.451200008392	-0.003549296409
1.452799916267	-0.001962672221
1.454399943352	-0.002823296236
1.455999970436	-0.002274992177
1.457599997520	-0.002451152308
1.459199905396	-0.001744288136
1.460799932480	-0.001126832096
1.462399959564	-0.002755232155
1.463999986649	-0.003368960228
1.465600013733	-0.004084864166
1.467199921608	-0.003146640258
1.468799948692	-0.002225504257
1.470399975777	-0.003008192172
1.472000002861	-0.002436640207
1.473599910736	-0.003514800221
1.475199937820	-0.002328128088
1.476799964905	-0.005281520542
1.478399991989	-0.003559184261
1.480000019073	-0.002340416191
1.481599926949	-0.003093136242
1.483199954033	-0.002685520099
1.484799981117	-0.002323536202
1.486400008202	-0.001459760126
1.487999916077	-0.003456144361
1.489599943161	-0.003542848397
1.491199970245	-0.004750480410
1.492799997330	-0.003204224398
1.494399905205	-0.003990528174
1.495999932289	-0.004627872258
1.497599959373	-0.004636176396
1.499199986458	-0.003895856440
1.500800013542	-0.003354192246
1.502399921417	-0.002833248116
1.503999948502	-0.002246576129
1.505599975586	-0.004125184380
1.507200002670	-0.003773808246
1.508799910545	-0.003612928325
1.510399937630	-0.003884704318
1.511999964714	-0.002322944114
1.513599991798	-0.002283792244
1.515200018883	-0.003535424359
1.516799926758	-0.003950240556
1.518399953842	-0.002546736272
1.519999980927	-0.001354672131
1.521600008011	-0.003100656206
1.523199915886	-0.003211888252
1.524799942970	-0.004010256380
1.526399970055	-0.003861568402
1.527999997139	-0.003773104399
1.529599905014	-0.001464944100
1.531199932098	-0.002231520135
1.532799959183	-0.003149424214
1.534399986267	-0.002484992146
1.536000013351	-0.003704016330
1.537599921227	-0.003588608233
1.539199948311	-0.001331632142
1.540799975395	-0.004663840402
1.542400002480	-0.003325968282
1.543999910355	-0.003737680381
1.545599937439	-0.003611840308
1.547199964523	-0.003683344228
1.548799991608	-0.002621408319
1.550400018692	-0.003291760338
1.551999926567	-0.002932400210
1.553599953651	-0.005581104662
1.555199980736	-0.003117552260
1.556800007820	-0.002017824212
1.558399915695	-0.002835344290
1.559999942780	-0.002843472175
1.561599969864	-0.002898128238
1.563199996948	-0.003236608347
1.564799904823	-0.002803184325
1.566399931908	-0.002564528259
1.567999958992	-0.003105632262
1.569599986076	-0.004409648478
1.571200013161	-0.004497792572
1.572799921036	-0.003739552340
1.574399948120	-0.002903248183
1.575999975204	-0.003440032247
1.577600002289	-0.002585168229
1.579199910164	-0.003471808275
1.580799937248	-0.003820064245
1.582399964333	-0.003220240353
1.583999991417	-0.002276608255
1.585600018501	-0.003792544361
1.587199926376	-0.002748992294
1.588799953461	-0.001109632081
1.590399980545	-0.002427872270
1.592000007629	-0.003346176352
1.593599915504	-0.003109376179
1.595199942589	-0.005042624660
1.596799969673	-0.004502944183
1.598399996758	-0.002225136152
1.599999904633	-0.004031744320
1.601599931717	-0.004516144283
1.603199958801	-0.004326992203
1.604799985886	-0.002381072147
1.606400012970	-0.003339616349
1.607999920845	-0.003150016302
1.609599947929	-0.003178624203
1.611199975014	-0.002105616266
1.612800002098	-0.004043120425
1.614399909973	-0.003665888216
1.615999937057	-0.002114784205
1.617599964142	-0.002732560271
1.619199991226	-0.004847040400
1.620800018311	-0.003597008297
1.622399926186	-0.006367872469
1.623999953270	-0.005160192493
1.625599980354	-0.004552720580
1.627200007439	-0.004040224478
1.628799915314	-0.005134064704
1.630399942398	-0.003375680186
1.631999969482	-0.002665264299
1.633599996567	-0.002468944294
1.635199904442	-0.003432368394
1.636799931526	-0.001654192107
1.638399958611	-0.000740288058
1.639999985695	-0.003217072226
1.641600012779	-0.005352544598
1.643199920654	-0.003842016216
1.644799947739	-0.002626192290
1.646399974823	-0.004531088285
1.648000001907	-0.003689824371
1.649599909782	-0.002578848274
1.651199936867	-0.002095872071
1.652799963951	-0.003019296331
1.654399991035	-0.002941232175
1.655999898911	-0.004174240399
1.657599925995	-0.002411456313
1.659199953079	-0.003330864245
1.660799980164	-0.001905680168
1.662400007248	-0.003982752096
1.663999915123	-0.003470624331
1.665599942207	-0.003652960295
1.667199969292	-0.003476832295
1.668799996376	-0.004451504443
1.670399904251	-0.005821232684
1.671999931335	-0.004847648554
1.673599958420	-0.004968352616
1.675199985504	-0.003544960404
1.676800012589	-0.004010896198
1.678399920464	-0.003985472489
1.679999947548	-0.005085040350
1.681599974632	-0.002704080194
1.683200001717	-0.003006304381
1.684799909592	-0.003809680231
1.686399936676	-0.002731424291
1.687999963760	-0.002701152116
1.689599990845	-0.002600448206
1.691199898720	-0.004722528625
1.692799925804	-0.003695184365
1.694399952888	-0.003473168239
1.695999979973	-0.005643696524
1.697600007057	-0.005616016686
1.699199914932	-0.004113488365
1.700799942017	-0.003335872199
1.702399969101	-0.003383920295
1.703999996185	-0.003284048289
1.705599904060	-0.004393344279
1.707199931145	-0.002362096217
1.708799958229	-0.003898912342
1.710399985313	-0.002986304229
1.712000012398	-0.001815824071
1.713599920273	-0.004528944381
1.715199947357	-0.004086032510
1.716799974442	-0.004234112334
1.718400001526	-0.005528336391
1.719999909401	-0.003280832199
1.721599936485	-0.004846416414
1.723199963570	-0.005551008508
1.724799990654	-0.003864320228
1.726399898529	-0.004370240495
1.727999925613	-0.004389152396
1.729599952698	-0.004751200322
1.731199979782	-0.004062128253
1.732800006866	-0.003806768218
1.734399914742	-0.001646944205
1.735999941826	-0.002310848329
1.737599968910	-0.004511568230
1.739199995995	-0.004015712533
1.740799903870	-0.002290944103
1.742399930954	-0.004461728502
1.743999958038	-0.004750432447
1.745599985123	-0.004915280268
1.747200012207	-0.003685168223
1.748799920082	-0.006347488612
1.750399947166	-0.003641152289
1.751999974251	-0.005333392415
1.753600001335	-0.005147056654
1.755199909210	-0.004192544147
1.756799936295	-0.003684992203
1.758399963379	-0.004639936611
1.759999990463	-0.003478576196
1.761599898338	-0.002462384291
1.763199925423	-0.003855760442
1.764799952507	-0.005135504529
1.766399979591	-0.004146080464
1.768000006676	-0.002859488130
1.769599914551	-0.004566672258
1.771199941635	-0.003950944170
1.772799968719	-0.003095744178
1.774399995804	-0.004382384475
1.775999903679	-0.005914368667
1.777599930763	-0.004088576417
1.779199957848	-0.003239184385
1.780799984932	-0.003574112197
1.782400012016	-0.003589728381
1.783999919891	-0.002335024066
1.785599946976	-0.003174352227
1.787199974060	-0.004155936185
1.788800001144	-0.002463808283
1.790399909019	-0.003369920421
1.791999936104	-0.004904272500
1.793599963188	-0.002244448289
1.795199990273	-0.005238384474
1.796799898148	-0.006028944626
1.798399925232	-0.004190560430
1.799999952316	-0.003700848436
1.801599979401	-0.005073152483
1.803200006485	-0.004516144283
1.804799914360	-0.003039264353
1.806399941444	-0.004804416560
1.807999968529	-0.004775328562
1.809599995613	-0.003291104222
1.811199903488	-0.004463632591
1.812799930573	-0.003530720249
1.814399957657	-0.003415376181
1.815999984741	-0.004084384535
1.817600011826	-0.003300192300
1.819199919701	-0.005163056310
1.820799946785	-0.004695728421
1.822399973869	-0.004495536443
1.824000000954	-0.005865520332
1.825599908829	-0.005303296261
1.827199935913	-0.004471456166
1.828799962997	-0.005194064230
1.830399990082	-0.002835808322
1.831999897957	-0.002455904149
1.833599925041	-0.004747872241
1.835199952126	-0.004425888415
1.836799979210	-0.003398864297
1.838400006294	-0.003234720323
1.839999914169	-0.003483600216
1.841599941254	-0.004028560128
1.843199968338	-0.004398288205
1.844799995422	-0.004445392638
1.846399903297	-0.004983056337
1.847999930382	-0.003331216285
1.849599957466	-0.005723104347
1.851199984550	-0.005445296410
1.852800011635	-0.002555776155
1.854399919510	-0.004700032528
1.855999946594	-0.003793568350
1.857599973679	-0.004320928361
1.859200000763	-0.002036896069
1.860799908638	-0.004605968483
1.862399935722	-0.004639472347
1.863999962807	-0.004283616319
1.865599989891	-0.004333264194
1.867199897766	-0.003792832373
1.868799924850	-0.004402352497
1.870399951935	-0.005445904564
1.871999979019	-0.003697344335
1.873600006104	-0.003467840375
1.875199913979	-0.004449712578
1.876799941063	-0.006216256414
1.878399968147	-0.004650400486
1.879999995232	-0.004134496208
1.881599903107	-0.003167184303
1.883199930191	-0.004601216409
1.884799957275	-0.003319488373
1.886399984360	-0.005112256389
1.888000011444	-0.003156000283
1.889599919319	-0.003248352325
1.891199946404	-0.004229232203
1.892799973488	-0.005605936516
1.894400000572	-0.004455808550
1.895999908447	-0.005127344280
1.897599935532	-0.006817072630
1.899199962616	-0.004022688139
1.900799989700	-0.002406256273
1.902399897575	-0.003994176164
1.903999924660	-0.005203600507
1.905599951744	-0.003735376289
1.907199978828	-0.003715984290
1.908800005913	-0.004885616247
1.910399913788	-0.003686576383
1.911999940872	-0.002783808159
1.913599967957	-0.004806080367
1.915199995041	-0.005551104434
1.916799902916	-0.004884016234
1.918399930000	-0.004845760297
1.919999957085	-0.004556496162
1.921599984169	-0.003503024345
1.923199892044	-0.004166704137
1.924799919128	-0.004927472211
1.926399946213	-0.004401776474
1.927999973297	-0.005624224432
1.929600000381	-0.004093184136
1.931199908257	-0.004973824602
1.932799935341	-0.003995776176
1.934399962425	-0.003783696331
1.935999989510	-0.002380496124
1.937599897385	-0.003524912288
1.939199924469	-0.004775328562
1.940799951553	-0.005079280585
1.942399978638	-0.003343696240
1.944000005722	-0.004531792365
1.945599913597	-0.005532640498
1.947199940681	-0.004570384510
1.948799967766	-0.005497632548
1.950399994850	-0.005876160692
1.951999902725	-0.005848016590
1.953599929810	-0.005724864546
1.955199956894	-0.004907344468
1.956799983978	-0.005123872310
1.958399891853	-0.005790224299
1.959999918938	-0.006124544423
1.961599946022	-0.004569088574
1.963199973106	-0.003638544353
1.964800000191	-0.005264640320
1.966399908066	-0.004674384370
1.967999935150	-0.006569376681
1.969599962234	-0.005333952606
1.971199989319	-0.005813856609
1.972799897194	-0.005386512261
1.974399924278	-0.005660112482
1.975999951363	-0.004312144592
1.977599978447	-0.005435360596
1.979200005531	-0.004483152181
1.980799913406	-0.005344944540
1.982399940491	-0.004148752429
1.983999967575	-0.003627744270
1.985599994659	-0.002671728143
1.987199902534	-0.004598944448
1.988799929619	-0.003624048317
1.990399956703	-0.005165536422
1.991999983788	-0.003844768275
1.993599891663	-0.005473904312
1.995199918747	-0.004365376197
1.996799945831	-0.005349888466
1.998399972916	-0.005138288252
2.000000000000	-0.006758176722
2.001600027084	-0.005187376402
2.003200054169	-0.004505520221
2.004799842834	-0.004952576477
2.006399869919	-0.005057168193
2.007999897003	-0.004334480502
2.009599924088	-0.005544480402
2.011199951172	-0.004430208355
2.012799978256	-0.004262528382
2.014400005341	-0.005328416359
2.016000032425	-0.005022592377
2.017600059509	-0.003235232318
2.019199848175	-0.003272656351
2.020799875259	-0.005435648374
2.022399902344	-0.005323360208
2.023999929428	-0.005729840603
2.025599956512	-0.004705696367
2.027199983597	-0.005900976714
2.028800010681	-0.005279008299
2.030400037766	-0.004282272421
2.032000064850	-0.005932032596
2.033599853516	-0.005311008543
2.035199880600	-0.001681488124
2.036799907684	-0.004164448474
2.038399934769	-0.006371712778
2.039999961853	-0.005721904337
2.041599988937	-0.003703008406
2.043200016022	-0.004455952439
2.044800043106	-0.004713456612
2.046399831772	-0.006443408318
2.047999858856	-0.005260480568
2.049599885941	-0.005270480644
2.051199913025	-0.005473488476
2.052799940109	-0.003846704261
2.054399967194	-0.004422768485
2.055999994278	-0.005300336517
2.057600021362	-0.006195984315
2.059200048447	-0.004553872626
2.060799837112	-0.005584640428
2.062399864197	-0.005164976232
2.063999891281	-0.003347664373
2.065599918365	-0.005573792383
2.067199945450	-0.006291008554
2.068799972534	-0.004293008242
2.070399999619	-0.006385120563
2.072000026703	-0.005865616258
2.073600053787	-0.005610160530
2.075199842453	-0.004911888391
2.076799869537	-0.005525472574
2.078399896622	-0.004824144300
2.079999923706	-0.004892768338
2.081599950790	-0.004985552281
2.083199977875	-0.004667680245
2.084800004959	-0.004309600219
2.086400032043	-0.004230256192
2.088000059128	-0.005459664389
2.089599847794	-0.004533808213
2.091199874878	-0.004282368347
2.092799901962	-0.004227376543
2.094399929047	-0.004996992182
2.095999956131	-0.005548176356
2.097599983215	-0.007207872812
2.099200010300	-0.005847216584
2.100800037384	-0.005975264590
2.102400064468	-0.005371776409
2.103999853134	-0.004608752206
2.105599880219	-0.004395296331
2.107199907303	-0.005088928621
2.108799934387	-0.004375824239
2.110399961472	-0.004243600182
2.111999988556	-0.003209264250
2.113600015640	-0.005068416242
2.115200042725	-0.005157280248
2.116799831390	-0.005473440513
2.118399858475	-0.005971088540
2.119999885559	-0.004238736350
2.121599912643	-0.005088432226
2.123199939728	-0.005365184508
2.124799966812	-0.006544112694
2.126399993896	-0.005440224428
2.128000020981	-0.004594800528
2.129600048065	-0.005479392596
2.131199836731	-0.003855168354
2.132799863815	-0.004576016217
2.134399890900	-0.005737840664
2.135999917984	-0.003213200253
2.137599945068	-0.003861728357
2.139199972153	-0.004704096355
2.140799999237	-0.006270608399
2.142400026321	-0.004754032474
2.144000053406	-0.005894688424
2.145599842072	-0.005614640657
2.147199869156	-0.006966208573
2.148799896240	-0.004712288268
2.150399923325	-0.005659168586
2.151999950409	-0.004230240360
2.153599977493	-0.004977152217
2.155200004578	-0.005687744357
2.156800031662	-0.004111120477
2.158400058746	-0.003435584251
2.159999847412	-0.005164576694
2.161599874496	-0.005819152575
2.163199901581	-0.005986848380
2.164799928665	-0.005680144299
2.166399955750	-0.004993776325
2.167999982834	-0.005560144316
2.169600009918	-0.006344128400
2.171200037003	-0.004508240614
2.172800064087	-0.006387632340
2.174399852753	-0.005826176610
2.175999879837	-0.006755200680
2.177599906921	-0.004666560329
2.179199934006	-0.004975072574
2.180799961090	-0.006273216568
2.182399988174	-0.004240800161
2.184000015259	-0.006533184554
2.185600042343	-0.005046128295
2.187199831009	-0.003388368292
2.188799858093	-0.004607200157
2.190399885178	-0.005478352308
2.191999912262	-0.006179008633
2.193599939346	-0.006153776776
2.195199966431	-0.006711024791
2.196799993515	-0.006715664640
2.198400020599	-0.004621728323
2.200000047684	-0.006891776342
2.201599836349	-0.006376480684
2.203199863434	-0.004608608317
2.204799890518	-0.006412208546
2.206399917603	-0.006884656381
2.207999944687	-0.004624528345
2.209599971771	-0.005133728497
2.211199998856	-0.005348752253
2.212800025940	-0.006431600545
2.214400053024	-0.005027488340
2.215999841690	-0.007465392817
2.217599868774	-0.006357200444
2.219199895859	-0.006872944534
2.220799922943	-0.005796656478
2.222399950027	-0.006979552563
2.223999977112	-0.008065856993
2.225600004196	-0.007077456452
2.227200031281	-0.003681616159
2.228800058365	-0.006950992625
2.230399847031	-0.007614480797
2.231999874115	-0.003912880551
2.233599901199	-0.004692160524
2.235199928284	-0.005238832440
2.236799955368	-0.003659136361
2.238399982452	-0.005316736177
2.240000009537	-0.005550704431
2.241600036621	-0.006051184610
2.243199825287	-0.005856112577
2.244799852371	-0.006448272616
2.246399879456	-0.008063793182
2.247999906540	-0.007129712496
2.249599933624	-0.005367680453
2.251199960709	-0.006726848427
2.252799987793	-0.005446864292
2.254400014877	-0.006348592695
2.256000041962	-0.005760240369
2.257599830627	-0.006473568734
2.259199857712	-0.004504144192
2.260799884796	-0.004830112215
2.262399911880	-0.007662192453
2.263999938965	-0.007303440478
2.265599966049	-0.005443040282
2.267199993134	-0.004045648500
2.268800020218	-0.005268368404
2.270400047302	-0.007830704562
2.271999835968	-0.005928944331
2.273599863052	-0.004962880630
2.275199890137	-0.005708432756
2.276799917221	-0.006653904449
2.278399944305	-0.005724848714
2.279999971390	-0.007321088575
2.281599998474	-0.006335424725
2.283200025558	-0.006478192285
2.284800052643	-0.005507408641
2.286399841309	-0.006021552719
2.287999868393	-0.006364160683
2.289599895477	-0.004950960632
2.291199922562	-0.004771376494
2.292799949646	-0.005408144556
2.294399976730	-0.006547504570
2.296000003815	-0.006862432696
2.297600030899	-0.005986608565
2.299200057983	-0.006511296611
2.300799846649	-0.005834752228
2.302399873734	-0.006994336378
2.303999900818	-0.006256960332
2.305599927902	-0.005075088236
2.307199954987	-0.005675088614
2.308799982071	-0.006302544381
2.310400009155	-0.005774368532
2.312000036240	-0.005199136678
2.313599824905	-0.004404400475
2.315199851990	-0.004949328490
2.316799879074	-0.006045232527
2.318399906158	-0.005997264292
2.319999933243	-0.006659776438
2.321599960327	-0.005538160447
2.323199987411	-0.005275296513
2.324800014496	-0.005053760484
2.326400041580	-0.007721120492
2.327999830246	-0.004480544478
2.329599857330	-0.005012864247
2.331199884415	-0.005192832556
2.332799911499	-0.005056320224
2.334399938583	-0.004255824257
2.335999965668	-0.004002336413
2.337599992752	-0.005727360491
2.339200019836	-0.005471424200
2.340800046921	-0.005709552672
2.342399835587	-0.006537808571
2.343999862671	-0.006571616512
2.345599889755	-0.007789200637
2.347199916840	-0.006312448531
2.348799943924	-0.007753968704
2.350399971008	-0.007540976629
2.351999998093	-0.004924880341
2.353600025177	-0.006901056506
2.355200052261	-0.007157056592
2.356799840927	-0.004671168514
2.358399868011	-0.006485904567
2.359999895096	-0.006099360529
2.361599922180	-0.005365600344
2.363199949265	-0.005222224630
2.364799976349	-0.005663824268
2.366400003433	-0.005121616181
2.368000030518	-0.007515440695
2.369600057602	-0.005535424687
2.371199846268	-0.007522080559
2.372799873352	-0.007344144862
2.374399900436	-0.005655888468
2.375999927521	-0.004869824275
2.377599954605	-0.006311936770
2.379199981689	-0.006290848367
2.380800008774	-0.005502400454
2.382400035858	-0.005639312323
2.383999824524	-0.003541120328
2.385599851608	-0.004426960368
2.387199878693	-0.006140240468
2.388799905777	-0.004833216313
2.390399932861	-0.005613920279
2.391999959946	-0.007165792398
2.393599987030	-0.006497328635
2.395200014114	-0.005043792538
2.396800041199	-0.007297456730
2.398399829865	-0.007465088740
2.399999856949	-0.006826704368
2.401599884033	-0.005163456313
2.403199911118	-0.006183136255
2.404799938202	-0.007886272855
2.406399965286	-0.006987216417
2.407999992371	-0.005353136454
2.409600019455	-0.007368800696
2.411200046539	-0.005469184369
2.412799835205	-0.005835040472
2.414399862289	-0.006265872624
2.415999889374	-0.005426064599
2.417599916458	-0.006117664743
2.419199943542	-0.007169440389
2.420799970627	-0.006024240516
2.422399997711	-0.006632992532
2.424000024796	-0.007400304545
2.425600051880	-0.006812272593
2.427199840546	-0.006262880284
2.428799867630	-0.007147424389
2.430399894714	-0.006761520635
2.431999921799	-0.003923408221
2.433599948883	-0.006145584397
2.435199975967	-0.006029376294
2.436800003052	-0.005117040128
2.438400030136	-0.004823200405
2.440000057220	-0.007004496641
2.441599845886	-0.004454480484
2.443199872971	-0.005114400294
2.444799900055	-0.006538384594
2.446399927139	-0.006855200510
2.447999954224	-0.006195872556
2.449599981308	-0.006137664430
2.451200008392	-0.007061232813
2.452800035477	-0.006778992712
2.454399824142	-0.006105312612
2.455999851227	-0.006264032330
2.457599878311	-0.006920944434
2.459199905396	-0.006173904520
2.460799932480	-0.006282944698
2.462399959564	-0.006050480530
2.463999986649	-0.006371360272
2.465600013733	-0.005215104204
2.467200040817	-0.008219408803
2.468799829483	-0.008227168582
2.470399856567	-0.007563072722
2.471999883652	-0.006690464448
2.473599910736	-0.006775648333
2.475199937820	-0.005854032468
2.476799964905	-0.006810992491
2.478399991989	-0.006340016611
2.480000019073	-0.006215024740
2.481600046158	-0.006952624768
2.483199834824	-0.006797424518
2.484799861908	-0.007929408923
2.486399888992	-0.006685872562
2.487999916077	-0.005883504637
2.489599943161	-0.007830657065
2.491199970245	-0.005627760664
2.492799997330	-0.006535184570
2.494400024414	-0.006547552533
2.496000051498	-0.007126256824
2.497599840164	-0.008237104863
2.499199867249	-0.007397472393
2.500799894333	-0.008056352846
2.502399921417	-0.005461808294
2.503999948502	-0.007151056547
2.505599975586	-0.007110288832
2.507200002670	-0.006131344475
2.508800029755	-0.008033921011
2.510399818420	-0.005400848575
2.511999845505	-0.005491008516
2.513599872589	-0.007071408443
2.515199899673	-0.007391392719
2.516799926758	-0.007793776691
2.518399953842	-0.006228992715
2.519999980927	-0.006716384552
2.521600008011	-0.007018256467
2.523200035095	-0.007537696511
2.524799823761	-0.006639888510
2.526399850845	-0.005459616426
2.527999877930	-0.007170832716
2.529599905014	-0.007359840441
2.531199932098	-0.006381104700
2.532799959183	-0.006901920773
2.534399986267	-0.006923648529
2.536000013351	-0.005616464652
2.537600040436	-0.004097056575
2.539199829102	-0.006064816378
2.540799856186	-0.008474720642
2.542399883270	-0.005885200575
2.543999910355	-0.007384928875
2.545599937439	-0.007146704476
2.547199964523	-0.006827056408
2.548799991608	-0.008029632270
2.550400018692	-0.008109632879
2.552000045776	-0.005981328432
2.553599834442	-0.006264016498
2.555199861526	-0.006390384398
2.556799888611	-0.006149248686
2.558399915695	-0.007101120427
2.559999942780	-0.005868528504
2.561599969864	-0.005370608531
2.563199996948	-0.006579184439
2.564800024033	-0.005717104301
2.566400051117	-0.006935648620
2.567999839783	-0.006431296468
2.569599866867	-0.004960272461
2.571199893951	-0.007981488481
2.572799921036	-0.007866336964
2.574399948120	-0.005655808374
2.575999975204	-0.007744592614
2.577600002289	-0.009312081151
2.579200029373	-0.007491008844
2.580799818039	-0.005248896312
2.582399845123	-0.006912896410
2.583999872208	-0.006344976369
2.585599899292	-0.006085856352
2.587199926376	-0.005692880601
2.588799953461	-0.005685760640
2.590399980545	-0.005638144445
2.592000007629	-0.006287168711
2.593600034714	-0.006398192607
2.595199823380	-0.007300448604
2.596799850464	-0.006528704427
2.598399877548	-0.005665168632
2.599999904633	-0.008354512975
2.601599931717	-0.007267536595
2.603199958801	-0.006612352561
2.604799985886	-0.007147968747
2.606400012970	-0.007417072542
2.608000040054	-0.006668384653
2.609599828720	-0.005364656448
2.611199855804	-0.007493056357
2.612799882889	-0.007871313021
2.614399909973	-0.004329520278
2.615999937057	-0.007158000488
2.617599964142	-0.005445024464
2.619199991226	-0.007362752687
2.620800018311	-0.006841840688
2.622400045395	-0.007211552467
2.623999834061	-0.006741232704
2.625599861145	-0.007317248732
2.627199888229	-0.007415184751
2.628799915314	-0.006750304718
2.630399942398	-0.007409472484
2.631999969482	-0.006639520638
2.633599996567	-0.005829648580
2.635200023651	-0.006869664416
2.636800050735	-0.005674368236
2.638399839401	-0.006415696349
2.639999866486	-0.006873472594
2.641599893570	-0.006690928712
2.643199920654	-0.007723168470
2.644799947739	-0.006663920358
2.646399974823	-0.008473856375
2.648000001907	-0.007326496765
2.649600028992	-0.007589456625
2.651199817657	-0.007857184857
2.652799844742	-0.006014992483
2.654399871826	-0.007672960870
2.655999898911	-0.005585744511
2.657599925995	-0.007007760461
2.659199953079	-0.007753856480
2.660799980164	-0.007764368784
2.662400007248	-0.004916000180
2.664000034332	-0.004770416301
2.665599822998	-0.006427696440
2.667199850082	-0.007806272712
2.668799877167	-0.005637472495
2.670399904251	-0.007120960392
2.671999931335	-0.007225024514
2.673599958420	-0.007677392568
2.675199985504	-0.007575424388
2.676800012589	-0.008713744581
2.678400039673	-0.006883168593
2.679999828339	-0.006107936613
2.681599855423	-0.007981936447
2.683199882507	-0.006615584716
2.684799909592	-0.006569216494
2.686399936676	-0.007290368434
2.687999963760	-0.005549456459
2.689599990845	-0.006859984715
2.691200017929	-0.006877888460
2.692800045013	-0.006872800644
2.694399833679	-0.008049872704
2.695999860764	-0.006352144293
2.697599887848	-0.007800640538
2.699199914932	-0.006819568574
2.700799942017	-0.007992784493
2.702399969101	-0.006638416555
2.703999996185	-0.007577504497
2.705600023270	-0.007594752591
2.707200050354	-0.006268976722
2.708799839020	-0.007565488573
2.710399866104	-0.008343136869
2.711999893188	-0.007230256684
2.713599920273	-0.007137040608
2.715199947357	-0.007273328491
2.716799974442	-0.008428736590
2.718400001526	-0.006164784543
2.720000028610	-0.006193152629
2.721599817276	-0.008734000847
2.723199844360	-0.007989936508
2.724799871445	-0.007308576722
2.726399898529	-0.006187152583
2.727999925613	-0.008547472768
2.729599952698	-0.006564432755
2.731199979782	-0.007900384255
2.732800006866	-0.004819408525
2.734400033951	-0.007095104549
2.735999822617	-0.004488912411
2.737599849701	-0.007764704525
2.739199876785	-0.005287200678
2.740799903870	-0.008269264363
2.742399930954	-0.005795600358
2.743999958038	-0.008492880501
2.745599985123	-0.006874208804
2.747200012207	-0.008716721088
2.748800039291	-0.007375152782
2.750399827957	-0.007359728683
2.751999855042	-0.007620256860
2.753599882126	-0.008053232916
2.755199909210	-0.006108848378
2.756799936295	-0.007452512626
2.758399963379	-0.008150177076
2.759999990463	-0.006174784619
2.761600017548	-0.006995008793
2.763200044632	-0.006373904645
2.764799833298	-0.006588032469
2.766399860382	-0.006690272596
2.767999887466	-0.008990896866
2.769599914551	-0.007232112810
2.771199941635	-0.005777120590
2.772799968719	-0.010275600478
2.774399995804	-0.005674544722
2.776000022888	-0.007292112801
2.777599811554	-0.006193904672
2.779199838638	-0.006646624766
2.780799865723	-0.007966049016
2.782399892807	-0.006597152445
2.783999919891	-0.007801680826
2.785599946976	-0.005856112577
2.787199974060	-0.006954976823
2.788800001144	-0.005248720292
2.790400028229	-0.006565792486
2.791999816895	-0.007765440736
2.793599843979	-0.007320736535
2.795199871063	-0.006958448794
2.796799898148	-0.009167968296
2.798399925232	-0.008219072595
2.799999952316	-0.008998640813
2.801599979401	-0.008245713077
2.803200006485	-0.007647008635
2.804800033569	-0.007879008539
2.806399822235	-0.007069792598
2.807999849319	-0.007824112661
2.809599876404	-0.007959536277
2.811199903488	-0.004869424272
2.812799930573	-0.006448624656
2.814399957657	-0.007210176438
2.815999984741	-0.007280720398
2.817600011826	-0.005767872557
2.819200038910	-0.008182880469
2.820799827576	-0.007524352521
2.822399854660	-0.007875616662
2.823999881744	-0.007268432528
2.825599908829	-0.006869728677
2.827199935913	-0.007482032757
2.828799962997	-0.007890192792
2.830399990082	-0.007355872542
2.832000017166	-0.008173760958
2.833600044250	-0.006911232602
2.835199832916	-0.007228384726
2.836799860001	-0.006814016495
2.838399887085	-0.007681568619
2.839999914169	-0.005210288335
2.841599941254	-0.006517840549
2.843199968338	-0.009422160685
2.844799995422	-0.006827456411
2.846400022507	-0.008153408766
2.847999811172	-0.008402688429
2.849599838257	-0.007226832677
2.851199865341	-0.006894400809
2.852799892426	-0.006979792379
2.854399919510	-0.009371632710
2.855999946594	-0.008480465040
2.857599973679	-0.007901281118
2.859200000763	-0.006243632641
2.860800027847	-0.006134928670
2.862399816513	-0.007408320438
2.863999843597	-0.006840288639
2.865599870682	-0.007780112792
2.867199897766	-0.006261872593
2.868799924850	-0.006985376589
2.870399951935	-0.007935265079
2.871999979019	-0.007562880404
2.873600006104	-0.008455872536
2.875200033188	-0.005963040516
2.876799821854	-0.008716640994
2.878399848938	-0.007625552826
2.879999876022	-0.008151073009
2.881599903107	-0.006860368419
2.883199930191	-0.005993008614
2.884799957275	-0.009058561176
2.886399984360	-0.008228032850
2.888000011444	-0.007658144459
2.889600038528	-0.008922048844
2.891199827194	-0.007654320449
2.892799854279	-0.007502784487
2.894399881363	-0.006849248428
2.895999908447	-0.007162864786
2.897599935532	-0.008080736734
2.899199962616	-0.007225264795
2.900799989700	-0.006131408736
2.902400016785	-0.007578304503
2.904000043869	-0.007095056586
2.905599832535	-0.007316272706
2.907199859619	-0.008124720305
2.908799886703	-0.008467808366
2.910399913788	-0.007010224741
2.911999940872	-0.008191457018
2.913599967957	-0.006100544240
2.915199995041	-0.008014448918
2.916800022125	-0.006103776395
2.918399810791	-0.009227184579
2.919999837875	-0.006366304588
2.921599864960	-0.009024945088
2.923199892044	-0.009427856654
2.924799919128	-0.008113152348
2.926399946213	-0.007388064638
2.927999973297	-0.008216881193
2.929600000381	-0.007705984637
2.931200027466	-0.008418928832
2.932799816132	-0.007165744435
2.934399843216	-0.007921984419
2.935999870300	-0.008937888779
2.937599897385	-0.006454528309
2.939199924469	-0.009116000496
2.940799951553	-0.008958784863
2.942399978638	-0.005290560424
2.944000005722	-0.007990816608
2.945600032806	-0.010122864507
2.947199821472	-0.007859520614
2.948799848557	-0.007948624901
2.950399875641	-0.007244656794
2.951999902725	-0.009434528649
2.953599929810	-0.006714880466
2.955199956894	-0.006908976473
2.956799983978	-0.008091872558
2.958400011063	-0.007705232594
2.960000038147	-0.007725504693
2.961599826813	-0.009129424579
2.963199853897	-0.006963088643
2.964799880981	-0.006670912728
2.966399908066	-0.006453680340
2.967999935150	-0.008685536683
2.969599962234	-0.008031232283
2.971199989319	-0.007963536307
2.972800016403	-0.009451712482
2.974400043488	-0.008864688687
2.975999832153	-0.006994640455
2.977599859238	-0.007274736650
2.979199886322	-0.007121840492
2.980799913406	-0.008218401112
2.982399940491	-0.006677408703
2.983999967575	-0.006700912490
2.985599994659	-0.007810512558
2.987200021744	-0.008095152676
2.988799810410	-0.007019056473
2.990399837494	-0.007397472393
2.991999864578	-0.007229312789
2.993599891663	-0.007936432958
2.995199918747	-0.008920144290
2.996799945831	-0.008166384883
2.998399972916	-0.007188896649
3.000000000000	-0.008745024912
3.001600027084	-0.009097632952
3.003199815750	-0.008924337104
3.004799842834	-0.006612896454
3.006399869919	-0.006746176630
3.007999897003	-0.007043168880
3.009599924088	-0.007272208575
3.011199951172	-0.006942048669
3.012799978256	-0.008027153090
3.014400005341	-0.007616400719
3.016000032425	-0.008145553060
3.017599821091	-0.007312512491
3.019199848175	-0.007055792492
3.020799875259	-0.009262416512
3.022399902344	-0.007662544493
3.023999929428	-0.008277680725
3.025599956512	-0.007792784832
3.027199983597	-0.008212801069
3.028800010681	-0.008185168728
3.030400037766	-0.007953312248
3.031999826431	-0.010877232999
3.033599853516	-0.007351024542
3.035199880600	-0.006572144572
3.036799907684	-0.007420880720
3.038399934769	-0.008458368480
3.039999961853	-0.007369760424
3.041599988937	-0.006528800353
3.043200016022	-0.009694929235
3.044799804687	-0.007641072851
3.046399831772	-0.009638784453
3.047999858856	-0.009656497277
3.049599885941	-0.007205168717
3.051199913025	-0.006699840538
3.052799940109	-0.006836912595
3.054399967194	-0.007329776417
3.055999994278	-0.008693584241
3.057600021362	-0.007188608404
3.059199810028	-0.009657921270
3.060799837112	-0.007836384699
3.062399864197	-0.007486768533
3.063999891281	-0.006794032641
3.065599918365	-0.007527056616
3.067199945450	-0.008923296817
3.068799972534	-0.007380400784
3.070399999619	-0.007320208475
3.072000026703	-0.007863696665
3.073599815369	-0.009314352646
3.075199842453	-0.011124849319
3.076799869537	-0.008047808893
3.078399896622	-0.007278016768
3.079999923706	-0.008411376737
3.081599950790	-0.008328208700
3.083199977875	-0.007921200246
3.084800004959	-0.008501424454
3.086400032043	-0.007186624687
3.087999820709	-0.007437648717
3.089599847794	-0.008242065087
3.091199874878	-0.007060400676
3.092799901962	-0.008526449092
3.094399929047	-0.008919504471
3.095999956131	-0.008256688714
3.097599983215	-0.008097968996
3.099200010300	-0.009026256390
3.100800037384	-0.008096752688
3.102399826050	-0.008046704344
3.103999853134	-0.007165600546
3.105599880219	-0.008421041071
3.107199907303	-0.006579520646
3.108799934387	-0.007917904295
3.110399961472	-0.009193488397
3.111999988556	-0.008941264823
3.113600015640	-0.008122689091
3.115199804306	-0.006474256516
3.116799831390	-0.008469328284
3.118399858475	-0.008828560822
3.119999885559	-0.005926304497
3.121599912643	-0.009559680708
3.123199939728	-0.008451360278
3.124799966812	-0.009618177079
3.126399993896	-0.009751521051
3.128000020981	-0.007770880591
3.129599809647	-0.007302864455
3.131199836731	-0.009156480432
3.132799863815	-0.007550848648
3.134399890900	-0.007280016784
3.135999917984	-0.007608304732
3.137599945068	-0.007773616817
3.139199972153	-0.009389344603
3.140799999237	-0.008112097159
3.142400026321	-0.007223984692
3.143999814987	-0.007458384614
3.145599842072	-0.008658048697
3.147199869156	-0.008772608824
3.148799896240	-0.009141344577
3.150399923325	-0.006463840604
3.151999950409	-0.010773505084
3.153599977493	-0.008711440489
3.155200004578	-0.006502352655
3.156800031662	-0.007941248827
3.158399820328	-0.009508240968
3.159999847412	-0.007384912577
3.161599874496	-0.007668112405
3.163199901581	-0.010175905190
3.164799928665	-0.009852992371
3.166399955750	-0.007152368780
3.167999982834	-0.007199264597
3.169600009918	-0.008306832984
3.171200037003	-0.007559984457
3.172799825668	-0.009257408790
3.174399852753	-0.008623744361
3.175999879837	-0.009364880621
3.177599906921	-0.007745504845
3.179199934006	-0.007812256459
3.180799961090	-0.008444544859
3.182399988174	-0.008657520637
3.184000015259	-0.008405104280
3.185599803925	-0.005476576276
3.187199831009	-0.007740256842
3.188799858093	-0.008308417164
3.190399885178	-0.007694912609
3.191999912262	-0.008358480409
3.193599939346	-0.010319473222
3.195199966431	-0.007886609063
3.196799993515	-0.006945136469
3.198400020599	-0.009296576492
3.199999809265	-0.009791009128
3.201599836349	-0.009544496424
3.203199863434	-0.010024464689
3.204799890518	-0.006643632427
3.206399917603	-0.008447488770
3.207999944687	-0.008793728426
3.209599971771	-0.009635024704
3.211199998856	-0.008809920400
3.212800025940	-0.008158496581
3.214399814606	-0.008159648627
3.215999841690	-0.006804224569
3.217599868774	-0.007921808399
3.219199895859	-0.008182048798
3.220799922943	-0.011078977026
3.222399950027	-0.007908480242
3.223999977112	-0.009391152300
3.225600004196	-0.008095152676
3.227200031281	-0.009195168503
3.228799819946	-0.008466145024
3.230399847031	-0.009165024385
3.231999874115	-0.005146448500
3.233599901199	-0.007790208794
3.235199928284	-0.008472656831
3.236799955368	-0.009580032900
3.238399982452	-0.006150304340
3.240000009537	-0.009641841054
3.241600036621	-0.009422209114
3.243199825287	-0.007836544886
3.244799852371	-0.006778000388
3.246399879456	-0.010954496451
3.247999906540	-0.009856352583
3.249599933624	-0.011306624860
3.251199960709	-0.007812961005
3.252799987793	-0.010073472746
3.254400014877	-0.009987841360
3.255999803543	-0.009372688830
3.257599830627	-0.007644288708
3.259199857712	-0.007786960807
3.260799884796	-0.008817648515
3.262399911880	-0.007941440679
3.263999938965	-0.008888816461
3.265599966049	-0.007977568544
3.267199993134	-0.008682704531
3.268800020218	-0.008421280421
3.270399808884	-0.008235856891
3.271999835968	-0.008530160412
3.273599863052	-0.008510016836
3.275199890137	-0.008798928931
3.276799917221	-0.007874576375
3.278399944305	-0.008183856495
3.279999971390	-0.007899936289
3.281599998474	-0.008357889019
3.283200025558	-0.008502800949
3.284799814224	-0.007166816387
3.286399841309	-0.008852496743
3.287999868393	-0.009388208389
3.289599895477	-0.007796464488
3.291199922562	-0.008671008982
3.292799949646	-0.009856944904
3.294399976730	-0.008242161013
3.296000003815	-0.007837984711
3.297600030899	-0.009945904836
3.299199819565	-0.008068448864
3.300799846649	-0.008705584332
3.302399873734	-0.008455600590
3.303999900818	-0.008342352696
3.305599927902	-0.010048736818
3.307199954987	-0.009366912767
3.308799982071	-0.007772816811
3.310400009155	-0.008662801236
3.311999797821	-0.008249472827
3.313599824905	-0.008110720664
3.315199851990	-0.008063312620
3.316799879074	-0.009087825194
3.318399906158	-0.009390032850
3.319999933243	-0.009089889005
3.321599960327	-0.010543649085
3.323199987411	-0.009291968308
3.324800014496	-0.008119248785
3.326399803162	-0.009757248685
3.327999830246	-0.009704273194
3.329599857330	-0.006353408564
3.331199884415	-0.009145040996
3.332799911499	-0.008724017069
3.334399938583	-0.008411249146
3.335999965668	-0.007874032483
3.337599992752	-0.007525200490
3.339200019836	-0.005788576324
3.340799808502	-0.007876400836
3.342399835587	-0.009171457030
3.343999862671	-0.009302592836
3.345599889755	-0.010150960647
3.347199916840	-0.009404769167
3.348799943924	-0.008866081014
3.350399971008	-0.008049841039
3.351999998093	-0.007452688646
3.353600025177	-0.010923152789
3.355199813843	-0.008170176297
3.356799840927	-0.007730656769
3.358399868011	-0.009230257012
3.359999895096	-0.010833568871
3.361599922180	-0.006916592363
3.363199949265	-0.007657264825
3.364799976349	-0.008920736611
3.366400003433	-0.007722576614
3.368000030518	-0.007297424600
3.369599819183	-0.012337968685
3.371199846268	-0.009352993220
3.372799873352	-0.010141232982
3.374399900436	-0.010186560452
3.375999927521	-0.011834529229
3.377599954605	-0.009020656347
3.379199981689	-0.007537696511
3.380800008774	-0.008847696707
3.382399797440	-0.009156080894
3.383999824524	-0.007657072507
3.385599851608	-0.007056256756
3.387199878693	-0.006517264526
3.388799905777	-0.009868512861
3.390399932861	-0.008336816914
3.391999959946	-0.008352128789
3.393599987030	-0.011253585108
3.395200014114	-0.009577648714
3.396799802780	-0.009251616895
3.398399829865	-0.007444096729
3.399999856949	-0.008963696659
3.401599884033	-0.009069920518
3.403199911118	-0.007601280697
3.404799938202	-0.007846753113
3.406399965286	-0.009465504438
3.407999992371	-0.008440624923
3.409600019455	-0.009720545262
3.411199808121	-0.008534177206
3.412799835205	-0.008577216417
3.414399862289	-0.009918192402
3.415999889374	-0.009171312675
3.417599916458	-0.008300720714
3.419199943542	-0.006844208576
3.420799970627	-0.009596272372
3.422399997711	-0.009053841233
3.424000024796	-0.009429344907
3.425599813461	-0.008524577133
3.427199840546	-0.010073073208
3.428799867630	-0.007216816768
3.430399894714	-0.008128576912
3.431999921799	-0.009965345263
3.433599948883	-0.010941345245
3.435199975967	-0.006875536405
3.436800003052	-0.008120737039
3.438400030136	-0.008369824849
3.439999818802	-0.008232817054
3.441599845886	-0.006637568586
3.443199872971	-0.009449969046
3.444799900055	-0.009607329033
3.446399927139	-0.010466480628
3.447999954224	-0.010054880753
3.449599981308	-0.008648896590
3.451200008392	0.011713840999
