0.000000000000	0.022876482457
0.001599999960	0.023551601917
0.003199999919	0.024493522942
0.004799999762	0.024514129385
0.006399999838	0.021700946614
0.007999999449	0.020879393443
0.009599999525	0.022993410006
0.011199999601	0.022043377161
0.012799999677	0.019766513258
0.014399999753	0.019101729617
0.015999998897	0.019264848903
0.017599999905	0.018899314106
0.019199999049	0.017924625427
0.020800000057	0.020168177783
0.022399999201	0.018100513145
0.024000000209	0.017223568633
0.025599999353	0.017561584711
0.027199998498	0.017826002091
0.028799999505	0.016221264377
0.030399998650	0.016896594316
0.031999997795	0.018177585676
0.033599998802	0.016752449796
0.035199999809	0.014277633280
0.036800000817	0.015955265611
0.038399998099	0.016772320494
0.039999999106	0.015095905401
0.041600000113	0.014763697051
0.043199997395	0.015878481790
0.044799998403	0.014475633390
0.046399999410	0.014714272693
0.048000000417	0.014915200882
0.049599997699	0.015030400828
0.051199998707	0.014097505249
0.052799999714	0.014325569384
0.054399996996	0.014200865291
0.055999998003	0.015124881640
0.057599999011	0.013859633356
0.059200000018	0.014096625149
0.060799997300	0.013735841028
0.062399998307	0.013341905549
0.063999995589	0.013454592787
0.065600000322	0.013720752671
0.067199997604	0.012592225336
0.068799994886	0.012712577358
0.070399999619	0.011892576702
0.071999996901	0.013228096999
0.073600001633	0.012062304653
0.075199998915	0.013201105408
0.076799996197	0.014230145141
0.078400000930	0.012417936698
0.079999998212	0.012275520712
0.081599995494	0.013008369133
0.083200000226	0.012289457023
0.084799997509	0.012551825494
0.086399994791	0.011471409351
0.087999999523	0.013370225206
0.089599996805	0.012952272780
0.091199994087	0.013846097514
0.092799998820	0.011810928583
0.094399996102	0.012755680829
0.096000000834	0.011426208541
0.097599998116	0.012370448560
0.099199995399	0.012784688734
0.100800000131	0.014131440781
0.102399997413	0.013539409265
0.103999994695	0.012223985046
0.105599999428	0.012803233229
0.107199996710	0.013703312725
0.108799993992	0.012354608625
0.110399998724	0.011727984995
0.111999996006	0.012123457156
0.113600000739	0.011331601068
0.115199998021	0.011376800947
0.116799995303	0.012258289382
0.118400000036	0.013103392906
0.119999997318	0.011288609356
0.121599994600	0.009875824675
0.123199999332	0.010872720741
0.124799996614	0.012611201033
0.126399993896	0.011257857084
0.127999991179	0.010763296857
0.129600003362	0.012475840747
0.131200000644	0.011080064811
0.132799997926	0.010953776538
0.134399995208	0.011598512530
0.135999992490	0.010976209305
0.137599989772	0.009763793088
0.139200001955	0.012556817383
0.140799999237	0.012369233184
0.142399996519	0.009540448897
0.143999993801	0.011008448899
0.145599991083	0.011284592561
0.147200003266	0.010851601139
0.148800000548	0.011851505376
0.150399997830	0.010744305328
0.151999995112	0.012158849277
0.153599992394	0.010249745101
0.155199989676	0.011929584667
0.156800001860	0.010403377004
0.158399999142	0.010281120427
0.159999996424	0.011802912690
0.161599993706	0.010385072790
0.163199990988	0.009945793077
0.164800003171	0.011265681125
0.166400000453	0.011005504988
0.167999997735	0.008223760873
0.169599995017	0.009442256764
0.171199992299	0.010756065138
0.172799989581	0.010783936828
0.174400001764	0.009883808903
0.175999999046	0.012073216960
0.177599996328	0.009663920850
0.179199993610	0.010171696544
0.180799990892	0.009591424838
0.182399988174	0.009616944939
0.184000000358	0.012410896830
0.185599997640	0.009681088850
0.187199994922	0.011531905271
0.188799992204	0.010319137014
0.190399989486	0.009125056677
0.192000001669	0.011316449381
0.193599998951	0.008808368817
0.195199996233	0.008966544643
0.196799993515	0.010657857172
0.198399990797	0.009755856358
0.199999988079	0.009259984829
0.201600000262	0.008381600492
0.203199997544	0.011741696857
0.204799994826	0.009569456801
0.206399992108	0.009504160844
0.207999989390	0.010177920572
0.209600001574	0.009871936403
0.211199998856	0.010140225291
0.212799996138	0.009184224531
0.214399993420	0.010447904468
0.215999990702	0.011856833473
0.217599987984	0.008675792255
0.219200000167	0.009732720442
0.220799997449	0.008739568293
0.222399994731	0.009766848758
0.223999992013	0.010349392891
0.225599989295	0.009232720360
0.227200001478	0.009757600725
0.228799998760	0.009069953114
0.230399996042	0.007863936946
0.231999993324	0.009832160547
0.233599990606	0.009524272755
0.235199987888	0.007748112548
0.236800000072	0.008767664433
0.238399997354	0.009114192799
0.239999994636	0.008285600692
0.241599991918	0.007872032933
0.243199989200	0.010587808676
0.244799986482	0.008767840452
0.246399998665	0.008687040769
0.247999995947	0.007992832921
0.249599993229	0.009916224517
0.251199990511	0.007858608849
0.252799987793	0.007921024226
0.254399985075	0.010118512437
0.255999982357	0.008521520533
0.257599979639	0.008251296356
0.259200006723	0.009402993135
0.260800004005	0.008460960351
0.262400001287	0.007312688511
0.263999998569	0.009208944626
0.265599995852	0.007675040513
0.267199993134	0.007805024739
0.268799990416	0.006517888512
0.270399987698	0.009258400649
0.271999984980	0.007904240862
0.273599982262	0.007239968516
0.275199979544	0.009342464618
0.276800006628	0.008360960521
0.278400003910	0.007980352268
0.280000001192	0.008901200257
0.281599998474	0.008225424215
0.283199995756	0.007137440611
0.284799993038	0.008765136823
0.286399990320	0.009419889189
0.287999987602	0.007052528672
0.289599984884	0.007921312936
0.291199982166	0.008092992939
0.292799979448	0.005743056536
0.294400006533	0.007740448695
0.296000003815	0.007820896804
0.297600001097	0.007284224499
0.299199998379	0.006878544576
0.300799995661	0.009154144675
0.302399992943	0.007724384777
0.303999990225	0.006799584720
0.305599987507	0.008062032983
0.307199984789	0.006420320366
0.308799982071	0.007331584580
0.310399979353	0.008511872962
0.312000006437	0.007951136678
0.313600003719	0.007752208505
0.315200001001	0.006857344415
0.316799998283	0.008204944432
0.318399995565	0.007641984615
0.319999992847	0.008926272392
0.321599990129	0.007904128172
0.323199987411	0.005922000390
0.324799984694	0.005678288639
0.326399981976	0.008286000229
0.327999979258	0.006254416425
0.329600006342	0.006064144429
0.331200003624	0.007025440689
0.332800000906	0.007489424665
0.334399998188	0.005775888450
0.335999995470	0.007365968544
0.337599992752	0.006322592497
0.339199990034	0.005965216551
0.340799987316	0.007997424342
0.342399984598	0.007723344490
0.343999981880	0.005963200703
0.345599979162	0.006363888737
0.347199976444	0.006586112548
0.348800003529	0.006012896542
0.350400000811	0.006107776426
0.351999998093	0.007487632800
0.353599995375	0.007589568850
0.355199992657	0.006088784430
0.356799989939	0.006268608384
0.358399987221	0.007596080657
0.359999984503	0.006219216622
0.361599981785	0.005262880586
0.363199979067	0.005973520689
0.364799976349	0.005644288380
0.366400003433	0.005894912407
0.368000000715	0.006922544446
0.369599997997	0.005117360502
0.371199995279	0.006644336507
0.372799992561	0.006407728419
0.374399989843	0.005688032601
0.375999987125	0.005813184660
0.377599984407	0.006449184380
0.379199981689	0.004635152407
0.380799978971	0.004761920311
0.382399976254	0.005622336641
0.384000003338	0.009233680554
0.385600000620	0.005928544328
0.387199997902	0.006411312614
0.388799995184	0.006970256567
0.390399992466	0.004580128472
0.391999989748	0.007102176547
0.393599987030	0.005515968427
0.395199984312	0.006208336446
0.396799981594	0.004856384359
0.398399978876	0.004153936170
0.399999976158	0.005772960372
0.401600003242	0.004979360383
0.403200000525	0.007669680752
0.404799997807	0.005302240606
0.406399995089	0.004868128337
0.407999992371	0.006316640414
0.409599989653	0.005540944636
0.411199986935	0.005091808271
0.412799984217	0.003956432454
0.414399981499	0.003992240410
0.415999978781	0.004044112284
0.417599976063	0.006373888347
0.419200003147	0.005648320541
0.420800000429	0.003327200189
0.422399997711	0.005229376256
0.423999994993	0.005405296572
0.425599992275	0.005122704431
0.427199989557	0.005075840279
0.428799986839	0.006041744724
0.430399984121	0.003639984177
0.431999981403	0.005075936206
0.433599978685	0.005691648461
0.435199975967	0.005673632491
0.436800003052	0.003350336337
0.438400000334	0.005051488522
0.439999997616	0.004791536368
0.441599994898	0.003653888358
0.443199992180	0.005120464601
0.444799989462	0.006796736736
0.446399986744	0.004349712282
0.447999984026	0.005048576277
0.449599981308	0.005612880457
0.451199978590	0.005720608402
0.452799975872	0.004170304164
0.454400002956	0.003924048506
0.456000000238	0.004458944313
0.457599997520	0.004888928495
0.459199994802	0.004161056131
0.460799992085	0.003988912329
0.462399989367	0.003186704125
0.463999986649	0.003856512252
0.465599983931	0.005557712633
0.467199981213	0.003368624253
0.468799978495	0.003765168367
0.470399975777	0.004301936366
0.472000002861	0.004189264495
0.473600000143	0.004831392318
0.475199997425	0.002840064233
0.476799994707	0.002835328225
0.478399991989	0.005210032221
0.479999989271	0.003835408250
0.481599986553	0.004821472336
0.483199983835	0.002395792166
0.484799981117	0.004089968279
0.486399978399	0.003477472346
0.487999975681	0.003007488325
0.489599972963	0.004104800522
0.491200000048	0.003298208350
0.492799997330	0.003454048187
0.494399994612	0.003723888425
0.495999991894	0.003246176289
0.497599989176	0.003870288376
0.499199986458	0.004138672259
0.500800013542	0.003503024345
0.502399981022	0.002988128224
0.504000008106	0.003811984323
0.505599975586	0.002835600171
0.507200002670	0.003521040315
0.508799970150	0.003224848304
0.510399997234	0.002959536156
0.511999964714	0.002600848209
0.513599991798	0.002554192208
0.515199959278	0.005185040645
0.516799986362	0.003479552222
0.518400013447	0.001275296090
0.519999980927	0.004069424234
0.521600008011	0.004025088158
0.523199975491	0.002996656345
0.524800002575	0.002896304242
0.526399970055	0.004221424460
0.527999997139	0.002417856129
0.529599964619	0.002666112268
0.531199991703	0.003859072225
0.532799959183	0.002567536198
0.534399986267	0.002858352382
0.536000013351	0.003826240310
0.537599980831	0.000870864082
0.539200007915	0.001320768031
0.540799975395	0.003132992191
0.542400002480	0.002774512162
0.543999969959	0.002090128139
0.545599997044	0.003217664314
0.547199964523	0.004121200182
0.548799991608	0.001447184128
0.550399959087	0.002934160177
0.551999986172	0.002451760229
0.553600013256	0.001829248155
0.555199980736	0.003582560224
0.556800007820	0.003412832273
0.558399975300	0.001535600168
0.560000002384	0.002400608268
0.561599969864	0.002011856297
0.563199996948	0.002587136114
0.564799964428	0.003069776343
0.566399991512	0.002098176163
0.567999958992	0.001685152180
0.569599986076	0.003373952350
0.571200013161	0.004349744413
0.572799980640	0.000922832056
0.574400007725	0.002398112323
0.575999975204	0.002489872044
0.577600002289	0.003316064365
0.579199969769	0.002055888064
0.580799996853	0.002943792148
0.582399964333	0.002692304319
0.583999991417	0.003008864122
0.585599958897	0.001650976134
0.587199985981	0.004192704335
0.588800013065	0.001766672125
0.590399980545	0.001275136136
0.592000007629	0.004202288575
0.593599975109	0.003093520179
0.595200002193	0.000060895996
0.596799969673	0.003187024267
0.598399996758	0.003063008189
0.599999964237	0.000642416067
0.601599991322	0.001423280104
0.603199958801	0.002017936204
0.604799985886	0.002480384195
0.606400012970	0.000657184049
0.607999980450	0.002845216310
0.609600007534	0.001891152118
0.611199975014	0.002409104258
0.612800002098	0.003114288207
0.614399969578	0.001880352153
0.615999996662	0.001781152212
0.617599964142	0.000504192023
0.619199991226	0.001302592107
0.620799958706	0.002773536369
0.622399985790	0.001002336154
0.624000012875	0.001394656138
0.625599980354	0.002354512224
0.627200007439	0.002838896122
0.628799974918	0.000887152099
0.630400002003	0.001257200143
0.631999969482	0.000866768067
0.633599996567	0.001792112133
0.635199964046	0.001504224027
0.636799991131	-0.000159663992
0.638399958611	0.000197167989
0.639999985695	0.002310544252
0.641600012779	0.002204592107
0.643199980259	0.000541328045
0.644800007343	0.000255808001
0.646399974823	0.000961024023
0.648000001907	0.001411344041
0.649599969387	-0.000309344003
0.651199996471	0.001514416188
0.652799963951	0.000950480113
0.654399991035	0.000233760016
0.655999958515	0.002618992236
0.657599985600	0.001773552154
0.659200012684	0.000245183968
0.660799980164	0.002358480357
0.662400007248	0.000801215996
0.663999974728	-0.000135344031
0.665600001812	0.000111024012
0.667199969292	0.002337344224
0.668799996376	0.000234687977
0.670399963856	-0.000337200006
0.671999990940	0.003949984442
0.673599958420	-0.001353360130
0.675199985504	0.001295712078
0.676800012589	0.001115888124
0.678399980068	-0.000000255990
0.680000007153	-0.000489808037
0.681599974632	0.000414208043
0.683200001717	0.001148160198
0.684799969196	-0.000717856106
0.686399996281	0.000225600030
0.687999963760	-0.000405200029
0.689599990845	-0.000624304055
0.691199958324	0.000904144079
0.692799985409	-0.000066080021
0.694399952888	-0.000695200113
0.695999979973	0.000691024063
0.697600007057	0.000908608083
0.699199974537	-0.000556928106
0.700800001621	0.002815072192
0.702399969101	0.001405696152
0.703999996185	-0.000659408048
0.705599963665	0.000680144061
0.707199990749	0.001741424087
0.708799958229	0.000101008016
0.710399985313	0.000730624073
0.711999952793	0.001621760079
0.713599979877	-0.001801232109
0.715200006962	-0.000975200091
0.716799974442	0.002276480198
0.718400001526	-0.000133184018
0.719999969006	-0.000786240096
0.721599996090	0.000002176019
0.723199963570	0.000709120068
0.724799990654	-0.000674704090
0.726399958134	0.000278064021
0.727999985218	0.001244944055
0.729599952698	-0.000848576077
0.731199979782	-0.001946576172
0.732800006866	0.000967488100
0.734399974346	0.001212208183
0.736000001431	-0.000099712008
0.737599968910	-0.001005392056
0.739199995995	0.002883296227
0.740799963474	-0.000434752030
0.742399990559	-0.001066112076
0.743999958038	0.002188704209
0.745599985123	0.001787536079
0.747199952602	-0.001462208107
0.748799979687	0.000244608062
0.750400006771	0.000978688011
0.751999974251	-0.000179984068
0.753600001335	0.001450080075
0.755199968815	-0.001896064146
0.756799995899	-0.001819056110
0.758399963379	0.000781104027
0.759999990463	0.001096032094
0.761599957943	-0.000060639995
0.763199985027	-0.002408960136
0.764799952507	-0.000760112074
0.766399979591	-0.000792784092
0.768000006676	-0.000038447990
0.769599974155	-0.000834944018
0.771200001240	0.000325775967
0.772799968719	-0.000549616001
0.774399995804	-0.000600256084
0.775999963284	-0.001088352059
0.777599990368	-0.000268576026
0.779199957848	-0.000155104019
0.780799984932	-0.000814976054
0.782399952412	-0.001808816218
0.783999979496	0.000252112019
0.785600006580	0.000312848017
0.787199974060	0.000839152082
0.788800001144	-0.001490352093
0.790399968624	0.000199631962
0.791999995708	-0.000533664017
0.793599963188	-0.000243504037
0.795199990273	-0.000688496046
0.796799957752	-0.001473088167
0.798399984837	-0.001407424104
0.799999952316	-0.000380752084
0.801599979401	0.000285136019
0.803200006485	-0.000221184018
0.804799973965	-0.001968304161
0.806400001049	-0.001304144156
0.807999968529	0.000968688109
0.809599995613	-0.000962880091
0.811199963093	-0.001065328135
0.812799990177	-0.000945776119
0.814399957657	-0.002241024282
0.815999984741	-0.003331888234
0.817599952221	-0.000431328051
0.819199979305	-0.001864992199
0.820800006390	-0.001888880157
0.822399973869	-0.001659488189
0.824000000954	-0.001741920249
0.825599968433	0.000331839983
0.827199995518	-0.001833216171
0.828799962997	-0.000897520105
0.830399990082	-0.000529168057
0.831999957561	-0.001506816130
0.833599984646	-0.001305696089
0.835199952126	-0.000846080133
0.836799979210	0.000673520030
0.838400006294	-0.001916144160
0.839999973774	-0.002581936307
0.841600000858	-0.002216896275
0.843199968338	-0.001581792138
0.844799995422	-0.000769184146
0.846399962902	0.000816528103
0.847999989986	-0.002709616208
0.849599957466	-0.002227904042
0.851199984550	-0.001372032100
0.852799952030	-0.000873232028
0.854399979115	-0.000481647992
0.856000006199	-0.001491280040
0.857599973679	-0.000265312003
0.859200000763	-0.001296112081
0.860799968243	0.000033968048
0.862399995327	-0.000613376091
0.863999962807	-0.002098928206
0.865599989891	-0.001350096078
0.867199957371	-0.000838704000
0.868799984455	-0.003418752225
0.870399951935	-0.001285872073
0.871999979019	-0.000043840009
0.873600006104	-0.001564288163
0.875199973583	-0.001568576088
0.876800000668	-0.001220128150
0.878399968147	-0.000048656017
0.879999995232	-0.003491984215
0.881599962711	-0.002149632201
0.883199989796	-0.001911552157
0.884799957275	-0.002134992043
0.886399984360	-0.002542992355
0.887999951839	-0.002077808138
0.889599978924	-0.002697824268
0.891200006008	-0.001188480179
0.892799973488	-0.001314720139
0.894400000572	-0.001266000094
0.895999968052	-0.002156352159
0.897599995136	-0.003043376375
0.899199962616	-0.001502464176
0.900799989700	-0.001765904133
0.902399957180	-0.002170160180
0.903999984264	-0.000586624083
0.905599951744	-0.000049264025
0.907199978828	-0.001821792102
0.908800005913	-0.000627952046
0.910399973392	-0.002533152234
0.912000000477	-0.001142176101
0.913599967957	-0.002489584265
0.915199995041	-0.002178624040
0.916799962521	-0.003836720251
0.918399989605	-0.004209664185
0.919999957085	-0.003208880313
0.921599984169	-0.002468400169
0.923199951649	-0.001057216083
0.924799978733	-0.000670224079
0.926400005817	-0.002770000137
0.927999973297	-0.002615200123
0.929600000381	-0.001184240100
0.931199967861	-0.002406064188
0.932799994946	-0.003162480192
0.934399962425	-0.002229424194
0.935999989510	-0.001039392082
0.937599956989	-0.002141808160
0.939199984074	-0.001227552071
0.940799951553	-0.002460992197
0.942399978638	-0.003625536337
0.944000005722	-0.001780096092
0.945599973202	-0.001460688189
0.947200000286	-0.002741392236
0.948799967766	-0.002138320124
0.950399994850	-0.001735600177
0.951999962330	-0.003147024196
0.953599989414	-0.002395104151
0.955199956894	-0.003626400372
0.956799983978	-0.001663040137
0.958399951458	-0.002759952331
0.959999978542	-0.001772016170
0.961599946022	-0.001881024102
0.963199973106	-0.001285232138
0.964800000191	-0.002849824261
0.966399967670	-0.002198912203
0.967999994755	-0.002529632300
0.969599962234	-0.002011040226
0.971199989319	-0.002037904225
0.972799956799	-0.001256320043
0.974399983883	-0.003632352222
0.975999951363	-0.003232960356
0.977599978447	-0.002761824289
0.979199945927	-0.002051280113
0.980799973011	-0.001779232174
0.982400000095	-0.002552016173
0.983999967575	-0.003640288254
0.985599994659	-0.002020064276
0.987199962139	-0.001808400149
0.988799989223	-0.002640768187
0.990399956703	-0.002633408178
0.991999983788	-0.002126416191
0.993599951267	-0.002571728313
0.995199978352	-0.003042912344
0.996799945831	-0.002942784224
0.998399972916	-0.002994864248
1.000000000000	-0.002034512116
1.001600027084	-0.002061712090
1.003199934959	-0.002092208248
1.004799962044	-0.004124864470
1.006399989128	-0.001783936052
1.008000016212	-0.001489296090
1.009599924088	-0.004174288362
1.011199951172	-0.004295328166
1.012799978256	-0.003422336187
1.014400005341	-0.004561520182
1.016000032425	-0.001562016201
1.017599940300	-0.001902000164
1.019199967384	-0.002931600204
1.020799994469	-0.001121312147
1.022400021553	-0.002250512131
1.023999929428	-0.002848800272
1.025599956512	-0.003696896369
1.027199983597	-0.001187184127
1.028800010681	-0.004214112181
1.030399918556	-0.004188272171
1.031999945641	-0.002522000344
1.033599972725	-0.002572576283
1.035199999809	-0.002417504322
1.036800026894	-0.003141104244
1.038399934769	-0.004818016198
1.039999961853	-0.002171840286
1.041599988937	-0.002965312218
1.043200016022	-0.003692560364
1.044799923897	-0.004140928388
1.046399950981	-0.002861408284
1.047999978065	-0.003786720335
1.049600005150	-0.003268128261
1.051200032234	-0.004757184535
1.052799940109	-0.003472032258
1.054399967194	-0.003207456321
1.055999994278	-0.003882960416
1.057600021362	-0.002326416085
1.059199929237	-0.003283072263
1.060799956322	-0.003934096545
1.062399983406	-0.001137664076
1.064000010490	-0.003458624240
1.065599918365	-0.003963008523
1.067199945450	-0.003530768212
1.068799972534	-0.001888896222
1.070399999619	-0.002415568102
1.072000026703	-0.003727424424
1.073599934578	-0.003022832330
1.075199961662	-0.002791088307
1.076799988747	-0.005122912582
1.078400015831	-0.002451632172
1.079999923706	-0.004871760495
1.081599950790	-0.003205456305
1.083199977875	-0.003338816343
1.084800004959	-0.004721712321
1.086400032043	-0.003754496342
1.087999939919	-0.003636800218
1.089599967003	-0.003711984260
1.091199994087	-0.002577664331
1.092800021172	-0.005141632631
1.094399929047	-0.002822320210
1.095999956131	-0.003419440240
1.097599983215	-0.004665616434
1.099200010300	-0.003667840268
1.100799918175	-0.003118736204
1.102399945259	-0.002498288173
1.103999972343	-0.003582928330
1.105599999428	-0.004199072253
1.107200026512	-0.005217664409
1.108799934387	-0.003259776160
1.110399961472	-0.003584448248
1.111999988556	-0.003254208248
1.113600015640	-0.004203536082
1.115199923515	-0.004421888385
1.116799950600	-0.003752352204
1.118399977684	-0.004426464438
1.120000004768	-0.003140960354
1.121599912643	-0.002642496256
1.123199939728	-0.003615264315
1.124799966812	-0.003034224268
1.126399993896	-0.002869280288
1.128000020981	-0.003676064312
1.129599928856	-0.004775264300
1.131199955940	-0.004753408488
1.132799983025	-0.003023328260
1.134400010109	-0.003533616196
1.135999917984	-0.003345600329
1.137599945068	-0.003989040386
1.139199972153	-0.003351360327
1.140799999237	-0.003319184296
1.142400026321	-0.003160000313
1.143999934196	-0.004765936639
1.145599961281	-0.004246592522
1.147199988365	-0.003849104280
1.148800015450	-0.003235664219
1.150399923325	-0.003444896312
1.151999950409	-0.001435088110
1.153599977493	-0.003753088415
1.155200004578	-0.006017008331
1.156799912453	-0.003831136273
1.158399939537	-0.002150448272
1.159999966621	-0.003987728152
1.161599993706	-0.004168672487
1.163200020790	-0.002628800226
1.164799928665	-0.003947616555
1.166399955750	-0.004275648389
1.167999982834	-0.004339680541
1.169600009918	-0.003578240285
1.171199917793	-0.005532304291
1.172799944878	-0.003240240272
1.174399971962	-0.002603344154
1.175999999046	-0.003869968466
1.177600026131	-0.004286384210
1.179199934006	-0.003733792342
1.180799961090	-0.004858736414
1.182399988174	-0.004462608602
1.184000015259	-0.003893456189
1.185599923134	-0.004536832217
1.187199950218	-0.002625408350
1.188799977303	-0.002001824090
1.190400004387	-0.003706864314
1.191999912262	-0.005505440291
1.193599939346	-0.002683264203
1.195199966431	-0.002789168386
1.196799993515	-0.004854704253
1.198400020599	-0.005566928536
1.199999928474	-0.003336976282
1.201599955559	-0.005269184243
1.203199982643	-0.003811408300
1.204800009727	-0.003144784365
1.206399917603	-0.003482912201
1.207999944687	-0.005446368363
1.209599971771	-0.002294160193
1.211199998856	-0.004952736199
1.212800025940	-0.005290400237
1.214399933815	-0.005885744467
1.215999960899	-0.003969200421
1.217599987984	-0.005368672311
1.219200015068	-0.004143072292
1.220799922943	-0.004256240558
1.222399950027	-0.004520160612
1.223999977112	-0.005214192439
1.225600004196	-0.003706144402
1.227199912071	-0.004961920436
1.228799939156	-0.005895088427
1.230399966240	-0.004916128237
1.231999993324	-0.003364512231
1.233600020409	-0.004262512550
1.235199928284	-0.004900416359
1.236799955368	-0.005300608464
1.238399982452	-0.002488672268
1.240000009537	-0.005604176316
1.241599917412	-0.006241200492
1.243199944496	-0.003596080234
1.244799971581	-0.004845936317
1.246399998665	-0.003334064269
1.248000025749	-0.004150208551
1.249599933624	-0.004180544522
1.251199960709	-0.003575184382
1.252799987793	-0.003546064254
1.254400014877	-0.004736432340
1.255999922752	-0.005324096419
1.257599949837	-0.003886672435
1.259199976921	-0.004511984531
1.260800004005	-0.005658656359
1.262399911880	-0.005032144487
1.263999938965	-0.004043712281
1.265599966049	-0.008552720770
1.267199993134	-0.003000864293
1.268800020218	-0.004989872221
1.270399928093	-0.004034112208
1.271999955177	-0.004370880313
1.273599982262	-0.003713888349
1.275200009346	-0.005209152587
1.276799917221	-0.004361232277
1.278399944305	-0.003971136175
1.279999971390	-0.004892944358
1.281599998474	-0.005577104632
1.283200025558	-0.004058624152
1.284799933434	-0.002960464219
1.286399960518	-0.002619632287
1.287999987602	-0.007007776760
1.289600014687	-0.002942592371
1.291199922562	-0.004800720606
1.292799949646	-0.004149104469
1.294399976730	-0.004442112520
1.296000003815	-0.004330304451
1.297599911690	-0.003741024295
1.299199938774	-0.004601600580
1.300799965858	-0.003515264252
1.302399992943	-0.005070544314
1.304000020027	-0.005491344258
1.305599927902	-0.004863792565
1.307199954987	-0.005641424563
1.308799982071	-0.003915296402
1.310400009155	-0.004141984507
1.311999917030	-0.004696032498
1.313599944115	-0.004974080250
1.315199971199	-0.006094672717
1.316799998283	-0.005952208303
1.318400025368	-0.004738064483
1.319999933243	-0.005816688295
1.321599960327	-0.004155360162
1.323199987411	-0.004112496506
1.324800014496	-0.003992560320
1.326399922371	-0.005004352424
1.327999949455	-0.006819072645
1.329599976540	-0.005124432500
1.331200003624	-0.003626528196
1.332799911499	-0.005453344434
1.334399938583	-0.006036832463
1.335999965668	-0.005398864392
1.337599992752	-0.006667088717
1.339200019836	-0.006140416488
1.340799927711	-0.005995040759
1.342399954796	-0.006197296549
1.343999981880	-0.006585888565
1.345600008965	-0.004539184272
1.347199916840	-0.006193920504
1.348799943924	-0.005788992625
1.350399971008	-0.003435248276
1.351999998093	-0.005357264541
1.353600025177	-0.005540384445
1.355199933052	-0.004598864354
1.356799960136	-0.003354112385
1.358399987221	-0.006483968347
1.360000014305	-0.004585632589
1.361599922180	-0.005150560290
1.363199949265	-0.004733296577
1.364799976349	-0.005970368627
1.366400003433	-0.003782832297
1.367999911308	-0.005821632687
1.369599938393	-0.006075056270
1.371199965477	-0.005111088511
1.372799992561	-0.004222000483
1.374400019646	-0.006007888354
1.375999927521	-0.003704048228
1.377599954605	-0.005764720496
1.379199981689	-0.004752592184
1.380800008774	-0.003442816203
1.382399916649	-0.003699936206
1.383999943733	-0.006636336446
1.385599970818	-0.004784960300
1.387199997902	-0.003196688136
1.388799905777	-0.005290416535
1.390399932861	-0.006332368590
1.391999959946	-0.005153408274
1.393599987030	-0.005454976577
1.395200014114	-0.005536544602
1.396799921989	-0.004299088381
1.398399949074	-0.005372176412
1.399999976158	-0.007351232693
1.401600003242	-0.004305744544
1.403199911118	-0.003710448276
1.404799938202	-0.005318016279
1.406399965286	-0.004413632210
1.407999992371	-0.004581520334
1.409600019455	-0.003300928278
1.411199927330	-0.004698768258
1.412799954414	-0.004401120357
1.414399981499	-0.005386448465
1.416000008583	-0.005437088665
1.417599916458	-0.005577360280
1.419199943542	-0.005572944414
1.420799970627	-0.006457328796
1.422399997711	-0.004196592141
1.423999905586	-0.004800080322
1.425599932671	-0.005064464640
1.427199959755	-0.003659568261
1.428799986839	-0.002436720300
1.430400013924	-0.004825920332
1.431999921799	-0.005312688649
1.433599948883	-0.006200976670
1.435199975967	-0.006794928573
1.436800003052	-0.004424400162
1.438399910927	-0.004718768410
1.439999938011	-0.006017536391
1.441599965096	-0.005456512328
1.443199992180	-0.003345216392
1.444800019264	-0.005522752646
1.446399927139	-0.007533456665
1.447999954224	-0.005194976460
1.449599981308	-0.005634688307
1.451200008392	-0.005961552728
1.452799916267	-0.005539520644
1.454399943352	-0.003587824292
1.455999970436	-0.005590416491
1.457599997520	-0.004665008280
1.459199905396	-0.007546256762
1.460799932480	-0.006004992407
1.462399959564	-0.005551296286
1.463999986649	-0.008090624586
1.465600013733	-0.005056512542
1.467199921608	-0.005057904404
1.468799948692	-0.005164560396
1.470399975777	-0.006832352374
1.472000002861	-0.005119584501
1.473599910736	-0.005930208601
1.475199937820	-0.005184432492
1.476799964905	-0.005983664654
1.478399991989	-0.005660272669
1.480000019073	-0.003388448153
1.481599926949	-0.005677056499
1.483199954033	-0.007323088590
1.484799981117	-0.006581520662
1.486400008202	-0.005276464391
1.487999916077	-0.005889136344
1.489599943161	-0.004152256530
1.491199970245	-0.005477664527
1.492799997330	-0.004947248381
1.494399905205	-0.006483824458
1.495999932289	-0.004839280620
1.497599959373	-0.006054688711
1.499199986458	-0.003593536327
1.500800013542	-0.005832944531
1.502399921417	-0.006179408636
1.503999948502	-0.006217712536
1.505599975586	-0.006462432444
1.507200002670	-0.005713024642
1.508799910545	-0.005015168339
1.510399937630	-0.006289088633
1.511999964714	-0.005662992597
1.513599991798	-0.006878384389
1.515200018883	-0.006469472311
1.516799926758	-0.007101632655
1.518399953842	-0.006850816775
1.519999980927	-0.005740368273
1.521600008011	-0.004892336205
1.523199915886	-0.005865168292
1.524799942970	-0.004919904284
1.526399970055	-0.004122432321
1.527999997139	-0.006733696442
1.529599905014	-0.005536544602
1.531199932098	-0.005911568645
1.532799959183	-0.003575040260
1.534399986267	-0.004945056513
1.536000013351	-0.004495712463
1.537599921227	-0.003815072356
1.539199948311	-0.004114288371
1.540799975395	-0.004775280599
1.542400002480	-0.005759472493
1.543999910355	-0.007183472626
1.545599937439	-0.004324768204
1.547199964523	-0.005078256596
1.548799991608	-0.006947392598
1.550400018692	-0.004335472360
1.551999926567	-0.005052720197
1.553599953651	-0.004681120161
1.555199980736	-0.006966624409
1.556800007820	-0.006101648323
1.558399915695	-0.004687872250
1.559999942780	-0.006027056370
1.561599969864	-0.007358832750
1.563199996948	-0.006667136680
1.564799904823	-0.007372032385
1.566399931908	-0.004980960395
1.567999958992	-0.005510000512
1.569599986076	-0.007082752418
1.571200013161	-0.005069040228
1.572799921036	-0.003367936239
1.574399948120	-0.005726960488
1.575999975204	-0.003207392292
1.577600002289	-0.005642256234
1.579199910164	-0.005076992325
1.580799937248	-0.005654944573
1.582399964333	-0.005970416591
1.583999991417	-0.005026240367
1.585600018501	-0.007321936544
1.587199926376	-0.005380272400
1.588799953461	-0.006335456390
1.590399980545	-0.006688080728
1.592000007629	-0.006938752718
1.593599915504	-0.005671552382
1.595199942589	-0.008685104549
1.596799969673	-0.004481248092
1.598399996758	-0.006392560434
1.599999904633	-0.007029616740
1.601599931717	-0.007505472749
1.603199958801	-0.005434944294
1.604799985886	-0.005756752566
1.606400012970	-0.005644032266
1.607999920845	-0.006329968572
1.609599947929	-0.003799232189
1.611199975014	-0.007528208662
1.612800002098	-0.007189504802
1.614399909973	-0.006207408383
1.615999937057	-0.006857152563
1.617599964142	-0.008311072364
1.619199991226	-0.004988432396
1.620800018311	-0.003918096423
1.622399926186	-0.007194576785
1.623999953270	-0.005270752590
1.625599980354	-0.006075264420
1.627200007439	-0.005475712474
1.628799915314	-0.005810208619
1.630399942398	-0.006917520426
1.631999969482	-0.005661952309
1.633599996567	-0.006079264451
1.635199904442	-0.006921344437
1.636799931526	-0.005636288319
1.638399958611	-0.005733776372
1.639999985695	-0.004844880663
1.641600012779	-0.006296560634
1.643199920654	-0.007937088609
1.644799947739	-0.006703456398
1.646399974823	-0.006409360562
1.648000001907	-0.007680912502
1.649599909782	-0.006007120479
1.651199936867	-0.003323040204
1.652799963951	-0.004443088546
1.654399991035	-0.007880320773
1.655999898911	-0.005746288691
1.657599925995	-0.004772864282
1.659199953079	-0.006695008371
1.660799980164	-0.007102976553
1.662400007248	-0.006430912763
1.663999915123	-0.004200656433
1.665599942207	-0.007101232652
1.667199969292	-0.007386080455
1.668799996376	-0.006388960406
1.670399904251	-0.005632352550
1.671999931335	-0.004428176209
1.673599958420	-0.007097936701
1.675199985504	-0.008108656853
1.676800012589	-0.006334144622
1.678399920464	-0.003839472309
1.679999947548	-0.005917984527
1.681599974632	-0.005852224305
1.683200001717	-0.007142944727
1.684799909592	-0.006376064382
1.686399936676	-0.005546832457
1.687999963760	-0.006387920585
1.689599990845	-0.004291760270
1.691199898720	-0.006098224316
1.692799925804	-0.006042304449
1.694399952888	-0.005507984199
1.695999979973	-0.008215136826
1.697600007057	-0.006257632747
1.699199914932	-0.005717744585
1.700799942017	-0.005532960407
1.702399969101	-0.004820512608
1.703999996185	-0.006027200725
1.705599904060	-0.005864832550
1.707199931145	-0.005827344488
1.708799958229	-0.005660400726
1.710399985313	-0.007056256756
1.712000012398	-0.009131681174
1.713599920273	-0.005181264598
1.715199947357	-0.006763632409
1.716799974442	-0.007365696598
1.718400001526	-0.007277600467
1.719999909401	-0.004748368170
1.721599936485	-0.008971217088
1.723199963570	-0.006073648576
1.724799990654	-0.005930416286
1.726399898529	-0.006536176428
1.727999925613	-0.008163152263
1.729599952698	-0.006475264672
1.731199979782	-0.007649520878
1.732800006866	-0.006166784558
1.734399914742	-0.006600240711
1.735999941826	-0.004590144381
1.737599968910	-0.006379728671
1.739199995995	-0.005982848350
1.740799903870	-0.006237696391
1.742399930954	-0.005903680343
1.743999958038	-0.005894416478
1.745599985123	-0.003192112315
1.747200012207	-0.007544848602
1.748799920082	-0.006361648440
1.750399947166	-0.005566928536
1.751999974251	-0.006553984713
1.753600001335	-0.004900816362
1.755199909210	-0.007023648825
1.756799936295	-0.004084528424
1.758399963379	-0.006978880614
1.759999990463	-0.006620064378
1.761599898338	-0.003708864329
1.763199925423	-0.005030064378
1.764799952507	-0.006963104475
1.766399979591	-0.005876960233
1.768000006676	-0.005255376454
1.769599914551	-0.008033264428
1.771199941635	-0.006926880684
1.772799968719	-0.004561984446
1.774399995804	-0.006512384396
1.775999903679	-0.008076976985
1.777599930763	-0.004604880232
1.779199957848	-0.005825648550
1.780799984932	-0.007245936431
1.782400012016	-0.006763264537
1.783999919891	-0.006146224216
1.785599946976	-0.006605024450
1.787199974060	-0.007156720851
1.788800001144	-0.006549744401
1.790399909019	-0.006411088631
1.791999936104	-0.008696160279
1.793599963188	-0.007946288213
1.795199990273	-0.007578720804
1.796799898148	-0.005676256493
1.798399925232	-0.005551856477
1.799999952316	-0.007309568580
1.801599979401	-0.008060416207
1.803200006485	-0.005005056504
1.804799914360	-0.007523616776
1.806399941444	-0.007002720609
1.807999968529	-0.006238384638
1.809599995613	-0.005964720622
1.811199903488	-0.004694016185
1.812799930573	-0.007104912307
1.814399957657	-0.005977984518
1.815999984741	-0.008015233092
1.817600011826	-0.005906000733
1.819199919701	-0.007732672617
1.820799946785	-0.005200864282
1.822399973869	-0.007415120490
1.824000000954	-0.005861536600
1.825599908829	-0.005796096288
1.827199935913	-0.004377040546
1.828799962997	-0.006750720553
1.830399990082	-0.007864944637
1.831999897957	-0.008271153085
1.833599925041	-0.004889360629
1.835199952126	-0.007497408893
1.836799979210	-0.008146001026
1.838400006294	-0.008857632987
1.839999914169	-0.004230560269
1.841599941254	-0.007705344819
1.843199968338	-0.008610816672
1.844799995422	-0.005925104488
1.846399903297	-0.003714976367
1.847999930382	-0.007665008772
1.849599957466	-0.005781616550
1.851199984550	-0.005741696339
1.852800011635	-0.005017232616
1.854399919510	-0.005220160354
1.855999946594	-0.007409200538
1.857599973679	-0.005940624513
1.859200000763	-0.005561664701
1.860799908638	-0.006616672501
1.862399935722	-0.007946672849
1.863999962807	-0.006223792676
1.865599989891	-0.006506384350
1.867199897766	-0.007827216759
1.868799924850	-0.006979616359
1.870399951935	-0.004562016577
1.871999979019	-0.006283632480
1.873600006104	-0.010036065243
1.875199913979	-0.007211152464
1.876799941063	-0.005799168721
1.878399968147	-0.008881120943
1.879999995232	-0.007421296556
1.881599903107	-0.005069056526
1.883199930191	-0.005934400484
1.884799957275	-0.006401616614
1.886399984360	-0.006855552550
1.888000011444	-0.004366112407
1.889599919319	-0.007031328510
1.891199946404	-0.006940784398
1.892799973488	-0.005442816298
1.894400000572	-0.008057937026
1.895999908447	-0.005801120307
1.897599935532	-0.007551504765
1.899199962616	-0.007241680752
1.900799989700	-0.008567905053
1.902399897575	-0.007444368675
1.903999924660	-0.006114624441
1.905599951744	-0.005873760674
1.907199978828	-0.006783984601
1.908800005913	-0.007527472451
1.910399913788	-0.007060320582
1.911999940872	-0.007765008602
1.913599967957	-0.007860817015
1.915199995041	-0.007316256873
1.916799902916	-0.008243665099
1.918399930000	-0.006006272510
1.919999957085	-0.007877152413
1.921599984169	-0.006965376437
1.923199892044	-0.006360848434
1.924799919128	-0.007055488415
1.926399946213	-0.007806464564
1.927999973297	-0.007129120640
1.929600000381	-0.006599392742
1.931199908257	-0.008005824871
1.932799935341	-0.005424432456
1.934399962425	-0.007292928640
1.935999989510	-0.006235440727
1.937599897385	-0.006939520594
1.939199924469	-0.005902448203
1.940799951553	-0.009752448648
1.942399978638	-0.005892384332
1.944000005722	-0.005164464470
1.945599913597	-0.008739600889
1.947199940681	-0.007819104940
1.948799967766	-0.004709424451
1.950399994850	-0.005763968453
1.951999902725	-0.006446496584
1.953599929810	-0.006920944434
1.955199956894	-0.006532336585
1.956799983978	-0.007469696458
1.958399891853	-0.004990400281
1.959999918938	-0.007863408886
1.961599946022	-0.007555552758
1.963199973106	-0.007239600644
1.964800000191	-0.009415696375
1.966399908066	-0.007889072411
1.967999935150	-0.005718288478
1.969599962234	-0.006872464437
1.971199989319	-0.007612896618
1.972799897194	-0.002244160278
1.974399924278	-0.006624576636
1.975999951363	-0.007541504689
1.977599978447	-0.004621776287
1.979200005531	-0.004770640284
1.980799913406	-0.007773056626
1.982399940491	-0.010619120672
1.983999967575	-0.005801264197
1.985599994659	-0.005912512541
1.987199902534	-0.006321424618
1.988799929619	-0.005837728269
1.990399956703	-0.006611888763
1.991999983788	-0.006463040598
1.993599891663	-0.006490624510
1.995199918747	-0.008897152729
1.996799945831	-0.007614944596
1.998399972916	-0.008181792684
2.000000000000	-0.007966160774
2.001600027084	-0.006630032323
2.003200054169	-0.005577920470
2.004799842834	-0.008790000342
2.006399869919	-0.006390416529
2.007999897003	-0.007049408741
2.009599924088	-0.006909936666
2.011199951172	-0.008537649177
2.012799978256	-0.006932240445
2.014400005341	-0.004371472634
2.016000032425	-0.007998752408
2.017600059509	-0.007872464135
2.019199848175	-0.006174048409
2.020799875259	-0.008875968866
2.022399902344	-0.006923664361
2.023999929428	-0.007050560787
2.025599956512	-0.008204992861
2.027199983597	-0.008342112415
2.028800010681	-0.006015904713
2.030400037766	-0.004425600171
2.032000064850	-0.007109232713
2.033599853516	-0.006328208372
2.035199880600	-0.005167104304
2.036799907684	-0.006654112600
2.038399934769	-0.008351104334
2.039999961853	-0.006017296575
2.041599988937	-0.006778576411
2.043200016022	-0.005683040246
2.044800043106	-0.007561472710
2.046399831772	-0.010044272989
2.047999858856	-0.003766880371
2.049599885941	-0.005159600638
2.051199913025	-0.007908352651
2.052799940109	-0.007734720595
2.054399967194	-0.007217952516
2.055999994278	-0.006735792849
2.057600021362	-0.006658992730
2.059200048447	-0.005934576504
2.060799837112	-0.006222192664
2.062399864197	-0.007884864695
2.063999891281	-0.007624160498
2.065599918365	-0.006679984741
2.067199945450	-0.007097072434
2.068799972534	-0.008037712425
2.070399999619	-0.007042576559
2.072000026703	-0.005256160628
2.073600053787	-0.005581792444
2.075199842453	-0.006694560405
2.076799869537	-0.006104384549
2.078399896622	-0.006095920689
2.079999923706	-0.005911840592
2.081599950790	-0.007155616768
2.083199977875	-0.009340128861
2.084800004959	-0.006426576525
2.086400032043	-0.007804032881
2.088000059128	-0.006463776343
2.089599847794	-0.007643984631
2.091199874878	-0.005790352356
2.092799901962	-0.006568368524
2.094399929047	-0.008267601021
2.095999956131	-0.008607408963
2.097599983215	-0.007041472476
2.099200010300	-0.007458400447
2.100800037384	-0.007332416717
2.102400064468	-0.009754897095
2.103999853134	-0.005139120389
2.105599880219	-0.005048576277
2.107199907303	-0.008591728285
2.108799934387	-0.008525297046
2.110399961472	-0.005844400730
2.111999988556	-0.005563888233
2.113600015640	-0.009017328732
2.115200042725	-0.008256944828
2.116799831390	-0.008607552387
2.118399858475	-0.005397168454
2.119999885559	-0.007958800532
2.121599912643	-0.006747520529
2.123199939728	-0.006778928451
2.124799966812	-0.007906256244
2.126399993896	-0.008317696862
2.128000020981	-0.007887376472
2.129600048065	-0.007102544419
2.131199836731	-0.007764432579
2.132799863815	-0.008402880281
2.134399890900	-0.007296096534
2.135999917984	-0.006206352729
2.137599945068	-0.005545984488
2.139199972153	-0.008429552428
2.140799999237	-0.006258688401
2.142400026321	-0.007305936422
2.144000053406	-0.008830720559
2.145599842072	-0.007617184427
2.147199869156	-0.005988656543
2.148799896240	-0.006628432777
2.150399923325	-0.008248592727
2.151999950409	-0.007673120592
2.153599977493	-0.008060128428
2.155200004578	-0.009362081066
2.156800031662	-0.006950480398
2.158400058746	-0.008713249117
2.159999847412	-0.007622672711
2.161599874496	-0.006309696473
2.163199901581	-0.006503792480
2.164799928665	-0.008690864779
2.166399955750	-0.009169920348
2.167999982834	-0.007955056615
2.169600009918	-0.007015312556
2.171200037003	-0.006425936706
2.172800064087	-0.007467888761
2.174399852753	-0.005190352444
2.175999879837	-0.006561920512
2.177599906921	-0.009440240450
2.179199934006	-0.006476336624
2.180799961090	-0.007296080701
2.182399988174	-0.006341808476
2.184000015259	-0.007682480849
2.185600042343	-0.004446896259
2.187199831009	-0.006391824689
2.188799858093	-0.008747168817
2.190399885178	-0.007430576719
2.191999912262	-0.008858640678
2.193599939346	-0.008059265092
2.195199966431	-0.009701216593
2.196799993515	-0.006807008758
2.198400020599	-0.008743008599
2.200000047684	-0.006605136674
2.201599836349	-0.007952192798
2.203199863434	-0.005131552462
2.204799890518	-0.005900720600
2.206399917603	-0.008641649038
2.207999944687	-0.007203952409
2.209599971771	-0.005292432383
2.211199998856	-0.007325488608
2.212800025940	-0.007338960655
2.214400053024	-0.006028400734
2.215999841690	-0.006890320685
2.217599868774	-0.007785392459
2.219199895859	-0.007805024739
2.220799922943	-0.006467920728
2.222399950027	-0.008524368517
2.223999977112	-0.009101488627
2.225600004196	-0.007570432499
2.227200031281	-0.007708368823
2.228800058365	-0.008026224561
2.230399847031	-0.006155168638
2.231999874115	-0.007915952243
2.233599901199	-0.005788848735
2.235199928284	-0.008003712632
2.236799955368	-0.006730704568
2.238399982452	-0.005806784611
2.240000009537	-0.008079776540
2.241600036621	-0.007544992492
2.243199825287	-0.008152080700
2.244799852371	-0.007248992566
2.246399879456	-0.009259425104
2.247999906540	-0.007788048591
2.249599933624	-0.006748752668
2.251199960709	-0.006737456657
2.252799987793	-0.009223520756
2.254400014877	-0.007800480817
2.256000041962	-0.006239792332
2.257599830627	-0.007145888638
2.259199857712	-0.008306672797
2.260799884796	-0.006970448419
2.262399911880	-0.009610272944
2.263999938965	-0.008845889010
2.265599966049	-0.007668848615
2.267199993134	-0.007852624170
2.268800020218	-0.007182688452
2.270400047302	-0.009244048968
2.271999835968	-0.006152688526
2.273599863052	-0.008023568429
2.275199890137	-0.006639344618
2.276799917221	-0.009574176744
2.278399944305	-0.006769968662
2.279999971390	-0.008057024330
2.281599998474	-0.008353408426
2.283200025558	-0.008930352516
2.284800052643	-0.006143248640
2.286399841309	-0.008261088282
2.287999868393	-0.009254625067
2.289599895477	-0.006567632314
2.291199922562	-0.007105232682
2.292799949646	-0.008796032518
2.294399976730	-0.007260176819
2.296000003815	-0.007816880941
2.297600030899	-0.008834416978
2.299200057983	-0.008589536883
2.300799846649	-0.007623264566
2.302399873734	-0.008562224917
2.303999900818	-0.010230449028
2.305599927902	-0.005608848296
2.307199954987	-0.009475248866
2.308799982071	-0.006513056345
2.310400009155	-0.008483088575
2.312000036240	-0.006853904575
2.313599824905	-0.009588240646
2.315199851990	-0.008395488374
2.316799879074	-0.007881152444
2.318399906158	-0.005558880512
2.319999933243	-0.007729104720
2.321599960327	-0.007273120806
2.323199987411	-0.009085441008
2.324800014496	-0.006400592625
2.326400041580	-0.006590800360
2.327999830246	-0.007399440743
2.329599857330	-0.007707456592
2.331199884415	-0.007227616850
2.332799911499	-0.008126928471
2.334399938583	-0.007783984765
2.335999965668	-0.006615200546
2.337599992752	-0.006613712758
2.339200019836	-0.007456368767
2.340800046921	-0.007813632488
2.342399835587	-0.007693280466
2.343999862671	-0.009107952937
2.345599889755	-0.008046080358
2.347199916840	-0.007165616844
2.348799943924	-0.007581952494
2.350399971008	-0.008345024660
2.351999998093	-0.006500320509
2.353600025177	-0.007554320619
2.355200052261	-0.007855280302
2.356799840927	-0.007876304910
2.358399868011	-0.007000096608
2.359999895096	-0.006037872285
2.361599922180	-0.008203472942
2.363199949265	-0.006800160743
2.364799976349	-0.008028720506
2.366400003433	-0.007807648741
2.368000030518	-0.008227264509
2.369600057602	-0.007512304466
2.371199846268	-0.009461504407
2.372799873352	-0.009593856521
2.374399900436	-0.008969040588
2.375999927521	-0.006824688520
2.377599954605	-0.007428112440
2.379199981689	-0.007694432512
2.380800008774	-0.005669088569
2.382400035858	-0.007396112662
2.383999824524	-0.007745776791
2.385599851608	-0.006119520403
2.387199878693	-0.006636080798
2.388799905777	-0.008925360627
2.390399932861	-0.008734800853
2.391999959946	-0.006823232397
2.393599987030	-0.008315537125
2.395200014114	-0.009298464283
2.396800041199	-0.008975168690
2.398399829865	-0.007176256739
2.399999856949	-0.009203600697
2.401599884033	-0.006805040408
2.403199911118	-0.006644688547
2.404799938202	-0.007339536678
2.406399965286	-0.007124128751
2.407999992371	-0.008899808861
2.409600019455	-0.007590928581
2.411200046539	-0.005270064343
2.412799835205	-0.009567136876
2.414399862289	-0.006231840700
2.415999889374	-0.010051744990
2.417599916458	-0.006370144431
2.419199943542	-0.009927936830
2.420799970627	-0.004048592411
2.422399997711	-0.008309472352
2.424000024796	-0.007086544298
2.425600051880	-0.010064224713
2.427199840546	-0.005440864246
2.428799867630	-0.007258832455
2.430399894714	-0.008222000673
2.431999921799	-0.007153072394
2.433599948883	-0.006836608518
2.435199975967	-0.007862448692
2.436800003052	-0.009549360722
2.438400030136	-0.008165328763
2.440000057220	-0.006106848363
2.441599845886	-0.010033440776
2.443199872971	-0.008500592783
2.444799900055	-0.005999200512
2.446399927139	-0.006970912684
2.447999954224	-0.009879793040
2.449599981308	-0.009102192707
2.451200008392	-0.007540832739
2.452800035477	-0.009322160855
2.454399824142	-0.007119680755
2.455999851227	-0.006879664492
2.457599878311	-0.007009424735
2.459199905396	-0.009053904563
2.460799932480	-0.008646353148
2.462399959564	-0.008404512890
2.463999986649	-0.008480400778
2.465600013733	-0.006979152560
2.467200040817	-0.007417888381
2.468799829483	-0.007485568523
2.470399856567	-0.008457360789
2.471999883652	-0.007714320440
2.473599910736	-0.008609280922
2.475199937820	-0.006676448509
2.476799964905	-0.007852080278
2.478399991989	-0.008440416306
2.480000019073	-0.007543392479
2.481600046158	-0.006385680754
2.483199834824	-0.008179584518
2.484799861908	-0.007714528590
2.486399888992	-0.009229936637
2.487999916077	-0.009503953159
2.489599943161	-0.007814592682
2.491199970245	-0.004817648325
2.492799997330	-0.008917569183
2.494400024414	-0.009530352429
2.496000051498	-0.006026288494
2.497599840164	-0.008055617101
2.499199867249	-0.007950512692
2.500799894333	-0.009942577220
2.502399921417	-0.006020032335
2.503999948502	-0.007196976338
2.505599975586	-0.009417472407
2.507200002670	-0.009279969148
2.508800029755	-0.005994320381
2.510399818420	-0.007047376595
2.511999845505	-0.008530449122
2.513599872589	-0.007262576837
2.515199899673	-0.008404673077
2.516799926758	-0.009200257249
2.518399953842	-0.008122272789
2.519999980927	-0.007008096669
2.521600008011	-0.008365728892
2.523200035095	-0.008127728477
2.524799823761	-0.007409600541
2.526399850845	-0.007374528795
2.527999877930	-0.007477344479
2.529599905014	-0.007696976420
2.531199932098	-0.006551248487
2.532799959183	-0.007531904615
2.534399986267	-0.009567792527
2.536000013351	-0.006583152339
2.537600040436	-0.005570256617
2.539199829102	-0.008887392469
2.540799856186	-0.009402737021
2.542399883270	-0.008949505165
2.543999910355	-0.007062976714
2.545599937439	-0.009426496923
2.547199964523	-0.006352144759
2.548799991608	-0.006087728310
2.550400018692	-0.008037121035
2.552000045776	-0.007727968507
2.553599834442	-0.005630048458
2.555199861526	-0.005819792394
2.556799888611	-0.007423632778
2.558399915695	-0.010467008688
2.559999942780	-0.007623120677
2.561599969864	-0.008760800585
2.563199996948	-0.007600608747
2.564800024033	-0.008293360472
2.566400051117	-0.006201232318
2.567999839783	-0.010548416525
2.569599866867	-0.008250800893
2.571199893951	-0.006368320435
2.572799921036	-0.005839680322
2.574399948120	-0.009765841067
2.575999975204	-0.008047840558
2.577600002289	-0.007731696591
2.579200029373	-0.009933312424
2.580799818039	-0.008766384795
2.582399845123	-0.008197456598
2.583999872208	-0.007038336713
2.585599899292	-0.007328096777
2.587199926376	-0.007032640744
2.588799953461	-0.006648800336
2.590399980545	-0.009316001087
2.592000007629	-0.009077472612
2.593600034714	-0.006959376391
2.595199823380	-0.005914992653
2.596799850464	-0.008126448840
2.598399877548	-0.010241009295
2.599999904633	-0.006799056660
2.601599931717	-0.006828048732
2.603199958801	-0.009663120843
2.604799985886	-0.010783265345
2.606400012970	-0.006501152646
2.608000040054	-0.006422384642
2.609599828720	-0.008510944434
2.611199855804	-0.008504400961
2.612799882889	-0.007437408436
2.614399909973	-0.007809520699
2.615999937057	-0.008986337110
2.617599964142	-0.008530176245
2.619199991226	-0.007637136616
2.620800018311	-0.009233889170
2.622400045395	-0.009670848958
2.623999834061	-0.007769248448
2.625599861145	-0.006827568635
2.627199888229	-0.007268720772
2.628799915314	-0.006776800379
2.630399942398	-0.012014145032
2.631999969482	-0.007310288493
2.633599996567	-0.005654384382
2.635200023651	-0.006855488755
2.636800050735	-0.010219472460
2.638399839401	-0.008443633094
2.639999866486	-0.007720608730
2.641599893570	-0.007927600294
2.643199920654	-0.009836641140
2.644799947739	-0.008396448568
2.646399974823	-0.007883680984
2.648000001907	-0.008314288221
2.649600028992	-0.008779632859
2.651199817657	-0.006415632553
2.652799844742	-0.006210176274
2.654399871826	-0.008305841126
2.655999898911	-0.009010400623
2.657599925995	-0.006948288530
2.659199953079	-0.006506080739
2.660799980164	-0.011356480420
2.662400007248	-0.009866720997
2.664000034332	-0.006560464390
2.665599822998	-0.006462352350
2.667199850082	-0.008322944865
2.668799877167	-0.006564624608
2.670399904251	-0.008698192425
2.671999931335	-0.007847488858
2.673599958420	-0.006713920739
2.675199985504	-0.008000976406
2.676800012589	-0.009361120872
2.678400039673	-0.008181728423
2.679999828339	-0.006820592564
2.681599855423	-0.008318912238
2.683199882507	-0.009967456572
2.684799909592	-0.007795232814
2.686399936676	-0.008787969127
2.687999963760	-0.007381792646
2.689599990845	-0.009950241074
2.691200017929	-0.009622384794
2.692800045013	-0.007346704602
2.694399833679	-0.005883600563
2.695999860764	-0.009421329014
2.697599887848	-0.008565664291
2.699199914932	-0.007325872779
2.700799942017	-0.007731152698
2.702399969101	-0.009527520277
2.703999996185	-0.008054624312
2.705600023270	-0.007849264890
2.707200050354	-0.009278352372
2.708799839020	-0.008152144961
2.710399866104	-0.006579984445
2.711999893188	-0.010455024429
2.713599920273	-0.009575745091
2.715199947357	-0.007767216768
2.716799974442	-0.010100960732
2.718400001526	-0.009015008807
2.720000028610	-0.008416896686
2.721599817276	-0.006824544631
2.723199844360	-0.008230512962
2.724799871445	-0.011582848616
2.726399898529	-0.004284336232
2.727999925613	-0.007427568547
2.729599952698	-0.010124912485
2.731199979782	-0.008539360948
2.732800006866	-0.006450992543
2.734400033951	-0.006826400757
2.735999822617	-0.005853472743
2.737599849701	-0.009043617174
2.739199876785	-0.008545648307
2.740799903870	-0.008548656479
2.742399930954	-0.008885232732
2.743999958038	-0.009900016710
2.745599985123	-0.007832864299
2.747200012207	-0.007493072655
2.748800039291	-0.008661520667
2.750399827957	-0.008034816943
2.751999855042	-0.006931104697
2.753599882126	-0.010416832753
2.755199909210	-0.007773616817
2.756799936295	-0.009245457128
2.758399963379	-0.010539776646
2.759999990463	-0.007766592782
2.761600017548	-0.008501809090
2.763200044632	-0.007970225066
2.764799833298	-0.008394576609
2.766399860382	-0.008493792266
2.767999887466	-0.007637040690
2.769599914551	-0.008770608343
2.771199941635	-0.007805360481
2.772799968719	-0.007749680430
2.774399995804	-0.008323744871
2.776000022888	-0.008819952607
2.777599811554	-0.007879456505
2.779199838638	-0.006703344639
2.780799865723	-0.008568320423
2.782399892807	-0.008990720846
2.783999919891	-0.011056032963
2.785599946976	-0.008761424571
2.787199974060	-0.007334272843
2.788800001144	-0.007924576290
2.790400028229	-0.009484017268
2.791999816895	-0.008233952336
2.793599843979	-0.007359440438
2.795199871063	-0.008279024623
2.796799898148	-0.008144896477
2.798399925232	-0.008875568397
2.799999952316	-0.009255984798
2.801599979401	-0.006344080437
2.803200006485	-0.007509184536
2.804800033569	-0.009846065193
2.806399822235	-0.005628512241
2.807999849319	-0.006747952662
2.809599876404	-0.010108896531
2.811199903488	-0.006806736812
2.812799930573	-0.008530400693
2.814399957657	-0.006697008386
2.815999984741	-0.008357520215
2.817600011826	-0.009189584292
2.819200038910	-0.008432320319
2.820799827576	-0.007977249101
2.822399854660	-0.009079728276
2.823999881744	-0.008539969102
2.825599908829	-0.008717104793
2.827199935913	-0.009287200868
2.828799962997	-0.008104576729
2.830399990082	-0.007227648515
2.832000017166	-0.009711888619
2.833600044250	-0.006682688836
2.835199832916	-0.007429904770
2.836799860001	-0.010450976901
2.838399887085	-0.009670688771
2.839999914169	-0.007338736672
2.841599941254	-0.005786928348
2.843199968338	-0.010975808837
2.844799995422	-0.011175584979
2.846400022507	-0.006892128382
2.847999811172	-0.007180192508
2.849599838257	-0.010203409009
2.851199865341	-0.009821760468
2.852799892426	-0.008241280913
2.854399919510	-0.009361424483
2.855999946594	-0.010028624907
2.857599973679	-0.010548032820
2.859200000763	-0.009698849171
2.860800027847	-0.008411328308
2.862399816513	-0.009170352481
2.863999843597	-0.007854368538
2.865599870682	-0.009332608432
2.867199897766	-0.006656128448
2.868799924850	-0.008681472391
2.870399951935	-0.007660304662
2.871999979019	-0.008560544811
2.873600006104	-0.007237712387
2.875200033188	-0.009908592328
2.876799821854	-0.008179216646
2.878399848938	-0.007112240419
2.879999876022	-0.008567248471
2.881599903107	-0.007562992629
2.883199930191	-0.005941952579
2.884799957275	-0.009142496623
2.886399984360	-0.008012352511
2.888000011444	-0.007457968779
2.889600038528	-0.007993265055
2.891199827194	-0.009179520421
2.892799854279	-0.009259888902
2.894399881363	-0.008414560929
2.895999908447	-0.009234352969
2.897599935532	-0.008203312755
2.899199962616	-0.007350736763
2.900799989700	-0.010874400847
2.902400016785	-0.008537696674
2.904000043869	-0.006591040641
2.905599832535	-0.008341376670
2.907199859619	-0.010033665225
2.908799886703	-0.008471840993
2.910399913788	-0.008483696729
2.911999940872	-0.006554064341
2.913599967957	-0.007329408545
2.915199995041	-0.007444336545
2.916800022125	-0.007355280686
2.918399810791	-0.006684816442
2.919999837875	-0.010048928671
2.921599864960	-0.007855040953
2.923199892044	-0.008738032542
2.924799919128	-0.006190336309
2.926399946213	-0.009484753013
2.927999973297	-0.006560080685
2.929600000381	-0.009264384396
2.931200027466	-0.008937057108
2.932799816132	-0.008684496395
2.934399843216	-0.007632448804
2.935999870300	-0.009093904868
2.937599897385	-0.007834768854
2.939199924469	-0.007816240191
2.940799951553	-0.007851808332
2.942399978638	-0.008533696644
2.944000005722	-0.008216816932
2.945600032806	-0.009996528737
2.947199821472	-0.010232704692
2.948799848557	-0.009065696970
2.950399875641	-0.008218304254
2.951999902725	-0.006915824488
2.953599929810	-0.007952848449
2.955199956894	-0.008998432197
2.956799983978	-0.010068112984
2.958400011063	-0.005776752252
2.960000038147	-0.009237472899
2.961599826813	-0.007573152427
2.963199853897	-0.011192385107
2.964799880981	-0.008463360369
2.966399908066	-0.008476784453
2.967999935150	-0.007231536787
2.969599962234	-0.009279120713
2.971199989319	-0.008159712888
2.972800016403	-0.008044352755
2.974400043488	-0.008871632628
2.975999832153	-0.007777648512
2.977599859238	-0.007728464436
2.979199886322	-0.006699744612
2.980799913406	-0.009342961013
2.982399940491	-0.010070032440
2.983999967575	-0.008162097074
2.985599994659	-0.007339680567
2.987200021744	-0.007927152328
2.988799810410	-0.008305360563
2.990399837494	-0.009751104750
2.991999864578	-0.007533840369
2.993599891663	-0.008153888397
2.995199918747	-0.008065489121
2.996799945831	-0.008582432754
2.998399972916	-0.010101201013
3.000000000000	-0.010660480708
3.001600027084	-0.008672145195
3.003199815750	-0.008990768343
3.004799842834	-0.007730464451
3.006399869919	-0.008704273030
3.007999897003	-0.008303552866
3.009599924088	-0.008736320771
3.011199951172	-0.009182976559
3.012799978256	-0.008138896897
3.014400005341	-0.008972224779
3.016000032425	-0.010407776572
3.017599821091	-0.009113232605
3.019199848175	-0.006575632375
3.020799875259	-0.007068240549
3.022399902344	-0.008377633058
3.023999929428	-0.009645440616
3.025599956512	-0.006483376492
3.027199983597	-0.007645504549
3.028800010681	-0.007678800728
3.030400037766	-0.009500976652
3.031999826431	-0.007003904320
3.033599853516	-0.006524384487
3.035199880600	-0.007032288704
3.036799907684	-0.011847969145
3.038399934769	-0.009184096940
3.039999961853	-0.008666400798
3.041599988937	-0.007723520510
3.043200016022	-0.009758545086
3.044799804687	-0.010403520428
3.046399831772	-0.008424304426
3.047999858856	-0.006434304640
3.049599885941	-0.009621616453
3.051199913025	-0.009205184877
3.052799940109	-0.008560976945
3.054399967194	-0.008164000697
3.055999994278	-0.008138416335
3.057600021362	-0.010416576639
3.059199810028	-0.008104897104
3.060799837112	-0.009942704812
3.062399864197	-0.007710832637
3.063999891281	-0.008408752270
3.065599918365	-0.009788720869
3.067199945450	-0.009470624849
3.068799972534	-0.007946385071
3.070399999619	-0.011317920871
3.072000026703	-0.009051712230
3.073599815369	-0.008061440662
3.075199842453	-0.008625840768
3.076799869537	-0.009027249180
3.078399896622	-0.010596401058
3.079999923706	-0.009728624485
3.081599950790	-0.009236561134
3.083199977875	-0.008423152380
3.084800004959	-0.008548800834
3.086400032043	-0.006132160313
3.087999820709	-0.008807888255
3.089599847794	-0.007680080365
3.091199874878	-0.010731761344
3.092799901962	-0.007891057059
3.094399929047	-0.008337120526
3.095999956131	-0.008150848560
3.097599983215	-0.011395856738
3.099200010300	-0.007805584464
3.100800037384	-0.008559600450
3.102399826050	-0.009668544866
3.103999853134	-0.007963344455
3.105599880219	-0.007320496719
3.107199907303	-0.009186225012
3.108799934387	-0.008866800927
3.110399961472	-0.007252512500
3.111999988556	-0.010279361159
3.113600015640	-0.010415201075
3.115199804306	-0.009676048532
3.116799831390	-0.009324640967
3.118399858475	-0.008737488650
3.119999885559	-0.009502336383
3.121599912643	-0.008139376529
3.123199939728	-0.008359360509
3.124799966812	-0.008743904531
3.126399993896	-0.009085824713
3.128000020981	-0.008412480354
3.129599809647	-0.007959856652
3.131199836731	-0.009244144894
3.132799863815	-0.010495969094
3.134399890900	-0.008168272674
3.135999917984	-0.007652144413
3.137599945068	-0.010161601007
3.139199972153	-0.008399648592
3.140799999237	-0.009456848726
3.142400026321	-0.009216113016
3.143999814987	-0.010832448490
3.145599842072	-0.008539441042
3.147199869156	-0.010717105120
3.148799896240	-0.008936672471
3.150399923325	-0.007960160263
3.151999950409	-0.007270336617
3.153599977493	-0.009515617043
3.155200004578	-0.007508992683
3.156800031662	-0.008982992731
3.158399820328	-0.010378625244
3.159999847412	-0.007731904741
3.161599874496	-0.010353185236
3.163199901581	-0.008365472779
3.164799928665	-0.008182464167
3.166399955750	-0.007628608495
3.167999982834	-0.007527024485
3.169600009918	-0.007407968398
3.171200037003	-0.008426832967
3.172799825668	-0.008778656833
3.174399852753	-0.007391664665
3.175999879837	-0.007660928648
3.177599906921	-0.008379792795
3.179199934006	-0.010083888657
3.180799961090	-0.007396224886
3.182399988174	-0.008914432488
3.184000015259	-0.007631200831
3.185599803925	-0.008555488661
3.187199831009	-0.010218464769
3.188799858093	-0.009333969094
3.190399885178	-0.007749968674
3.191999912262	-0.007909232751
3.193599939346	-0.009123841301
3.195199966431	-0.007443200797
3.196799993515	-0.008268944919
3.198400020599	-0.010097377002
3.199999809265	-0.009790784679
3.201599836349	-0.008373441175
3.203199863434	-0.008241584525
3.204799890518	-0.006820144597
3.206399917603	-0.008015648462
3.207999944687	-0.007228560746
3.209599971771	-0.009044865146
3.211199998856	-0.007359456737
3.212800025940	-0.007878656499
3.214399814606	-0.009025968611
3.215999841690	-0.007401216775
3.217599868774	-0.009288256988
3.219199895859	-0.008351104334
3.220799922943	-0.009618609212
3.222399950027	-0.009304785170
3.223999977112	-0.009241664782
3.225600004196	-0.007263920736
3.227200031281	-0.009018128738
3.228799819946	-0.007007776760
3.230399847031	-0.009602992795
3.231999874115	-0.006108688656
3.233599901199	-0.008765872568
3.235199928284	-0.007839056663
3.236799955368	-0.007886609063
3.238399982452	-0.009469936602
3.240000009537	-0.009210321121
3.241600036621	-0.007501936518
3.243199825287	-0.008318976499
3.244799852371	-0.009733776562
3.246399879456	-0.007483680733
3.247999906540	-0.007021632511
3.249599933624	-0.009019073099
3.251199960709	-0.009027632885
3.252799987793	-0.007718064822
3.254400014877	-0.009233488701
3.255999803543	-0.010711233132
3.257599830627	-0.006971776485
3.259199857712	-0.009972352535
3.260799884796	-0.007710528560
3.262399911880	-0.010522848926
3.263999938965	-0.009679856710
3.265599966049	-0.010128688999
3.267199993134	-0.007878576405
3.268800020218	-0.009628240950
3.270399808884	-0.009564672597
3.271999835968	-0.009603632614
3.273599863052	-0.008058176376
3.275199890137	-0.009508049116
3.276799917221	-0.006492384709
3.278399944305	-0.007667504717
3.279999971390	-0.011189457029
3.281599998474	-0.008919312619
3.283200025558	-0.009259040467
3.284799814224	-0.008538384922
3.286399841309	-0.009494016878
3.287999868393	-0.006718416698
3.289599895477	-0.010277841240
3.291199922562	-0.007936417125
3.292799949646	-0.009645584971
3.294399976730	-0.010206225328
3.296000003815	-0.008027425036
3.297600030899	-0.011478336528
3.299199819565	-0.007466016803
3.300799846649	-0.008290193044
3.302399873734	-0.008531312458
3.303999900818	-0.009398576804
3.305599927902	-0.006095504388
3.307199954987	-0.009827201255
3.308799982071	-0.010085713118
3.310400009155	-0.010866529308
3.311999797821	-0.006477440707
3.313599824905	-0.006869824603
3.315199851990	-0.008721312508
3.316799879074	-0.011271361262
3.318399906158	-0.008578496985
3.319999933243	-0.007474368438
3.321599960327	-0.009901504964
3.323199987411	-0.009330912493
3.324800014496	-0.009653473273
3.326399803162	-0.007726960350
3.327999830246	-0.010295808315
3.329599857330	-0.008452496491
3.331199884415	-0.008865872398
3.332799911499	-0.009727744386
3.334399938583	-0.008537072688
3.335999965668	-0.009924672544
3.337599992752	-0.008649392985
3.339200019836	-0.006904144771
3.340799808502	-0.007894272916
3.342399835587	-0.010294768959
3.343999862671	-0.009042576887
3.345599889755	-0.010955313221
3.347199916840	-0.009820576757
3.348799943924	-0.009956128895
3.350399971008	-0.008063248359
3.351999998093	-0.010260816664
3.353600025177	-0.009372272529
3.355199813843	-0.008252704516
3.356799840927	-0.007876576856
3.358399868011	-0.011287729256
3.359999895096	-0.008091344498
3.361599922180	-0.010976720601
3.363199949265	-0.009328177199
3.364799976349	-0.010305280797
3.366400003433	-0.009560064413
3.368000030518	-0.010210112669
3.369599819183	-0.007143600378
3.371199846268	-0.010050512850
3.372799873352	-0.007717760745
3.374399900436	-0.008129584603
3.375999927521	-0.006275568623
3.377599954605	-0.009955856949
3.379199981689	-0.007564416621
3.380800008774	-0.008974256925
3.382399797440	-0.009422976524
3.383999824524	-0.007686032448
3.385599851608	-0.006895312574
3.387199878693	-0.008245696314
3.388799905777	-0.009082417004
3.390399932861	-0.007738976739
3.391999959946	-0.008056640625
3.393599987030	-0.008090352640
3.395200014114	-0.012080769055
3.396799802780	-0.008348193020
3.398399829865	-0.008844256401
3.399999856949	-0.010326065123
3.401599884033	-0.009866288863
3.403199911118	-0.007382496726
3.404799938202	-0.010140401311
3.406399965286	-0.008879200555
3.407999992371	-0.011369872838
3.409600019455	-0.008341601118
3.411199808121	-0.007768736687
3.412799835205	-0.007836977020
3.414399862289	-0.008448512293
3.415999889374	-0.009870832786
3.417599916458	-0.006996976677
3.419199943542	-0.008690512739
3.420799970627	-0.007610304747
3.422399997711	-0.009819825180
3.424000024796	-0.009987824596
3.425599813461	-0.010472577065
3.427199840546	-0.008596545085
3.428799867630	-0.008940801024
3.430399894714	-0.010386752896
3.431999921799	-0.006493952591
3.433599948883	-0.008955553174
3.435199975967	-0.009002576582
3.436800003052	-0.009401968680
3.438400030136	-0.008358752355
3.439999818802	-0.010166144930
3.441599845886	-0.007909504697
3.443199872971	-0.007373072673
3.444799900055	-0.009495249018
3.446399927139	-0.009978944436
3.447999954224	-0.005842944607
3.449599981308	-0.009702032432
3.451200008392	0.010933089070
