0.000000000000	0.024420674890
0.001599999960	0.024035185575
0.003199999919	0.021507874131
0.004799999762	0.023388097063
0.006399999838	0.024527026340
0.007999999449	0.022214530036
0.009599999525	0.021933233365
0.011199999601	0.022515505552
0.012799999677	0.020750001073
0.014399999753	0.019564257935
0.015999998897	0.019839201123
0.017599999905	0.020830273628
0.019199999049	0.018813986331
0.020800000057	0.018447745591
0.022399999201	0.020042706281
0.024000000209	0.019374305382
0.025599999353	0.018305361271
0.027199998498	0.017138609663
0.028799999505	0.017583537847
0.030399998650	0.015502337366
0.031999997795	0.017218945548
0.033599998802	0.017294226214
0.035199999809	0.017757570371
0.036800000817	0.014318209141
0.038399998099	0.015320145525
0.039999999106	0.014704961330
0.041600000113	0.014943633229
0.043199997395	0.016158401966
0.044799998403	0.016003249213
0.046399999410	0.015606481582
0.048000000417	0.013586929068
0.049599997699	0.014297361486
0.051199998707	0.016322497278
0.052799999714	0.014866209589
0.054399996996	0.014869089238
0.055999998003	0.012726385146
0.057599999011	0.014939120971
0.059200000018	0.014435777441
0.060799997300	0.015120849013
0.062399998307	0.014252817258
0.063999995589	0.014941137284
0.065600000322	0.013958449475
0.067199997604	0.013056849129
0.068799994886	0.012871441431
0.070399999619	0.012422401458
0.071999996901	0.012792688794
0.073600001633	0.013342481107
0.075199998915	0.012947280891
0.076799996197	0.012960753404
0.078400000930	0.012305361219
0.079999998212	0.015049185604
0.081599995494	0.013317344710
0.083200000226	0.013566561043
0.084799997509	0.012078001164
0.086399994791	0.016010865569
0.087999999523	0.011079104617
0.089599996805	0.011343264952
0.091199994087	0.012114817277
0.092799998820	0.011977856979
0.094399996102	0.011805296876
0.096000000834	0.013854049146
0.097599998116	0.012061201036
0.099199995399	0.011445281096
0.100800000131	0.012126976624
0.102399997413	0.013362753205
0.103999994695	0.013090385124
0.105599999428	0.012100000866
0.107199996710	0.011924176477
0.108799993992	0.012857601047
0.110399998724	0.012706656940
0.111999996006	0.010172097012
0.113600000739	0.011389681138
0.115199998021	0.012801985256
0.116799995303	0.011575696990
0.118400000036	0.010074241087
0.119999997318	0.010093232617
0.121599994600	0.012118672952
0.123199999332	0.013922576793
0.124799996614	0.010997056961
0.126399993896	0.010826208629
0.127999991179	0.011151248589
0.129600003362	0.011053680442
0.131200000644	0.012051600963
0.132799997926	0.011396785267
0.134399995208	0.010759920813
0.135999992490	0.011529793032
0.137599989772	0.011395920999
0.139200001955	0.009555328637
0.140799999237	0.010027584620
0.142399996519	0.010890784673
0.143999993801	0.010830912739
0.145599991083	0.010741393082
0.147200003266	0.011105504818
0.148800000548	0.012024960481
0.150399997830	0.012362048961
0.151999995112	0.009395601228
0.153599992394	0.010448352434
0.155199989676	0.009056992829
0.156800001860	0.011498704553
0.158399999142	0.008915056475
0.159999996424	0.010941936634
0.161599993706	0.012917649001
0.163199990988	0.010293552652
0.164800003171	0.010215440765
0.166400000453	0.011929169297
0.167999997735	0.010871169157
0.169599995017	0.009085441008
0.171199992299	0.010241408832
0.172799989581	0.013395184651
0.174400001764	0.010439776815
0.175999999046	0.008085456677
0.177599996328	0.012265057303
0.179199993610	0.012146256864
0.180799990892	0.010917233303
0.182399988174	0.009660768323
0.184000000358	0.012489616871
0.185599997640	0.009700608440
0.187199994922	0.010540992953
0.188799992204	0.009599248879
0.190399989486	0.010802160949
0.192000001669	0.009993985295
0.193599998951	0.009541137144
0.195199996233	0.010160816833
0.196799993515	0.010050401092
0.198399990797	0.011962320656
0.199999988079	0.009207968600
0.201600000262	0.008279728703
0.203199997544	0.008459008299
0.204799994826	0.011695505120
0.206399992108	0.010893248953
0.207999989390	0.009978688322
0.209600001574	0.009163889103
0.211199998856	0.010439921170
0.212799996138	0.012272944674
0.214399993420	0.009044096805
0.215999990702	0.007931280881
0.217599987984	0.010534416884
0.219200000167	0.009825601242
0.220799997449	0.007926224731
0.222399994731	0.010070096701
0.223999992013	0.010606128722
0.225599989295	0.009438288398
0.227200001478	0.007906192914
0.228799998760	0.009615249000
0.230399996042	0.010162432678
0.231999993324	0.008447488770
0.233599990606	0.010113152675
0.235199987888	0.009414240718
0.236800000072	0.007558352780
0.238399997354	0.007617504802
0.239999994636	0.009567729197
0.241599991918	0.010785728693
0.243199989200	0.008572848514
0.244799986482	0.008450305089
0.246399998665	0.008674576879
0.247999995947	0.008745936677
0.249599993229	0.009033536538
0.251199990511	0.009568097070
0.252799987793	0.009736768901
0.254399985075	0.011017585173
0.255999982357	0.008286208846
0.257599979639	0.008470752276
0.259200006723	0.008819840848
0.260800004005	0.009220304899
0.262400001287	0.007964992896
0.263999998569	0.008546256460
0.265599995852	0.008297808468
0.267199993134	0.006853552535
0.268799990416	0.010436560959
0.270399987698	0.009876384400
0.271999984980	0.007832112722
0.273599982262	0.007872000337
0.275199979544	0.009391904809
0.276800006628	0.009751088917
0.278400003910	0.007605184801
0.280000001192	0.007267376408
0.281599998474	0.009028128348
0.283199995756	0.008332353085
0.284799993038	0.009358736686
0.286399990320	0.008722704835
0.287999987602	0.008391184732
0.289599984884	0.007569088601
0.291199982166	0.008717936464
0.292799979448	0.008938144892
0.294400006533	0.009210080840
0.296000003815	0.008404145017
0.297600001097	0.008697584271
0.299199998379	0.008051089011
0.300799995661	0.007348000538
0.302399992943	0.008284880780
0.303999990225	0.008817904629
0.305599987507	0.009934016503
0.307199984789	0.007553472649
0.308799982071	0.008452560753
0.310399979353	0.009393728338
0.312000006437	0.007935617119
0.313600003719	0.007622064557
0.315200001001	0.008323457092
0.316799998283	0.006372832693
0.318399995565	0.006652448792
0.319999992847	0.008011888713
0.321599990129	0.008377552964
0.323199987411	0.006849168334
0.324799984694	0.006130416412
0.326399981976	0.008880784735
0.327999979258	0.006217536516
0.329600006342	0.006231824402
0.331200003624	0.007148704492
0.332800000906	0.006628880277
0.334399998188	0.010361840948
0.335999995470	0.006742848549
0.337599992752	0.007789952680
0.339199990034	0.005704608280
0.340799987316	0.008977537043
0.342399984598	0.006674752571
0.343999981880	0.007796416525
0.345599979162	0.007941072807
0.347199976444	0.007163280621
0.348800003529	0.007090880536
0.350400000811	0.009570753202
0.351999998093	0.008363841102
0.353599995375	0.005902048666
0.355199992657	0.006947488524
0.356799989939	0.006846288685
0.358399987221	0.007120976690
0.359999984503	0.006669392344
0.361599981785	0.006691216491
0.363199979067	0.007101888768
0.364799976349	0.006662672386
0.366400003433	0.006743600592
0.368000000715	0.007085536607
0.369599997997	0.005392752588
0.371199995279	0.008304560557
0.372799992561	0.008044384420
0.374399989843	0.005888096523
0.375999987125	0.004857600201
0.377599984407	0.007793216500
0.379199981689	0.005267456640
0.380799978971	0.006756848656
0.382399976254	0.005069536157
0.384000003338	0.005426320247
0.385600000620	0.006917456631
0.387199997902	0.007234816439
0.388799995184	0.005520096514
0.390399992466	0.006219088566
0.391999989748	0.004515808076
0.393599987030	0.004090288188
0.395199984312	0.006326864474
0.396799981594	0.006772896741
0.398399978876	0.005923904479
0.399999976158	0.004522160161
0.401600003242	0.006364784669
0.403200000525	0.006132848561
0.404799997807	0.005364144221
0.406399995089	0.004225824494
0.407999992371	0.005821744446
0.409599989653	0.005738992710
0.411199986935	0.005730800331
0.412799984217	0.007220832631
0.414399981499	0.005756192375
0.415999978781	0.004979792517
0.417599976063	0.007172272541
0.419200003147	0.007811344694
0.420800000429	0.006359360646
0.422399997711	0.006662640721
0.423999994993	0.007934176363
0.425599992275	0.006056176499
0.427199989557	0.006508384366
0.428799986839	0.004653520416
0.430399984121	0.004327968229
0.431999981403	0.008284720592
0.433599978685	0.006390656345
0.435199975967	0.003611088265
0.436800003052	0.006218400318
0.438400000334	0.005964336451
0.439999997616	0.004157712217
0.441599994898	0.006177760661
0.443199992180	0.006377712358
0.444799989462	0.003708720207
0.446399986744	0.004119872116
0.447999984026	0.006376768462
0.449599981308	0.004738304298
0.451199978590	0.004451120272
0.452799975872	0.007095680572
0.454400002956	0.006120048463
0.456000000238	0.004148832522
0.457599997520	0.006508432329
0.459199994802	0.006515088491
0.460799992085	0.005976160523
0.462399989367	0.002619584324
0.463999986649	0.005801424384
0.465599983931	0.004613920581
0.467199981213	0.004494512454
0.468799978495	0.004860224668
0.470399975777	0.007185808383
0.472000002861	0.006754320581
0.473600000143	0.003699328285
0.475199997425	0.003643008415
0.476799994707	0.005782976747
0.478399991989	0.006248080637
0.479999989271	0.003189184237
0.481599986553	0.004321728367
0.483199983835	0.004500400275
0.484799981117	0.006017712411
0.486399978399	0.003080320312
0.487999975681	0.003735888284
0.489599972963	0.004144080449
0.491200000048	0.005652352236
0.492799997330	0.003379968228
0.494399994612	0.004911888391
0.495999991894	0.004870896228
0.497599989176	0.005729600322
0.499199986458	0.003202048130
0.500800013542	0.005031344481
0.502399981022	0.004327872302
0.504000008106	0.006959184539
0.505599975586	0.004914272577
0.507200002670	0.004069952294
0.508799970150	0.003645168385
0.510399997234	0.003108112374
0.511999964714	0.005833584350
0.513599991798	0.002137712203
0.515199959278	0.003943792079
0.516799986362	0.004801136442
0.518400013447	0.005013344344
0.519999980927	0.003485392313
0.521600008011	0.005919824354
0.523199975491	0.004454480484
0.524800002575	0.003912096377
0.526399970055	0.004016096238
0.527999997139	0.004548544530
0.529599964619	0.004078896251
0.531199991703	0.004290592391
0.532799959183	0.005311216693
0.534399986267	0.005071344320
0.536000013351	0.003109248355
0.537599980831	0.003477488179
0.539200007915	0.003603488207
0.540799975395	0.005072608590
0.542400002480	0.003481600201
0.543999969959	0.003116224194
0.545599997044	0.003932464402
0.547199964523	0.005345296580
0.548799991608	0.004762464203
0.550399959087	0.003554928349
0.551999986172	0.004504240584
0.553600013256	0.004327984527
0.555199980736	0.002360288287
0.556800007820	0.004242208321
0.558399975300	0.004579552449
0.560000002384	0.003821664257
0.561599969864	0.002188448096
0.563199996948	0.003066288307
0.564799964428	0.002578448271
0.566399991512	0.004803792574
0.567999958992	0.004388784524
0.569599986076	0.003919984214
0.571200013161	0.002733840141
0.572799980640	0.004840960260
0.574400007725	0.004851136357
0.575999975204	0.003231360344
0.577600002289	0.004158976488
0.579199969769	0.004624448251
0.580799996853	0.003265024396
0.582399964333	0.003391344333
0.583999991417	0.003767984221
0.585599958897	0.002979088342
0.587199985981	0.002056288067
0.588800013065	0.003684064373
0.590399980545	0.004109728150
0.592000007629	0.001750576193
0.593599975109	0.004209632520
0.595200002193	0.004044960253
0.596799969673	0.002249904210
0.598399996758	0.002345360117
0.599999964237	0.004042592365
0.601599991322	0.001770976232
0.603199958801	0.002519216156
0.604799985886	0.002935536206
0.606400012970	0.001833968097
0.607999980450	0.004331760574
0.609600007534	0.003630528226
0.611199975014	0.002383488230
0.612800002098	0.000365584012
0.614399969578	0.003225728171
0.615999996662	0.000512335973
0.617599964142	-0.000287312054
0.619199991226	0.003142208327
0.620799958706	0.002093872288
0.622399985790	0.002895264188
0.624000012875	0.001184592023
0.625599980354	0.004388176370
0.627200007439	-0.000560656074
0.628799974918	0.004291056190
0.630400002003	0.002596176229
0.631999969482	0.002625760157
0.633599996567	0.002234800253
0.635199964046	0.000937968085
0.636799991131	0.001251424081
0.638399958611	0.001449552132
0.639999985695	0.003517936217
0.641600012779	0.000875520054
0.643199980259	0.002153088106
0.644800007343	0.001935520093
0.646399974823	0.003430464305
0.648000001907	0.002218464157
0.649599969387	0.002525856253
0.651199996471	0.002041968051
0.652799963951	0.002573248232
0.654399991035	0.003236352233
0.655999958515	0.000325328030
0.657599985600	0.001645376091
0.659200012684	0.002200912219
0.660799980164	0.001397840097
0.662400007248	0.000429392036
0.663999974728	0.002726304112
0.665600001812	0.001589888125
0.667199969292	0.002042512177
0.668799996376	0.000554720056
0.670399963856	0.001479216036
0.671999990940	0.002846160205
0.673599958420	0.001209808048
0.675199985504	0.001364240190
0.676800012589	0.000557632069
0.678399980068	0.003193200333
0.680000007153	0.000302048109
0.681599974632	0.002435216215
0.683200001717	-0.000000528019
0.684799969196	0.002625584137
0.686399996281	0.001234240131
0.687999963760	0.001284864149
0.689599990845	0.002091616159
0.691199958324	-0.000458752038
0.692799985409	0.001612192136
0.694399952888	0.001399712171
0.695999979973	0.001577776158
0.697600007057	0.002548240125
0.699199974537	0.000559439999
0.700800001621	0.002283168258
0.702399969101	0.000386543979
0.703999996185	0.001349088037
0.705599963665	0.001411648118
0.707199990749	0.002048896160
0.708799958229	0.002185568213
0.710399985313	0.001410688041
0.711999952793	0.001026384067
0.713599979877	-0.000316080026
0.715200006962	0.001548048109
0.716799974442	-0.000274304039
0.718400001526	0.000184384116
0.719999969006	0.000526896038
0.721599996090	0.001242144033
0.723199963570	0.001511264127
0.724799990654	0.000670560054
0.726399958134	0.000749344006
0.727999985218	0.001619680203
0.729599952698	0.000668624067
0.731199979782	0.000834224105
0.732800006866	0.000168704020
0.734399974346	0.001102096052
0.736000001431	0.000776592118
0.737599968910	0.000046656001
0.739199995995	0.000817056047
0.740799963474	0.001384432078
0.742399990559	-0.000668256078
0.743999958038	-0.000388896064
0.745599985123	0.001281520119
0.747199952602	0.000004224001
0.748799979687	0.001618800103
0.750400006771	0.000447152066
0.751999974251	0.001622464159
0.753600001335	-0.001290128101
0.755199968815	-0.000879120082
0.756799995899	0.001406976022
0.758399963379	0.001542816171
0.759999990463	0.000585712085
0.761599957943	0.000582335982
0.763199985027	-0.000329680013
0.764799952507	0.000511424034
0.766399979591	0.001704544178
0.768000006676	-0.000659888028
0.769599974155	-0.003412240185
0.771200001240	0.000355904049
0.772799968719	0.000890928030
0.774399995804	0.002997072181
0.775999963284	0.000847920135
0.777599990368	0.000859168067
0.779199957848	0.003057392314
0.780799984932	0.001742864144
0.782399952412	0.000548048061
0.783999979496	-0.000727584120
0.785600006580	0.001551904134
0.787199974060	0.000199856047
0.788800001144	-0.001829056186
0.790399968624	-0.000105328014
0.791999995708	0.000084656021
0.793599963188	-0.002245440148
0.795199990273	-0.001466288115
0.796799957752	0.000374064053
0.798399984837	0.000622448046
0.799999952316	0.001005504164
0.801599979401	-0.000244399998
0.803200006485	-0.002012320096
0.804799973965	-0.000737536058
0.806400001049	0.000723376055
0.807999968529	0.000604000059
0.809599995613	-0.000736592105
0.811199963093	-0.003145264229
0.812799990177	0.000337024045
0.814399957657	-0.001144160051
0.815999984741	-0.001833232120
0.817599952221	-0.003899104428
0.819199979305	-0.000343424035
0.820800006390	0.001614800189
0.822399973869	-0.002600912238
0.824000000954	-0.002037696075
0.825599968433	0.000281440007
0.827199995518	0.000127616062
0.828799962997	0.000087648019
0.830399990082	-0.000337200065
0.831999957561	-0.002239120193
0.833599984646	-0.001395344152
0.835199952126	-0.001385216136
0.836799979210	-0.000019983951
0.838400006294	-0.000938032113
0.839999973774	-0.000520032016
0.841600000858	0.000450672000
0.843199968338	-0.002576944185
0.844799995422	-0.001525616157
0.846399962902	0.000799632049
0.847999989986	-0.001008064020
0.849599957466	-0.001790784067
0.851199984550	-0.000180176023
0.852799952030	0.000231984028
0.854399979115	0.000324416033
0.856000006199	0.000210912054
0.857599973679	-0.002650656272
0.859200000763	0.000250816025
0.860799968243	-0.001299280091
0.862399995327	0.000041904004
0.863999962807	-0.003733600257
0.865599989891	-0.000925008091
0.867199957371	-0.001712608151
0.868799984455	-0.002815792104
0.870399951935	-0.003925520461
0.871999979019	0.000416784023
0.873600006104	-0.002514128340
0.875199973583	-0.000954496092
0.876800000668	-0.003139888402
0.878399968147	-0.001002096105
0.879999995232	-0.000551056059
0.881599962711	-0.001845232095
0.883199989796	-0.001738800202
0.884799957275	-0.004863184411
0.886399984360	-0.000788367994
0.887999951839	-0.002053744160
0.889599978924	-0.001632848056
0.891200006008	-0.002535056323
0.892799973488	-0.000860576052
0.894400000572	-0.001868352178
0.895999968052	-0.001100016176
0.897599995136	-0.000626895984
0.899199962616	-0.003238432342
0.900799989700	0.000128351996
0.902399957180	-0.000694768154
0.903999984264	-0.000826176081
0.905599951744	-0.002391152317
0.907199978828	-0.001819616184
0.908800005913	-0.001278448151
0.910399973392	-0.002435088158
0.912000000477	0.001325904042
0.913599967957	-0.002056608209
0.915199995041	-0.003941776231
0.916799962521	-0.001998800086
0.918399989605	-0.001773488126
0.919999957085	-0.003248048248
0.921599984169	-0.001525088213
0.923199951649	-0.001619088114
0.924799978733	-0.002042928245
0.926400005817	-0.002510032151
0.927999973297	0.001031440101
0.929600000381	-0.003224704182
0.931199967861	-0.002517488319
0.932799994946	-0.001309792162
0.934399962425	-0.001162256114
0.935999989510	-0.002749376232
0.937599956989	-0.003249264322
0.939199984074	-0.002532368293
0.940799951553	-0.002583360299
0.942399978638	-0.001305600046
0.944000005722	-0.002938416321
0.945599973202	-0.003705552313
0.947200000286	-0.001142592053
0.948799967766	-0.001445520087
0.950399994850	-0.003063168144
0.951999962330	-0.002470288193
0.953599989414	-0.001803296036
0.955199956894	-0.003860480385
0.956799983978	-0.004036432598
0.958399951458	-0.001998704160
0.959999978542	-0.002774224151
0.961599946022	-0.002814720152
0.963199973106	-0.004538656212
0.964800000191	-0.001935808104
0.966399967670	-0.005502304528
0.967999994755	-0.000974128081
0.969599962234	-0.004510640167
0.971199989319	-0.002606192138
0.972799956799	-0.001582304249
0.974399983883	-0.003586320207
0.975999951363	-0.001835808158
0.977599978447	-0.002501472132
0.979199945927	-0.000878160063
0.980799973011	-0.002905136207
0.982400000095	-0.003760976251
0.983999967575	-0.001394480118
0.985599994659	-0.002104960149
0.987199962139	-0.004258288536
0.988799989223	-0.003876656294
0.990399956703	-0.002909664297
0.991999983788	-0.003431792371
0.993599951267	-0.003147728276
0.995199978352	-0.004335184582
0.996799945831	-0.003314784262
0.998399972916	-0.001262576203
1.000000000000	-0.001705456176
1.001600027084	-0.004737808369
1.003199934959	-0.003243424231
1.004799962044	-0.002938496182
1.006399989128	-0.002375776181
1.008000016212	-0.003665328259
1.009599924088	-0.002628800226
1.011199951172	-0.004114448559
1.012799978256	-0.003124304349
1.014400005341	-0.003810688388
1.016000032425	-0.002964656334
1.017599940300	-0.002359392121
1.019199967384	-0.002949280199
1.020799994469	-0.002156800125
1.022400021553	-0.002162560122
1.023999929428	-0.005024160258
1.025599956512	-0.002568864264
1.027199983597	-0.003572176211
1.028800010681	-0.002260304289
1.030399918556	-0.004827728495
1.031999945641	-0.002894672332
1.033599972725	-0.003594688373
1.035199999809	-0.005235856399
1.036800026894	-0.004302224144
1.038399934769	-0.003215152305
1.039999961853	-0.001606368111
1.041599988937	-0.004091344308
1.043200016022	-0.005672976375
1.044799923897	-0.002300576307
1.046399950981	-0.002667088294
1.047999978065	-0.004613984376
1.049600005150	-0.004498928320
1.051200032234	-0.004684192594
1.052799940109	-0.002434864175
1.054399967194	-0.003123792354
1.055999994278	-0.003676336259
1.057600021362	-0.001879536198
1.059199929237	-0.002312336117
1.060799956322	-0.004248304293
1.062399983406	-0.005051360466
1.064000010490	-0.006958880462
1.065599918365	-0.003712448291
1.067199945450	-0.003080992261
1.068799972534	-0.003146768315
1.070399999619	-0.004233616404
1.072000026703	-0.004814640619
1.073599934578	-0.002581616165
1.075199961662	-0.003975648433
1.076799988747	-0.005212016404
1.078400015831	-0.004012832418
1.079999923706	-0.003440592205
1.081599950790	-0.005096384324
1.083199977875	-0.003195696278
1.084800004959	-0.004049008247
1.086400032043	-0.003615040332
1.087999939919	-0.005698544439
1.089599967003	-0.005265024491
1.091199994087	-0.004327952396
1.092800021172	-0.003779936349
1.094399929047	-0.005223968532
1.095999956131	-0.004260992166
1.097599983215	-0.004611920565
1.099200010300	-0.004263776354
1.100799918175	-0.005392032210
1.102399945259	-0.003655376378
1.103999972343	-0.001384336152
1.105599999428	-0.002921712352
1.107200026512	-0.004812448286
1.108799934387	-0.004970640410
1.110399961472	-0.005480576307
1.111999988556	-0.005840560421
1.113600015640	-0.002277184278
1.115199923515	-0.005558560602
1.116799950600	-0.006250256673
1.118399977684	-0.002276192186
1.120000004768	-0.004452144261
1.121599912643	-0.001534640091
1.123199939728	-0.006984032691
1.124799966812	-0.003841936355
1.126399993896	-0.003062400268
1.128000020981	-0.005357072689
1.129599928856	-0.002315184101
1.131199955940	-0.006592784543
1.132799983025	-0.001795568154
1.134400010109	-0.004809312522
1.135999917984	-0.004188512452
1.137599945068	-0.006217488553
1.139199972153	-0.005660800729
1.140799999237	-0.003083216259
1.142400026321	-0.004073360469
1.143999934196	-0.005088608246
1.145599961281	-0.006147328299
1.147199988365	-0.002279456239
1.148800015450	-0.002482224256
1.150399923325	-0.004451232497
1.151999950409	-0.004915280268
1.153599977493	-0.006325056311
1.155200004578	-0.002532000188
1.156799912453	-0.003395264270
1.158399939537	-0.005745920353
1.159999966621	-0.004121744540
1.161599993706	-0.004759072326
1.163200020790	-0.004575776402
1.164799928665	-0.007160320412
1.166399955750	-0.003080128226
1.167999982834	-0.005464704707
1.169600009918	-0.005279712379
1.171199917793	-0.004791376181
1.172799944878	-0.006015008315
1.174399971962	-0.006158752367
1.175999999046	-0.004965104628
1.177600026131	-0.003525008215
1.179199934006	-0.004116384313
1.180799961090	-0.006507728714
1.182399988174	-0.006534112617
1.184000015259	-0.005573200528
1.185599923134	-0.002490272280
1.187199950218	-0.005125168245
1.188799977303	-0.005239776336
1.190400004387	-0.006997344550
1.191999912262	-0.005137008615
1.193599939346	-0.005934784655
1.195199966431	-0.004259456415
1.196799993515	-0.003382240189
1.198400020599	-0.004058336373
1.199999928474	-0.006804512348
1.201599955559	-0.002346192254
1.203199982643	-0.006359936669
1.204800009727	-0.004533392377
1.206399917603	-0.005617360584
1.207999944687	-0.006946144626
1.209599971771	-0.006517344620
1.211199998856	-0.004995440599
1.212800025940	-0.003090832150
1.214399933815	-0.007470512763
1.215999960899	-0.004947840236
1.217599987984	-0.006173856556
1.219200015068	-0.006198848598
1.220799922943	-0.006615264807
1.222399950027	-0.002810592065
1.223999977112	-0.004981344566
1.225600004196	-0.005796208512
1.227199912071	-0.004028624389
1.228799939156	-0.003472144250
1.230399966240	-0.004593440332
1.231999993324	-0.004324752372
1.233600020409	-0.007015424781
1.235199928284	-0.007041296456
1.236799955368	-0.006020160392
1.238399982452	-0.005569344386
1.240000009537	-0.005013088230
1.241599917412	-0.005374432541
1.243199944496	-0.004393120296
1.244799971581	-0.005767312367
1.246399998665	-0.005141520407
1.248000025749	-0.006169104483
1.249599933624	-0.005847744644
1.251199960709	-0.006654944737
1.252799987793	-0.003877584357
1.254400014877	-0.005145376548
1.255999922752	-0.007529904600
1.257599949837	-0.004965200555
1.259199976921	-0.005240272265
1.260800004005	-0.005396992434
1.262399911880	-0.008950753137
1.263999938965	-0.006989376619
1.265599966049	-0.006067504641
1.267199993134	-0.005634304602
1.268800020218	-0.003585984232
1.270399928093	-0.008111104369
1.271999955177	-0.007064720616
1.273599982262	-0.004486848135
1.275200009346	-0.006312928628
1.276799917221	-0.006648912560
1.278399944305	-0.006749728695
1.279999971390	-0.005408352707
1.281599998474	-0.007573456503
1.283200025558	-0.004867056385
1.284799933434	-0.008298576809
1.286399960518	-0.005131216254
1.287999987602	-0.008497232571
1.289600014687	-0.005629728548
1.291199922562	-0.006582064554
1.292799949646	-0.005661536474
1.294399976730	-0.005045760423
1.296000003815	-0.006597072352
1.297599911690	-0.006684720516
1.299199938774	-0.005271264352
1.300799965858	-0.006357216742
1.302399992943	-0.006536112633
1.304000020027	-0.005053040572
1.305599927902	-0.005956592504
1.307199954987	-0.007631120738
1.308799982071	-0.004939040635
1.310400009155	-0.003988336306
1.311999917030	-0.007171200588
1.313599944115	-0.007398272865
1.315199971199	-0.005016112234
1.316799998283	-0.006479920354
1.318400025368	-0.006734944414
1.319999933243	-0.005568192340
1.321599960327	-0.005298880395
1.323199987411	-0.004041600507
1.324800014496	-0.005772336386
1.326399922371	-0.007093568798
1.327999949455	-0.005284080282
1.329599976540	-0.004471264314
1.331200003624	-0.006140288431
1.332799911499	-0.005512768403
1.334399938583	-0.005602832418
1.335999965668	-0.007685776800
1.337599992752	-0.005460832268
1.339200019836	-0.005195520353
1.340799927711	-0.006075008307
1.342399954796	-0.007071856409
1.343999981880	-0.006266880315
1.345600008965	-0.006104016677
1.347199916840	-0.006284208503
1.348799943924	-0.006116496399
1.350399971008	-0.004688272253
1.351999998093	-0.009218096733
1.353600025177	-0.007462176494
1.355199933052	-0.007560256869
1.356799960136	-0.006818608381
1.358399987221	-0.007152560633
1.360000014305	-0.006173056550
1.361599922180	-0.005322176497
1.363199949265	-0.010038929060
1.364799976349	-0.007377664559
1.366400003433	-0.007209680509
1.367999911308	-0.006797536742
1.369599938393	-0.008312448859
1.371199965477	-0.005279872566
1.372799992561	-0.006083392538
1.374400019646	-0.005792112555
1.375999927521	-0.005254944321
1.377599954605	-0.007582576480
1.379199981689	-0.005690544378
1.380800008774	-0.006929440424
1.382399916649	-0.006667344365
1.383999943733	-0.005436544307
1.385599970818	-0.009578401223
1.387199997902	-0.008293056861
1.388799905777	-0.005543760490
1.390399932861	-0.008035472594
1.391999959946	-0.006587632466
1.393599987030	-0.008370208554
1.395200014114	-0.003314144211
1.396799921989	-0.006170016713
1.398399949074	-0.007252736483
1.399999976158	-0.008416720666
1.401600003242	-0.006153488532
1.403199911118	-0.004507312551
1.404799938202	-0.008085601032
1.406399965286	-0.006477616727
1.407999992371	-0.007384768687
1.409600019455	-0.005236144178
1.411199927330	-0.009034896269
1.412799954414	-0.005026768427
1.414399981499	-0.007995041087
1.416000008583	-0.007567408495
1.417599916458	-0.007037680596
1.419199943542	-0.007916016504
1.420799970627	-0.004463088233
1.422399997711	-0.007352544460
1.423999905586	-0.006195840426
1.425599932671	-0.008402081206
1.427199959755	-0.006506864447
1.428799986839	-0.006431680638
1.430400013924	-0.004586768337
1.431999921799	-0.008599488996
1.433599948883	-0.007249248680
1.435199975967	-0.006205376703
1.436800003052	-0.008587312885
1.438399910927	-0.005542064551
1.439999938011	-0.006438560318
1.441599965096	-0.007469312754
1.443199992180	-0.007285136729
1.444800019264	-0.007695056498
1.446399927139	-0.004983232357
1.447999954224	-0.006688272581
1.449599981308	-0.008342256770
1.451200008392	-0.008908769116
1.452799916267	-0.007955488749
1.454399943352	-0.006609168369
1.455999970436	-0.005679600406
1.457599997520	-0.007943920791
1.459199905396	-0.004772288259
1.460799932480	-0.006952480413
1.462399959564	-0.008302336559
1.463999986649	-0.005305152386
1.465600013733	-0.007102960721
1.467199921608	-0.007923872210
1.468799948692	-0.006554912776
1.470399975777	-0.006605488714
1.472000002861	-0.006214416586
1.473599910736	-0.007134128828
1.475199937820	-0.006643040571
1.476799964905	-0.007878320292
1.478399991989	-0.008421008475
1.480000019073	-0.007730336394
1.481599926949	-0.008853072301
1.483199954033	-0.008395456709
1.484799981117	-0.004083424341
1.486400008202	-0.009282160550
1.487999916077	-0.009106689133
1.489599943161	-0.009211328812
1.491199970245	-0.008721024729
1.492799997330	-0.008092320524
1.494399905205	-0.007805952802
1.495999932289	-0.006729392800
1.497599959373	-0.007949104533
1.499199986458	-0.006575920619
1.500800013542	-0.008148336783
1.502399921417	-0.005716144573
1.503999948502	-0.007855121046
1.505599975586	-0.007568032481
1.507200002670	-0.006789136678
1.508799910545	-0.009157712571
1.510399937630	-0.006201024633
1.511999964714	-0.008123409003
1.513599991798	-0.007162224501
1.515200018883	-0.005583056249
1.516799926758	-0.007580656558
1.518399953842	-0.007983904332
1.519999980927	-0.008986928500
1.521600008011	-0.007258144673
1.523199915886	-0.009489089251
1.524799942970	-0.007420624606
1.526399970055	-0.005663168617
1.527999997139	-0.007912512869
1.529599905014	-0.005773168523
1.531199932098	-0.007702944800
1.532799959183	-0.008676048368
1.534399986267	-0.009861089289
1.536000013351	-0.005854928400
1.537599921227	-0.009687985294
1.539199948311	-0.008009760641
1.540799975395	-0.007314448711
1.542400002480	-0.008546017110
1.543999910355	-0.007926144637
1.545599937439	-0.009526240639
1.547199964523	-0.007319872733
1.548799991608	-0.006511152722
1.550400018692	-0.006397600286
1.551999926567	-0.008396560326
1.553599953651	-0.008152832277
1.555199980736	-0.005901424680
1.556800007820	-0.006881632376
1.558399915695	-0.008109392598
1.559999942780	-0.008186016232
1.561599969864	-0.006573280785
1.563199996948	-0.007666416466
1.564799904823	-0.005475392565
1.566399931908	-0.008103440516
1.567999958992	-0.008077616803
1.569599986076	-0.006738096476
1.571200013161	-0.007425344549
1.572799921036	-0.008584640920
1.574399948120	-0.006529648788
1.575999975204	-0.008795345202
1.577600002289	-0.005919920281
1.579199910164	-0.007444368675
1.580799937248	-0.010621328838
1.582399964333	-0.007879456505
1.583999991417	-0.006242848467
1.585600018501	-0.006352400407
1.587199926376	-0.008018016815
1.588799953461	-0.009392448701
1.590399980545	-0.008106000721
1.592000007629	-0.005717584398
1.593599915504	-0.009747425094
1.595199942589	-0.007181728724
1.596799969673	-0.006532320753
1.598399996758	-0.010287488811
1.599999904633	-0.007779232692
1.601599931717	-0.010142320767
1.603199958801	-0.005074224435
1.604799985886	-0.009432625026
1.606400012970	-0.008290128782
1.607999920845	-0.007293568458
1.609599947929	-0.008518768474
1.611199975014	-0.006949008442
1.612800002098	-0.007938848808
1.614399909973	-0.009177472442
1.615999937057	-0.009668065235
1.617599964142	-0.009285984561
1.619199991226	-0.009358384646
1.620800018311	-0.007281312719
1.622399926186	-0.010321793146
1.623999953270	-0.008161760867
1.625599980354	-0.007220656611
1.627200007439	-0.008331744932
1.628799915314	-0.008492608555
1.630399942398	-0.007192800753
1.631999969482	-0.007198496722
1.633599996567	-0.007092688698
1.635199904442	-0.008519904688
1.636799931526	-0.006427136716
1.638399958611	-0.009084160440
1.639999985695	-0.009461056441
1.641600012779	-0.007780848537
1.643199920654	-0.007311952766
1.644799947739	-0.009545041248
1.646399974823	-0.008992624469
1.648000001907	-0.007725168485
1.649599909782	-0.007689088583
1.651199936867	-0.007005680352
1.652799963951	-0.006551520433
1.654399991035	-0.009866433218
1.655999898911	-0.007194688544
1.657599925995	-0.007910977118
1.659199953079	-0.008876992390
1.660799980164	-0.008669408970
1.662400007248	-0.008679744788
1.663999915123	-0.007465136703
1.665599942207	-0.008335520513
1.667199969292	-0.007723552641
1.668799996376	-0.011190032586
1.670399904251	-0.007177504711
1.671999931335	-0.006924800575
1.673599958420	-0.007430816535
1.675199985504	-0.007592592388
1.676800012589	-0.006925936788
1.678399920464	-0.008105552755
1.679999947548	-0.011652912945
1.681599974632	-0.007326640654
1.683200001717	-0.007949233055
1.684799909592	-0.007458944805
1.686399936676	-0.011875408702
1.687999963760	-0.008190033026
1.689599990845	-0.009232784621
1.691199898720	-0.007416880690
1.692799925804	-0.007235168479
1.694399952888	-0.009143632837
1.695999979973	-0.007871536538
1.697600007057	-0.009658880532
1.699199914932	-0.009034897201
1.700799942017	-0.008588384837
1.702399969101	-0.009421792813
1.703999996185	-0.009508080781
1.705599904060	-0.009014320560
1.707199931145	-0.008453120477
1.708799958229	-0.008714016527
1.710399985313	-0.006589136552
1.712000012398	-0.007991104387
1.713599920273	-0.007896256633
1.715199947357	-0.010399248451
1.716799974442	-0.007847072557
1.718400001526	-0.008140512742
1.719999909401	-0.009396608919
1.721599936485	-0.008149184287
1.723199963570	-0.009071984328
1.724799990654	-0.007378864568
1.726399898529	-0.009629248641
1.727999925613	-0.008176480420
1.729599952698	-0.009694448672
1.731199979782	-0.006509120576
1.732800006866	-0.009486161172
1.734399914742	-0.007457472384
1.735999941826	-0.008907760493
1.737599968910	-0.006925328635
1.739199995995	-0.007789712865
1.740799903870	-0.008968512528
1.742399930954	-0.009796416387
1.743999958038	-0.009586016648
1.745599985123	-0.007878848352
1.747200012207	-0.010105553083
1.748799920082	-0.010076529346
1.750399947166	-0.005952064414
1.751999974251	-0.008097697049
1.753600001335	-0.009098065086
1.755199909210	-0.008745648898
1.756799936295	-0.005853744689
1.758399963379	-0.010903968476
1.759999990463	-0.007727968507
1.761599898338	-0.009725120850
1.763199925423	-0.008606224321
1.764799952507	-0.008686096407
1.766399979591	-0.009891280904
1.768000006676	-0.009768912569
1.769599914551	-0.009775696322
1.771199941635	-0.008994016796
1.772799968719	-0.009088193066
1.774399995804	-0.009913569316
1.775999903679	-0.009720592760
1.777599930763	-0.007979040965
1.779199957848	-0.008736289106
1.780799984932	-0.005953168496
1.782400012016	-0.010526817292
1.783999919891	-0.008008657023
1.785599946976	-0.008741728961
1.787199974060	-0.007851168513
1.788800001144	-0.009349200875
1.790399909019	-0.009952576831
1.791999936104	-0.007427024655
1.793599963188	-0.011479936540
1.795199990273	-0.009598257020
1.796799898148	-0.009483200498
1.798399925232	-0.007015904412
1.799999952316	-0.008502624929
1.801599979401	-0.008352177218
1.803200006485	-0.008668560535
1.804799914360	-0.009832864627
1.806399941444	-0.006704848725
1.807999968529	-0.009200177155
1.809599995613	-0.007566432469
1.811199903488	-0.009206032380
1.812799930573	-0.009566336870
1.814399957657	-0.011030864902
1.815999984741	-0.009696384892
1.817600011826	-0.010138193145
1.819199919701	-0.008903040551
1.820799946785	-0.007068816572
1.822399973869	-0.008277696557
1.824000000954	-0.009024241008
1.825599908829	-0.011167248711
1.827199935913	-0.006108768284
1.828799962997	-0.008147728629
1.830399990082	-0.009747024626
1.831999897957	-0.011223216541
1.833599925041	-0.009929521009
1.835199952126	-0.009806528687
1.836799979210	-0.010522800498
1.838400006294	-0.009003632702
1.839999914169	-0.008055296727
1.841599941254	-0.008636401035
1.843199968338	-0.008851393126
1.844799995422	-0.007528000511
1.846399903297	-0.009901968762
1.847999930382	-0.008491152897
1.849599957466	-0.007953568362
1.851199984550	-0.008557296358
1.852800011635	-0.009123280644
1.854399919510	-0.009794176556
1.855999946594	-0.008647408336
1.857599973679	-0.009064353071
1.859200000763	-0.006751568522
1.860799908638	-0.008048000745
1.862399935722	-0.009562929161
1.863999962807	-0.009852848947
1.865599989891	-0.005819264334
1.867199897766	-0.008705792949
1.868799924850	-0.009840080515
1.870399951935	-0.009483665228
1.871999979019	-0.009465776384
1.873600006104	-0.008849024773
1.875199913979	-0.011314161122
1.876799941063	-0.007745184470
1.878399968147	-0.009495552629
1.879999995232	-0.007245008368
1.881599903107	-0.011032768525
1.883199930191	-0.008145568892
1.884799957275	-0.009025440551
1.886399984360	-0.007258336525
1.888000011444	-0.011561376974
1.889599919319	-0.010195888579
1.891199946404	-0.009546080604
1.892799973488	-0.009705472738
1.894400000572	-0.009029536508
1.895999908447	-0.007430208847
1.897599935532	-0.011048832908
1.899199962616	-0.010338785127
1.900799989700	-0.007731904741
1.902399897575	-0.007025488652
1.903999924660	-0.011389456689
1.905599951744	-0.009202240966
1.907199978828	-0.008084464818
1.908800005913	-0.009110224433
1.910399913788	-0.008868688717
1.911999940872	-0.008702832274
1.913599967957	-0.012133425102
1.915199995041	-0.011355360970
1.916799902916	-0.009570368566
1.918399930000	-0.009989360347
1.919999957085	-0.009982177056
1.921599984169	-0.008795456961
1.923199892044	-0.007880768739
1.924799919128	-0.011143281125
1.926399946213	-0.007672912441
1.927999973297	-0.010085920803
1.929600000381	-0.008677552454
1.931199908257	-0.009176705033
1.932799935341	-0.010077920742
1.934399962425	-0.009476800449
1.935999989510	-0.007967025042
1.937599897385	-0.009317296557
1.939199924469	-0.009719104506
1.940799951553	-0.010786737315
1.942399978638	-0.009844113141
1.944000005722	-0.010638848878
1.945599913597	-0.008721488528
1.947199940681	-0.008307872340
1.948799967766	-0.007138432469
1.950399994850	-0.007858752273
1.951999902725	-0.009356096387
1.953599929810	-0.008564288728
1.955199956894	-0.010519664735
1.956799983978	-0.009747728705
1.958399891853	-0.007859473117
1.959999918938	-0.010433793068
1.961599946022	-0.009834624827
1.963199973106	-0.008791984990
1.964800000191	-0.008541904390
1.966399908066	-0.009116432630
1.967999935150	-0.009019280784
1.969599962234	-0.009912048467
1.971199989319	-0.008952240460
1.972799897194	-0.009267456830
1.974399924278	-0.007638768759
1.975999951363	-0.009434592910
1.977599978447	-0.010272704996
1.979200005531	-0.010619216599
1.980799913406	-0.009366177022
1.982399940491	-0.007886832580
1.983999967575	-0.006496592425
1.985599994659	-0.011767009273
1.987199902534	-0.008165536448
1.988799929619	-0.009694448672
1.990399956703	-0.008439664729
1.991999983788	-0.010055633262
1.993599891663	-0.010375488549
1.995199918747	-0.010163185187
1.996799945831	-0.008504096419
1.998399972916	-0.007295408752
2.000000000000	-0.010102992877
2.001600027084	-0.010790512897
2.003200054169	-0.010343456641
2.004799842834	-0.006880512461
2.006399869919	-0.009748608805
2.007999897003	-0.010337920859
2.009599924088	-0.011876576580
2.011199951172	-0.009895024821
2.012799978256	-0.009503249079
2.014400005341	-0.009448304772
2.016000032425	-0.008942833170
2.017600059509	-0.009456576779
2.019199848175	-0.010911009274
2.020799875259	-0.009719376452
2.022399902344	-0.009354257025
2.023999929428	-0.007889185101
2.025599956512	-0.008587520570
2.027199983597	-0.008207105100
2.028800010681	-0.009730464779
2.030400037766	-0.010602625087
2.032000064850	-0.009754016995
2.033599853516	-0.009314929135
2.035199880600	-0.010073056445
2.036799907684	-0.011069424450
2.038399934769	-0.007872176357
2.039999961853	-0.009254576638
2.041599988937	-0.009334336966
2.043200016022	-0.009749872610
2.044800043106	-0.009952625260
2.046399831772	-0.009408513084
2.047999858856	-0.007629264612
2.049599885941	-0.009925585240
2.051199913025	-0.008411296643
2.052799940109	-0.010245872661
2.054399967194	-0.008350224234
2.055999994278	-0.009148577228
2.057600021362	-0.008994609118
2.059200048447	-0.011028768495
2.060799837112	-0.009055696428
2.062399864197	-0.008916384540
2.063999891281	-0.008552689105
2.065599918365	-0.012163137086
2.067199945450	-0.010404992849
2.068799972534	-0.009322352707
2.070399999619	-0.010597457178
2.072000026703	-0.009838433005
2.073600053787	-0.008773456328
2.075199842453	-0.008630016819
2.076799869537	-0.009134304710
2.078399896622	-0.009850257076
2.079999923706	-0.008890288882
2.081599950790	-0.008207616396
2.083199977875	-0.010046737269
2.084800004959	-0.009031648748
2.086400032043	-0.008987120353
2.088000059128	-0.009814833291
2.089599847794	-0.007273232564
2.091199874878	-0.009962368757
2.092799901962	-0.011581680737
2.094399929047	-0.010152208619
2.095999956131	-0.009761872701
2.097599983215	-0.009116352536
2.099200010300	-0.012472016737
2.100800037384	-0.008949408308
2.102400064468	-0.008837777190
2.103999853134	-0.008818544447
2.105599880219	-0.012138033286
2.107199907303	-0.007959072478
2.108799934387	-0.014289232902
2.110399961472	-0.009685088880
2.111999988556	-0.010616577230
2.113600015640	-0.010663488880
2.115200042725	-0.009996416979
2.116799831390	-0.011385456659
2.118399858475	-0.009876832366
2.119999885559	-0.011794577353
2.121599912643	-0.007990512997
2.123199939728	-0.009985168464
2.124799966812	-0.009471888654
2.126399993896	-0.008879840374
2.128000020981	-0.011102705263
2.129600048065	-0.010252208449
2.131199836731	-0.005594336428
2.132799863815	-0.010127680376
2.134399890900	-0.011147809215
2.135999917984	-0.008083520457
2.137599945068	-0.009021504782
2.139199972153	-0.010490848683
2.140799999237	-0.011434896849
2.142400026321	-0.011275361292
2.144000053406	-0.009195008315
2.145599842072	-0.009146625176
2.147199869156	-0.009731264785
2.148799896240	-0.006669664755
2.150399923325	-0.010314000770
2.151999950409	-0.009801712818
2.153599977493	-0.009272225201
2.155200004578	-0.009170160629
2.156800031662	-0.010439104401
2.158400058746	-0.011511697434
2.159999847412	-0.010692737065
2.161599874496	-0.009156368673
2.163199901581	-0.011474289000
2.164799928665	-0.010860593058
2.166399955750	-0.009920752607
2.167999982834	-0.009222912602
2.169600009918	-0.010689697228
2.171200037003	-0.010189488530
2.172800064087	-0.009733328596
2.174399852753	-0.008794913068
2.175999879837	-0.011891040951
2.177599906921	-0.005930752493
2.179199934006	-0.008467488922
2.180799961090	-0.010594320484
2.182399988174	-0.010839153081
2.184000015259	-0.009556257166
2.185600042343	-0.011336960830
2.187199831009	-0.008142320439
2.188799858093	-0.011033376679
2.190399885178	-0.010930497199
2.191999912262	-0.010734273121
2.193599939346	-0.010133344680
2.195199966431	-0.009244432673
2.196799993515	-0.009606192820
2.198400020599	-0.009510928765
2.200000047684	-0.007768896408
2.201599836349	-0.010690112598
2.203199863434	-0.011172768660
2.204799890518	-0.008382912725
2.206399917603	-0.006138576660
2.207999944687	-0.010725568980
2.209599971771	-0.011127441190
2.211199998856	-0.009095696732
2.212800025940	-0.008172560483
2.214400053024	-0.011673537083
2.215999841690	-0.008952192962
2.217599868774	-0.011702832766
2.219199895859	-0.008526736870
2.220799922943	-0.011799201369
2.222399950027	-0.008394112810
2.223999977112	-0.011096880771
2.225600004196	-0.010731040500
2.227200031281	-0.010900145397
2.228800058365	-0.009588624351
2.230399847031	-0.010506273247
2.231999874115	-0.008789984509
2.233599901199	-0.010014656931
2.235199928284	-0.011599136516
2.236799955368	-0.009493296966
2.238399982452	-0.011153409258
2.240000009537	-0.011075505055
2.241600036621	-0.009305104613
2.243199825287	-0.009821040556
2.244799852371	-0.011254800484
2.246399879456	-0.009642465040
2.247999906540	-0.009770624340
2.249599933624	-0.008727616630
2.251199960709	-0.008033184335
2.252799987793	-0.008797200397
2.254400014877	-0.011880241334
2.256000041962	-0.010496448725
2.257599830627	-0.009619008750
2.259199857712	-0.007620880846
2.260799884796	-0.011547424830
2.262399911880	-0.007593232673
2.263999938965	-0.010208641179
2.265599966049	-0.008516624570
2.267199993134	-0.010671121068
2.268800020218	-0.009287537076
2.270400047302	-0.010496160947
2.271999835968	-0.009358112700
2.273599863052	-0.008436224423
2.275199890137	-0.008761232719
2.276799917221	-0.009193632752
2.278399944305	-0.009909505025
2.279999971390	-0.010050992481
2.281599998474	-0.010863169096
2.283200025558	-0.008361296728
2.284800052643	-0.009462865070
2.286399841309	-0.012648208998
2.287999868393	-0.010475953110
2.289599895477	-0.011239537038
2.291199922562	-0.011346736923
2.292799949646	-0.009915985167
2.294399976730	-0.010344240814
2.296000003815	-0.012554241344
2.297600030899	-0.010331696831
2.299200057983	-0.010619568639
2.300799846649	-0.012089649215
2.302399873734	-0.010041744448
2.303999900818	-0.007690832485
2.305599927902	-0.009880336933
2.307199954987	-0.009562753141
2.308799982071	-0.010311520658
2.310400009155	-0.011381745338
2.312000036240	-0.011977201328
2.313599824905	-0.009029824287
2.315199851990	-0.010652672499
2.316799879074	-0.012423728593
2.318399906158	-0.011649536900
2.319999933243	-0.010364992544
2.321599960327	-0.009163328446
2.323199987411	-0.011769568548
2.324800014496	-0.008866528980
2.326400041580	-0.009154752828
2.327999830246	-0.009268880822
2.329599857330	-0.009718513116
2.331199884415	-0.010269233026
2.332799911499	-0.009007584304
2.334399938583	-0.007921008393
2.335999965668	-0.011207696982
2.337599992752	-0.008694336750
2.339200019836	-0.009524640627
2.340800046921	-0.009670240805
2.342399835587	-0.010345920920
2.343999862671	-0.009573040530
2.345599889755	-0.008848000318
2.347199916840	-0.011517120525
2.348799943924	-0.007787216455
2.350399971008	-0.008677168749
2.351999998093	-0.010992272757
2.353600025177	-0.012298849411
2.355200052261	-0.009985809214
2.356799840927	-0.009835904464
2.358399868011	-0.009890113026
2.359999895096	-0.010976432823
2.361599922180	-0.012347185053
2.363199949265	-0.009112033062
2.364799976349	-0.009133136831
2.366400003433	-0.010848305188
2.368000030518	-0.011625137180
2.369600057602	-0.011260720901
2.371199846268	-0.010551664978
2.372799873352	-0.010287025012
2.374399900436	-0.009277408943
2.375999927521	-0.012590017170
2.377599954605	-0.010271952488
2.379199981689	-0.009811264463
2.380800008774	-0.009507329203
2.382400035858	-0.010155200958
2.383999824524	-0.011422128417
2.385599851608	-0.007565360516
2.387199878693	-0.010996513069
2.388799905777	-0.009686112404
2.390399932861	-0.010847440921
2.391999959946	-0.010128720663
2.393599987030	-0.012166368775
2.395200014114	-0.009742496535
2.396800041199	-0.008844688535
2.398399829865	-0.009835072793
2.399999856949	-0.011860049330
2.401599884033	-0.010016816668
2.403199911118	-0.009808592498
2.404799938202	-0.009772816673
2.406399965286	-0.010960913263
2.407999992371	-0.010550577193
2.409600019455	-0.009676304646
2.411200046539	-0.011478416622
2.412799835205	-0.010461152531
2.414399862289	-0.009953952394
2.415999889374	-0.011721088551
2.417599916458	-0.011340256780
2.419199943542	-0.008750032634
2.420799970627	-0.010438352823
2.422399997711	-0.010506688617
2.424000024796	-0.010473504663
2.425600051880	-0.007527360693
2.427199840546	-0.012259504758
2.428799867630	-0.010630641133
2.430399894714	-0.008808016777
2.431999921799	-0.008420544676
2.433599948883	-0.011528177187
2.435199975967	-0.012267089449
2.436800003052	-0.009978337213
2.438400030136	-0.011174464598
2.440000057220	-0.008635376580
2.441599845886	-0.011550785042
2.443199872971	-0.009122944437
2.444799900055	-0.011019760743
2.446399927139	-0.010088848881
2.447999954224	-0.008045104332
2.449599981308	-0.009179344401
2.451200008392	-0.011446609162
2.452800035477	-0.008786208928
2.454399824142	-0.009617377073
2.455999851227	-0.010229328647
2.457599878311	-0.010755472817
2.459199905396	-0.008584160358
2.460799932480	-0.008899568580
2.462399959564	-0.010404016823
2.463999986649	-0.010458656587
2.465600013733	-0.012065281160
2.467200040817	-0.009961328469
2.468799829483	-0.010977201164
2.470399856567	-0.008537328802
2.471999883652	-0.013346833177
2.473599910736	-0.010231296532
2.475199937820	-0.011565073393
2.476799964905	-0.007983616553
2.478399991989	-0.011427952908
2.480000019073	-0.009015616961
2.481600046158	-0.009592465125
2.483199834824	-0.009274144657
2.484799861908	-0.011869520880
2.486399888992	-0.010393344797
2.487999916077	-0.010347824544
2.489599943161	-0.011681089178
2.491199970245	-0.011319776997
2.492799997330	-0.009323377162
2.494400024414	-0.011059440672
2.496000051498	-0.011452992447
2.497599840164	-0.009721216746
2.499199867249	-0.011610257439
2.500799894333	-0.010722689331
2.502399921417	-0.009758464992
2.503999948502	-0.009724320844
2.505599975586	-0.011753696948
2.507200002670	-0.009739936329
2.508800029755	-0.011201105081
2.510399818420	-0.011796721257
2.511999845505	-0.008457488380
2.513599872589	-0.008954160847
2.515199899673	-0.010068801232
2.516799926758	-0.011411760934
2.518399953842	-0.008798304945
2.519999980927	-0.011205425486
2.521600008011	-0.010713249445
2.523200035095	-0.009371329099
2.524799823761	-0.012149472721
2.526399850845	-0.010860112496
2.527999877930	-0.008726480417
2.529599905014	-0.010607360862
2.531199932098	-0.011357360519
2.532799959183	-0.008371440694
2.534399986267	-0.010313441046
2.536000013351	-0.011297057383
2.537600040436	-0.010361600667
2.539199829102	-0.008201344870
2.540799856186	-0.010530592874
2.542399883270	-0.010668912902
2.543999910355	-0.012369121425
2.545599937439	-0.011092673056
2.547199964523	-0.008003104478
2.548799991608	-0.009878032841
2.550400018692	-0.010537520982
2.552000045776	-0.010151265189
2.553599834442	-0.009686864913
2.555199861526	-0.012020144612
2.556799888611	-0.009491648525
2.558399915695	-0.008207872510
2.559999942780	-0.011901648715
2.561599969864	-0.010377856903
2.563199996948	-0.009978705086
2.564800024033	-0.010095104575
2.566400051117	-0.012106880546
2.567999839783	-0.007408800535
2.569599866867	-0.013349057175
2.571199893951	-0.009660624899
2.572799921036	-0.008732385002
2.574399948120	-0.009265488945
2.575999975204	-0.009734752588
2.577600002289	-0.009893569164
2.579200029373	-0.010589664802
2.580799818039	-0.010722609237
2.582399845123	-0.008933376521
2.583999872208	-0.009530000389
2.585599899292	-0.011044048704
2.587199926376	-0.008658928797
2.588799953461	-0.010024368763
2.590399980545	-0.011432864703
2.592000007629	-0.009571248665
2.593600034714	-0.008149696514
2.595199823380	-0.011701649055
2.596799850464	-0.011524016969
2.598399877548	-0.013188305311
2.599999904633	-0.007352160756
2.601599931717	-0.010598881170
2.603199958801	-0.008541856892
2.604799985886	-0.010386944748
2.606400012970	-0.011052017100
2.608000040054	-0.010304224677
2.609599828720	-0.008191920817
2.611199855804	-0.010999280959
2.612799882889	-0.013094944879
2.614399909973	-0.010890224949
2.615999937057	-0.007655728608
2.617599964142	-0.009380096570
2.619199991226	-0.011050673202
2.620800018311	-0.010930753313
2.622400045395	-0.009962161072
2.623999834061	-0.007952032611
2.625599861145	-0.011511600576
2.627199888229	-0.011693089269
2.628799915314	-0.009618368931
2.630399942398	-0.007745904848
2.631999969482	-0.008479776792
2.633599996567	-0.011948336847
2.635200023651	-0.010873904452
2.636800050735	-0.009725361131
2.638399839401	-0.008104096167
2.639999866486	-0.011315041222
2.641599893570	-0.012707488611
2.643199920654	-0.009693392552
2.644799947739	-0.011329120956
2.646399974823	-0.011084289290
2.648000001907	-0.011874528602
2.649600028992	-0.009794017300
2.651199817657	-0.009207680821
2.652799844742	-0.010016432963
2.654399871826	-0.009166561067
2.655999898911	-0.009887536988
2.657599925995	-0.011835984886
2.659199953079	-0.010973473080
2.660799980164	-0.008627568372
2.662400007248	-0.011431360617
2.664000034332	-0.009463104419
2.665599822998	-0.011541617103
2.667199850082	-0.010937232524
2.668799877167	-0.011126304977
2.670399904251	-0.009352432564
2.671999931335	-0.010837152600
2.673599958420	-0.010634752922
2.675199985504	-0.011543248780
2.676800012589	-0.010133280419
2.678400039673	-0.008669408970
2.679999828339	-0.010452080518
2.681599855423	-0.011461793445
2.683199882507	-0.011753313243
2.684799909592	-0.008254881017
2.686399936676	-0.011521008797
2.687999963760	-0.012968161143
2.689599990845	-0.008799136616
2.691200017929	-0.007303504739
2.692800045013	-0.011073793285
2.694399833679	-0.010762017220
2.695999860764	-0.010028928518
2.697599887848	-0.009682272561
2.699199914932	-0.010922448710
2.700799942017	-0.011626897380
2.702399969101	-0.009027232416
2.703999996185	-0.011543905362
2.705600023270	-0.010866913013
2.707200050354	-0.009974961169
2.708799839020	-0.010173712857
2.710399866104	-0.008661360480
2.711999893188	-0.010038512759
2.713599920273	-0.006715936586
2.715199947357	-0.012042417191
2.716799974442	-0.011247185059
2.718400001526	-0.010726081207
2.720000028610	-0.007962960750
2.721599817276	-0.010452768765
2.723199844360	-0.012218641117
2.724799871445	-0.009854464792
2.726399898529	-0.010932208970
2.727999925613	-0.008947072551
2.729599952698	-0.010910145007
2.731199979782	-0.010158144869
2.732800006866	-0.009711280465
2.734400033951	-0.010699104518
2.735999822617	-0.010182416998
2.737599849701	-0.009590384550
2.739199876785	-0.010415649042
2.740799903870	-0.011616497301
2.742399930954	-0.008993120864
2.743999958038	-0.011798065156
2.745599985123	-0.009357089177
2.747200012207	-0.010103344917
2.748800039291	-0.009185520932
2.750399827957	-0.012837424874
2.751999855042	-0.011961952783
2.753599882126	-0.008862513117
2.755199909210	-0.010727953166
2.756799936295	-0.010858912952
2.758399963379	-0.011200289242
2.759999990463	-0.010921376757
2.761600017548	-0.010510897264
2.763200044632	-0.011362944730
2.764799833298	-0.011232896708
2.766399860382	-0.007556480821
2.767999887466	-0.011349473149
2.769599914551	-0.011942273006
2.771199941635	-0.011718337424
2.772799968719	-0.008769729175
2.774399995804	-0.009950832464
2.776000022888	-0.010849504732
2.777599811554	-0.010291616432
2.779199838638	-0.009877984412
2.780799865723	-0.010431872681
2.782399892807	-0.008311232552
2.783999919891	-0.012206912972
2.785599946976	-0.011263120919
2.787199974060	-0.008276416920
2.788800001144	-0.009348960593
2.790400028229	-0.010429472663
2.791999816895	-0.010726224631
2.793599843979	-0.010684545152
2.795199871063	-0.009334576316
2.796799898148	-0.010302912444
2.798399925232	-0.011296320707
2.799999952316	-0.010407201014
2.801599979401	-0.010679056868
2.803200006485	-0.010608833283
2.804800033569	-0.011423585005
2.806399822235	-0.009545696899
2.807999849319	-0.012755393051
2.809599876404	-0.010267280973
2.811199903488	-0.009883136488
2.812799930573	-0.010239296593
2.814399957657	-0.008788560517
2.815999984741	-0.009832545184
2.817600011826	-0.010004417039
2.819200038910	-0.010508609004
2.820799827576	-0.011676561087
2.822399854660	-0.011059776880
2.823999881744	-0.010462736711
2.825599908829	-0.010193200782
2.827199935913	-0.010266209021
2.828799962997	-0.009861120954
2.830399990082	-0.009484176524
2.832000017166	-0.010575360619
2.833600044250	-0.010930896737
2.835199832916	-0.010659680702
2.836799860001	-0.010240896605
2.838399887085	-0.012165169232
2.839999914169	-0.009046545252
2.841599941254	-0.011485776864
2.843199968338	-0.009873760864
2.844799995422	-0.010605088435
2.846400022507	-0.011964080855
2.847999811172	-0.008659360930
2.849599838257	-0.010836816393
2.851199865341	-0.010183729231
2.852799892426	-0.012708225287
2.854399919510	-0.009256657213
2.855999946594	-0.008337344974
2.857599973679	-0.009770512581
2.859200000763	-0.012510241009
2.860800027847	-0.009295680560
2.862399816513	-0.009237328544
2.863999843597	-0.011046640575
2.865599870682	-0.008865281008
2.867199897766	-0.013450257480
2.868799924850	-0.010681232437
2.870399951935	-0.010653409176
2.871999979019	-0.010144433007
2.873600006104	-0.010625649244
2.875200033188	-0.009827776812
2.876799821854	-0.009129328653
2.878399848938	-0.011002048850
2.879999876022	-0.011047696695
2.881599903107	-0.011011472903
2.883199930191	-0.010298816487
2.884799957275	-0.008526545018
2.886399984360	-0.011045601219
2.888000011444	-0.012654305436
2.889600038528	-0.012608689256
2.891199827194	-0.009091489017
2.892799854279	-0.009643904865
2.894399881363	-0.010211217217
2.895999908447	-0.014143681154
2.897599935532	-0.010626672767
2.899199962616	-0.010480129160
2.900799989700	-0.007467632648
2.902400016785	-0.011690576561
2.904000043869	-0.011580592953
2.905599832535	-0.009419265203
2.907199859619	-0.008905632421
2.908799886703	-0.011292304844
2.910399913788	-0.012872576714
2.911999940872	-0.009692144580
2.913599967957	-0.008999728598
2.915199995041	-0.009138032794
2.916800022125	-0.012034753338
2.918399810791	-0.009746320546
2.919999837875	-0.010266320780
2.921599864960	-0.007842992432
2.923199892044	-0.010380880907
2.924799919128	-0.012419569306
2.926399946213	-0.010148848407
2.927999973297	-0.007983408868
2.929600000381	-0.007785888389
2.931200027466	-0.011489696801
2.932799816132	-0.008777504787
2.934399843216	-0.008685888723
2.935999870300	-0.008117713034
2.937599897385	-0.011445985176
2.939199924469	-0.012820673175
2.940799951553	-0.009796368890
2.942399978638	-0.012662321329
2.944000005722	-0.007619568612
2.945600032806	-0.009258960374
2.947199821472	-0.012282401323
2.948799848557	-0.011165648699
2.950399875641	-0.010707872920
2.951999902725	-0.008942816406
2.953599929810	-0.011471824721
2.955199956894	-0.011665697210
2.956799983978	-0.010290496983
2.958400011063	-0.010848336853
2.960000038147	-0.010339665227
2.961599826813	-0.009933056310
2.963199853897	-0.010700752959
2.964799880981	-0.009723937139
2.966399908066	-0.009569888934
2.967999935150	-0.010518704541
2.969599962234	-0.012637632899
2.971199989319	-0.012225424871
2.972800016403	-0.010663856752
2.974400043488	-0.009971696883
2.975999832153	-0.010321744718
2.977599859238	-0.010913296603
2.979199886322	-0.010913536884
2.980799913406	-0.009348752908
2.982399940491	-0.009702656418
2.983999967575	-0.012538384646
2.985599994659	-0.011437729001
2.987200021744	-0.009670129046
2.988799810410	-0.009169712663
2.990399837494	-0.011438497342
2.991999864578	-0.010582176968
2.993599891663	-0.012145472690
2.995199918747	-0.013621329330
2.996799945831	-0.007267808542
2.998399972916	-0.011033552699
3.000000000000	-0.010986017063
3.001600027084	-0.010601136833
3.003199815750	-0.010698689148
3.004799842834	-0.009571201168
3.006399869919	-0.010328897275
3.007999897003	-0.013261809014
3.009599924088	-0.009011920542
3.011199951172	-0.010327808559
3.012799978256	-0.012440673076
3.014400005341	-0.011579632759
3.016000032425	-0.011321648955
3.017599821091	-0.008816400543
3.019199848175	-0.010465328582
3.020799875259	-0.010641952977
3.022399902344	-0.011978705414
3.023999929428	-0.010302704759
3.025599956512	-0.010063584894
3.027199983597	-0.008942816406
3.028800010681	-0.011790640652
3.030400037766	-0.011737456545
3.031999826431	-0.008821392432
3.033599853516	-0.008909648284
3.035199880600	-0.012732272968
3.036799907684	-0.010753808543
3.038399934769	-0.012284897268
3.039999961853	-0.011573009193
3.041599988937	-0.007633584552
3.043200016022	-0.008314992301
3.044799804687	-0.011104368605
3.046399831772	-0.012258945033
3.047999858856	-0.009406704456
3.049599885941	-0.009721793234
3.051199913025	-0.010192848742
3.052799940109	-0.011120736599
3.054399967194	-0.010134752840
3.055999994278	-0.011424353346
3.057600021362	-0.009240113199
3.059199810028	-0.011439585127
3.060799837112	-0.009696256369
3.062399864197	-0.011087777093
3.063999891281	-0.009895728901
3.065599918365	-0.009468080476
3.067199945450	-0.011035905220
3.068799972534	-0.010720913298
3.070399999619	-0.008923985064
3.072000026703	-0.009029025212
3.073599815369	-0.009230576456
3.075199842453	-0.014081104659
3.076799869537	-0.009752321057
3.078399896622	-0.009434416890
3.079999923706	-0.008995424956
3.081599950790	-0.011499633081
3.083199977875	-0.009053072892
3.084800004959	-0.011349985376
3.086400032043	-0.009717296809
3.087999820709	-0.011087024584
3.089599847794	-0.008893792517
3.091199874878	-0.010155136697
3.092799901962	-0.010033648461
3.094399929047	-0.008123536594
3.095999956131	-0.012440064922
3.097599983215	-0.009340817109
3.099200010300	-0.012826081365
3.100800037384	-0.012777840719
3.102399826050	-0.011179649271
3.103999853134	-0.011406336911
3.105599880219	-0.011382672936
3.107199907303	-0.010314784944
3.108799934387	-0.010158657096
3.110399961472	-0.011707169004
3.111999988556	-0.009750721045
3.113600015640	-0.010679473169
3.115199804306	-0.010787408799
3.116799831390	-0.009859024547
3.118399858475	-0.010052449070
3.119999885559	-0.009934849106
3.121599912643	-0.013119840994
3.123199939728	-0.009017136879
3.124799966812	-0.010456848890
3.126399993896	-0.009155728854
3.128000020981	-0.010918624699
3.129599809647	-0.010043168440
3.131199836731	-0.009703184478
3.132799863815	-0.008859360591
3.134399890900	-0.009727728553
3.135999917984	-0.012679249048
3.137599945068	-0.008039136417
3.139199972153	-0.010206304491
3.140799999237	-0.009964561090
3.142400026321	-0.010954977013
3.143999814987	-0.010383216664
3.145599842072	-0.008698976599
3.147199869156	-0.009784032591
3.148799896240	-0.009663504548
3.150399923325	-0.013178560883
3.151999950409	-0.009536241181
3.153599977493	-0.011222640984
3.155200004578	-0.009397424757
3.156800031662	-0.010853712447
3.158399820328	-0.010492512956
3.159999847412	-0.010970881209
3.161599874496	-0.009975489229
3.163199901581	-0.010429505259
3.164799928665	-0.009349696338
3.166399955750	-0.009758705273
3.167999982834	-0.010348624550
3.169600009918	-0.009079952724
3.171200037003	-0.011039152741
3.172799825668	-0.010250160471
3.174399852753	-0.007101008669
3.175999879837	-0.010290305130
3.177599906921	-0.009388225153
3.179199934006	-0.010375441052
3.180799961090	-0.010843968950
3.182399988174	-0.011264337227
3.184000015259	-0.009916288778
3.185599803925	-0.012147489004
3.187199831009	-0.008990640752
3.188799858093	-0.013279696926
3.190399885178	-0.010151728988
3.191999912262	-0.010881233029
3.193599939346	-0.010825793259
3.195199966431	-0.010766064748
3.196799993515	-0.011646256782
3.198400020599	-0.010326800868
3.199999809265	-0.008301152848
3.201599836349	-0.011319937184
3.203199863434	-0.011243120767
3.204799890518	-0.009134273045
3.206399917603	-0.009289504960
3.207999944687	-0.010703008622
3.209599971771	-0.010751488619
3.211199998856	-0.011125680991
3.212800025940	-0.010570560582
3.214399814606	-0.010235792957
3.215999841690	-0.010065601207
3.217599868774	-0.010496976785
3.219199895859	-0.012607089244
3.220799922943	-0.010286528617
3.222399950027	-0.009515120648
3.223999977112	-0.008628256619
3.225600004196	-0.010325488634
3.227200031281	-0.011460640468
3.228799819946	-0.013040113263
3.230399847031	-0.010218016803
3.231999874115	-0.009684625082
3.233599901199	-0.012564896606
3.235199928284	-0.009094112553
3.236799955368	-0.011543520726
3.238399982452	-0.013091760688
3.240000009537	-0.010062608868
3.241600036621	-0.009973744862
3.243199825287	-0.011184273288
3.244799852371	-0.010343153030
3.246399879456	-0.009896704927
3.247999906540	-0.010160016827
3.249599933624	-0.010466272943
3.251199960709	-0.008968384936
3.252799987793	-0.011788224801
3.254400014877	-0.011115296744
3.255999803543	-0.007687872741
3.257599830627	-0.010489297099
3.259199857712	-0.011703681201
3.260799884796	-0.010224080645
3.262399911880	-0.009900496341
3.263999938965	-0.010242977180
3.265599966049	-0.012642256916
3.267199993134	-0.011233633384
3.268800020218	-0.009307664819
3.270399808884	-0.011223264970
3.271999835968	-0.011369025335
3.273599863052	-0.010654896498
3.275199890137	-0.008274688385
3.276799917221	-0.011980689131
3.278399944305	-0.010570049286
3.279999971390	-0.010090000927
3.281599998474	-0.011292752810
3.283200025558	-0.011411136948
3.284799814224	-0.011240272783
3.286399841309	-0.010611120611
3.287999868393	-0.011284736916
3.289599895477	-0.009708113037
3.291199922562	-0.011797728948
3.292799949646	-0.012824401259
3.294399976730	-0.010471392423
3.296000003815	-0.010043072514
3.297600030899	-0.010128976777
3.299199819565	-0.012923841365
3.300799846649	-0.011864288710
3.302399873734	-0.009417761117
3.303999900818	-0.008977024816
3.305599927902	-0.009595888667
3.307199954987	-0.010234257206
3.308799982071	-0.010048720986
3.310400009155	-0.010905137286
3.311999797821	-0.014196241274
3.313599824905	-0.010030017234
3.315199851990	-0.011069952510
3.316799879074	-0.010527472943
3.318399906158	-0.011962817051
3.319999933243	-0.010339841247
3.321599960327	-0.012088912539
3.323199987411	-0.011887424625
3.324800014496	-0.010006257333
3.326399803162	-0.011286497116
3.327999830246	-0.010180656798
3.329599857330	-0.010877984576
3.331199884415	-0.009481216781
3.332799911499	-0.009415185079
3.334399938583	-0.010927072726
3.335999965668	-0.010751152411
3.337599992752	-0.009254656732
3.339200019836	-0.011221440509
3.340799808502	-0.012565265410
3.342399835587	-0.010662688874
3.343999862671	-0.009135792963
3.345599889755	-0.011150864884
3.347199916840	-0.009154512547
3.348799943924	-0.010909521021
3.350399971008	-0.009871184826
3.351999998093	-0.010548864491
3.353600025177	-0.011826672591
3.355199813843	-0.012272048742
3.356799840927	-0.009322208352
3.358399868011	-0.009634688497
3.359999895096	-0.011405040510
3.361599922180	-0.011122928932
3.363199949265	-0.012540784664
3.364799976349	-0.011044353247
3.366400003433	-0.010415361263
3.368000030518	-0.011170368642
3.369599819183	-0.012143297121
3.371199846268	-0.011173984967
3.372799873352	-0.011187280528
3.374399900436	-0.010261792690
3.375999927521	-0.009363472462
3.377599954605	-0.010807665065
3.379199981689	-0.011078257114
3.380800008774	-0.011299633421
3.382399797440	-0.010730848648
3.383999824524	-0.010576913133
3.385599851608	-0.011533984914
3.387199878693	-0.011816944927
3.388799905777	-0.011302337050
3.390399932861	-0.009951456450
3.391999959946	-0.012025280856
3.393599987030	-0.012171393260
3.395200014114	-0.008880272508
3.396799802780	-0.010457472876
3.398399829865	-0.010547473095
3.399999856949	-0.011479265057
3.401599884033	-0.009163361043
3.403199911118	-0.010380208492
3.404799938202	-0.008788321167
3.406399965286	-0.011243840680
3.407999992371	-0.010061376728
3.409600019455	-0.011556512676
3.411199808121	-0.008895345032
3.412799835205	-0.009174688719
3.414399862289	-0.010122576728
3.415999889374	-0.012590496801
3.417599916458	-0.010307217017
3.419199943542	-0.011776177213
3.420799970627	-0.008604032919
3.422399997711	-0.008714864962
3.424000024796	-0.012319456786
3.425599813461	-0.011257057078
3.427199840546	-0.011589089409
3.428799867630	-0.011752945371
3.430399894714	-0.009321073070
3.431999921799	-0.010284257121
3.433599948883	-0.010892832652
3.435199975967	-0.012218832970
3.436800003052	-0.010070656426
3.438400030136	-0.010899520479
3.439999818802	-0.009557568468
3.441599845886	-0.009193856269
3.443199872971	-0.013266192749
3.444799900055	-0.011958609335
3.446399927139	-0.009862944484
3.447999954224	-0.010916721076
3.449599981308	-0.009466208518
3.451200008392	0.012469553389
