0.000000000000	0.025813281536
0.001599999960	0.024237265810
0.003199999919	0.024303810671
0.004799999762	0.023619426414
0.006399999838	0.024995617568
0.007999999449	0.023705618456
0.009599999525	0.022292273119
0.011199999601	0.023565186188
0.012799999677	0.023363778368
0.014399999753	0.021889105439
0.015999998897	0.021665154025
0.017599999905	0.020515201613
0.019199999049	0.019771665335
0.020800000057	0.019786689430
0.022399999201	0.020212322474
0.024000000209	0.019655793905
0.025599999353	0.018062224612
0.027199998498	0.018591489643
0.028799999505	0.018734226003
0.030399998650	0.018191888928
0.031999997795	0.016705121845
0.033599998802	0.017263073474
0.035199999809	0.017984850332
0.036800000817	0.017392592505
0.038399998099	0.016484929249
0.039999999106	0.016940193251
0.041600000113	0.016811521724
0.043199997395	0.016279952601
0.044799998403	0.017432672903
0.046399999410	0.015826208517
0.048000000417	0.015761792660
0.049599997699	0.015040321276
0.051199998707	0.016222529113
0.052799999714	0.015269760974
0.054399996996	0.013964192942
0.055999998003	0.015333873220
0.057599999011	0.016184225678
0.059200000018	0.015241312794
0.060799997300	0.015235313214
0.062399998307	0.014951025136
0.063999995589	0.015903361142
0.065600000322	0.013953153044
0.067199997604	0.014108560979
0.068799994886	0.014539249241
0.070399999619	0.014405776747
0.071999996901	0.014492289163
0.073600001633	0.013187280856
0.075199998915	0.014441105537
0.076799996197	0.013569680974
0.078400000930	0.012836640701
0.079999998212	0.014770273119
0.081599995494	0.013553985395
0.083200000226	0.013388817199
0.084799997509	0.012429729104
0.086399994791	0.013518689200
0.087999999523	0.014347408898
0.089599996805	0.015120609663
0.091199994087	0.013627025299
0.092799998820	0.012563233264
0.094399996102	0.014165073633
0.096000000834	0.014038001187
0.097599998116	0.013510929421
0.099199995399	0.012693344615
0.100800000131	0.013042977080
0.102399997413	0.013338400982
0.103999994695	0.012157008983
0.105599999428	0.011803776957
0.107199996710	0.012687137350
0.108799993992	0.011949121021
0.110399998724	0.012451233342
0.111999996006	0.011837729253
0.113600000739	0.013889073394
0.115199998021	0.011483920738
0.116799995303	0.012522945181
0.118400000036	0.012864464894
0.119999997318	0.013343169354
0.121599994600	0.012392672710
0.123199999332	0.012453776784
0.124799996614	0.012382017449
0.126399993896	0.011466977187
0.127999991179	0.011748497374
0.129600003362	0.010788192973
0.131200000644	0.013609697111
0.132799997926	0.010551361367
0.134399995208	0.012304737233
0.135999992490	0.011198736727
0.137599989772	0.011457169428
0.139200001955	0.011663313024
0.140799999237	0.010829185136
0.142399996519	0.011977056973
0.143999993801	0.011770800687
0.145599991083	0.011208993383
0.147200003266	0.011834977195
0.148800000548	0.012126960792
0.150399997830	0.011724561453
0.151999995112	0.010135329328
0.153599992394	0.012101233006
0.155199989676	0.011581056751
0.156800001860	0.010423504747
0.158399999142	0.011337056756
0.159999996424	0.011592016555
0.161599993706	0.012058177032
0.163199990988	0.010796784423
0.164800003171	0.011760752648
0.166400000453	0.011025888845
0.167999997735	0.010266144760
0.169599995017	0.011076641269
0.171199992299	0.012172449380
0.172799989581	0.010660656728
0.174400001764	0.010721168481
0.175999999046	0.011211552657
0.177599996328	0.011881249025
0.179199993610	0.010553584434
0.180799990892	0.010668960400
0.182399988174	0.010159696452
0.184000000358	0.010218705051
0.185599997640	0.009520368651
0.187199994922	0.010827792808
0.188799992204	0.011149777099
0.190399989486	0.010128208436
0.192000001669	0.009186448529
0.193599998951	0.009556544945
0.195199996233	0.010314112529
0.196799993515	0.011047232896
0.198399990797	0.009968448430
0.199999988079	0.010893648490
0.201600000262	0.010252593085
0.203199997544	0.008887728676
0.204799994826	0.010271617211
0.206399992108	0.009838832542
0.207999989390	0.009295361117
0.209600001574	0.009281041101
0.211199998856	0.010222593322
0.212799996138	0.009434209205
0.214399993420	0.009356080554
0.215999990702	0.009038608521
0.217599987984	0.010342544876
0.219200000167	0.009222480468
0.220799997449	0.009457089007
0.222399994731	0.010040816851
0.223999992013	0.008176513016
0.225599989295	0.009651008993
0.227200001478	0.009863360785
0.228799998760	0.010013856925
0.230399996042	0.008537440561
0.231999993324	0.008283024654
0.233599990606	0.008929424919
0.235199987888	0.008463760838
0.236800000072	0.010012624785
0.238399997354	0.010521505028
0.239999994636	0.009332512505
0.241599991918	0.010441664606
0.243199989200	0.010006528348
0.244799986482	0.009490320459
0.246399998665	0.010098944418
0.247999995947	0.008952928707
0.249599993229	0.008715616539
0.251199990511	0.009357504547
0.252799987793	0.009730529040
0.254399985075	0.009417937137
0.255999982357	0.009296192788
0.257599979639	0.009307713248
0.259200006723	0.009295040742
0.260800004005	0.008835136890
0.262400001287	0.009417520836
0.263999998569	0.009620000608
0.265599995852	0.008736336604
0.267199993134	0.009196128696
0.268799990416	0.009238480590
0.270399987698	0.009015153162
0.271999984980	0.008275040425
0.273599982262	0.008850640617
0.275199979544	0.008125152439
0.276800006628	0.008166369051
0.278400003910	0.007882256992
0.280000001192	0.008273600601
0.281599998474	0.007269968744
0.283199995756	0.008868416771
0.284799993038	0.007846272551
0.286399990320	0.007669472601
0.287999987602	0.007747984491
0.289599984884	0.009255984798
0.291199982166	0.009557601064
0.292799979448	0.006941552740
0.294400006533	0.009713584557
0.296000003815	0.009235984646
0.297600001097	0.007915280759
0.299199998379	0.006633232348
0.300799995661	0.007718848530
0.302399992943	0.008713584393
0.303999990225	0.006975952536
0.305599987507	0.007487776689
0.307199984789	0.007347488776
0.308799982071	0.008367472328
0.310399979353	0.008573120460
0.312000006437	0.009697840549
0.313600003719	0.008850352839
0.315200001001	0.008094928227
0.316799998283	0.007061520591
0.318399995565	0.009381040931
0.319999992847	0.008715952747
0.321599990129	0.007786144502
0.323199987411	0.008086560294
0.324799984694	0.007453216705
0.326399981976	0.007525840774
0.327999979258	0.005816992372
0.329600006342	0.008445744403
0.331200003624	0.008805505000
0.332800000906	0.008039488457
0.334399998188	0.007381968666
0.335999995470	0.008467136882
0.337599992752	0.007530032657
0.339199990034	0.008872624487
0.340799987316	0.008638336323
0.342399984598	0.008766208775
0.343999981880	0.007174512837
0.345599979162	0.008386624977
0.347199976444	0.006767920684
0.348800003529	0.008131648414
0.350400000811	0.007291472517
0.351999998093	0.008226769045
0.353599995375	0.007226064801
0.355199992657	0.007019296754
0.356799989939	0.006770688575
0.358399987221	0.008006448857
0.359999984503	0.007738048676
0.361599981785	0.006570944563
0.363199979067	0.007136960514
0.364799976349	0.007908384316
0.366400003433	0.007690608501
0.368000000715	0.008437104523
0.369599997997	0.007719216868
0.371199995279	0.007029392757
0.372799992561	0.006410256494
0.374399989843	0.007094800472
0.375999987125	0.006351072341
0.377599984407	0.006174064707
0.379199981689	0.007034944370
0.380799978971	0.005165856332
0.382399976254	0.006766032428
0.384000003338	0.006327520590
0.385600000620	0.007435472682
0.387199997902	0.006408480462
0.388799995184	0.006609040312
0.390399992466	0.006488928571
0.391999989748	0.006968080532
0.393599987030	0.006688416470
0.395199984312	0.006687344518
0.396799981594	0.006949072704
0.398399978876	0.007132400759
0.399999976158	0.005178704392
0.401600003242	0.005404736381
0.403200000525	0.006386560388
0.404799997807	0.005926432554
0.406399995089	0.004705888219
0.407999992371	0.005938272458
0.409599989653	0.006021680310
0.411199986935	0.006742304657
0.412799984217	0.006780032534
0.414399981499	0.005085184239
0.415999978781	0.007391152438
0.417599976063	0.005494800396
0.419200003147	0.007459728513
0.420800000429	0.007617040537
0.422399997711	0.004795312416
0.423999994993	0.005707424600
0.425599992275	0.006033952348
0.427199989557	0.006514416542
0.428799986839	0.006461792625
0.430399984121	0.004478960298
0.431999981403	0.005583776627
0.433599978685	0.005260608625
0.435199975967	0.005594304297
0.436800003052	0.006154192612
0.438400000334	0.005782624707
0.439999997616	0.006233920343
0.441599994898	0.005021728575
0.443199992180	0.006386624649
0.444799989462	0.004352592397
0.446399986744	0.005760144442
0.447999984026	0.004951200448
0.449599981308	0.006298384629
0.451199978590	0.004559648223
0.452799975872	0.005660400260
0.454400002956	0.004951744340
0.456000000238	0.006086256355
0.457599997520	0.004638048355
0.459199994802	0.003936848138
0.460799992085	0.005524784327
0.462399989367	0.004418768454
0.463999986649	0.004492464475
0.465599983931	0.005333728623
0.467199981213	0.006345360540
0.468799978495	0.005880800541
0.470399975777	0.005799328443
0.472000002861	0.005725968629
0.473600000143	0.006288080476
0.475199997425	0.005937456619
0.476799994707	0.006342000328
0.478399991989	0.004867904354
0.479999989271	0.005428816658
0.481599986553	0.004232576583
0.483199983835	0.005228016526
0.484799981117	0.004516960122
0.486399978399	0.005722752307
0.487999975681	0.004833168350
0.489599972963	0.006100000348
0.491200000048	0.006698560435
0.492799997330	0.004507632460
0.494399994612	0.005293248687
0.495999991894	0.006065760739
0.497599989176	0.004463664256
0.499199986458	0.004659232218
0.500800013542	0.005472304299
0.502399981022	0.004826656543
0.504000008106	0.004558400251
0.505599975586	0.004725216422
0.507200002670	0.005293824244
0.508799970150	0.003512272378
0.510399997234	0.004082432482
0.511999964714	0.004303344525
0.513599991798	0.004705712199
0.515199959278	0.004200720228
0.516799986362	0.005025152583
0.518400013447	0.005215264391
0.519999980927	0.004388992209
0.521600008011	0.003723968286
0.523199975491	0.004500464536
0.524800002575	0.005518896505
0.526399970055	0.002880944172
0.527999997139	0.004212928470
0.529599964619	0.004461488221
0.531199991703	0.004446912091
0.532799959183	0.004552240483
0.534399986267	0.005288400687
0.536000013351	0.004541952163
0.537599980831	0.003944880329
0.539200007915	0.004552896600
0.540799975395	0.004073728342
0.542400002480	0.002839856315
0.543999969959	0.003021680284
0.545599997044	0.003053616267
0.547199964523	0.004866160452
0.548799991608	0.003731584409
0.550399959087	0.004376480356
0.551999986172	0.004268960562
0.553600013256	0.004788144492
0.555199980736	0.003151776269
0.556800007820	0.004137504380
0.558399975300	0.004198128358
0.560000002384	0.002287472133
0.561599969864	0.003627888393
0.563199996948	0.004257920198
0.564799964428	0.005894528702
0.566399991512	0.003756112419
0.567999958992	0.003083472373
0.569599986076	0.003903936362
0.571200013161	0.004449360538
0.572799980640	0.003017680254
0.574400007725	0.004574432503
0.575999975204	0.003887424245
0.577600002289	0.002934208140
0.579199969769	0.002866512164
0.580799996853	0.002220752183
0.582399964333	0.002901856322
0.583999991417	0.003587344196
0.585599958897	0.003541488200
0.587199985981	0.004218496382
0.588800013065	0.004161872435
0.590399980545	0.003793088254
0.592000007629	0.002231168095
0.593599975109	0.004442896228
0.595200002193	0.003958688118
0.596799969673	0.002211648272
0.598399996758	0.003565920284
0.599999964237	0.003275520168
0.601599991322	0.004204128403
0.603199958801	0.003073136322
0.604799985886	0.003715280443
0.606400012970	0.003597728210
0.607999980450	0.002266432159
0.609600007534	0.003030336229
0.611199975014	0.002527440200
0.612800002098	0.002555936342
0.614399969578	0.002915696241
0.615999996662	0.003380432259
0.617599964142	0.003094096202
0.619199991226	0.003108272096
0.620799958706	0.002937728306
0.622399985790	0.002522992203
0.624000012875	0.002320240252
0.625599980354	0.003853024449
0.627200007439	0.002873616293
0.628799974918	0.003427584190
0.630400002003	0.002091472037
0.631999969482	0.001098592067
0.633599996567	0.002728608204
0.635199964046	0.002307664137
0.636799991131	0.002160288161
0.638399958611	0.003542736173
0.639999985695	0.003183472203
0.641600012779	0.002719168086
0.643199980259	0.002560272114
0.644800007343	0.001932464191
0.646399974823	0.002570240293
0.648000001907	0.002841984387
0.649599969387	0.003295344301
0.651199996471	0.001898432150
0.652799963951	0.000894736091
0.654399991035	0.002437296323
0.655999958515	0.002714544302
0.657599985600	0.002611760283
0.659200012684	0.001682224101
0.660799980164	0.002645360073
0.662400007248	0.002767936094
0.663999974728	0.001587104169
0.665600001812	0.002016320126
0.667199969292	0.003120880341
0.668799996376	0.001723296242
0.670399963856	0.002300256165
0.671999990940	0.004297728185
0.673599958420	0.003069504397
0.675199985504	0.002220560098
0.676800012589	0.002972608199
0.678399980068	0.003520352300
0.680000007153	0.003153760219
0.681599974632	0.001015344053
0.683200001717	0.002035440179
0.684799969196	0.001809168141
0.686399996281	0.002306608250
0.687999963760	0.002631328302
0.689599990845	0.003280896228
0.691199958324	0.003091040300
0.692799985409	0.000292768003
0.694399952888	0.004383744206
0.695999979973	0.002481920179
0.697600007057	0.000931008079
0.699199974537	0.001746544149
0.700800001621	0.002978960285
0.702399969101	0.000985296094
0.703999996185	0.001586384140
0.705599963665	0.002602688270
0.707199990749	0.002085088287
0.708799958229	0.001718656044
0.710399985313	0.001923872158
0.711999952793	0.002912016120
0.713599979877	0.001257247990
0.715200006962	0.001011536107
0.716799974442	0.002694688272
0.718400001526	0.002636144171
0.719999969006	0.000712992041
0.721599996090	0.000473440043
0.723199963570	0.002246064134
0.724799990654	0.002116928110
0.726399958134	-0.000325136061
0.727999985218	0.003374016378
0.729599952698	0.001181168132
0.731199979782	0.000855488062
0.732800006866	0.001793344156
0.734399974346	0.002668640343
0.736000001431	0.001211088034
0.737599968910	0.000862336077
0.739199995995	0.000794704072
0.740799963474	0.001401440124
0.742399990559	0.001483216067
0.743999958038	0.002322080079
0.745599985123	0.001960480120
0.747199952602	0.001391520142
0.748799979687	0.001252336078
0.750400006771	0.002063968219
0.751999974251	0.002110304078
0.753600001335	0.001110144076
0.755199968815	0.001912960084
0.756799995899	0.001809040201
0.758399963379	0.001567072119
0.759999990463	0.000937472098
0.761599957943	0.001570432098
0.763199985027	0.002455648268
0.764799952507	0.000851280056
0.766399979591	-0.000454816065
0.768000006676	0.001975600142
0.769599974155	0.001384896110
0.771200001240	0.001037648064
0.772799968719	0.001740880194
0.774399995804	0.001801424078
0.775999963284	0.001460864092
0.777599990368	0.001006032107
0.779199957848	-0.000297951978
0.780799984932	-0.000597808103
0.782399952412	-0.000030175979
0.783999979496	0.001963808201
0.785600006580	0.001697296160
0.787199974060	0.001743600122
0.788800001144	0.000576959981
0.790399968624	0.001748832176
0.791999995708	0.000668480061
0.793599963188	-0.000336672034
0.795199990273	-0.000147519982
0.796799957752	0.001067136065
0.798399984837	0.001317200135
0.799999952316	0.000162480050
0.801599979401	0.000497808040
0.803200006485	0.001221952029
0.804799973965	0.001215792145
0.806400001049	0.001078640111
0.807999968529	0.000412768015
0.809599995613	0.000002960070
0.811199963093	-0.001057936111
0.812799990177	-0.000334896031
0.814399957657	0.001008384046
0.815999984741	-0.000698144082
0.817599952221	0.000116096002
0.819199979305	0.001785280067
0.820800006390	-0.000003375999
0.822399973869	0.001055232133
0.824000000954	0.000158800001
0.825599968433	0.000522656017
0.827199995518	-0.000086751978
0.828799962997	0.000407184067
0.830399990082	-0.000677888049
0.831999957561	-0.000541136076
0.833599984646	-0.001330336090
0.835199952126	0.000455648056
0.836799979210	0.000444320031
0.838400006294	0.000289952033
0.839999973774	0.000422576122
0.841600000858	0.001421856112
0.843199968338	0.000329888047
0.844799995422	0.000651712064
0.846399962902	0.000548399985
0.847999989986	0.000261168025
0.849599957466	0.000998528092
0.851199984550	-0.000402336067
0.852799952030	-0.000571040087
0.854399979115	-0.000432752044
0.856000006199	0.000652528019
0.857599973679	0.000119551980
0.859200000763	-0.000735536101
0.860799968243	0.001023824094
0.862399995327	-0.000517904060
0.863999962807	-0.000777904119
0.865599989891	-0.000816832006
0.867199957371	-0.000182352058
0.868799984455	0.000235008003
0.870399951935	-0.000079072044
0.871999979019	-0.000533120066
0.873600006104	0.000035152021
0.875199973583	-0.001117279986
0.876800000668	0.000689408102
0.878399968147	-0.000972688140
0.879999995232	-0.001493104151
0.881599962711	-0.001657136134
0.883199989796	-0.000270736055
0.884799957275	-0.000993536087
0.886399984360	0.000262240006
0.887999951839	-0.000110192064
0.889599978924	0.000535488012
0.891200006008	0.000731680018
0.892799973488	-0.001027552062
0.894400000572	0.000876672100
0.895999968052	0.000374048075
0.897599995136	-0.002087168163
0.899199962616	-0.000179680006
0.900799989700	0.000785856042
0.902399957180	0.000098624034
0.903999984264	-0.001499904087
0.905599951744	-0.000211952021
0.907199978828	0.000432576053
0.908800005913	-0.001077056048
0.910399973392	-0.001144768088
0.912000000477	0.000380064041
0.913599967957	-0.000353823940
0.915199995041	-0.000938896032
0.916799962521	-0.000479376060
0.918399989605	0.000610304065
0.919999957085	-0.001231280039
0.921599984169	0.000174176050
0.923199951649	0.000258784014
0.924799978733	-0.000260544039
0.926400005817	-0.002094384283
0.927999973297	0.000549280026
0.929600000381	-0.001284912112
0.931199967861	-0.001916496200
0.932799994946	-0.001057424117
0.934399962425	-0.000624831999
0.935999989510	-0.002167120110
0.937599956989	-0.002052480122
0.939199984074	-0.000356928067
0.940799951553	-0.001002608100
0.942399978638	-0.000996544142
0.944000005722	-0.001220224192
0.945599973202	-0.000545632036
0.947200000286	-0.000952960050
0.948799967766	-0.001014800044
0.950399994850	-0.002587616211
0.951999962330	-0.002176256152
0.953599989414	-0.000717488059
0.955199956894	-0.000320015999
0.956799983978	-0.001232592040
0.958399951458	-0.001048448030
0.959999978542	-0.000854336075
0.961599946022	0.000151888031
0.963199973106	-0.001086000120
0.964800000191	0.000286848051
0.966399967670	-0.000625808083
0.967999994755	-0.000234576000
0.969599962234	-0.001094336156
0.971199989319	0.000223199997
0.972799956799	-0.000922560052
0.974399983883	-0.000552912068
0.975999951363	-0.001016448135
0.977599978447	-0.002430672059
0.979199945927	-0.001391648082
0.980799973011	-0.002042208100
0.982400000095	-0.002573584206
0.983999967575	-0.001371888095
0.985599994659	-0.000384927989
0.987199962139	-0.002358912257
0.988799989223	-0.002260512207
0.990399956703	-0.001960704103
0.991999983788	-0.000634912110
0.993599951267	-0.001796752214
0.995199978352	-0.002015504055
0.996799945831	-0.003222848289
0.998399972916	-0.002042400185
1.000000000000	-0.001907488098
1.001600027084	-0.001481584157
1.003199934959	-0.000639888109
1.004799962044	-0.002301024273
1.006399989128	-0.000879760017
1.008000016212	-0.001624512137
1.009599924088	-0.001877168193
1.011199951172	-0.002950864146
1.012799978256	-0.001242160099
1.014400005341	-0.001805536100
1.016000032425	-0.002059904160
1.017599940300	-0.001853248221
1.019199967384	-0.000831520068
1.020799994469	-0.002251440194
1.022400021553	-0.001843200182
1.023999929428	-0.001388880075
1.025599956512	-0.000519520021
1.027199983597	-0.002803920303
1.028800010681	-0.002861952176
1.030399918556	-0.002602528315
1.031999945641	-0.003066704143
1.033599972725	-0.003332080320
1.035199999809	-0.002005920047
1.036800026894	-0.003316112328
1.038399934769	-0.002315568039
1.039999961853	-0.002314656274
1.041599988937	-0.002523280215
1.043200016022	-0.001658432186
1.044799923897	-0.001041968120
1.046399950981	-0.001723792171
1.047999978065	-0.003260256257
1.049600005150	-0.001695120125
1.051200032234	-0.001136000152
1.052799940109	-0.002679184312
1.054399967194	-0.003109008307
1.055999994278	-0.001610064064
1.057600021362	-0.003202848136
1.059199929237	-0.003571760375
1.060799956322	-0.002010192256
1.062399983406	-0.003053264227
1.064000010490	-0.003568144282
1.065599918365	-0.002308832249
1.067199945450	-0.000204832002
1.068799972534	-0.002277472056
1.070399999619	-0.002461856231
1.072000026703	-0.001797152101
1.073599934578	-0.002511280123
1.075199961662	-0.003104384290
1.076799988747	-0.000687648077
1.078400015831	-0.003467760282
1.079999923706	-0.003290320281
1.081599950790	-0.002433760092
1.083199977875	-0.002682048362
1.084800004959	-0.001962736249
1.086400032043	-0.001902512158
1.087999939919	-0.001474560122
1.089599967003	-0.001853504102
1.091199994087	-0.002060512081
1.092800021172	-0.002442000201
1.094399929047	-0.002738608280
1.095999956131	-0.003453024197
1.097599983215	-0.003512064228
1.099200010300	-0.003024672158
1.100799918175	-0.002902800217
1.102399945259	-0.002708992222
1.103999972343	-0.002636944177
1.105599999428	-0.002924832283
1.107200026512	-0.002104832092
1.108799934387	-0.002774992259
1.110399961472	-0.003704496194
1.111999988556	-0.003187280381
1.113600015640	-0.002622016240
1.115199923515	-0.001846672152
1.116799950600	-0.002733200323
1.118399977684	-0.002797840163
1.120000004768	-0.002678080229
1.121599912643	-0.002813760191
1.123199939728	-0.001373568084
1.124799966812	-0.003170944285
1.126399993896	-0.003551664297
1.128000020981	-0.001598896109
1.129599928856	-0.004203872290
1.131199955940	-0.002604608191
1.132799983025	-0.003259184305
1.134400010109	-0.003935840447
1.135999917984	-0.004041056149
1.137599945068	-0.003352672327
1.139199972153	-0.002977456199
1.140799999237	-0.002356304089
1.142400026321	-0.003054848174
1.143999934196	-0.003009888344
1.145599961281	-0.001706096111
1.147199988365	-0.002849904122
1.148800015450	-0.003775504418
1.150399923325	-0.004772544373
1.151999950409	-0.003318608273
1.153599977493	-0.002844240284
1.155200004578	-0.003662928240
1.156799912453	-0.003566256259
1.158399939537	-0.004259296227
1.159999966621	-0.003579232376
1.161599993706	-0.002842720132
1.163200020790	-0.002750000218
1.164799928665	-0.002299056156
1.166399955750	-0.003468944225
1.167999982834	-0.004895328544
1.169600009918	-0.001444320194
1.171199917793	-0.003024864243
1.172799944878	-0.004017040599
1.174399971962	-0.002083200030
1.175999999046	-0.002135552233
1.177600026131	-0.005433168262
1.179199934006	-0.005423088558
1.180799961090	-0.003264560364
1.182399988174	-0.003451744327
1.184000015259	-0.004240144510
1.185599923134	-0.004326928407
1.187199950218	-0.002698672237
1.188799977303	-0.005540384445
1.190400004387	-0.004178128205
1.191999912262	-0.003152432386
1.193599939346	-0.004241344519
1.195199966431	-0.004912032280
1.196799993515	-0.003712624311
1.198400020599	-0.005244640633
1.199999928474	-0.004737456329
1.201599955559	-0.003716000356
1.203199982643	-0.003484800225
1.204800009727	-0.004012352321
1.206399917603	-0.003859744407
1.207999944687	-0.004364704248
1.209599971771	-0.003564976389
1.211199998856	-0.004886464216
1.212800025940	-0.003893104382
1.214399933815	-0.003949248232
1.215999960899	-0.002759904135
1.217599987984	-0.004467232153
1.219200015068	-0.004328336567
1.220799922943	-0.003412432270
1.222399950027	-0.003452608362
1.223999977112	-0.004099328537
1.225600004196	-0.005175792612
1.227199912071	-0.006432416383
1.228799939156	-0.003939008340
1.230399966240	-0.003911680542
1.231999993324	-0.004706720356
1.233600020409	-0.005317328498
1.235199928284	-0.005080640316
1.236799955368	-0.003288528416
1.238399982452	-0.004136144184
1.240000009537	-0.004268608522
1.241599917412	-0.003830000293
1.243199944496	-0.005476416554
1.244799971581	-0.004207760561
1.246399998665	-0.003909216262
1.248000025749	-0.004508240148
1.249599933624	-0.004931088537
1.251199960709	-0.004829856567
1.252799987793	-0.004778608214
1.254400014877	-0.004633088596
1.255999922752	-0.003774096258
1.257599949837	-0.005566160660
1.259199976921	-0.004717440344
1.260800004005	-0.003179200226
1.262399911880	-0.004463360179
1.263999938965	-0.004022336565
1.265599966049	-0.006554000545
1.267199993134	-0.004855648149
1.268800020218	-0.004234448541
1.270399928093	-0.005185456481
1.271999955177	-0.004402576480
1.273599982262	-0.004042400513
1.275200009346	-0.004854144529
1.276799917221	-0.004070560448
1.278399944305	-0.004410480149
1.279999971390	-0.004576096311
1.281599998474	-0.004577264190
1.283200025558	-0.005782784428
1.284799933434	-0.004375232384
1.286399960518	-0.005263200495
1.287999987602	-0.005001920275
1.289600014687	-0.004076128360
1.291199922562	-0.004188064486
1.292799949646	-0.004562480375
1.294399976730	-0.003826208413
1.296000003815	-0.007523280568
1.297599911690	-0.004629648291
1.299199938774	-0.003132032230
1.300799965858	-0.003939728253
1.302399992943	-0.003778320272
1.304000020027	-0.004765024409
1.305599927902	-0.004866192583
1.307199954987	-0.005044976715
1.308799982071	-0.004127840512
1.310400009155	-0.004696976393
1.311999917030	-0.005030352622
1.313599944115	-0.003858592361
1.315199971199	-0.004184032325
1.316799998283	-0.004746192601
1.318400025368	-0.003019952215
1.319999933243	-0.004721504170
1.321599960327	-0.002795040375
1.323199987411	-0.004551664460
1.324800014496	-0.005919136573
1.326399922371	-0.004883920308
1.327999949455	-0.004588048439
1.329599976540	-0.005513840355
1.331200003624	-0.004722464364
1.332799911499	-0.006640160456
1.334399938583	-0.004850320518
1.335999965668	-0.005115888547
1.337599992752	-0.006669920404
1.339200019836	-0.004169760272
1.340799927711	-0.004959680606
1.342399954796	-0.004300960340
1.343999981880	-0.005153504200
1.345600008965	-0.004885456525
1.347199916840	-0.003824592335
1.348799943924	-0.006051568780
1.350399971008	-0.004927776288
1.351999998093	-0.004184016492
1.353600025177	-0.005929648411
1.355199933052	-0.005563648418
1.356799960136	-0.005992528517
1.358399987221	-0.005837792531
1.360000014305	-0.004366864450
1.361599922180	-0.004478832241
1.363199949265	-0.004209632520
1.364799976349	-0.005306352396
1.366400003433	-0.005995264277
1.367999911308	-0.004656704608
1.369599938393	-0.004440256394
1.371199965477	-0.007081312593
1.372799992561	-0.004445680417
1.374400019646	-0.003884512465
1.375999927521	-0.005694144405
1.377599954605	-0.005832368508
1.379199981689	-0.005874864291
1.380800008774	-0.006434912328
1.382399916649	-0.006763376761
1.383999943733	-0.006149440538
1.385599970818	-0.006071264390
1.387199997902	-0.004666688386
1.388799905777	-0.006445296574
1.390399932861	-0.006088080350
1.391999959946	-0.006096288562
1.393599987030	-0.006675552577
1.395200014114	-0.005065616686
1.396799921989	-0.006503872573
1.398399949074	-0.005592720583
1.399999976158	-0.005516256671
1.401600003242	-0.005158768501
1.403199911118	-0.005718800239
1.404799938202	-0.007045616396
1.406399965286	-0.006592976395
1.407999992371	-0.005013024434
1.409600019455	-0.006339808460
1.411199927330	-0.006480912678
1.412799954414	-0.005507504568
1.414399981499	-0.005332736298
1.416000008583	-0.005157376640
1.417599916458	-0.006999632344
1.419199943542	-0.005355168600
1.420799970627	-0.005400480237
1.422399997711	-0.005673216656
1.423999905586	-0.006123520434
1.425599932671	-0.005705600604
1.427199959755	-0.005801984575
1.428799986839	-0.005325696431
1.430400013924	-0.006019648630
1.431999921799	-0.006388336420
1.433599948883	-0.005844384432
1.435199975967	-0.005642816424
1.436800003052	-0.006582960486
1.438399910927	-0.004013840575
1.439999938011	-0.006198864430
1.441599965096	-0.007265024353
1.443199992180	-0.006507552695
1.444800019264	-0.006440864410
1.446399927139	-0.005493664648
1.447999954224	-0.005995024461
1.449599981308	-0.006308064796
1.451200008392	-0.006549824495
1.452799916267	-0.006161168683
1.454399943352	-0.006478528492
1.455999970436	-0.006680688355
1.457599997520	-0.007304592524
1.459199905396	-0.006215376314
1.460799932480	-0.007667904720
1.462399959564	-0.005679840688
1.463999986649	-0.006288352422
1.465600013733	-0.006944688503
1.467199921608	-0.007128576748
1.468799948692	-0.005848896690
1.470399975777	-0.007262176834
1.472000002861	-0.007293088827
1.473599910736	-0.007379744668
1.475199937820	-0.004921616521
1.476799964905	-0.006676112767
1.478399991989	-0.008581456728
1.480000019073	-0.007717008702
1.481599926949	-0.007120448630
1.483199954033	-0.008039984852
1.484799981117	-0.006389040500
1.486400008202	-0.006427120417
1.487999916077	-0.007921217009
1.489599943161	-0.006103920285
1.491199970245	-0.006369712763
1.492799997330	-0.007034912705
1.494399905205	-0.006129696500
1.495999932289	-0.007099648472
1.497599959373	-0.007259440608
1.499199986458	-0.005778768566
1.500800013542	-0.005573136266
1.502399921417	-0.006305104587
1.503999948502	-0.008018944412
1.505599975586	-0.007652544416
1.507200002670	-0.007071136497
1.508799910545	-0.006732064765
1.510399937630	-0.007954272442
1.511999964714	-0.007804432884
1.513599991798	-0.006643824745
1.515200018883	-0.005923264660
1.516799926758	-0.005634368397
1.518399953842	-0.006079744548
1.519999980927	-0.005582976621
1.521600008011	-0.005434944294
1.523199915886	-0.006060400512
1.524799942970	-0.007410016377
1.526399970055	-0.006604768336
1.527999997139	-0.006401296705
1.529599905014	-0.005548144691
1.531199932098	-0.006300032604
1.532799959183	-0.007874944247
1.534399986267	-0.005955360364
1.536000013351	-0.005410448648
1.537599921227	-0.008101136424
1.539199948311	-0.008075072430
1.540799975395	-0.006930176634
1.542400002480	-0.006087808404
1.543999910355	-0.006921952590
1.545599937439	-0.006835664622
1.547199964523	-0.006740672514
1.548799991608	-0.007529392373
1.550400018692	-0.007551184390
1.551999926567	-0.005531088449
1.553599953651	-0.007607856765
1.555199980736	-0.006336832419
1.556800007820	-0.008451344445
1.558399915695	-0.006938128732
1.559999942780	-0.007012064569
1.561599969864	-0.007171216421
1.563199996948	-0.007762816735
1.564799904823	-0.007767472416
1.566399931908	-0.007423504721
1.567999958992	-0.007831168361
1.569599986076	-0.006661824416
1.571200013161	-0.005813488737
1.572799921036	-0.006755840499
1.574399948120	-0.008987504989
1.575999975204	-0.006963904481
1.577600002289	-0.005651504267
1.579199910164	-0.009883793071
1.580799937248	-0.008437360637
1.582399964333	-0.007096688729
1.583999991417	-0.007449776400
1.585600018501	-0.009252753109
1.587199926376	-0.007152544800
1.588799953461	-0.006503680721
1.590399980545	-0.007767600473
1.592000007629	-0.006915456615
1.593599915504	-0.007744128816
1.595199942589	-0.007472800557
1.596799969673	-0.008590528741
1.598399996758	-0.007158800494
1.599999904633	-0.007829632610
1.601599931717	-0.007627648767
1.603199958801	-0.006353040691
1.604799985886	-0.008720512502
1.606400012970	-0.007666848600
1.607999920845	-0.006131440401
1.609599947929	-0.006560336333
1.611199975014	-0.008490544744
1.612800002098	-0.008062144741
1.614399909973	-0.006623456720
1.615999937057	-0.008347856812
1.617599964142	-0.007283664774
1.619199991226	-0.007441648748
1.620800018311	-0.006861440372
1.622399926186	-0.006736496463
1.623999953270	-0.007686864585
1.625599980354	-0.007660512812
1.627200007439	-0.007747584488
1.628799915314	-0.005365744699
1.630399942398	-0.007985264994
1.631999969482	-0.008498704992
1.633599996567	-0.007367056794
1.635199904442	-0.008805616759
1.636799931526	-0.006814720575
1.638399958611	-0.007217680570
1.639999985695	-0.007240544539
1.641600012779	-0.008086384274
1.643199920654	-0.008215584792
1.644799947739	-0.006459952332
1.646399974823	-0.007064224686
1.648000001907	-0.007708800491
1.649599909782	-0.007160672452
1.651199936867	-0.007075520698
1.652799963951	-0.007201920729
1.654399991035	-0.008461728692
1.655999898911	-0.008032225072
1.657599925995	-0.007419296540
1.659199953079	-0.006939936429
1.660799980164	-0.005957584362
1.662400007248	-0.007850800641
1.663999915123	-0.007549264468
1.665599942207	-0.009292032570
1.667199969292	-0.007888688706
1.668799996376	-0.008531536907
1.670399904251	-0.007367680781
1.671999931335	-0.008948816918
1.673599958420	-0.008394336328
1.675199985504	-0.006542496383
1.676800012589	-0.009291744791
1.678399920464	-0.009146977216
1.679999947548	-0.006629472598
1.681599974632	-0.008143777028
1.683200001717	-0.008702944964
1.684799909592	-0.006511184387
1.686399936676	-0.009192336351
1.687999963760	-0.007947024889
1.689599990845	-0.007553952746
1.691199898720	-0.008247616701
1.692799925804	-0.009223248810
1.694399952888	-0.008312992752
1.695999979973	-0.007880352437
1.697600007057	-0.007551424671
1.699199914932	-0.006841568742
1.700799942017	-0.007927248254
1.702399969101	-0.008298368193
1.703999996185	-0.009123648517
1.705599904060	-0.007830416784
1.707199931145	-0.006924400572
1.708799958229	-0.009955712594
1.710399985313	-0.007836785167
1.712000012398	-0.008272592910
1.713599920273	-0.007759200409
1.715199947357	-0.007359440438
1.716799974442	-0.006308992393
1.718400001526	-0.009763936512
1.719999909401	-0.007652592845
1.721599936485	-0.007445952855
1.723199963570	-0.008805296384
1.724799990654	-0.006753392518
1.726399898529	-0.008384592831
1.727999925613	-0.008219025098
1.729599952698	-0.006877120584
1.731199979782	-0.008224512450
1.732800006866	-0.009712768719
1.734399914742	-0.008983456530
1.735999941826	-0.009316608310
1.737599968910	-0.008807472885
1.739199995995	-0.008294017054
1.740799903870	-0.009209536947
1.742399930954	-0.008405232802
1.743999958038	-0.007085984573
1.745599985123	-0.010519392788
1.747200012207	-0.008554289117
1.748799920082	-0.007781664841
1.750399947166	-0.008849216625
1.751999974251	-0.008166576736
1.753600001335	-0.008075729012
1.755199909210	-0.008350000717
1.756799936295	-0.008650192991
1.758399963379	-0.008614576422
1.759999990463	-0.008672961034
1.761599898338	-0.009342432953
1.763199925423	-0.008836608380
1.764799952507	-0.008549248800
1.766399979591	-0.007206832524
1.768000006676	-0.007078048773
1.769599914551	-0.006580448709
1.771199941635	-0.007668160833
1.772799968719	-0.007639168762
1.774399995804	-0.006816688459
1.775999903679	-0.008209808730
1.777599930763	-0.007685184479
1.779199957848	-0.010643185116
1.780799984932	-0.009470080957
1.782400012016	-0.008016944863
1.783999919891	-0.007246240508
1.785599946976	-0.007893312722
1.787199974060	-0.007701024413
1.788800001144	-0.008534080349
1.790399909019	-0.007896176539
1.791999936104	-0.008320624940
1.793599963188	-0.006712960545
1.795199990273	-0.009368608706
1.796799898148	-0.008110464551
1.798399925232	-0.008873105049
1.799999952316	-0.007443120703
1.801599979401	-0.008516849019
1.803200006485	-0.008919441141
1.804799914360	-0.009812944569
1.806399941444	-0.010140849277
1.807999968529	-0.008685968816
1.809599995613	-0.007281728555
1.811199903488	-0.009481024928
1.812799930573	-0.008995808661
1.814399957657	-0.008902224712
1.815999984741	-0.009950608946
1.817600011826	-0.009937008843
1.819199919701	-0.007240064442
1.820799946785	-0.007517296821
1.822399973869	-0.009069249034
1.824000000954	-0.009258545004
1.825599908829	-0.009782240726
1.827199935913	-0.008554144762
1.828799962997	-0.009861856699
1.830399990082	-0.010299600661
1.831999897957	-0.010426225141
1.833599925041	-0.008824304678
1.835199952126	-0.007956448942
1.836799979210	-0.007384416647
1.838400006294	-0.008932592347
1.839999914169	-0.009872736409
1.841599941254	-0.010562832467
1.843199968338	-0.009075440466
1.844799995422	-0.006786064710
1.846399903297	-0.007125712465
1.847999930382	-0.009182256646
1.849599957466	-0.009854961187
1.851199984550	-0.010521137156
1.852800011635	-0.008914880455
1.854399919510	-0.008936304599
1.855999946594	-0.008633185178
1.857599973679	-0.009514688514
1.859200000763	-0.010509473272
1.860799908638	-0.008940560743
1.862399935722	-0.009680928662
1.863999962807	-0.008527088910
1.865599989891	-0.008762720972
1.867199897766	-0.009883216582
1.868799924850	-0.008207633160
1.870399951935	-0.008336449042
1.871999979019	-0.007942288183
1.873600006104	-0.009494816884
1.875199913979	-0.008992240764
1.876799941063	-0.009492913261
1.878399968147	-0.008041104302
1.879999995232	-0.009297472425
1.881599903107	-0.009822736494
1.883199930191	-0.008854928426
1.884799957275	-0.009202992544
1.886399984360	-0.010206945240
1.888000011444	-0.009128929116
1.889599919319	-0.007704448421
1.891199946404	-0.007680032868
1.892799973488	-0.010931105353
1.894400000572	-0.008768129162
1.895999908447	-0.008427648805
1.897599935532	-0.009399504401
1.899199962616	-0.008106241003
1.900799989700	-0.008781504817
1.902399897575	-0.009385680780
1.903999924660	-0.010693169199
1.905599951744	-0.007037600502
1.907199978828	-0.007799648680
1.908800005913	-0.010937697254
1.910399913788	-0.010062720627
1.911999940872	-0.008407073095
1.913599967957	-0.008882384747
1.915199995041	-0.010024496354
1.916799902916	-0.008744864725
1.918399930000	-0.010330816731
1.919999957085	-0.010488305241
1.921599984169	-0.010780368932
1.923199892044	-0.007818960585
1.924799919128	-0.011126592755
1.926399946213	-0.009889264591
1.927999973297	-0.006976464763
1.929600000381	-0.007831952535
1.931199908257	-0.009451825172
1.932799935341	-0.008881792426
1.934399962425	-0.008436096832
1.935999989510	-0.010251345113
1.937599897385	-0.010492080823
1.939199924469	-0.009314753115
1.940799951553	-0.008446336724
1.942399978638	-0.008969648741
1.944000005722	-0.009451649152
1.945599913597	-0.010175968520
1.947199940681	-0.009683872573
1.948799967766	-0.008910240605
1.950399994850	-0.011089232750
1.951999902725	-0.009379888885
1.953599929810	-0.009452032857
1.955199956894	-0.009108657017
1.956799983978	-0.009850304574
1.958399891853	-0.010157744400
1.959999918938	-0.010151136667
1.961599946022	-0.008355121128
1.963199973106	-0.008395200595
1.964800000191	-0.009682352655
1.966399908066	-0.008371409029
1.967999935150	-0.006886144634
1.969599962234	-0.008870464750
1.971199989319	-0.010426688939
1.972799897194	-0.009317200631
1.974399924278	-0.009865809232
1.975999951363	-0.008886881173
1.977599978447	-0.010667072609
1.979200005531	-0.011582785286
1.980799913406	-0.009173057042
1.982399940491	-0.010377536528
1.983999967575	-0.010408128612
1.985599994659	-0.009500944987
1.987199902534	-0.008930864744
1.988799929619	-0.009520896710
1.990399956703	-0.009955761023
1.991999983788	-0.009307472967
1.993599891663	-0.009476784617
1.995199918747	-0.008998257108
1.996799945831	-0.010833200999
1.998399972916	-0.008084208705
2.000000000000	-0.010068864562
2.001600027084	-0.009629088454
2.003200054169	-0.008292145096
2.004799842834	-0.010333185084
2.006399869919	-0.011507488787
2.007999897003	-0.008769600652
2.009599924088	-0.008539056405
2.011199951172	-0.010753745213
2.012799978256	-0.010928897187
2.014400005341	-0.009906000458
2.016000032425	-0.010981056839
2.017600059509	-0.010097089224
2.019199848175	-0.009572705254
2.020799875259	-0.010054288432
2.022399902344	-0.010052848607
2.023999929428	-0.008725392632
2.025599956512	-0.011887617409
2.027199983597	-0.010923424736
2.028800010681	-0.010453568771
2.030400037766	-0.011550560594
2.032000064850	-0.011363216676
2.033599853516	-0.011025153100
2.035199880600	-0.011108176783
2.036799907684	-0.010108401068
2.038399934769	-0.010498960502
2.039999961853	-0.009649553336
2.041599988937	-0.009556752630
2.043200016022	-0.010308160447
2.044800043106	-0.009713169187
2.046399831772	-0.011498193257
2.047999858856	-0.009455248713
2.049599885941	-0.010044928640
2.051199913025	-0.010099728592
2.052799940109	-0.010062608868
2.054399967194	-0.009609472938
2.055999994278	-0.010849009268
2.057600021362	-0.010629008524
2.059200048447	-0.012185361236
2.060799837112	-0.009601216763
2.062399864197	-0.010709985159
2.063999891281	-0.011214625090
2.065599918365	-0.008892704733
2.067199945450	-0.009626064450
2.068799972534	-0.011119361036
2.070399999619	-0.010280529037
2.072000026703	-0.009731984697
2.073600053787	-0.008910289034
2.075199842453	-0.012381409295
2.076799869537	-0.009157473221
2.078399896622	-0.009454720654
2.079999923706	-0.009735233150
2.081599950790	-0.010046704672
2.083199977875	-0.010796464980
2.084800004959	-0.012677776627
2.086400032043	-0.011141857132
2.088000059128	-0.008430256508
2.089599847794	-0.009889600798
2.091199874878	-0.011166113429
2.092799901962	-0.009815888479
2.094399929047	-0.008982800879
2.095999956131	-0.010833553039
2.097599983215	-0.010828320868
2.099200010300	-0.008978720754
2.100800037384	-0.010971200652
2.102400064468	-0.010904192924
2.103999853134	-0.012033296749
2.105599880219	-0.010973968543
2.107199907303	-0.010723041371
2.108799934387	-0.010347953066
2.110399961472	-0.009960800409
2.111999988556	-0.010149616748
2.113600015640	-0.011767649092
2.115200042725	-0.010336896405
2.116799831390	-0.010042608716
2.118399858475	-0.010198608972
2.119999885559	-0.010530624539
2.121599912643	-0.008682160638
2.123199939728	-0.009964608587
2.124799966812	-0.010168912821
2.126399993896	-0.009562033229
2.128000020981	-0.011075712740
2.129600048065	-0.011072737165
2.131199836731	-0.011249968782
2.132799863815	-0.012045809068
2.134399890900	-0.008807920851
2.135999917984	-0.010595217347
2.137599945068	-0.009316048585
2.139199972153	-0.012589313090
2.140799999237	-0.010854273103
2.142400026321	-0.011965457350
2.144000053406	-0.010188081302
2.145599842072	-0.010996497236
2.147199869156	-0.011275361292
2.148799896240	-0.010349328630
2.150399923325	-0.010451137088
2.151999950409	-0.008862272836
2.153599977493	-0.011554257013
2.155200004578	-0.011782929301
2.156800031662	-0.010127648711
2.158400058746	-0.010976608843
2.159999847412	-0.009981440380
2.161599874496	-0.010182112455
2.163199901581	-0.009506688453
2.164799928665	-0.010507120751
2.166399955750	-0.010810704902
2.167999982834	-0.011072929017
2.169600009918	-0.008831216954
2.171200037003	-0.011408641003
2.172800064087	-0.009128176607
2.174399852753	-0.009632800706
2.175999879837	-0.010031504557
2.177599906921	-0.011139136739
2.179199934006	-0.010435665026
2.180799961090	-0.012853217311
2.182399988174	-0.010734400712
2.184000015259	-0.010539889336
2.185600042343	-0.010433681309
2.187199831009	-0.012730177492
2.188799858093	-0.010067121126
2.190399885178	-0.008969040588
2.191999912262	-0.010705120862
2.193599939346	-0.010293153115
2.195199966431	-0.009894592687
2.196799993515	-0.011795632541
2.198400020599	-0.011370465159
2.200000047684	-0.010405168869
2.201599836349	-0.011487728916
2.203199863434	-0.012761681341
2.204799890518	-0.013533969410
2.206399917603	-0.011553728953
2.207999944687	-0.011279185303
2.209599971771	-0.012458449230
2.211199998856	-0.011472753249
2.212800025940	-0.009974288754
2.214400053024	-0.009862416424
2.215999841690	-0.011827360839
2.217599868774	-0.011005409062
2.219199895859	-0.010406720452
2.220799922943	-0.009429937229
2.222399950027	-0.010900320485
2.223999977112	-0.010503728874
2.225600004196	-0.010833729059
2.227200031281	-0.010030033067
2.228800058365	-0.011584592983
2.230399847031	-0.011921472847
2.231999874115	-0.011569361202
2.233599901199	-0.011034288444
2.235199928284	-0.011036721058
2.236799955368	-0.009955200367
2.238399982452	-0.011809200980
2.240000009537	-0.011362416670
2.241600036621	-0.011237680912
2.243199825287	-0.010580833070
2.244799852371	-0.011112800799
2.246399879456	-0.011935280636
2.247999906540	-0.010794160888
2.249599933624	-0.010681536980
2.251199960709	-0.010862545110
2.252799987793	-0.010560384952
2.254400014877	-0.010536224581
2.256000041962	-0.012103809044
2.257599830627	-0.013012449257
2.259199857712	-0.009171952493
2.260799884796	-0.011926673353
2.262399911880	-0.013456881046
2.263999938965	-0.010696416721
2.265599966049	-0.009670833126
2.267199993134	-0.011183313094
2.268800020218	-0.011046561413
2.270400047302	-0.009760032408
2.271999835968	-0.012204016559
2.273599863052	-0.011076017283
2.275199890137	-0.011741984636
2.276799917221	-0.010812977329
2.278399944305	-0.012153008953
2.279999971390	-0.010379969142
2.281599998474	-0.009713744745
2.283200025558	-0.011676641181
2.284800052643	-0.011419553310
2.286399841309	-0.010041792877
2.287999868393	-0.009952752851
2.289599895477	-0.011149008758
2.291199922562	-0.010665712878
2.292799949646	-0.011153728701
2.294399976730	-0.011345664971
2.296000003815	-0.009026336484
2.297600030899	-0.011880480684
2.299200057983	-0.012087920681
2.300799846649	-0.010254625231
2.302399873734	-0.011681345291
2.303999900818	-0.011654800735
2.305599927902	-0.012517969124
2.307199954987	-0.009764865041
2.308799982071	-0.011487777345
2.310400009155	-0.011504720896
2.312000036240	-0.010345952585
2.313599824905	-0.010832336731
2.315199851990	-0.011758528650
2.316799879074	-0.011162912473
2.318399906158	-0.012011793442
2.319999933243	-0.009609648958
2.321599960327	-0.010718449019
2.323199987411	-0.011785425246
2.324800014496	-0.009531456977
2.326400041580	-0.010126641020
2.327999830246	-0.012227537110
2.329599857330	-0.011661296710
2.331199884415	-0.011329361238
2.332799911499	-0.011933824979
2.334399938583	-0.011796913110
2.335999965668	-0.010179616511
2.337599992752	-0.011696976610
2.339200019836	-0.011821680702
2.340800046921	-0.012149456888
2.342399835587	-0.010819745250
2.343999862671	-0.010877937078
2.345599889755	-0.011131617241
2.347199916840	-0.010923921131
2.348799943924	-0.011006561108
2.350399971008	-0.011679825373
2.351999998093	-0.011932672933
2.353600025177	-0.011595088989
2.355200052261	-0.012095040642
2.356799840927	-0.011860881001
2.358399868011	-0.011353936978
2.359999895096	-0.011360065080
2.361599922180	-0.010781233199
2.363199949265	-0.010020736605
2.364799976349	-0.012598433532
2.366400003433	-0.010590096936
2.368000030518	-0.010050640441
2.369600057602	-0.011856624857
2.371199846268	-0.010624065064
2.372799873352	-0.009281632490
2.374399900436	-0.010559569113
2.375999927521	-0.011080960743
2.377599954605	-0.011043440551
2.379199981689	-0.013040913269
2.380800008774	-0.012291937135
2.382400035858	-0.012073713355
2.383999824524	-0.011095296592
2.385599851608	-0.011937169358
2.387199878693	-0.011920033023
2.388799905777	-0.008990368806
2.390399932861	-0.012628912926
2.391999959946	-0.011485921219
2.393599987030	-0.012418401428
2.395200014114	-0.010782608762
2.396800041199	-0.011819984764
2.398399829865	-0.010726400651
2.399999856949	-0.010420177132
2.401599884033	-0.010315168649
2.403199911118	-0.012692385353
2.404799938202	-0.012303761207
2.406399965286	-0.010758336633
2.407999992371	-0.011620272882
2.409600019455	-0.011827264912
2.411200046539	-0.011131216772
2.412799835205	-0.010852305219
2.414399862289	-0.010128880851
2.415999889374	-0.011715057306
2.417599916458	-0.010476129130
2.419199943542	-0.010770944878
2.420799970627	-0.010094976984
2.422399997711	-0.012648496777
2.424000024796	-0.012809936889
2.425600051880	-0.013657905161
2.427199840546	-0.008971136995
2.428799867630	-0.012372609228
2.430399894714	-0.013770225458
2.431999921799	-0.012069152668
2.433599948883	-0.011417617090
2.435199975967	-0.010452033021
2.436800003052	-0.009789792821
2.438400030136	-0.012313136831
2.440000057220	-0.013490720652
2.441599845886	-0.011088448577
2.443199872971	-0.012179937214
2.444799900055	-0.012934496626
2.446399927139	-0.012586304918
2.447999954224	-0.012071217410
2.449599981308	-0.011105377227
2.451200008392	-0.010666737333
2.452800035477	-0.013103680685
2.454399824142	-0.010106689297
2.455999851227	-0.011629777029
2.457599878311	-0.011944721453
2.459199905396	-0.012002929114
2.460799932480	-0.012188416906
2.462399959564	-0.011847904883
2.463999986649	-0.012143649161
2.465600013733	-0.011061329395
2.467200040817	-0.012280240655
2.468799829483	-0.012022896670
2.470399856567	-0.012885953300
2.471999883652	-0.010586192831
2.473599910736	-0.010578576475
2.475199937820	-0.012087217532
2.476799964905	-0.012629024684
2.478399991989	-0.010983793065
2.480000019073	-0.011714288965
2.481600046158	-0.010699745268
2.483199834824	-0.012302705087
2.484799861908	-0.012648032978
2.486399888992	-0.012845233083
2.487999916077	-0.010249952786
2.489599943161	-0.011343040504
2.491199970245	-0.013365728781
2.492799997330	-0.010277712718
2.494400024414	-0.011326337233
2.496000051498	-0.012893233448
2.497599840164	-0.011915008537
2.499199867249	-0.010426240973
2.500799894333	-0.011168512516
2.502399921417	-0.011882817373
2.503999948502	-0.010724000633
2.505599975586	-0.013053185306
2.507200002670	-0.010699168779
2.508800029755	-0.010595536791
2.510399818420	-0.010690832511
2.511999845505	-0.011112608947
2.513599872589	-0.010243169032
2.515199899673	-0.010663696565
2.516799926758	-0.011846160516
2.518399953842	-0.010885264724
2.519999980927	-0.010734224692
2.521600008011	-0.011546321213
2.523200035095	-0.010510352440
2.524799823761	-0.011919600889
2.526399850845	-0.009862961248
2.527999877930	-0.010768304579
2.529599905014	-0.012962400913
2.531199932098	-0.013089984655
2.532799959183	-0.011881329119
2.534399986267	-0.010173360817
2.536000013351	-0.011649040505
2.537600040436	-0.011818672530
2.539199829102	-0.011710560881
2.540799856186	-0.010916656815
2.542399883270	-0.010890753008
2.543999910355	-0.012789040804
2.545599937439	-0.012924064882
2.547199964523	-0.010350064375
2.548799991608	-0.011317568831
2.550400018692	-0.013306769542
2.552000045776	-0.010706176981
2.553599834442	-0.012512353249
2.555199861526	-0.011374432594
2.556799888611	-0.013771632686
2.558399915695	-0.012792224996
2.559999942780	-0.012250129133
2.561599969864	-0.011430065148
2.563199996948	-0.010772224516
2.564800024033	-0.012954881415
2.566400051117	-0.011627680622
2.567999839783	-0.011025376618
2.569599866867	-0.012216577306
2.571199893951	-0.013360497542
2.572799921036	-0.009806096554
2.574399948120	-0.009461680427
2.575999975204	-0.011984128505
2.577600002289	-0.012497824617
2.579200029373	-0.012581248768
2.580799818039	-0.012395297177
2.582399845123	-0.011597905308
2.583999872208	-0.013074832968
2.585599899292	-0.012767984532
2.587199926376	-0.013870993629
2.588799953461	-0.010801472701
2.590399980545	-0.010984065011
2.592000007629	-0.011775393039
2.593600034714	-0.011547921225
2.595199823380	-0.011822640896
2.596799850464	-0.012793120928
2.598399877548	-0.012095249258
2.599999904633	-0.012145441025
2.601599931717	-0.010032048449
2.603199958801	-0.011705520563
2.604799985886	-0.011052817106
2.606400012970	-0.012485712767
2.608000040054	-0.012802977115
2.609599828720	-0.011426577345
2.611199855804	-0.011994240806
2.612799882889	-0.011635537259
2.614399909973	-0.011690224521
2.615999937057	-0.010633841157
2.617599964142	-0.012430177070
2.619199991226	-0.010238288902
2.620800018311	-0.010296576656
2.622400045395	-0.011037216522
2.623999834061	-0.014699377120
2.625599861145	-0.011617440730
2.627199888229	-0.011757440865
2.628799915314	-0.011830928735
2.630399942398	-0.010817009024
2.631999969482	-0.013449025340
2.633599996567	-0.011369665153
2.635200023651	-0.013047313318
2.636800050735	-0.010110128671
2.638399839401	-0.012098097242
2.639999866486	-0.010765728541
2.641599893570	-0.010761248879
2.643199920654	-0.012810433283
2.644799947739	-0.009926976636
2.646399974823	-0.012399473228
2.648000001907	-0.012145937420
2.649600028992	-0.013000417501
2.651199817657	-0.011923745275
2.652799844742	-0.012091824785
2.654399871826	-0.013048321009
2.655999898911	-0.011266512796
2.657599925995	-0.013191265054
2.659199953079	-0.012700000778
2.660799980164	-0.012709313072
2.662400007248	-0.011940512806
2.664000034332	-0.013569056988
2.665599822998	-0.012592401356
2.667199850082	-0.011919168755
2.668799877167	-0.012054720894
2.670399904251	-0.011307088658
2.671999931335	-0.013386896811
2.673599958420	-0.010729905218
2.675199985504	-0.011027168483
2.676800012589	-0.013193696737
2.678400039673	-0.012621601112
2.679999828339	-0.011633648537
2.681599855423	-0.013623584993
2.683199882507	-0.012190705165
2.684799909592	-0.012899825349
2.686399936676	-0.011250256561
2.687999963760	-0.010902033187
2.689599990845	-0.010917040519
2.691200017929	-0.010666561313
2.692800045013	-0.011517808773
2.694399833679	-0.012808096595
2.695999860764	-0.012437504716
2.697599887848	-0.011477776803
2.699199914932	-0.012142336927
2.700799942017	-0.011070065200
2.702399969101	-0.012679041363
2.703999996185	-0.011889120564
2.705600023270	-0.013481440954
2.707200050354	-0.011747793294
2.708799839020	-0.012191585265
2.710399866104	-0.012580432929
2.711999893188	-0.012327392586
2.713599920273	-0.011678128503
2.715199947357	-0.011398064904
2.716799974442	-0.011110656895
2.718400001526	-0.012426912785
2.720000028610	-0.011840641499
2.721599817276	-0.012342817150
2.723199844360	-0.012305568904
2.724799871445	-0.011243265122
2.726399898529	-0.011163553223
2.727999925613	-0.012472241186
2.729599952698	-0.012151168659
2.731199979782	-0.010825136676
2.732800006866	-0.011868577451
2.734400033951	-0.011846688576
2.735999822617	-0.012479009107
2.737599849701	-0.011428944767
2.739199876785	-0.012641984969
2.740799903870	-0.009560736828
2.742399930954	-0.011199184693
2.743999958038	-0.011568017304
2.745599985123	-0.013940497302
2.747200012207	-0.010434865020
2.748800039291	-0.010906049050
2.750399827957	-0.012848560698
2.751999855042	-0.012167841196
2.753599882126	-0.012779952958
2.755199909210	-0.012187536806
2.756799936295	-0.013132944703
2.758399963379	-0.012006608769
2.759999990463	-0.010759249330
2.761600017548	-0.013985024765
2.763200044632	-0.010980833322
2.764799833298	-0.012848816812
2.766399860382	-0.012546624988
2.767999887466	-0.011086768471
2.769599914551	-0.012224561535
2.771199941635	-0.011611376889
2.772799968719	-0.011290352792
2.774399995804	-0.011019024998
2.776000022888	-0.011652689427
2.777599811554	-0.011857616715
2.779199838638	-0.013599297032
2.780799865723	-0.012608129531
2.782399892807	-0.012048592791
2.783999919891	-0.014115232974
2.785599946976	-0.012261008844
2.787199974060	-0.010817216709
2.788800001144	-0.011642209254
2.790400028229	-0.013668897562
2.791999816895	-0.012833185494
2.793599843979	-0.012163856998
2.795199871063	-0.012687888928
2.796799898148	-0.011897824705
2.798399925232	-0.011926129460
2.799999952316	-0.014754865319
2.801599979401	-0.013271041214
2.803200006485	-0.010932224803
2.804800033569	-0.012902081013
2.806399822235	-0.014382353052
2.807999849319	-0.011889360845
2.809599876404	-0.010875009000
2.811199903488	-0.013079728931
2.812799930573	-0.009864592925
2.814399957657	-0.013074289076
2.815999984741	-0.012766896747
2.817600011826	-0.011836000718
2.819200038910	-0.010170033202
2.820799827576	-0.011837248690
2.822399854660	-0.009895744734
2.823999881744	-0.012935200706
2.825599908829	-0.013026305474
2.827199935913	-0.012942513451
2.828799962997	-0.011853232980
2.830399990082	-0.013743408956
2.832000017166	-0.013859361410
2.833600044250	-0.009305088781
2.835199832916	-0.011727824807
2.836799860001	-0.012932016514
2.838399887085	-0.011830257252
2.839999914169	-0.011066161096
2.841599941254	-0.012305105105
2.843199968338	-0.009958672337
2.844799995422	-0.014067169279
2.846400022507	-0.012643041089
2.847999811172	-0.013206897303
2.849599838257	-0.011007744819
2.851199865341	-0.013642896898
2.852799892426	-0.013067169115
2.854399919510	-0.011644768529
2.855999946594	-0.011668433435
2.857599973679	-0.013495105319
2.859200000763	-0.010009905323
2.860800027847	-0.012183344923
2.862399816513	-0.013679585420
2.863999843597	-0.012880769558
2.865599870682	-0.008984033018
2.867199897766	-0.013725409284
2.868799924850	-0.011508065276
2.870399951935	-0.012921697460
2.871999979019	-0.011403553188
2.873600006104	-0.012110273354
2.875200033188	-0.010442497209
2.876799821854	-0.013049553148
2.878399848938	-0.013090512715
2.879999876022	-0.011345616542
2.881599903107	-0.013579953462
2.883199930191	-0.013317665085
2.884799957275	-0.014298289083
2.886399984360	-0.011520384811
2.888000011444	-0.011444113217
2.889600038528	-0.010548160411
2.891199827194	-0.011611760594
2.892799854279	-0.013374145143
2.894399881363	-0.010072224773
2.895999908447	-0.011334081180
2.897599935532	-0.011646225117
2.899199962616	-0.011931057088
2.900799989700	-0.011603441089
2.902400016785	-0.012209408917
2.904000043869	-0.012590833008
2.905599832535	-0.012151344679
2.907199859619	-0.012611809187
2.908799886703	-0.012021664530
2.910399913788	-0.010291920975
2.911999940872	-0.012712305412
2.913599967957	-0.012706513517
2.915199995041	-0.010715920478
2.916800022125	-0.012676432729
2.918399810791	-0.012111232616
2.919999837875	-0.010481888428
2.921599864960	-0.012310065329
2.923199892044	-0.011534929276
2.924799919128	-0.011333056726
2.926399946213	-0.012658945285
2.927999973297	-0.014038673602
2.929600000381	-0.012121792883
2.931200027466	-0.010839360766
2.932799816132	-0.014334432781
2.934399843216	-0.014008144848
2.935999870300	-0.011583953165
2.937599897385	-0.013469569385
2.939199924469	-0.011686368845
2.940799951553	-0.011315857060
2.942399978638	-0.011463937350
2.944000005722	-0.014490192756
2.945600032806	-0.010705760680
2.947199821472	-0.010246128775
2.948799848557	-0.012621201575
2.950399875641	-0.012706001289
2.951999902725	-0.012303217314
2.953599929810	-0.011232560501
2.955199956894	-0.012306384742
2.956799983978	-0.012391201220
2.958400011063	-0.013692448847
2.960000038147	-0.012234784663
2.961599826813	-0.012311569415
2.963199853897	-0.011795088649
2.964799880981	-0.012587969191
2.966399908066	-0.013380353339
2.967999935150	-0.012471633032
2.969599962234	-0.012587681413
2.971199989319	-0.011558081023
2.972800016403	-0.011575489305
2.974400043488	-0.014038145542
2.975999832153	-0.010583921336
2.977599859238	-0.011468352750
2.979199886322	-0.015312785283
2.980799913406	-0.012650816701
2.982399940491	-0.011429488659
2.983999967575	-0.014451905154
2.985599994659	-0.012306337245
2.987200021744	-0.011386817321
2.988799810410	-0.011224945076
2.990399837494	-0.014320689254
2.991999864578	-0.011791264638
2.993599891663	-0.012089680880
2.995199918747	-0.012581729330
2.996799945831	-0.012058849446
2.998399972916	-0.010755073279
3.000000000000	-0.014803233556
3.001600027084	-0.011615472846
3.003199815750	-0.012785905041
3.004799842834	-0.011097328737
3.006399869919	-0.012622273527
3.007999897003	-0.013501857407
3.009599924088	-0.012556704693
3.011199951172	-0.011532449163
3.012799978256	-0.011924657039
3.014400005341	-0.011805760674
3.016000032425	-0.013622673228
3.017599821091	-0.011207008734
3.019199848175	-0.012330848724
3.020799875259	-0.013573985547
3.022399902344	-0.011483920738
3.023999929428	-0.013869953342
3.025599956512	-0.012273249216
3.027199983597	-0.012091969140
3.028800010681	-0.010438608937
3.030400037766	-0.014352177270
3.031999826431	-0.015960784629
3.033599853516	-0.011271392927
3.035199880600	-0.013486289419
3.036799907684	-0.012284641154
3.038399934769	-0.011021313258
3.039999961853	-0.011291424744
3.041599988937	-0.012602897361
3.043200016022	-0.010599329136
3.044799804687	-0.012133857235
3.046399831772	-0.013275776990
3.047999858856	-0.012715889141
3.049599885941	-0.013351504691
3.051199913025	-0.014140737243
3.052799940109	-0.013106017374
3.054399967194	-0.013843760826
3.055999994278	-0.013497728854
3.057600021362	-0.010992704891
3.059199810028	-0.011847697198
3.060799837112	-0.014600065537
3.062399864197	-0.011846064590
3.063999891281	-0.011803137138
3.065599918365	-0.013049040921
3.067199945450	-0.013621505350
3.068799972534	-0.012136625126
3.070399999619	-0.012840865180
3.072000026703	-0.011584145017
3.073599815369	-0.012909056619
3.075199842453	-0.012732272968
3.076799869537	-0.014061025344
3.078399896622	-0.011426272802
3.079999923706	-0.012794321403
3.081599950790	-0.011804113165
3.083199977875	-0.015775825828
3.084800004959	-0.011154017411
3.086400032043	-0.013595777564
3.087999820709	-0.010701328516
3.089599847794	-0.013576816767
3.091199874878	-0.011697568931
3.092799901962	-0.010774577036
3.094399929047	-0.013124384917
3.095999956131	-0.012921825051
3.097599983215	-0.012600129470
3.099200010300	-0.011923792772
3.100800037384	-0.010550849140
3.102399826050	-0.011663536541
3.103999853134	-0.011668081395
3.105599880219	-0.013490401208
3.107199907303	-0.010912752710
3.108799934387	-0.011169280857
3.110399961472	-0.013740560971
3.111999988556	-0.011311585084
3.113600015640	-0.011859824881
3.115199804306	-0.011932688765
3.116799831390	-0.013282577507
3.118399858475	-0.013327120803
3.119999885559	-0.012058081105
3.121599912643	-0.012139361352
3.123199939728	-0.011918000877
3.124799966812	-0.010823632590
3.126399993896	-0.012585377321
3.128000020981	-0.012237041257
3.129599809647	-0.010838992894
3.131199836731	-0.011904752813
3.132799863815	-0.013428688981
3.134399890900	-0.013664080761
3.135999917984	-0.011424017139
3.137599945068	-0.012408433482
3.139199972153	-0.014044577256
3.140799999237	-0.013490865007
3.142400026321	-0.011617200449
3.143999814987	-0.011915888637
3.145599842072	-0.014733265154
3.147199869156	-0.014546128921
3.148799896240	-0.009600720368
3.150399923325	-0.012643649243
3.151999950409	-0.014234369621
3.153599977493	-0.012093281373
3.155200004578	-0.013014753349
3.156800031662	-0.012171072885
3.158399820328	-0.011874369346
3.159999847412	-0.012006849051
3.161599874496	-0.013457681052
3.163199901581	-0.011380417272
3.164799928665	-0.012280177325
3.166399955750	-0.011201889254
3.167999982834	-0.012345344760
3.169600009918	-0.012872609310
3.171200037003	-0.011913632974
3.172799825668	-0.011946593411
3.174399852753	-0.012005712837
3.175999879837	-0.013382624835
3.177599906921	-0.011758369394
3.179199934006	-0.013631809503
3.180799961090	-0.013476945460
3.182399988174	-0.013134080917
3.184000015259	-0.012239136733
3.185599803925	-0.012435073033
3.187199831009	-0.013255952857
3.188799858093	-0.010520752519
3.190399885178	-0.013084065169
3.191999912262	-0.014075969346
3.193599939346	-0.011705840938
3.195199966431	-0.010752513073
3.196799993515	-0.013351744972
3.198400020599	-0.013262753375
3.199999809265	-0.013294513337
3.201599836349	-0.013625873253
3.203199863434	-0.013234721497
3.204799890518	-0.012748848647
3.206399917603	-0.012910544872
3.207999944687	-0.012404977344
3.209599971771	-0.013420880772
3.211199998856	-0.013973616995
3.212800025940	-0.011406336911
3.214399814606	-0.012425312772
3.215999841690	-0.011981984600
3.217599868774	-0.013238849118
3.219199895859	-0.012462897226
3.220799922943	-0.013350657187
3.222399950027	-0.011696976610
3.223999977112	-0.010900464840
3.225600004196	-0.012828513049
3.227200031281	-0.012455969118
3.228799819946	-0.011586592533
3.230399847031	-0.013293281198
3.231999874115	-0.014310737140
3.233599901199	-0.014606432989
3.235199928284	-0.012482193299
3.236799955368	-0.014204753563
3.238399982452	-0.010977136903
3.240000009537	-0.011265904643
3.241600036621	-0.010880912654
3.243199825287	-0.012146401219
3.244799852371	-0.013130737469
3.246399879456	-0.012168289162
3.247999906540	-0.014433457516
3.249599933624	-0.014065009542
3.251199960709	-0.014556049369
3.252799987793	-0.011947344989
3.254400014877	-0.010956193320
3.255999803543	-0.012189521454
3.257599830627	-0.013693025336
3.259199857712	-0.013398544863
3.260799884796	-0.012846913189
3.262399911880	-0.012544768862
3.263999938965	-0.012276913039
3.265599966049	-0.012033233419
3.267199993134	-0.012032881379
3.268800020218	-0.011817568913
3.270399808884	-0.012319712900
3.271999835968	-0.011973985471
3.273599863052	-0.010174225084
3.275199890137	-0.012689457275
3.276799917221	-0.011618977413
3.278399944305	-0.011220416985
3.279999971390	-0.012795137241
3.281599998474	-0.012698337436
3.283200025558	-0.012961152941
3.284799814224	-0.012648433447
3.286399841309	-0.013268048875
3.287999868393	-0.010510752909
3.289599895477	-0.012320913374
3.291199922562	-0.012268609367
3.292799949646	-0.011127873324
3.294399976730	-0.009959489107
3.296000003815	-0.011757153086
3.297600030899	-0.012857857160
3.299199819565	-0.012238864787
3.300799846649	-0.013875520788
3.302399873734	-0.011836976744
3.303999900818	-0.011348864995
3.305599927902	-0.014062336646
3.307199954987	-0.014457521029
3.308799982071	-0.011226928793
3.310400009155	-0.010428944603
3.311999797821	-0.014120209031
3.313599824905	-0.011821105145
3.315199851990	-0.012801056728
3.316799879074	-0.012316385284
3.318399906158	-0.010144448839
3.319999933243	-0.011110480875
3.321599960327	-0.012186225504
3.323199987411	-0.011437232606
3.324800014496	-0.012344929390
3.326399803162	-0.014552192762
3.327999830246	-0.013442529365
3.329599857330	-0.012442353182
3.331199884415	-0.013572000898
3.332799911499	-0.012105761096
3.334399938583	-0.013424209319
3.335999965668	-0.012160273269
3.337599992752	-0.011829745024
3.339200019836	-0.011149456725
3.340799808502	-0.011742385104
3.342399835587	-0.012668033130
3.343999862671	-0.012458801270
3.345599889755	-0.012384848669
3.347199916840	-0.012618641369
3.348799943924	-0.012276529334
3.350399971008	-0.013098113239
3.351999998093	-0.011685553007
3.353600025177	-0.011303393170
3.355199813843	-0.014362481423
3.356799840927	-0.012698257342
3.358399868011	-0.011468192562
3.359999895096	-0.011865393259
3.361599922180	-0.011984161101
3.363199949265	-0.011501360685
3.364799976349	-0.010527105071
3.366400003433	-0.013607840985
3.368000030518	-0.010904288851
3.369599819183	-0.012480225414
3.371199846268	-0.014252801426
3.372799873352	-0.011081760749
3.374399900436	-0.011377121322
3.375999927521	-0.011477680877
3.377599954605	-0.013654401526
3.379199981689	-0.013526288792
3.380800008774	-0.015041313134
3.382399797440	-0.013625233434
3.383999824524	-0.012485201471
3.385599851608	-0.015415665694
3.387199878693	-0.013713121414
3.388799905777	-0.013012864627
3.390399932861	-0.011284273118
3.391999959946	-0.013555280864
3.393599987030	-0.013008273207
3.395200014114	-0.011360337026
3.396799802780	-0.014373729005
3.398399829865	-0.013133744709
3.399999856949	-0.012328561395
3.401599884033	-0.013499408960
3.403199911118	-0.011268912815
3.404799938202	-0.010217312723
3.406399965286	-0.014072800986
3.407999992371	-0.013381521218
3.409600019455	-0.011952512898
3.411199808121	-0.011207761243
3.412799835205	-0.013009537011
3.414399862289	-0.011536208913
3.415999889374	-0.011929985136
3.417599916458	-0.011835632846
3.419199943542	-0.011366449296
3.420799970627	-0.012570832856
3.422399997711	-0.014254609123
3.424000024796	-0.012774225324
3.425599813461	-0.010204352438
3.427199840546	-0.012972161174
3.428799867630	-0.013415921479
3.430399894714	-0.013568145223
3.431999921799	-0.013113712892
3.433599948883	-0.011392672546
3.435199975967	-0.011053601280
3.436800003052	-0.012216577306
3.438400030136	-0.012554353103
3.439999818802	-0.010853504762
3.441599845886	-0.011349312961
3.443199872971	-0.011013841256
3.444799900055	-0.010801296681
3.446399927139	-0.012406929396
3.447999954224	-0.012539633550
3.449599981308	-0.011958224699
3.451200008392	0.012865569443
