0.000000000000	0.027537234128
0.001599999960	0.025773186237
0.003199999919	0.026935426518
0.004799999762	0.025686241686
0.006399999838	0.024954177439
0.007999999449	0.024695729837
0.009599999525	0.023765154183
0.011199999601	0.024692913517
0.012799999677	0.023743761703
0.014399999753	0.020623665303
0.015999998897	0.022428609431
0.017599999905	0.020985938609
0.019199999049	0.021747922525
0.020800000057	0.019903410226
0.022399999201	0.020336929709
0.024000000209	0.019172688946
0.025599999353	0.018824817613
0.027199998498	0.021097296849
0.028799999505	0.020206194371
0.030399998650	0.019134849310
0.031999997795	0.017367729917
0.033599998802	0.018876882270
0.035199999809	0.017734481022
0.036800000817	0.017058465630
0.038399998099	0.016888001934
0.039999999106	0.017034992576
0.041600000113	0.017550721765
0.043199997395	0.016480641440
0.044799998403	0.017114449292
0.046399999410	0.015819536522
0.048000000417	0.015746112913
0.049599997699	0.017575185746
0.051199998707	0.016542801633
0.052799999714	0.016645409167
0.054399996996	0.017274497077
0.055999998003	0.016046801582
0.057599999011	0.017254913226
0.059200000018	0.016466768458
0.060799997300	0.014563809149
0.062399998307	0.016425376758
0.063999995589	0.014779280871
0.065600000322	0.016676705331
0.067199997604	0.015468177386
0.068799994886	0.016245873645
0.070399999619	0.016567297280
0.071999996901	0.016024753451
0.073600001633	0.014403153211
0.075199998915	0.015356113203
0.076799996197	0.015051216818
0.078400000930	0.015740528703
0.079999998212	0.015148721635
0.081599995494	0.014138769358
0.083200000226	0.015195153654
0.084799997509	0.014775473624
0.086399994791	0.015734944493
0.087999999523	0.015545921400
0.089599996805	0.014331777580
0.091199994087	0.015713121742
0.092799998820	0.014983937144
0.094399996102	0.015100513585
0.096000000834	0.013611968607
0.097599998116	0.014484337531
0.099199995399	0.014012305066
0.100800000131	0.014058513567
0.102399997413	0.014972513542
0.103999994695	0.013404960744
0.105599999428	0.014296800829
0.107199996710	0.013235216960
0.108799993992	0.013594784774
0.110399998724	0.013215905055
0.111999996006	0.014057201333
0.113600000739	0.012114688754
0.115199998021	0.014355457388
0.116799995303	0.013888833113
0.118400000036	0.013953264803
0.119999997318	0.012978625484
0.121599994600	0.013261809014
0.123199999332	0.012416545302
0.124799996614	0.014361713082
0.126399993896	0.014195216820
0.127999991179	0.012911857106
0.129600003362	0.013563169166
0.131200000644	0.013066752814
0.132799997926	0.013182400726
0.134399995208	0.012100209482
0.135999992490	0.013848576695
0.137599989772	0.014617313631
0.139200001955	0.012757681310
0.140799999237	0.012893873267
0.142399996519	0.012481968850
0.143999993801	0.013522481546
0.145599991083	0.015028817579
0.147200003266	0.012615377083
0.148800000548	0.012555585243
0.150399997830	0.012898849323
0.151999995112	0.013357888907
0.153599992394	0.012785648927
0.155199989676	0.013050912879
0.156800001860	0.011948577128
0.158399999142	0.012124480680
0.159999996424	0.012685521506
0.161599993706	0.012108448893
0.163199990988	0.012253953144
0.164800003171	0.011517681181
0.166400000453	0.011921136640
0.167999997735	0.011298865080
0.169599995017	0.011368992738
0.171199992299	0.011776592582
0.172799989581	0.010661968961
0.174400001764	0.011177504435
0.175999999046	0.011939249001
0.177599996328	0.010185360909
0.179199993610	0.010633888654
0.180799990892	0.009031648748
0.182399988174	0.011449472979
0.184000000358	0.012688129209
0.185599997640	0.011895136908
0.187199994922	0.010624464601
0.188799992204	0.009622560814
0.190399989486	0.009990257211
0.192000001669	0.011522401124
0.193599998951	0.011240673251
0.195199996233	0.011180576868
0.196799993515	0.010988336988
0.198399990797	0.011208240874
0.199999988079	0.010656081140
0.201600000262	0.010330704972
0.203199997544	0.012002496980
0.204799994826	0.010614848696
0.206399992108	0.011150976643
0.207999989390	0.008988561109
0.209600001574	0.009686305188
0.211199998856	0.011017696932
0.212799996138	0.010258128867
0.214399993420	0.009729664773
0.215999990702	0.010519680567
0.217599987984	0.009632704780
0.219200000167	0.009728528559
0.220799997449	0.009658657014
0.222399994731	0.011571632698
0.223999992013	0.010063201189
0.225599989295	0.010605936870
0.227200001478	0.010237440467
0.228799998760	0.009665440768
0.230399996042	0.008411328308
0.231999993324	0.009307536297
0.233599990606	0.009962208569
0.235199987888	0.010362240486
0.236800000072	0.010852321051
0.238399997354	0.009757136926
0.239999994636	0.009550784715
0.241599991918	0.010685232468
0.243199989200	0.010793953203
0.244799986482	0.009529393166
0.246399998665	0.009408400394
0.247999995947	0.008463760838
0.249599993229	0.008919920772
0.251199990511	0.009109600447
0.252799987793	0.007358608767
0.254399985075	0.009467536584
0.255999982357	0.008946192451
0.257599979639	0.008470624685
0.259200006723	0.009935905226
0.260800004005	0.009521489032
0.262400001287	0.007781696506
0.263999998569	0.008154304698
0.265599995852	0.008757744916
0.267199993134	0.007379888557
0.268799990416	0.008548272774
0.270399987698	0.007866272703
0.271999984980	0.006861408707
0.273599982262	0.009343841113
0.275199979544	0.008137248456
0.276800006628	0.008255120367
0.278400003910	0.007433008403
0.280000001192	0.007438928355
0.281599998474	0.008112704381
0.283199995756	0.008813760243
0.284799993038	0.008167024702
0.286399990320	0.008639184758
0.287999987602	0.008708672598
0.289599984884	0.009696400724
0.291199982166	0.008953904733
0.292799979448	0.007099984679
0.294400006533	0.008801712655
0.296000003815	0.009235920385
0.297600001097	0.008132720366
0.299199998379	0.009052257054
0.300799995661	0.008307568729
0.302399992943	0.008210496977
0.303999990225	0.008019664325
0.305599987507	0.007722032722
0.307199984789	0.006685536355
0.308799982071	0.008569264784
0.310399979353	0.007882112637
0.312000006437	0.008013840765
0.313600003719	0.007923984900
0.315200001001	0.008638592437
0.316799998283	0.008473969065
0.318399995565	0.008662289008
0.319999992847	0.008158240467
0.321599990129	0.007971936837
0.323199987411	0.006243008655
0.324799984694	0.007620288525
0.326399981976	0.007829808630
0.327999979258	0.008937648498
0.329600006342	0.006792784669
0.331200003624	0.007193200756
0.332800000906	0.008141952567
0.334399998188	0.005903216545
0.335999995470	0.005200656597
0.337599992752	0.005952048581
0.339199990034	0.008445296437
0.340799987316	0.007386000827
0.342399984598	0.006316192448
0.343999981880	0.007463408634
0.345599979162	0.007627504878
0.347199976444	0.006304928567
0.348800003529	0.008037696593
0.350400000811	0.007392720785
0.351999998093	0.005958384369
0.353599995375	0.006177856587
0.355199992657	0.008130096830
0.356799989939	0.006474176422
0.358399987221	0.007266784552
0.359999984503	0.006465056445
0.361599981785	0.007149504498
0.363199979067	0.005580480676
0.364799976349	0.006263824645
0.366400003433	0.008234656416
0.368000000715	0.007532224525
0.369599997997	0.006168624386
0.371199995279	0.006208336446
0.372799992561	0.006080272608
0.374399989843	0.006852384657
0.375999987125	0.006477728486
0.377599984407	0.006725504529
0.379199981689	0.007199472748
0.380799978971	0.007505776826
0.382399976254	0.006855968386
0.384000003338	0.006195472553
0.385600000620	0.006682640407
0.387199997902	0.006386704743
0.388799995184	0.005896624643
0.390399992466	0.005232336465
0.391999989748	0.005333696492
0.393599987030	0.007258000784
0.395199984312	0.005969696678
0.396799981594	0.005520816427
0.398399978876	0.007291984744
0.399999976158	0.006699936464
0.401600003242	0.006133888382
0.403200000525	0.005859232508
0.404799997807	0.006022672635
0.406399995089	0.006914448459
0.407999992371	0.005670912564
0.409599989653	0.006808240432
0.411199986935	0.006142640486
0.412799984217	0.005085968412
0.414399981499	0.006437952630
0.415999978781	0.005994720384
0.417599976063	0.006850288715
0.419200003147	0.005883568432
0.420800000429	0.005457440391
0.422399997711	0.005054496229
0.423999994993	0.005723760463
0.425599992275	0.005527232308
0.427199989557	0.005340368487
0.428799986839	0.005640544463
0.430399984121	0.005532656331
0.431999981403	0.004577168263
0.433599978685	0.007138448767
0.435199975967	0.005928592291
0.436800003052	0.005433968268
0.438400000334	0.006240656599
0.439999997616	0.005112864543
0.441599994898	0.004990144633
0.443199992180	0.003971920349
0.444799989462	0.005226944573
0.446399986744	0.004258992150
0.447999984026	0.004897952545
0.449599981308	0.003782016225
0.451199978590	0.004163008183
0.452799975872	0.004740720149
0.454400002956	0.005037088413
0.456000000238	0.006084032357
0.457599997520	0.005516800564
0.459199994802	0.004488544539
0.460799992085	0.004100288264
0.462399989367	0.004913568497
0.463999986649	0.005630384665
0.465599983931	0.004494352266
0.467199981213	0.004266032483
0.468799978495	0.005350080319
0.470399975777	0.003778816201
0.472000002861	0.005722992588
0.473600000143	0.005380432587
0.475199997425	0.003639088245
0.476799994707	0.003769920208
0.478399991989	0.003486528294
0.479999989271	0.004709760193
0.481599986553	0.003993104212
0.483199983835	0.003622544231
0.484799981117	0.004897168372
0.486399978399	0.003920304123
0.487999975681	0.004005488474
0.489599972963	0.004388960544
0.491200000048	0.004200624302
0.492799997330	0.004131040536
0.494399994612	0.005869632587
0.495999991894	0.003981408197
0.497599989176	0.005481328350
0.499199986458	0.004166272469
0.500800013542	0.004717408214
0.502399981022	0.003620800329
0.504000008106	0.003888928331
0.505599975586	0.004435264505
0.507200002670	0.003286912339
0.508799970150	0.003377392190
0.510399997234	0.003702576272
0.511999964714	0.004233024549
0.513599991798	0.004440784454
0.515199959278	0.003818592289
0.516799986362	0.004275184125
0.518400013447	0.003311680164
0.519999980927	0.004072672222
0.521600008011	0.003571424400
0.523199975491	0.004070832394
0.524800002575	0.003942096606
0.526399970055	0.003632192267
0.527999997139	0.003443216207
0.529599964619	0.003284320235
0.531199991703	0.002899904270
0.532799959183	0.004759440199
0.534399986267	0.003442112356
0.536000013351	0.002396464115
0.537599980831	0.001705520204
0.539200007915	0.004112368450
0.540799975395	0.003008960281
0.542400002480	0.003357504262
0.543999969959	0.004212160129
0.545599997044	0.002823888091
0.547199964523	0.002105360152
0.548799991608	0.001691952115
0.550399959087	0.003954144195
0.551999986172	0.004019056447
0.553600013256	0.001584704150
0.555199980736	0.005211776588
0.556800007820	0.003398080356
0.558399975300	0.002541392110
0.560000002384	0.003770320211
0.561599969864	0.003179344349
0.563199996948	0.003574864240
0.564799964428	0.004111888353
0.566399991512	0.002249728190
0.567999958992	0.002057120204
0.569599986076	0.003058768110
0.571200013161	0.002592528239
0.572799980640	0.004008032382
0.574400007725	0.002649696078
0.575999975204	0.002112864051
0.577600002289	0.002796320245
0.579199969769	0.002216640161
0.580799996853	0.002892816206
0.582399964333	0.003185296198
0.583999991417	0.002269392135
0.585599958897	0.002723328304
0.587199985981	0.001095056068
0.588800013065	0.003276000265
0.590399980545	0.004266976379
0.592000007629	0.002302640118
0.593599975109	0.001842224156
0.595200002193	0.003734224243
0.596799969673	0.002656400204
0.598399996758	0.002132752212
0.599999964237	0.003242528299
0.601599991322	0.003723088419
0.603199958801	0.002397536300
0.604799985886	0.002425600309
0.606400012970	0.003039216157
0.607999980450	0.002893696306
0.609600007534	0.002438880270
0.611199975014	0.004085168242
0.612800002098	0.002869584132
0.614399969578	0.001948848134
0.615999996662	0.001440208172
0.617599964142	0.003237248166
0.619199991226	0.001282560057
0.620799958706	0.000848032068
0.622399985790	0.001799184131
0.624000012875	0.002560064197
0.625599980354	0.002691936214
0.627200007439	0.002958544297
0.628799974918	0.002097584074
0.630400002003	0.002853632206
0.631999969482	0.001514832140
0.633599996567	0.002793376334
0.635199964046	0.000707264116
0.636799991131	0.001316176145
0.638399958611	0.001685376163
0.639999985695	0.001445312053
0.641600012779	0.003102032235
0.643199980259	0.001666256110
0.644800007343	0.002146736253
0.646399974823	0.002489616163
0.648000001907	0.001184384106
0.649599969387	0.002127968241
0.651199996471	0.000830592064
0.652799963951	0.001857744181
0.654399991035	0.002032704186
0.655999958515	0.003700688249
0.657599985600	0.002269584220
0.659200012684	0.001396240084
0.660799980164	0.002340384293
0.662400007248	0.002429760294
0.663999974728	0.001036288100
0.665600001812	0.001551792142
0.667199969292	0.001707232092
0.668799996376	0.001810688176
0.670399963856	0.002414640272
0.671999990940	0.005394944455
0.673599958420	0.001449728152
0.675199985504	0.002149312291
0.676800012589	0.002830160316
0.678399980068	0.001068992075
0.680000007153	0.001449392061
0.681599974632	0.002011696110
0.683200001717	0.002718480304
0.684799969196	0.001988256117
0.686399996281	0.001242512139
0.687999963760	0.002143104095
0.689599990845	0.001907744096
0.691199958324	0.001901104231
0.692799985409	0.001213072101
0.694399952888	0.001418368076
0.695999979973	0.000458160095
0.697600007057	0.000240112000
0.699199974537	0.001735856058
0.700800001621	0.002169072162
0.702399969101	0.000213776046
0.703999996185	0.000529424055
0.705599963665	0.001753408113
0.707199990749	0.001572928159
0.708799958229	0.002249456244
0.710399985313	0.001704912167
0.711999952793	-0.000212672094
0.713599979877	0.000051584015
0.715200006962	0.001468336093
0.716799974442	0.002155888127
0.718400001526	0.001389504177
0.719999969006	-0.000316063990
0.721599996090	0.002906864276
0.723199963570	0.001627952093
0.724799990654	0.002259184141
0.726399958134	0.000639136066
0.727999985218	0.000260096043
0.729599952698	0.000867536059
0.731199979782	0.000453280023
0.732800006866	0.001254368108
0.734399974346	0.001176704071
0.736000001431	0.000861664012
0.737599968910	0.000577408064
0.739199995995	0.001778432168
0.740799963474	0.001038400107
0.742399990559	0.001993744168
0.743999958038	0.001399248024
0.745599985123	0.000841504021
0.747199952602	0.001165936119
0.748799979687	0.001309184125
0.750400006771	0.000689664099
0.751999974251	0.000914208009
0.753600001335	0.001998800086
0.755199968815	0.001337120077
0.756799995899	0.000101392012
0.758399963379	0.001479648170
0.759999990463	0.001614976092
0.761599957943	0.000445856014
0.763199985027	0.000682352053
0.764799952507	0.000338576006
0.766399979591	0.000396016025
0.768000006676	0.001104336116
0.769599974155	0.000324768014
0.771200001240	0.000031983996
0.772799968719	0.000802320079
0.774399995804	-0.000044543973
0.775999963284	0.000292288023
0.777599990368	0.000167504011
0.779199957848	0.002037888160
0.780799984932	0.001176208141
0.782399952412	-0.000110575980
0.783999979496	-0.000018432056
0.785600006580	-0.000282400026
0.787199974060	-0.000338352052
0.788800001144	-0.000177584006
0.790399968624	0.000200000024
0.791999995708	-0.000625904067
0.793599963188	0.000108719971
0.795199990273	-0.000160688040
0.796799957752	0.001380224130
0.798399984837	-0.001238768105
0.799999952316	0.000123376027
0.801599979401	0.000489264028
0.803200006485	0.000322208041
0.804799973965	-0.001288528088
0.806400001049	-0.000556256040
0.807999968529	-0.000462160038
0.809599995613	-0.000767168065
0.811199963093	-0.000005360025
0.812799990177	0.001205312088
0.814399957657	0.000464624056
0.815999984741	-0.001086752163
0.817599952221	0.001868464169
0.819199979305	0.001242560102
0.820800006390	-0.000210592072
0.822399973869	0.000269999990
0.824000000954	0.000633776071
0.825599968433	0.000876704056
0.827199995518	0.001361232135
0.828799962997	0.001394064166
0.830399990082	-0.000042687981
0.831999957561	0.001715168124
0.833599984646	0.000643024105
0.835199952126	-0.000728864106
0.836799979210	-0.000048768063
0.838400006294	-0.001061168150
0.839999973774	-0.000205423989
0.841600000858	-0.000771120074
0.843199968338	0.000152751993
0.844799995422	-0.000365120010
0.846399962902	-0.000862816058
0.847999989986	0.001045616111
0.849599957466	-0.001292528119
0.851199984550	-0.000610912044
0.852799952030	0.000227616052
0.854399979115	0.001495008124
0.856000006199	0.000447344035
0.857599973679	-0.001034672023
0.859200000763	-0.000020448004
0.860799968243	0.000072239993
0.862399995327	0.000405696046
0.863999962807	0.000448240055
0.865599989891	-0.002748624189
0.867199957371	-0.000170864048
0.868799984455	-0.000811424048
0.870399951935	0.000249216042
0.871999979019	0.001051312080
0.873600006104	-0.001613536151
0.875199973583	-0.002656576224
0.876800000668	-0.001372848055
0.878399968147	0.000641344057
0.879999995232	-0.002049504081
0.881599962711	-0.001975120045
0.883199989796	0.000437344046
0.884799957275	-0.002098592231
0.886399984360	0.000222511982
0.887999951839	-0.000066975990
0.889599978924	0.000434272020
0.891200006008	-0.000699632044
0.892799973488	-0.001592384186
0.894400000572	0.000121760022
0.895999968052	0.000655216048
0.897599995136	-0.001643040217
0.899199962616	-0.001186864101
0.900799989700	-0.000224944029
0.902399957180	-0.001282992074
0.903999984264	-0.000898816099
0.905599951744	-0.001798160141
0.907199978828	0.000683632097
0.908800005913	-0.000300912041
0.910399973392	0.000453600049
0.912000000477	-0.001521424158
0.913599967957	0.000301984022
0.915199995041	-0.000941136095
0.916799962521	-0.001126560150
0.918399989605	-0.000892048120
0.919999957085	-0.000947296037
0.921599984169	-0.000556048006
0.923199951649	-0.000490416016
0.924799978733	-0.000280864042
0.926400005817	-0.001726720133
0.927999973297	0.000175727982
0.929600000381	-0.000770368031
0.931199967861	-0.001088176039
0.932799994946	-0.001457568142
0.934399962425	-0.001930848113
0.935999989510	-0.003594576381
0.937599956989	-0.001336112036
0.939199984074	-0.000387871987
0.940799951553	-0.000751840067
0.942399978638	0.000033567998
0.944000005722	-0.002729792148
0.945599973202	-0.001156224171
0.947200000286	-0.001225936110
0.948799967766	-0.001023488119
0.950399994850	-0.001495376113
0.951999962330	-0.000087440007
0.953599989414	-0.001131392084
0.955199956894	-0.000857216073
0.956799983978	-0.000379088044
0.958399951458	0.000335215998
0.959999978542	0.001166560105
0.961599946022	-0.001051184139
0.963199973106	-0.000462255994
0.964800000191	-0.000657104072
0.966399967670	-0.001323344070
0.967999994755	-0.000191040031
0.969599962234	-0.000237727989
0.971199989319	0.000131088018
0.972799956799	-0.001235760166
0.974399983883	-0.002668816131
0.975999951363	-0.001512128161
0.977599978447	-0.000261856010
0.979199945927	-0.001703280141
0.980799973011	-0.000496784109
0.982400000095	-0.000622576044
0.983999967575	-0.001451440156
0.985599994659	-0.000718576077
0.987199962139	-0.001438832143
0.988799989223	-0.001043472090
0.990399956703	-0.001311504166
0.991999983788	-0.001866400125
0.993599951267	-0.000610608084
0.995199978352	-0.000945648062
0.996799945831	-0.001617072150
0.998399972916	-0.001893168199
1.000000000000	-0.002434272086
1.001600027084	-0.001608096063
1.003199934959	-0.003211104311
1.004799962044	-0.000804672018
1.006399989128	-0.001963408198
1.008000016212	-0.000158255978
1.009599924088	-0.001447952120
1.011199951172	-0.002991344314
1.012799978256	-0.000474928034
1.014400005341	-0.002200224204
1.016000032425	-0.001659744186
1.017599940300	-0.001642752090
1.019199967384	-0.000531712081
1.020799994469	-0.002324336208
1.022400021553	-0.002617600141
1.023999929428	-0.002098208293
1.025599956512	-0.001653824118
1.027199983597	-0.001278208103
1.028800010681	-0.000237648055
1.030399918556	-0.000862560060
1.031999945641	-0.001975728199
1.033599972725	-0.000576976046
1.035199999809	-0.002111808164
1.036800026894	-0.002468160121
1.038399934769	-0.001758992090
1.039999961853	-0.003235264216
1.041599988937	-0.002503808355
1.043200016022	-0.003206128255
1.044799923897	-0.000713392103
1.046399950981	-0.000937968085
1.047999978065	-0.002614736324
1.049600005150	-0.002502240241
1.051200032234	-0.003517600242
1.052799940109	-0.002677680226
1.054399967194	-0.002623552224
1.055999994278	-0.000847136078
1.057600021362	-0.001523040119
1.059199929237	-0.002060080180
1.060799956322	-0.003797920421
1.062399983406	-0.001609536121
1.064000010490	-0.002018448198
1.065599918365	-0.002485232195
1.067199945450	-0.002476640278
1.068799972534	-0.002407440217
1.070399999619	-0.001163760084
1.072000026703	-0.001387472148
1.073599934578	-0.003857504344
1.075199961662	-0.000274736056
1.076799988747	-0.002850800287
1.078400015831	-0.003151824232
1.079999923706	-0.003374288324
1.081599950790	-0.002103184117
1.083199977875	-0.002954384312
1.084800004959	-0.002594400197
1.086400032043	-0.001261568163
1.087999939919	-0.001390736084
1.089599967003	-0.000854752085
1.091199994087	-0.001019008108
1.092800021172	-0.001155008096
1.094399929047	-0.001758704195
1.095999956131	-0.002816784196
1.097599983215	-0.001447248040
1.099200010300	-0.002723056357
1.100799918175	-0.002266576281
1.102399945259	-0.002976720221
1.103999972343	-0.004791712388
1.105599999428	-0.001587408129
1.107200026512	-0.002488768194
1.108799934387	-0.002001792192
1.110399961472	-0.002646624111
1.111999988556	-0.002870672150
1.113600015640	-0.003700096393
1.115199923515	-0.001469520153
1.116799950600	-0.003539568279
1.118399977684	-0.003383280244
1.120000004768	-0.003384576179
1.121599912643	-0.003298672382
1.123199939728	-0.002489552135
1.124799966812	-0.002426480176
1.126399993896	-0.003157424275
1.128000020981	-0.003243536223
1.129599928856	-0.003356448375
1.131199955940	-0.003470112337
1.132799983025	-0.003625776386
1.134400010109	-0.002839376219
1.135999917984	-0.002951168222
1.137599945068	-0.004093056545
1.139199972153	-0.003481776221
1.140799999237	-0.002974288305
1.142400026321	-0.004907104652
1.143999934196	-0.003147120355
1.145599961281	-0.001853264170
1.147199988365	-0.002073520096
1.148800015450	-0.002300208202
1.150399923325	-0.002958608326
1.151999950409	-0.003142064204
1.153599977493	-0.003412880236
1.155200004578	-0.002423184225
1.156799912453	-0.004066800233
1.158399939537	-0.002911680378
1.159999966621	-0.002932992298
1.161599993706	-0.002186912112
1.163200020790	-0.003600160126
1.164799928665	-0.003424192313
1.166399955750	-0.002658624202
1.167999982834	-0.003026640275
1.169600009918	-0.001162816072
1.171199917793	-0.003008336294
1.172799944878	-0.004264736548
1.174399971962	-0.004597344436
1.175999999046	-0.003059024224
1.177600026131	-0.005089760292
1.179199934006	-0.002715488197
1.180799961090	-0.003512560390
1.182399988174	-0.002749488223
1.184000015259	-0.003085888224
1.185599923134	-0.001273120171
1.187199950218	-0.002471408108
1.188799977303	-0.003987952136
1.190400004387	-0.004293136299
1.191999912262	-0.003767328337
1.193599939346	-0.002905968111
1.195199966431	-0.004858704284
1.196799993515	-0.002869792283
1.198400020599	-0.002828320256
1.199999928474	-0.003708512289
1.201599955559	-0.003902480239
1.203199982643	-0.002950512106
1.204800009727	-0.003310032189
1.206399917603	-0.005168016534
1.207999944687	-0.003381024348
1.209599971771	-0.003063584212
1.211199998856	-0.003565008286
1.212800025940	-0.005070688669
1.214399933815	-0.003464880167
1.215999960899	-0.002909600269
1.217599987984	-0.003600976430
1.219200015068	-0.004386672284
1.220799922943	-0.001443696092
1.222399950027	-0.003418752225
1.223999977112	-0.003340800293
1.225600004196	-0.003136640182
1.227199912071	-0.004186320119
1.228799939156	-0.003951472230
1.230399966240	-0.001382976072
1.231999993324	-0.001796944183
1.233600020409	-0.003076224355
1.235199928284	-0.004313696176
1.236799955368	-0.002659120131
1.238399982452	-0.003229968250
1.240000009537	-0.004086240195
1.241599917412	-0.004585184157
1.243199944496	-0.002665632172
1.244799971581	-0.002650672104
1.246399998665	-0.005754272453
1.248000025749	-0.002539040288
1.249599933624	-0.004623376299
1.251199960709	-0.004828944337
1.252799987793	-0.004456304479
1.254400014877	-0.003391120350
1.255999922752	-0.002909552306
1.257599949837	-0.003893152345
1.259199976921	-0.002883056412
1.260800004005	-0.002590384101
1.262399911880	-0.004684272222
1.263999938965	-0.003766096430
1.265599966049	-0.004532736260
1.267199993134	-0.002396352123
1.268800020218	-0.002837264212
1.270399928093	-0.003936176188
1.271999955177	-0.003722768277
1.273599982262	-0.004705616273
1.275200009346	-0.005676560570
1.276799917221	-0.003270128276
1.278399944305	-0.004015440121
1.279999971390	-0.004679984413
1.281599998474	-0.005591824651
1.283200025558	-0.004597808234
1.284799933434	-0.004337616265
1.286399960518	-0.005036624614
1.287999987602	-0.003838256234
1.289600014687	-0.002624464221
1.291199922562	-0.004782560281
1.292799949646	-0.003434336279
1.294399976730	-0.003824240295
1.296000003815	-0.004923632368
1.297599911690	-0.004722832236
1.299199938774	-0.003768832190
1.300799965858	-0.002354416298
1.302399992943	-0.003944848198
1.304000020027	-0.004235312343
1.305599927902	-0.003502416192
1.307199954987	-0.003031120170
1.308799982071	-0.003806016408
1.310400009155	-0.003764864290
1.311999917030	-0.005190400407
1.313599944115	-0.004122928251
1.315199971199	-0.003028992331
1.316799998283	-0.003666176228
1.318400025368	-0.004305568524
1.319999933243	-0.004036336206
1.321599960327	-0.004245568532
1.323199987411	-0.002773088170
1.324800014496	-0.003641488263
1.326399922371	-0.004447056446
1.327999949455	-0.004335776437
1.329599976540	-0.004476592410
1.331200003624	-0.003827152308
1.332799911499	-0.004786640406
1.334399938583	-0.002727888292
1.335999965668	-0.005707696546
1.337599992752	-0.003947008401
1.339200019836	-0.002440800192
1.340799927711	-0.004168720450
1.342399954796	-0.004340816289
1.343999981880	-0.004447728395
1.345600008965	-0.004588032141
1.347199916840	-0.003307024250
1.348799943924	-0.004132384434
1.350399971008	-0.005473360419
1.351999998093	-0.004518816248
1.353600025177	-0.005084928591
1.355199933052	-0.006004400551
1.356799960136	-0.003501696279
1.358399987221	-0.003677488305
1.360000014305	-0.004784416407
1.361599922180	-0.004410320427
1.363199949265	-0.003945312463
1.364799976349	-0.004927104339
1.366400003433	-0.004511504434
1.367999911308	-0.002688896144
1.369599938393	-0.003840048332
1.371199965477	-0.004541824106
1.372799992561	-0.005006320309
1.374400019646	-0.002771984320
1.375999927521	-0.003645664314
1.377599954605	-0.005189808551
1.379199981689	-0.006661920343
1.380800008774	-0.005935936701
1.382399916649	-0.004776032642
1.383999943733	-0.005078752525
1.385599970818	-0.003068656195
1.387199997902	-0.004985712469
1.388799905777	-0.005759120453
1.390399932861	-0.003875472350
1.391999959946	-0.003868848318
1.393599987030	-0.003560976358
1.395200014114	-0.004366128240
1.396799921989	-0.005725168623
1.398399949074	-0.004409200512
1.399999976158	-0.005442016292
1.401600003242	-0.001890960149
1.403199911118	-0.003875664202
1.404799938202	-0.005196640268
1.406399965286	-0.004937392194
1.407999992371	-0.003610096173
1.409600019455	-0.003160448279
1.411199927330	-0.005255488213
1.412799954414	-0.004199392162
1.414399981499	-0.004807952326
1.416000008583	-0.003851184389
1.417599916458	-0.002976384247
1.419199943542	-0.004603664391
1.420799970627	-0.003058528295
1.422399997711	-0.005870320369
1.423999905586	-0.004215920344
1.425599932671	-0.003639520379
1.427199959755	-0.003559440374
1.428799986839	-0.004676976241
1.430400013924	-0.004653792363
1.431999921799	-0.004456832539
1.433599948883	-0.005232080352
1.435199975967	-0.004802720156
1.436800003052	-0.003937120084
1.438399910927	-0.004707104526
1.439999938011	-0.005002160557
1.441599965096	-0.003888528328
1.443199992180	-0.006296832580
1.444800019264	-0.005716560408
1.446399927139	-0.004210464191
1.447999954224	-0.005001008511
1.449599981308	-0.005321312696
1.451200008392	-0.006165344734
1.452799916267	-0.004722080193
1.454399943352	-0.003855744377
1.455999970436	-0.007304720581
1.457599997520	-0.005751840305
1.459199905396	-0.005148432218
1.460799932480	-0.004405536689
1.462399959564	-0.005244736560
1.463999986649	-0.005966112483
1.465600013733	-0.005722976290
1.467199921608	-0.004985632375
1.468799948692	-0.004783808254
1.470399975777	-0.004343424458
1.472000002861	-0.003861936275
1.473599910736	-0.005833248608
1.475199937820	-0.004483616445
1.476799964905	-0.005535440519
1.478399991989	-0.004821712617
1.480000019073	-0.005890512373
1.481599926949	-0.005654496606
1.483199954033	-0.005316704512
1.484799981117	-0.005704928655
1.486400008202	-0.004684832413
1.487999916077	-0.004092000425
1.489599943161	-0.005948464386
1.491199970245	-0.005190352444
1.492799997330	-0.005752720404
1.494399905205	-0.004684304353
1.495999932289	-0.006589488592
1.497599959373	-0.004820560571
1.499199986458	-0.005149328616
1.500800013542	-0.004032288212
1.502399921417	-0.007650304586
1.503999948502	-0.005076720379
1.505599975586	-0.003747776384
1.507200002670	-0.005295008421
1.508799910545	-0.005748768337
1.510399937630	-0.005658480339
1.511999964714	-0.004892320372
1.513599991798	-0.004102528095
1.515200018883	-0.005667840596
1.516799926758	-0.006232864689
1.518399953842	-0.004420960322
1.519999980927	-0.006125328597
1.521600008011	-0.004940432496
1.523199915886	-0.004940480459
1.524799942970	-0.005644784309
1.526399970055	-0.006531296764
1.527999997139	-0.005925600417
1.529599905014	-0.005660704337
1.531199932098	-0.003640832379
1.532799959183	-0.006365344394
1.534399986267	-0.007196976338
1.536000013351	-0.007295920514
1.537599921227	-0.003749936353
1.539199948311	-0.003045488149
1.540799975395	-0.005750704557
1.542400002480	-0.005457152613
1.543999910355	-0.006358160637
1.545599937439	-0.005540224258
1.547199964523	-0.006082064472
1.548799991608	-0.005869568326
1.550400018692	-0.006116480567
1.551999926567	-0.005337616429
1.553599953651	-0.006219856441
1.555199980736	-0.003479824169
1.556800007820	-0.005771440454
1.558399915695	-0.005975968670
1.559999942780	-0.005676928442
1.561599969864	-0.005481904373
1.563199996948	-0.006834208500
1.564799904823	-0.004681904335
1.566399931908	-0.004740096163
1.567999958992	-0.005216176622
1.569599986076	-0.003746400354
1.571200013161	-0.006502576638
1.572799921036	-0.004430896137
1.574399948120	-0.005839392543
1.575999975204	-0.005605088547
1.577600002289	-0.005183856469
1.579199910164	-0.005989184603
1.580799937248	-0.006971840747
1.582399964333	-0.004449408501
1.583999991417	-0.005274816416
1.585600018501	-0.006115120370
1.587199926376	-0.006150112487
1.588799953461	-0.005078544375
1.590399980545	-0.006612960715
1.592000007629	-0.006411488634
1.593599915504	-0.004002480302
1.595199942589	-0.006780560594
1.596799969673	-0.005991056561
1.598399996758	-0.008168912493
1.599999904633	-0.004936160520
1.601599931717	-0.004907024559
1.603199958801	-0.004934944212
1.604799985886	-0.006219392642
1.606400012970	-0.007121536415
1.607999920845	-0.005896544550
1.609599947929	-0.006764160469
1.611199975014	-0.002879728330
1.612800002098	-0.005233296193
1.614399909973	-0.007386800833
1.615999937057	-0.005047680344
1.617599964142	-0.005130976439
1.619199991226	-0.005556032527
1.620800018311	-0.006055056583
1.622399926186	-0.006317728665
1.623999953270	-0.005203520413
1.625599980354	-0.006438960321
1.627200007439	-0.005739168264
1.628799915314	-0.005664464552
1.630399942398	-0.006740496494
1.631999969482	-0.005282848608
1.633599996567	-0.006412944756
1.635199904442	-0.006361552514
1.636799931526	-0.005038848612
1.638399958611	-0.007251824718
1.639999985695	-0.006755872630
1.641600012779	-0.005995840300
1.643199920654	-0.005467664450
1.644799947739	-0.005699744448
1.646399974823	-0.006183968391
1.648000001907	-0.007298112847
1.649599909782	-0.006097264588
1.651199936867	-0.006708864588
1.652799963951	-0.005833024625
1.654399991035	-0.006452544592
1.655999898911	-0.006418576464
1.657599925995	-0.005276464391
1.659199953079	-0.007267584559
1.660799980164	-0.006765856408
1.662400007248	-0.006089104339
1.663999915123	-0.005466528703
1.665599942207	-0.007727648597
1.667199969292	-0.006683920510
1.668799996376	-0.005676032510
1.670399904251	-0.005973600317
1.671999931335	-0.005663024262
1.673599958420	-0.006270144600
1.675199985504	-0.005076608155
1.676800012589	-0.005422448274
1.678399920464	-0.005120672286
1.679999947548	-0.006252640393
1.681599974632	-0.007586416788
1.683200001717	-0.007091520820
1.684799909592	-0.006245280616
1.686399936676	-0.005056640599
1.687999963760	-0.005903104320
1.689599990845	-0.005452368408
1.691199898720	-0.005138960201
1.692799925804	-0.005725984462
1.694399952888	-0.007178112399
1.695999979973	-0.005927376449
1.697600007057	-0.005792064592
1.699199914932	-0.007299248595
1.700799942017	-0.006482224446
1.702399969101	-0.006447328720
1.703999996185	-0.007018416654
1.705599904060	-0.005634480622
1.707199931145	-0.006048432551
1.708799958229	-0.006352320313
1.710399985313	-0.007701024413
1.712000012398	-0.006542800460
1.713599920273	-0.006268864498
1.715199947357	-0.007305056788
1.716799974442	-0.005487632472
1.718400001526	-0.007237344515
1.719999909401	-0.005718752276
1.721599936485	-0.005429696292
1.723199963570	-0.006919808686
1.724799990654	-0.007577488665
1.726399898529	-0.006333376281
1.727999925613	-0.004979296587
1.729599952698	-0.006872304715
1.731199979782	-0.007218976505
1.732800006866	-0.005780000705
1.734399914742	-0.005247680470
1.735999941826	-0.006624992471
1.737599968910	-0.007209920324
1.739199995995	-0.005134448409
1.740799903870	-0.006824144628
1.742399930954	-0.006976944394
1.743999958038	-0.005690624472
1.745599985123	-0.005884400569
1.747200012207	-0.006340096705
1.748799920082	-0.006911856588
1.750399947166	-0.005030528642
1.751999974251	-0.008337200619
1.753600001335	-0.007790480740
1.755199909210	-0.005475728307
1.756799936295	-0.007718080655
1.758399963379	-0.005756704602
1.759999990463	-0.006738672499
1.761599898338	-0.007215648424
1.763199925423	-0.006867648568
1.764799952507	-0.007270784583
1.766399979591	-0.005730496719
1.768000006676	-0.007182928734
1.769599914551	-0.006612640340
1.771199941635	-0.006345840637
1.772799968719	-0.006008208264
1.774399995804	-0.007149968762
1.775999903679	-0.005976112559
1.777599930763	-0.006704464555
1.779199957848	-0.006595504470
1.780799984932	-0.007277008612
1.782400012016	-0.006666096393
1.783999919891	-0.006246384699
1.785599946976	-0.006218128372
1.787199974060	-0.006201008335
1.788800001144	-0.006273040548
1.790399909019	-0.007641024888
1.791999936104	-0.006866960786
1.793599963188	-0.008088449016
1.795199990273	-0.006402880419
1.796799898148	-0.007520720363
1.798399925232	-0.007332080510
1.799999952316	-0.005054592621
1.801599979401	-0.007202848326
1.803200006485	-0.006113920361
1.804799914360	-0.006723008584
1.806399941444	-0.006709888577
1.807999968529	-0.007686048746
1.809599995613	-0.007283280604
1.811199903488	-0.007898688316
1.812799930573	-0.006907632574
1.814399957657	-0.006829680409
1.815999984741	-0.006317024585
1.817600011826	-0.006912112702
1.819199919701	-0.006204624660
1.820799946785	-0.007639040705
1.822399973869	-0.007447104901
1.824000000954	-0.007917600684
1.825599908829	-0.006575392559
1.827199935913	-0.005957792513
1.828799962997	-0.006292208564
1.830399990082	-0.007086528465
1.831999897957	-0.004765808582
1.833599925041	-0.007011504378
1.835199952126	-0.007893808186
1.836799979210	-0.005889808293
1.838400006294	-0.008101824671
1.839999914169	-0.006563952658
1.841599941254	-0.005890128668
1.843199968338	-0.005921264645
1.844799995422	-0.007172064390
1.846399903297	-0.004762944300
1.847999930382	-0.005842064507
1.849599957466	-0.008697808720
1.851199984550	-0.007672928739
1.852800011635	-0.006771232467
1.854399919510	-0.007121392526
1.855999946594	-0.008266384713
1.857599973679	-0.005325632636
1.859200000763	-0.007293280680
1.860799908638	-0.007530352566
1.862399935722	-0.006842784584
1.863999962807	-0.008096048608
1.865599989891	-0.007284288760
1.867199897766	-0.006862832699
1.868799924850	-0.007001376711
1.870399951935	-0.004875024315
1.871999979019	-0.007385664620
1.873600006104	-0.007745824754
1.875199913979	-0.007269072812
1.876799941063	-0.007684272714
1.878399968147	-0.009722065181
1.879999995232	-0.007610480767
1.881599903107	-0.008882640861
1.883199930191	-0.005670432467
1.884799957275	-0.007136704400
1.886399984360	-0.007101136725
1.888000011444	-0.006924976595
1.889599919319	-0.007701552473
1.891199946404	-0.007353328634
1.892799973488	-0.007819296792
1.894400000572	-0.007816320285
1.895999908447	-0.008998864330
1.897599935532	-0.008539056405
1.899199962616	-0.006841392722
1.900799989700	-0.005965584423
1.902399897575	-0.008179280907
1.903999924660	-0.006643712521
1.905599951744	-0.007501968648
1.907199978828	-0.007511280477
1.908800005913	-0.007182880770
1.910399913788	-0.007358432747
1.911999940872	-0.005555472337
1.913599967957	-0.007414576598
1.915199995041	-0.008635409176
1.916799902916	-0.005899120588
1.918399930000	-0.007327360567
1.919999957085	-0.008185792714
1.921599984169	-0.006581984460
1.923199892044	-0.005471312441
1.924799919128	-0.008859137073
1.926399946213	-0.007652496453
1.927999973297	-0.004772704560
1.929600000381	-0.008596784435
1.931199908257	-0.008916736580
1.932799935341	-0.005592416506
1.934399962425	-0.008433968760
1.935999989510	-0.009270144626
1.937599897385	-0.006658160593
1.939199924469	-0.007036704570
1.940799951553	-0.005916720722
1.942399978638	-0.007468720432
1.944000005722	-0.006341472734
1.945599913597	-0.006999280769
1.947199940681	-0.009400352836
1.948799967766	-0.008246304467
1.950399994850	-0.006376432721
1.951999902725	-0.007759376429
1.953599929810	-0.008835921064
1.955199956894	-0.006791088730
1.956799983978	-0.006614960730
1.958399891853	-0.009552832693
1.959999918938	-0.006543296389
1.961599946022	-0.008363472298
1.963199973106	-0.008459520526
1.964800000191	-0.008570848964
1.966399908066	-0.006236528512
1.967999935150	-0.008090240881
1.969599962234	-0.008525936864
1.971199989319	-0.007560368627
1.972799897194	-0.007916608825
1.974399924278	-0.007500560489
1.975999951363	-0.009851712734
1.977599978447	-0.007959424518
1.979200005531	-0.006741152611
1.980799913406	-0.007399312686
1.982399940491	-0.006137520541
1.983999967575	-0.008944608271
1.985599994659	-0.007931296714
1.987199902534	-0.009013040923
1.988799929619	-0.007824592292
1.990399956703	-0.006393328775
1.991999983788	-0.007490128744
1.993599891663	-0.007214464713
1.995199918747	-0.008159697056
1.996799945831	-0.007453200407
1.998399972916	-0.008731440641
2.000000000000	-0.006794416346
2.001600027084	-0.007887328975
2.003200054169	-0.007192736492
2.004799842834	-0.009711376391
2.006399869919	-0.008165792562
2.007999897003	-0.007181952707
2.009599924088	-0.008830816485
2.011199951172	-0.007491952740
2.012799978256	-0.007914832793
2.014400005341	-0.008793424815
2.016000032425	-0.006327056326
2.017600059509	-0.006526368670
2.019199848175	-0.006639328785
2.020799875259	-0.008333760314
2.022399902344	-0.009294544347
2.023999929428	-0.008132176474
2.025599956512	-0.007449776400
2.027199983597	-0.007426000666
2.028800010681	-0.007943520322
2.030400037766	-0.005416160449
2.032000064850	-0.008733648807
2.033599853516	-0.008554528467
2.035199880600	-0.007055040449
2.036799907684	-0.006263968535
2.038399934769	-0.008128160611
2.039999961853	-0.008000992239
2.041599988937	-0.007470208686
2.043200016022	-0.006241888739
2.044800043106	-0.008400928229
2.046399831772	-0.007500816602
2.047999858856	-0.007647104561
2.049599885941	-0.008545041084
2.051199913025	-0.008299808949
2.052799940109	-0.006918512750
2.054399967194	-0.009216832928
2.055999994278	-0.008271777071
2.057600021362	-0.008505584672
2.059200048447	-0.009149328806
2.060799837112	-0.008809568360
2.062399864197	-0.007907568477
2.063999891281	-0.008004128933
2.065599918365	-0.009046000428
2.067199945450	-0.007587888744
2.068799972534	-0.008291072212
2.070399999619	-0.007048944477
2.072000026703	-0.007447168697
2.073600053787	-0.009999488480
2.075199842453	-0.007894240320
2.076799869537	-0.006900832523
2.078399896622	-0.007535296492
2.079999923706	-0.008569728583
2.081599950790	-0.007833505049
2.083199977875	-0.007900577039
2.084800004959	-0.008215264417
2.086400032043	-0.010041200556
2.088000059128	-0.008354512975
2.089599847794	-0.008629744872
2.091199874878	-0.007880928926
2.092799901962	-0.008360880427
2.094399929047	-0.008806624450
2.095999956131	-0.008478736505
2.097599983215	-0.009000608698
2.099200010300	-0.005617888644
2.100800037384	-0.009846609086
2.102400064468	-0.009452128783
2.103999853134	-0.010113152675
2.105599880219	-0.007810400799
2.107199907303	-0.006898656487
2.108799934387	-0.007574480493
2.110399961472	-0.007455904502
2.111999988556	-0.008589040488
2.113600015640	-0.009477136657
2.115200042725	-0.008448944427
2.116799831390	-0.006317344494
2.118399858475	-0.007023152430
2.119999885559	-0.009280816652
2.121599912643	-0.009368385188
2.123199939728	-0.008672065102
2.124799966812	-0.007315664552
2.126399993896	-0.007436176762
2.128000020981	-0.010049040429
2.129600048065	-0.008356832899
2.131199836731	-0.008731104434
2.132799863815	-0.008413440548
2.134399890900	-0.007960128598
2.135999917984	-0.007648032624
2.137599945068	-0.007569648791
2.139199972153	-0.007460944820
2.140799999237	-0.007978448644
2.142400026321	-0.007930656895
2.144000053406	-0.007193280384
2.145599842072	-0.007687312551
2.147199869156	-0.008934976533
2.148799896240	-0.007893232629
2.150399923325	-0.008845760487
2.151999950409	-0.007994337007
2.153599977493	-0.007763200440
2.155200004578	-0.007747008465
2.156800031662	-0.008698016405
2.158400058746	-0.008447920904
2.159999847412	-0.008793104440
2.161599874496	-0.007333760615
2.163199901581	-0.007594816387
2.164799928665	-0.008416065015
2.166399955750	-0.008026224561
2.167999982834	-0.007809024770
2.169600009918	-0.007211248390
2.171200037003	-0.008265377022
2.172800064087	-0.008995505050
2.174399852753	-0.007818784565
2.175999879837	-0.007696080487
2.177599906921	-0.007746224757
2.179199934006	-0.008414897136
2.180799961090	-0.010080144741
2.182399988174	-0.007616816554
2.184000015259	-0.008581873029
2.185600042343	-0.008257905021
2.187199831009	-0.007070592605
2.188799858093	-0.009133600630
2.190399885178	-0.007677072659
2.191999912262	-0.007195696700
2.193599939346	-0.009181153029
2.195199966431	-0.007600224577
2.196799993515	-0.008334496990
2.198400020599	-0.009522625245
2.200000047684	-0.009219648317
2.201599836349	-0.006825472694
2.203199863434	-0.008555809036
2.204799890518	-0.009396576323
2.206399917603	-0.009733265266
2.207999944687	-0.008951088414
2.209599971771	-0.009765424766
2.211199998856	-0.010374336503
2.212800025940	-0.008524560370
2.214400053024	-0.007501984481
2.215999841690	-0.009519392624
2.217599868774	-0.009171985090
2.219199895859	-0.006734288763
2.220799922943	-0.008794224821
2.222399950027	-0.009712032974
2.223999977112	-0.008958704770
2.225600004196	-0.009452320635
2.227200031281	-0.010357121006
2.228800058365	-0.008294160478
2.230399847031	-0.007674512453
2.231999874115	-0.009632080793
2.233599901199	-0.009529888630
2.235199928284	-0.008912000805
2.236799955368	-0.008684944361
2.238399982452	-0.008694608696
2.240000009537	-0.010258817114
2.241600036621	-0.008703488857
2.243199825287	-0.009671776555
2.244799852371	-0.010575233027
2.246399879456	-0.009448608384
2.247999906540	-0.009416976944
2.249599933624	-0.008171456866
2.251199960709	-0.009198240936
2.252799987793	-0.007238000631
2.254400014877	-0.008272688836
2.256000041962	-0.009716224857
2.257599830627	-0.009736240841
2.259199857712	-0.008574401028
2.260799884796	-0.007749856450
2.262399911880	-0.009665264748
2.263999938965	-0.007658640854
2.265599966049	-0.007975712419
2.267199993134	-0.009136784822
2.268800020218	-0.010004481301
2.270400047302	-0.008617520332
2.271999835968	-0.008313120343
2.273599863052	-0.009658672847
2.275199890137	-0.009738096967
2.276799917221	-0.008871728554
2.278399944305	-0.009549920447
2.279999971390	-0.009704512544
2.281599998474	-0.009400672279
2.283200025558	-0.008370320313
2.284800052643	-0.009623601101
2.286399841309	-0.010187377222
2.287999868393	-0.008003040217
2.289599895477	-0.008593136445
2.291199922562	-0.008800016716
2.292799949646	-0.006936608348
2.294399976730	-0.009655328467
2.296000003815	-0.008951025084
2.297600030899	-0.008094176650
2.299200057983	-0.008906176314
2.300799846649	-0.008713712916
2.302399873734	-0.010055616498
2.303999900818	-0.009274208918
2.305599927902	-0.007991568185
2.307199954987	-0.009172448888
2.308799982071	-0.008617792279
2.310400009155	-0.008262176998
2.312000036240	-0.011530481279
2.313599824905	-0.009523232467
2.315199851990	-0.008144672960
2.316799879074	-0.009241729043
2.318399906158	-0.008537312970
2.319999933243	-0.008763184771
2.321599960327	-0.010747984983
2.323199987411	-0.008658897132
2.324800014496	-0.010087472387
2.326400041580	-0.008840240538
2.327999830246	-0.009567792527
2.329599857330	-0.009017025121
2.331199884415	-0.009339808486
2.332799911499	-0.011194961146
2.334399938583	-0.010265232995
2.335999965668	-0.010463536717
2.337599992752	-0.010112864897
2.339200019836	-0.009112768807
2.340800046921	-0.010096960701
2.342399835587	-0.009543361142
2.343999862671	-0.008336224593
2.345599889755	-0.010340240784
2.347199916840	-0.009714128450
2.348799943924	-0.008308624849
2.350399971008	-0.009581552818
2.351999998093	-0.011000865139
2.353600025177	-0.008494800888
2.355200052261	-0.009449697100
2.356799840927	-0.009072160348
2.358399868011	-0.011270193383
2.359999895096	-0.008037536405
2.361599922180	-0.009221376851
2.363199949265	-0.011954032816
2.364799976349	-0.009792961180
2.366400003433	-0.008476817049
2.368000030518	-0.007077168673
2.369600057602	-0.010214768350
2.371199846268	-0.009176065214
2.372799873352	-0.008734976873
2.374399900436	-0.010842208751
2.375999927521	-0.009560688399
2.377599954605	-0.008894208819
2.379199981689	-0.010002560914
2.380800008774	-0.010277968831
2.382400035858	-0.008169024251
2.383999824524	-0.006718912628
2.385599851608	-0.009983472526
2.387199878693	-0.008689008653
2.388799905777	-0.008314928971
2.390399932861	-0.008340032771
2.391999959946	-0.009038000368
2.393599987030	-0.008568464778
2.395200014114	-0.007709136698
2.396800041199	-0.008796609007
2.398399829865	-0.009278256446
2.399999856949	-0.007937600836
2.401599884033	-0.008801616728
2.403199911118	-0.008662128821
2.404799938202	-0.009560848586
2.406399965286	-0.008289184421
2.407999992371	-0.008591008373
2.409600019455	-0.009932496585
2.411200046539	-0.008868224919
2.412799835205	-0.008533248678
2.414399862289	-0.009703088552
2.415999889374	-0.009391808882
2.417599916458	-0.007933313027
2.419199943542	-0.010769409128
2.420799970627	-0.008389760740
2.422399997711	-0.010715696961
2.424000024796	-0.008742272854
2.425600051880	-0.010491136461
2.427199840546	-0.008903888986
2.428799867630	-0.008390736766
2.430399894714	-0.011677617207
2.431999921799	-0.010639617220
2.433599948883	-0.007641008589
2.435199975967	-0.010102144442
2.436800003052	-0.008789232932
2.438400030136	-0.008765136823
2.440000057220	-0.009603968821
2.441599845886	-0.010991584510
2.443199872971	-0.010540529154
2.444799900055	-0.008805072866
2.446399927139	-0.010279040784
2.447999954224	-0.011007648893
2.449599981308	-0.009006881155
2.451200008392	-0.008577616885
2.452800035477	-0.009433984756
2.454399824142	-0.008523329161
2.455999851227	-0.009957920760
2.457599878311	-0.008386400528
2.459199905396	-0.009100017138
2.460799932480	-0.010495312512
2.462399959564	-0.010393104516
2.463999986649	-0.010175792500
2.465600013733	-0.008616128936
2.467200040817	-0.010069552809
2.468799829483	-0.009880528785
2.470399856567	-0.007604816463
2.471999883652	-0.008642112836
2.473599910736	-0.009022384882
2.475199937820	-0.008884656243
2.476799964905	-0.009476896375
2.478399991989	-0.009617584758
2.480000019073	-0.008960736915
2.481600046158	-0.008281905204
2.483199834824	-0.009233408608
2.484799861908	-0.009705760516
2.486399888992	-0.008332096972
2.487999916077	-0.009045328945
2.489599943161	-0.009921744466
2.491199970245	-0.007216160651
2.492799997330	-0.009816001169
2.494400024414	-0.009902256541
2.496000051498	-0.009132753126
2.497599840164	-0.008918128908
2.499199867249	-0.009463600814
2.500799894333	-0.010357105173
2.502399921417	-0.010604401119
2.503999948502	-0.009075952694
2.505599975586	-0.011028640904
2.507200002670	-0.010879633017
2.508800029755	-0.009277632460
2.510399818420	-0.009391936474
2.511999845505	-0.010081840679
2.513599872589	-0.008069072850
2.515199899673	-0.009401728399
2.516799926758	-0.009587856941
2.518399953842	-0.009933264926
2.519999980927	-0.011033360846
2.521600008011	-0.009103808552
2.523200035095	-0.011118480936
2.524799823761	-0.009447264485
2.526399850845	-0.009265888482
2.527999877930	-0.010535760783
2.529599905014	-0.010277857073
2.531199932098	-0.008401744999
2.532799959183	-0.009321280755
2.534399986267	-0.010111136362
2.536000013351	-0.010312721133
2.537600040436	-0.010368176736
2.539199829102	-0.010206384584
2.540799856186	-0.009838049300
2.542399883270	-0.009981056675
2.543999910355	-0.010006496683
2.545599937439	-0.010627920739
2.547199964523	-0.009473040700
2.548799991608	-0.009449969046
2.550400018692	-0.009965120815
2.552000045776	-0.010258080438
2.553599834442	-0.010438513011
2.555199861526	-0.009092048742
2.556799888611	-0.009215776809
2.558399915695	-0.009452560917
2.559999942780	-0.009558144957
2.561599969864	-0.009902256541
2.563199996948	-0.010239169002
2.564800024033	-0.009077697061
2.566400051117	-0.009025088511
2.567999839783	-0.010228704661
2.569599866867	-0.009625408798
2.571199893951	-0.010789840482
2.572799921036	-0.009030897170
2.574399948120	-0.010561936535
2.575999975204	-0.009811248630
2.577600002289	-0.010847073048
2.579200029373	-0.009323392995
2.580799818039	-0.011016241275
2.582399845123	-0.009188048542
2.583999872208	-0.008773888461
2.585599899292	-0.011096913368
2.587199926376	-0.011041489430
2.588799953461	-0.009386768565
2.590399980545	-0.009067696519
2.592000007629	-0.009866208769
2.593600034714	-0.010220753029
2.595199823380	-0.011499568820
2.596799850464	-0.011021489277
2.598399877548	-0.009990944527
2.599999904633	-0.009875425138
2.601599931717	-0.010768208653
2.603199958801	-0.011059696786
2.604799985886	-0.011172257364
2.606400012970	-0.010279760696
2.608000040054	-0.011484608985
2.609599828720	-0.010068449192
2.611199855804	-0.009212304838
2.612799882889	-0.009801296517
2.614399909973	-0.011009489186
2.615999937057	-0.009299537167
2.617599964142	-0.010645344853
2.619199991226	-0.009924273007
2.620800018311	-0.009715232998
2.622400045395	-0.010458896868
2.623999834061	-0.008738241158
2.625599861145	-0.008879248984
2.627199888229	-0.011091264896
2.628799915314	-0.009136992507
2.630399942398	-0.009412257001
2.631999969482	-0.011144257151
2.633599996567	-0.010679504834
2.635200023651	-0.009490144439
2.636800050735	-0.009485856630
2.638399839401	-0.012505552731
2.639999866486	-0.008912576362
2.641599893570	-0.011330337264
2.643199920654	-0.011010064743
2.644799947739	-0.011609088629
2.646399974823	-0.010531120934
2.648000001907	-0.010918272659
2.649600028992	-0.010743920691
2.651199817657	-0.009294784628
2.652799844742	-0.009723393247
2.654399871826	-0.009848944843
2.655999898911	-0.010300177149
2.657599925995	-0.009740656242
2.659199953079	-0.010616800748
2.660799980164	-0.011000401340
2.662400007248	-0.011653744616
2.664000034332	-0.010624208488
2.665599822998	-0.008678512648
2.667199850082	-0.009727712721
2.668799877167	-0.009670400992
2.670399904251	-0.009592592716
2.671999931335	-0.011261329055
2.673599958420	-0.009217969142
2.675199985504	-0.010819041170
2.676800012589	-0.010489056818
2.678400039673	-0.009888720699
2.679999828339	-0.009354048409
2.681599855423	-0.009381377138
2.683199882507	-0.008950656280
2.684799909592	-0.009694544598
2.686399936676	-0.009195185266
2.687999963760	-0.009171680547
2.689599990845	-0.010927729309
2.691200017929	-0.011006512679
2.692800045013	-0.011998225003
2.694399833679	-0.009399584495
2.695999860764	-0.010730640963
2.697599887848	-0.009697632864
2.699199914932	-0.010018144734
2.700799942017	-0.009980416857
2.702399969101	-0.011704945005
2.703999996185	-0.010872992687
2.705600023270	-0.009965089150
2.707200050354	-0.010444960557
2.708799839020	-0.010223968886
2.710399866104	-0.011171041057
2.711999893188	-0.011840145104
2.713599920273	-0.011257665232
2.715199947357	-0.009798976593
2.716799974442	-0.010402817279
2.718400001526	-0.009855904616
2.720000028610	-0.010714816861
2.721599817276	-0.010074321181
2.723199844360	-0.010702816769
2.724799871445	-0.010356673039
2.726399898529	-0.009611792862
2.727999925613	-0.010921760462
2.729599952698	-0.011918753386
2.731199979782	-0.011260513216
2.732800006866	-0.012052817270
2.734400033951	-0.010079264641
2.735999822617	-0.009493201040
2.737599849701	-0.009538128972
2.739199876785	-0.010113553144
2.740799903870	-0.010441840626
2.742399930954	-0.010530657135
2.743999958038	-0.011307569221
2.745599985123	-0.010040848516
2.747200012207	-0.010706433095
2.748800039291	-0.010611264966
2.750399827957	-0.010649968870
2.751999855042	-0.010247505270
2.753599882126	-0.011193024926
2.755199909210	-0.011111552827
2.756799936295	-0.011174321175
2.758399963379	-0.010213744827
2.759999990463	-0.010962480679
2.761600017548	-0.013671041466
2.763200044632	-0.009049888700
2.764799833298	-0.010228272527
2.766399860382	-0.011545392685
2.767999887466	-0.008828608319
2.769599914551	-0.009737504646
2.771199941635	-0.010730353184
2.772799968719	-0.009865056723
2.774399995804	-0.008621120825
2.776000022888	-0.009575297125
2.777599811554	-0.010730912909
2.779199838638	-0.010802160949
2.780799865723	-0.010777057149
2.782399892807	-0.012456385419
2.783999919891	-0.009780384600
2.785599946976	-0.008899888955
2.787199974060	-0.011755776592
2.788800001144	-0.009803185239
2.790400028229	-0.008879808709
2.791999816895	-0.010891664773
2.793599843979	-0.009127296507
2.795199871063	-0.009078560397
2.796799898148	-0.009634064510
2.798399925232	-0.011361121200
2.799999952316	-0.010261121206
2.801599979401	-0.009023873135
2.803200006485	-0.010645824485
2.804800033569	-0.010534608737
2.806399822235	-0.010239456780
2.807999849319	-0.010301360860
2.809599876404	-0.010522048920
2.811199903488	-0.010061680339
2.812799930573	-0.011974672787
2.814399957657	-0.010916369036
2.815999984741	-0.012308721431
2.817600011826	-0.011170065030
2.819200038910	-0.009741825052
2.820799827576	-0.011266592890
2.822399854660	-0.012489297427
2.823999881744	-0.010352657177
2.825599908829	-0.010460896417
2.827199935913	-0.011794368736
2.828799962997	-0.011641665362
2.830399990082	-0.009953617118
2.832000017166	-0.009336304851
2.833600044250	-0.012675696984
2.835199832916	-0.010543216951
2.836799860001	-0.010344800539
2.838399887085	-0.009786880575
2.839999914169	-0.010968577117
2.841599941254	-0.011304864660
2.843199968338	-0.010041104630
2.844799995422	-0.011876208708
2.846400022507	-0.009531328455
2.847999811172	-0.011422704905
2.849599838257	-0.012700896710
2.851199865341	-0.010595712811
2.852799892426	-0.010234865360
2.854399919510	-0.010889921337
2.855999946594	-0.009841361083
2.857599973679	-0.010886641219
2.859200000763	-0.012084769085
2.860800027847	-0.010162833147
2.862399816513	-0.008884960786
2.863999843597	-0.011611329392
2.865599870682	-0.011417681351
2.867199897766	-0.011133473366
2.868799924850	-0.009998496622
2.870399951935	-0.010437984951
2.871999979019	-0.012050000951
2.873600006104	-0.011944481172
2.875200033188	-0.010696160607
2.876799821854	-0.011078865267
2.878399848938	-0.011785664596
2.879999876022	-0.010449617170
2.881599903107	-0.011471521109
2.883199930191	-0.011083857156
2.884799957275	-0.010980640538
2.886399984360	-0.011035921052
2.888000011444	-0.011451168917
2.889600038528	-0.011676529422
2.891199827194	-0.009513680823
2.892799854279	-0.011340641417
2.894399881363	-0.011705664918
2.895999908447	-0.010259249248
2.897599935532	-0.011388257146
2.899199962616	-0.010956657119
2.900799989700	-0.009071201086
2.902400016785	-0.010191360489
2.904000043869	-0.012377601117
2.905599832535	-0.011180576868
2.907199859619	-0.009643024765
2.908799886703	-0.012586304918
2.910399913788	-0.010017121211
2.911999940872	-0.010596129112
2.913599967957	-0.012621904723
2.915199995041	-0.010856673121
2.916800022125	-0.010332113132
2.918399810791	-0.011443168856
2.919999837875	-0.011521280743
2.921599864960	-0.009905233048
2.923199892044	-0.011712577194
2.924799919128	-0.009895889089
2.926399946213	-0.011321408674
2.927999973297	-0.012261073105
2.929600000381	-0.011937889270
2.931200027466	-0.010932801291
2.932799816132	-0.008917569183
2.934399843216	-0.013159681112
2.935999870300	-0.010669568554
2.937599897385	-0.010382641107
2.939199924469	-0.009953136556
2.940799951553	-0.012204193510
2.942399978638	-0.009028065018
2.944000005722	-0.009566321038
2.945600032806	-0.012091681361
2.947199821472	-0.009853152558
2.948799848557	-0.010696256533
2.950399875641	-0.011384785175
2.951999902725	-0.012112384662
2.953599929810	-0.010258576833
2.955199956894	-0.011169664562
2.956799983978	-0.012789249420
2.958400011063	-0.011760241352
2.960000038147	-0.012302560732
2.961599826813	-0.011463681236
2.963199853897	-0.009515088983
2.964799880981	-0.010262512602
2.966399908066	-0.010494449176
2.967999935150	-0.010952641256
2.969599962234	-0.009158289060
2.971199989319	-0.009895312600
2.972800016403	-0.010620225221
2.974400043488	-0.010077985004
2.975999832153	-0.010362864472
2.977599859238	-0.010800832883
2.979199886322	-0.008614848368
2.980799913406	-0.011708289385
2.982399940491	-0.011996593326
2.983999967575	-0.009385712445
2.985599994659	-0.011278704740
2.987200021744	-0.012400881387
2.988799810410	-0.011176113039
2.990399837494	-0.010347968899
2.991999864578	-0.010242705233
2.993599891663	-0.010378817096
2.995199918747	-0.010248929262
2.996799945831	-0.012810145505
2.998399972916	-0.012013392523
3.000000000000	-0.010745520703
3.001600027084	-0.010203168727
3.003199815750	-0.011463728733
3.004799842834	-0.009828177281
3.006399869919	-0.010965473019
3.007999897003	-0.011296001263
3.009599924088	-0.010315313004
3.011199951172	-0.010150289163
3.012799978256	-0.012396032922
3.014400005341	-0.012294736691
3.016000032425	-0.011175152846
3.017599821091	-0.012425969355
3.019199848175	-0.012034689076
3.020799875259	-0.010090832599
3.022399902344	-0.011168592609
3.023999929428	-0.010248896666
3.025599956512	-0.009482513182
3.027199983597	-0.012568880804
3.028800010681	-0.013597841375
3.030400037766	-0.011298176832
3.031999826431	-0.009628849104
3.033599853516	-0.012080833316
3.035199880600	-0.012508832850
3.036799907684	-0.009395760484
3.038399934769	-0.011048721150
3.039999961853	-0.010797617026
3.041599988937	-0.011138944887
3.043200016022	-0.009532593191
3.044799804687	-0.012602608651
3.046399831772	-0.010994993150
3.047999858856	-0.010122081265
3.049599885941	-0.011713952757
3.051199913025	-0.010757696815
3.052799940109	-0.009739696980
3.054399967194	-0.010272224434
3.055999994278	-0.010297313333
3.057600021362	-0.010629745200
3.059199810028	-0.010382465087
3.060799837112	-0.014063904993
3.062399864197	-0.010921777226
3.063999891281	-0.010681472719
3.065599918365	-0.011076833121
3.067199945450	-0.008601296693
3.068799972534	-0.011131713167
3.070399999619	-0.009121424519
3.072000026703	-0.010946337134
3.073599815369	-0.010524096899
3.075199842453	-0.012283968739
3.076799869537	-0.011239793152
3.078399896622	-0.011867552996
3.079999923706	-0.013655313291
3.081599950790	-0.011144609191
3.083199977875	-0.010033264756
3.084800004959	-0.012005137280
3.086400032043	-0.010980976745
3.087999820709	-0.011246144772
3.089599847794	-0.011389616877
3.091199874878	-0.011487793177
3.092799901962	-0.009216208942
3.094399929047	-0.011040928774
3.095999956131	-0.013287425041
3.097599983215	-0.011530145071
3.099200010300	-0.011485776864
3.100800037384	-0.011252896860
3.102399826050	-0.011565760709
3.103999853134	-0.009986752644
3.105599880219	-0.012900848873
3.107199907303	-0.011332849041
3.108799934387	-0.010209488682
3.110399961472	-0.010928801261
3.111999988556	-0.013083040714
3.113600015640	-0.010962656699
3.115199804306	-0.010682272725
3.116799831390	-0.010809057392
3.118399858475	-0.012095456943
3.119999885559	-0.011599824764
3.121599912643	-0.011532240547
3.123199939728	-0.011800944805
3.124799966812	-0.010588657111
3.126399993896	-0.010602433234
3.128000020981	-0.012564545497
3.129599809647	-0.011125377379
3.131199836731	-0.012920256704
3.132799863815	-0.009899985045
3.134399890900	-0.010912768543
3.135999917984	-0.012471985072
3.137599945068	-0.012509569526
3.139199972153	-0.011227136478
3.140799999237	-0.009412352927
3.142400026321	-0.010689808987
3.143999814987	-0.011041120626
3.145599842072	-0.011242768727
3.147199869156	-0.010825169273
3.148799896240	-0.011024816893
3.150399923325	-0.010987376794
3.151999950409	-0.010462560691
3.153599977493	-0.010331857018
3.155200004578	-0.010303312913
3.156800031662	-0.012362273410
3.158399820328	-0.012066096999
3.159999847412	-0.009852641262
3.161599874496	-0.011241680942
3.163199901581	-0.012349825352
3.164799928665	-0.011301617138
3.166399955750	-0.010564641096
3.167999982834	-0.011687409133
3.169600009918	-0.010320256464
3.171200037003	-0.010786512867
3.172799825668	-0.012384769507
3.174399852753	-0.012635649182
3.175999879837	-0.010848945007
3.177599906921	-0.010435905308
3.179199934006	-0.010612064973
3.180799961090	-0.011998993345
3.182399988174	-0.010955409147
3.184000015259	-0.010446769185
3.185599803925	-0.010769632645
3.187199831009	-0.013238657266
3.188799858093	-0.011595681310
3.190399885178	-0.011190192774
3.191999912262	-0.012995393015
3.193599939346	-0.012033984996
3.195199966431	-0.011024785228
3.196799993515	-0.011682736687
3.198400020599	-0.013171505183
3.199999809265	-0.010541280732
3.201599836349	-0.011726144701
3.203199863434	-0.013504048809
3.204799890518	-0.012118625455
3.206399917603	-0.012787553482
3.207999944687	-0.011311057024
3.209599971771	-0.011106081307
3.211199998856	-0.012647504918
3.212800025940	-0.013842001557
3.214399814606	-0.010775680654
3.215999841690	-0.012943920679
3.217599868774	-0.011940976605
3.219199895859	-0.011084833182
3.220799922943	-0.013279025443
3.222399950027	-0.012059008703
3.223999977112	-0.011898976751
3.225600004196	-0.010476272553
3.227200031281	-0.012408001348
3.228799819946	-0.012548737228
3.230399847031	-0.012101377361
3.231999874115	-0.010837537237
3.233599901199	-0.012157936580
3.235199928284	-0.011651264504
3.236799955368	-0.010674753226
3.238399982452	-0.012354209088
3.240000009537	-0.012375105172
3.241600036621	-0.011651760899
3.243199825287	-0.011544496752
3.244799852371	-0.012845600955
3.246399879456	-0.011798560619
3.247999906540	-0.012371936813
3.249599933624	-0.013019297272
3.251199960709	-0.010433857329
3.252799987793	-0.010861456394
3.254400014877	-0.009925792925
3.255999803543	-0.010851104744
3.257599830627	-0.011765296571
3.259199857712	-0.014211537316
3.260799884796	-0.011727425270
3.262399911880	-0.009968704544
3.263999938965	-0.011738160625
3.265599966049	-0.010424097069
3.267199993134	-0.011534640566
3.268800020218	-0.010726048611
3.270399808884	-0.011979249306
3.271999835968	-0.010976448655
3.273599863052	-0.010744384490
3.275199890137	-0.012297281064
3.276799917221	-0.010080608539
3.278399944305	-0.010520529002
3.279999971390	-0.011962304823
3.281599998474	-0.011261536740
3.283200025558	-0.010720144957
3.284799814224	-0.012425905094
3.286399841309	-0.011691200547
3.287999868393	-0.012066640891
3.289599895477	-0.010538880713
3.291199922562	-0.012069265358
3.292799949646	-0.012155905366
3.294399976730	-0.010532048531
3.296000003815	-0.013484513387
3.297600030899	-0.011659393087
3.299199819565	-0.011057953350
3.300799846649	-0.012264480814
3.302399873734	-0.011153601110
3.303999900818	-0.010525104590
3.305599927902	-0.012112609111
3.307199954987	-0.012951840647
3.308799982071	-0.011828592978
3.310400009155	-0.011904928833
3.311999797821	-0.013010913506
3.313599824905	-0.008863696828
3.315199851990	-0.011219104752
3.316799879074	-0.013349360786
3.318399906158	-0.010321200825
3.319999933243	-0.011465600692
3.321599960327	-0.012014561333
3.323199987411	-0.012130577117
3.324800014496	-0.010070945136
3.326399803162	-0.014506577514
3.327999830246	-0.011843249202
3.329599857330	-0.012027889490
3.331199884415	-0.011280752718
3.332799911499	-0.012475744821
3.334399938583	-0.010063185357
3.335999965668	-0.011492513120
3.337599992752	-0.013966129161
3.339200019836	-0.011951345019
3.340799808502	-0.010829441249
3.342399835587	-0.012526528910
3.343999862671	-0.010759840719
3.345599889755	-0.009634480812
3.347199916840	-0.013234753162
3.348799943924	-0.011952688918
3.350399971008	-0.010841872543
3.351999998093	-0.011811008677
3.353600025177	-0.013582817279
3.355199813843	-0.009941153228
3.356799840927	-0.011266273446
3.358399868011	-0.012785648927
3.359999895096	-0.011866048910
3.361599922180	-0.012064561248
3.363199949265	-0.012541425414
3.364799976349	-0.009993776679
3.366400003433	-0.011437568814
3.368000030518	-0.012284833007
3.369599819183	-0.011352960952
3.371199846268	-0.011160640977
3.372799873352	-0.010288816877
3.374399900436	-0.012602001429
3.375999927521	-0.011042176746
3.377599954605	-0.012470817193
3.379199981689	-0.011796928942
3.380800008774	-0.011138320900
3.382399797440	-0.011836385354
3.383999824524	-0.012601280585
3.385599851608	-0.010859296657
3.387199878693	-0.013047008775
3.388799905777	-0.010728833266
3.390399932861	-0.012498225085
3.391999959946	-0.010150273331
3.393599987030	-0.012741712853
3.395200014114	-0.009916688316
3.396799802780	-0.011598097160
3.398399829865	-0.011510097422
3.399999856949	-0.012158161029
3.401599884033	-0.010570304468
3.403199911118	-0.012241424993
3.404799938202	-0.011434352957
3.406399965286	-0.013025585562
3.407999992371	-0.011966881342
3.409600019455	-0.011044688523
3.411199808121	-0.010241201147
3.412799835205	-0.011475376785
3.414399862289	-0.012335505337
3.415999889374	-0.011839920655
3.417599916458	-0.011839313433
3.419199943542	-0.012416512705
3.420799970627	-0.011372081004
3.422399997711	-0.011936545372
3.424000024796	-0.011452225037
3.425599813461	-0.009834528901
3.427199840546	-0.010291936807
3.428799867630	-0.012495136820
3.430399894714	-0.011515185237
3.431999921799	-0.011055121198
3.433599948883	-0.010864432901
3.435199975967	-0.010196704417
3.436800003052	-0.014342593029
3.438400030136	-0.011489872821
3.439999818802	-0.011482817121
3.441599845886	-0.011429568753
3.443199872971	-0.011047105305
3.444799900055	-0.013319665566
3.446399927139	-0.012022305280
3.447999954224	-0.011984288692
3.449599981308	-0.013162673451
3.451200008392	0.013679041527
