0.000000000000	0.026510402560
0.001599999960	0.028239665553
0.003199999919	0.026394594461
0.004799999762	0.027703650296
0.006399999838	0.025952994823
0.007999999449	0.024849265814
0.009599999525	0.023156369105
0.011199999601	0.024064801633
0.012799999677	0.022697521374
0.014399999753	0.021776417270
0.015999998897	0.021968290210
0.017599999905	0.020821249112
0.019199999049	0.020124161616
0.020800000057	0.020559890196
0.022399999201	0.020432578400
0.024000000209	0.018088562414
0.025599999353	0.019184801728
0.027199998498	0.020081616938
0.028799999505	0.019069073722
0.030399998650	0.019928801805
0.031999997795	0.019733617082
0.033599998802	0.018233088776
0.035199999809	0.016478417441
0.036800000817	0.016959058121
0.038399998099	0.018003249541
0.039999999106	0.016800209880
0.041600000113	0.017049074173
0.043199997395	0.016336977482
0.044799998403	0.017720401287
0.046399999410	0.016593968496
0.048000000417	0.015623473562
0.049599997699	0.016936114058
0.051199998707	0.016921874136
0.052799999714	0.017060769722
0.054399996996	0.015899136662
0.055999998003	0.017550544813
0.057599999011	0.015149408951
0.059200000018	0.016163777560
0.060799997300	0.016447968781
0.062399998307	0.016773601994
0.063999995589	0.014648401178
0.065600000322	0.014659681357
0.067199997604	0.016293697059
0.068799994886	0.015678977594
0.070399999619	0.015955841169
0.071999996901	0.015659617260
0.073600001633	0.015684561804
0.075199998915	0.015449041501
0.076799996197	0.015029073693
0.078400000930	0.015809649602
0.079999998212	0.014697153121
0.081599995494	0.016176240519
0.083200000226	0.015440977179
0.084799997509	0.014130129479
0.086399994791	0.012790753506
0.087999999523	0.014444001019
0.089599996805	0.015261633322
0.091199994087	0.016187313944
0.092799998820	0.014176256955
0.094399996102	0.014635137282
0.096000000834	0.014253472909
0.097599998116	0.013521824963
0.099199995399	0.016101937741
0.100800000131	0.013420209289
0.102399997413	0.013995649293
0.103999994695	0.014953041449
0.105599999428	0.014056896791
0.107199996710	0.013655873016
0.108799993992	0.013670928776
0.110399998724	0.013826881535
0.111999996006	0.013466416858
0.113600000739	0.014194273390
0.115199998021	0.014025856741
0.116799995303	0.014533041045
0.118400000036	0.014767825603
0.119999997318	0.012862481177
0.121599994600	0.014307153411
0.123199999332	0.014703408815
0.124799996614	0.013278577477
0.126399993896	0.014563553035
0.127999991179	0.012907872908
0.129600003362	0.013114688918
0.131200000644	0.014518705197
0.132799997926	0.012343793176
0.134399995208	0.014409457333
0.135999992490	0.012341569178
0.137599989772	0.012657281011
0.139200001955	0.014745281078
0.140799999237	0.014448241331
0.142399996519	0.012626577169
0.143999993801	0.013891329058
0.145599991083	0.012441760860
0.147200003266	0.012043281458
0.148800000548	0.013293936849
0.150399997830	0.012414560653
0.151999995112	0.013470721431
0.153599992394	0.012365489267
0.155199989676	0.012132097036
0.156800001860	0.012597984634
0.158399999142	0.014750081114
0.159999996424	0.011285200715
0.161599993706	0.011770416982
0.163199990988	0.014518513344
0.164800003171	0.011759424582
0.166400000453	0.010889841244
0.167999997735	0.012681441382
0.169599995017	0.012726672925
0.171199992299	0.012894096784
0.172799989581	0.013393392786
0.174400001764	0.012226353399
0.175999999046	0.010489217006
0.177599996328	0.011339841411
0.179199993610	0.011691008694
0.180799990892	0.011653521098
0.182399988174	0.012519616634
0.184000000358	0.011748912744
0.185599997640	0.012782161124
0.187199994922	0.010613905266
0.188799992204	0.010753856972
0.190399989486	0.011774049141
0.192000001669	0.011137841269
0.193599998951	0.010198208503
0.195199996233	0.011578865349
0.196799993515	0.011873184703
0.198399990797	0.011888192967
0.199999988079	0.011591280811
0.201600000262	0.009894737042
0.203199997544	0.010474768467
0.204799994826	0.012070480734
0.206399992108	0.010748288594
0.207999989390	0.009571600705
0.209600001574	0.011482545175
0.211199998856	0.012129569426
0.212799996138	0.009944817051
0.214399993420	0.010954848491
0.215999990702	0.011209216900
0.217599987984	0.011387408711
0.219200000167	0.010969952680
0.220799997449	0.009254576638
0.222399994731	0.009731616825
0.223999992013	0.012652113102
0.225599989295	0.010447904468
0.227200001478	0.009650768712
0.228799998760	0.009865281172
0.230399996042	0.010511169210
0.231999993324	0.011159889400
0.233599990606	0.011211168952
0.235199987888	0.008713008836
0.236800000072	0.010163105093
0.238399997354	0.009774512611
0.239999994636	0.011186976917
0.241599991918	0.010065200739
0.243199989200	0.009277008474
0.244799986482	0.010577408597
0.246399998665	0.008757312782
0.247999995947	0.010170160793
0.249599993229	0.010017745197
0.251199990511	0.008647601120
0.252799987793	0.009838176891
0.254399985075	0.009277217090
0.255999982357	0.010792193003
0.257599979639	0.009913888760
0.259200006723	0.009268736467
0.260800004005	0.008654625155
0.262400001287	0.009275840595
0.263999998569	0.009590816684
0.265599995852	0.008982065134
0.267199993134	0.009879264981
0.268799990416	0.009861584753
0.270399987698	0.007966880687
0.271999984980	0.009226433001
0.273599982262	0.008273072541
0.275199979544	0.008137248456
0.276800006628	0.009118496440
0.278400003910	0.008787089027
0.280000001192	0.008755104616
0.281599998474	0.010129344650
0.283199995756	0.008774993010
0.284799993038	0.007876913063
0.286399990320	0.008537665009
0.287999987602	0.007572304457
0.289599984884	0.007765792776
0.291199982166	0.007483632769
0.292799979448	0.008577936329
0.294400006533	0.008733744733
0.296000003815	0.008580977097
0.297600001097	0.008076192811
0.299199998379	0.006504064426
0.300799995661	0.009655648842
0.302399992943	0.008832112886
0.303999990225	0.008275329135
0.305599987507	0.009026656859
0.307199984789	0.007886176929
0.308799982071	0.007582240738
0.310399979353	0.007874224335
0.312000006437	0.008189904504
0.313600003719	0.007276768796
0.315200001001	0.007510672789
0.316799998283	0.007388720755
0.318399995565	0.008820192888
0.319999992847	0.007962976582
0.321599990129	0.006405120715
0.323199987411	0.007875552401
0.324799984694	0.008777280338
0.326399981976	0.008788656443
0.327999979258	0.006825168617
0.329600006342	0.008299713023
0.331200003624	0.006101584528
0.332800000906	0.007111984771
0.334399998188	0.007168336771
0.335999995470	0.007458640728
0.337599992752	0.007529232651
0.339199990034	0.008506208658
0.340799987316	0.008522704244
0.342399984598	0.007026144769
0.343999981880	0.006928528659
0.345599979162	0.007574272808
0.347199976444	0.005992592312
0.348800003529	0.005729152355
0.350400000811	0.006604576483
0.351999998093	0.006898112595
0.353599995375	0.007134816609
0.355199992657	0.006948144641
0.356799989939	0.006270992570
0.358399987221	0.004934960511
0.359999984503	0.006727536675
0.361599981785	0.006593360566
0.363199979067	0.006454224698
0.364799976349	0.006040608510
0.366400003433	0.006567584351
0.368000000715	0.005407888442
0.369599997997	0.005459136330
0.371199995279	0.005138496403
0.372799992561	0.005585840438
0.374399989843	0.005851280410
0.375999987125	0.006228672806
0.377599984407	0.006674064789
0.379199981689	0.005042848643
0.380799978971	0.006747136824
0.382399976254	0.005786048714
0.384000003338	0.004836752545
0.385600000620	0.005742736626
0.387199997902	0.006182512268
0.388799995184	0.005987536628
0.390399992466	0.005973024294
0.391999989748	0.005356640555
0.393599987030	0.005565520376
0.395199984312	0.005067776423
0.396799981594	0.005545216613
0.398399978876	0.006214112509
0.399999976158	0.004841152579
0.401600003242	0.006325056311
0.403200000525	0.003961440176
0.404799997807	0.006858640350
0.406399995089	0.006210640538
0.407999992371	0.005590672605
0.409599989653	0.006636112463
0.411199986935	0.005851136521
0.412799984217	0.004444592167
0.414399981499	0.005658528302
0.415999978781	0.004859152250
0.417599976063	0.004436480347
0.419200003147	0.005233344622
0.420800000429	0.006114608608
0.422399997711	0.006582720671
0.423999994993	0.005190800410
0.425599992275	0.004363648128
0.427199989557	0.005010464229
0.428799986839	0.003986976575
0.430399984121	0.006017568521
0.431999981403	0.002612224314
0.433599978685	0.005387504585
0.435199975967	0.003779728431
0.436800003052	0.003818480298
0.438400000334	0.004507344216
0.439999997616	0.004844576586
0.441599994898	0.002315200167
0.443199992180	0.005276544485
0.444799989462	0.003219424281
0.446399986744	0.004123824183
0.447999984026	0.004529552534
0.449599981308	0.004220816307
0.451199978590	0.005589744542
0.452799975872	0.003141072346
0.454400002956	0.003399056382
0.456000000238	0.004762976430
0.457599997520	0.003333024215
0.459199994802	0.004286496434
0.460799992085	0.004870448261
0.462399989367	0.004899920430
0.463999986649	0.002955296310
0.465599983931	0.004342672415
0.467199981213	0.003162848298
0.468799978495	0.004138528369
0.470399975777	0.004265072290
0.472000002861	0.002738080220
0.473600000143	0.004638064187
0.475199997425	0.003555072239
0.476799994707	0.005208736286
0.478399991989	0.004617760424
0.479999989271	0.004259632435
0.481599986553	0.004966560286
0.483199983835	0.004786240403
0.484799981117	0.004266080447
0.486399978399	0.004495136440
0.487999975681	0.003245488275
0.489599972963	0.002218400128
0.491200000048	0.003034624271
0.492799997330	0.004358928185
0.494399994612	0.003436720232
0.495999991894	0.004210464191
0.497599989176	0.003345072269
0.499199986458	0.001241440070
0.500800013542	0.003705616342
0.502399981022	0.003972880542
0.504000008106	0.003616384231
0.505599975586	0.002475584159
0.507200002670	0.003812592244
0.508799970150	0.002809872152
0.510399997234	0.003552064300
0.511999964714	0.001272624126
0.513599991798	0.004312864505
0.515199959278	0.003239408368
0.516799986362	0.003849648405
0.518400013447	0.001867840183
0.519999980927	0.002305456204
0.521600008011	0.002706064144
0.523199975491	0.003645584220
0.524800002575	0.001897360082
0.526399970055	0.002762768185
0.527999997139	0.002304816153
0.529599964619	0.002067440189
0.531199991703	0.003544848179
0.532799959183	0.002733456204
0.534399986267	0.002564032329
0.536000013351	0.002160464181
0.537599980831	0.003980480134
0.539200007915	0.001424576039
0.540799975395	0.002639152110
0.542400002480	0.001916736248
0.543999969959	0.001529648085
0.545599997044	0.001381968148
0.547199964523	0.002697552321
0.548799991608	0.002464864170
0.550399959087	0.002875152277
0.551999986172	0.003637360176
0.553600013256	0.001273360103
0.555199980736	0.001944960095
0.556800007820	0.003275856143
0.558399975300	0.003026704304
0.560000002384	0.001552336151
0.561599969864	0.003279344179
0.563199996948	0.000512592029
0.564799964428	0.001781744184
0.566399991512	0.002649424132
0.567999958992	0.001077344175
0.569599986076	0.001121136011
0.571200013161	0.002525680233
0.572799980640	0.001154768048
0.574400007725	0.000046271998
0.575999975204	0.002411696129
0.577600002289	0.002286272123
0.579199969769	0.001995200058
0.580799996853	0.002409200184
0.582399964333	0.002241520211
0.583999991417	0.001344592078
0.585599958897	0.001430944074
0.587199985981	0.001922160154
0.588800013065	0.002187680220
0.590399980545	0.002913040342
0.592000007629	0.001167344046
0.593599975109	0.000539568020
0.595200002193	0.002911344171
0.596799969673	0.002025760245
0.598399996758	0.001850032131
0.599999964237	0.000122223952
0.601599991322	0.001893520122
0.603199958801	0.000502512034
0.604799985886	-0.000125839986
0.606400012970	0.000959008059
0.607999980450	0.002808464225
0.609600007534	-0.000584112073
0.611199975014	0.002949184272
0.612800002098	0.000120432036
0.614399969578	-0.000144720005
0.615999996662	0.002331456169
0.617599964142	0.001343936077
0.619199991226	-0.001111136051
0.620799958706	0.000944560044
0.622399985790	0.002201552270
0.624000012875	-0.000091488051
0.625599980354	0.001253888127
0.627200007439	0.000317040045
0.628799974918	0.001105424133
0.630400002003	0.000486367993
0.631999969482	0.002041680273
0.633599996567	0.001539456076
0.635199964046	0.000118079995
0.636799991131	0.000827648037
0.638399958611	0.000476752059
0.639999985695	0.001502384199
0.641600012779	0.001198400045
0.643199980259	-0.000118112010
0.644800007343	0.001107408083
0.646399974823	-0.000473408058
0.648000001907	-0.000282192021
0.649599969387	0.001078544068
0.651199996471	0.001152784098
0.652799963951	0.000275952014
0.654399991035	0.001340768067
0.655999958515	0.000976992073
0.657599985600	0.000155072019
0.659200012684	0.000110223998
0.660799980164	0.000378288067
0.662400007248	-0.000062703992
0.663999974728	-0.000360256032
0.665600001812	0.002091056202
0.667199969292	-0.000049759979
0.668799996376	0.000300640037
0.670399963856	-0.000215439999
0.671999990940	0.000658480043
0.673599958420	0.000886064081
0.675199985504	0.001452368102
0.676800012589	0.001038144110
0.678399980068	0.001160304062
0.680000007153	-0.001224096050
0.681599974632	0.000801392074
0.683200001717	0.000246000011
0.684799969196	0.000840816007
0.686399996281	-0.000912000076
0.687999963760	-0.000739776064
0.689599990845	0.000122271987
0.691199958324	-0.000486576086
0.692799985409	-0.000432111992
0.694399952888	0.001082336181
0.695999979973	-0.000688304077
0.697600007057	0.000117327974
0.699199974537	0.000299936044
0.700800001621	-0.000461743999
0.702399969101	-0.001209008158
0.703999996185	-0.001149440068
0.705599963665	0.001525536063
0.707199990749	-0.001336592133
0.708799958229	-0.000701936078
0.710399985313	0.000657008030
0.711999952793	-0.002150272252
0.713599979877	0.000480912044
0.715200006962	-0.000154944006
0.716799974442	0.000115471987
0.718400001526	-0.000616544043
0.719999969006	-0.000139648022
0.721599996090	0.000335520046
0.723199963570	-0.000498064095
0.724799990654	-0.002371392213
0.726399958134	0.000457424059
0.727999985218	-0.002117936267
0.729599952698	-0.000440592034
0.731199979782	-0.000095744021
0.732800006866	0.000617136015
0.734399974346	0.000615088036
0.736000001431	0.000953056035
0.737599968910	-0.001305424026
0.739199995995	0.000204576019
0.740799963474	-0.000530480058
0.742399990559	0.000249200035
0.743999958038	0.000408400054
0.745599985123	-0.001269456116
0.747199952602	-0.000068016023
0.748799979687	-0.001022896147
0.750400006771	-0.000347184017
0.751999974251	-0.003362752264
0.753600001335	-0.002121616155
0.755199968815	-0.000002944019
0.756799995899	-0.001137216110
0.758399963379	-0.001094576088
0.759999990463	-0.000591216085
0.761599957943	-0.001225536107
0.763199985027	-0.002656160155
0.764799952507	0.000208224024
0.766399979591	-0.001778464182
0.768000006676	0.000073552015
0.769599974155	-0.000347680034
0.771200001240	-0.000822848058
0.772799968719	-0.002222960116
0.774399995804	-0.000662160048
0.775999963284	-0.000382192055
0.777599990368	-0.000952352129
0.779199957848	-0.001186288078
0.780799984932	-0.001935280161
0.782399952412	-0.001618576120
0.783999979496	-0.000337776059
0.785600006580	-0.001249456196
0.787199974060	-0.001647744095
0.788800001144	-0.000305552036
0.790399968624	-0.000998928095
0.791999995708	-0.000856928062
0.793599963188	-0.001207456109
0.795199990273	-0.001478304155
0.796799957752	-0.001589360181
0.798399984837	-0.001378720161
0.799999952316	-0.001834304188
0.801599979401	-0.000638512080
0.803200006485	-0.001285296166
0.804799973965	-0.003525424283
0.806400001049	-0.002183952136
0.807999968529	-0.001759456121
0.809599995613	-0.001510224189
0.811199963093	-0.002959504258
0.812799990177	-0.003023520112
0.814399957657	-0.000786720018
0.815999984741	-0.001818400109
0.817599952221	-0.002893840196
0.819199979305	-0.002263520146
0.820800006390	-0.003795280354
0.822399973869	-0.002579152118
0.824000000954	-0.001600464107
0.825599968433	-0.001389824087
0.827199995518	-0.002535248175
0.828799962997	-0.000353984040
0.830399990082	0.000323040003
0.831999957561	-0.000056992023
0.833599984646	-0.002337696264
0.835199952126	-0.001831456204
0.836799979210	-0.001388560166
0.838400006294	-0.001395936124
0.839999973774	-0.003002656391
0.841600000858	-0.002485184232
0.843199968338	0.000083135987
0.844799995422	-0.003232032293
0.846399962902	-0.002735920250
0.847999989986	-0.001089632162
0.849599957466	-0.001696224208
0.851199984550	-0.001645776094
0.852799952030	-0.001443536137
0.854399979115	-0.001248768065
0.856000006199	-0.001594048110
0.857599973679	-0.003918032162
0.859200000763	-0.001831616159
0.860799968243	-0.002204160206
0.862399995327	-0.001582800178
0.863999962807	-0.003706224263
0.865599989891	-0.003219520207
0.867199957371	-0.002441664226
0.868799984455	-0.002124576131
0.870399951935	-0.003272480331
0.871999979019	-0.001798592159
0.873600006104	-0.001732672099
0.875199973583	-0.002344592242
0.876800000668	-0.001713152160
0.878399968147	-0.002752480330
0.879999995232	-0.001702080132
0.881599962711	-0.003654128173
0.883199989796	-0.003193936311
0.884799957275	-0.001431376091
0.886399984360	-0.002929520328
0.887999951839	-0.003725216258
0.889599978924	-0.003755120328
0.891200006008	-0.001184080145
0.892799973488	-0.002221040195
0.894400000572	-0.004129120149
0.895999968052	-0.002261040267
0.897599995136	-0.003022752237
0.899199962616	-0.003229248337
0.900799989700	-0.003030640306
0.902399957180	-0.000526032061
0.903999984264	-0.001849216176
0.905599951744	-0.002136976225
0.907199978828	-0.002394992160
0.908800005913	-0.001992976060
0.910399973392	-0.003183616325
0.912000000477	-0.001950432197
0.913599967957	-0.001881616190
0.915199995041	-0.001145328162
0.916799962521	-0.002819744172
0.918399989605	-0.002417088253
0.919999957085	-0.003110240214
0.921599984169	-0.002592480276
0.923199951649	-0.002129184082
0.924799978733	-0.003267504275
0.926400005817	-0.002370720264
0.927999973297	-0.003639696399
0.929600000381	-0.003321968252
0.931199967861	-0.000300064043
0.932799994946	-0.002081888262
0.934399962425	-0.002324864268
0.935999989510	-0.003722240217
0.937599956989	-0.002589200158
0.939199984074	-0.004284032155
0.940799951553	-0.003043744247
0.942399978638	-0.003422784153
0.944000005722	-0.003545936197
0.945599973202	-0.002385008149
0.947200000286	-0.003606512211
0.948799967766	-0.003512656316
0.950399994850	-0.003333136206
0.951999962330	-0.003495808225
0.953599989414	-0.003767776303
0.955199956894	-0.003912320361
0.956799983978	-0.003639456350
0.958399951458	-0.003735056380
0.959999978542	-0.002554624341
0.961599946022	-0.003256544238
0.963199973106	-0.004367744550
0.964800000191	-0.004664400592
0.966399967670	-0.003245344386
0.967999994755	-0.003273424227
0.969599962234	-0.002311968245
0.971199989319	-0.003908128478
0.972799956799	-0.003431712277
0.974399983883	-0.004027696326
0.975999951363	-0.002026928123
0.977599978447	-0.003957840148
0.979199945927	-0.003702912247
0.980799973011	-0.003253072267
0.982400000095	-0.003407632234
0.983999967575	-0.003902688390
0.985599994659	-0.002981616184
0.987199962139	-0.003980816342
0.988799989223	-0.005761552602
0.990399956703	-0.003591808258
0.991999983788	-0.003389472142
0.993599951267	-0.002464032266
0.995199978352	-0.005179664586
0.996799945831	-0.004088160582
0.998399972916	-0.003489232389
1.000000000000	-0.004355616402
1.001600027084	-0.002345200162
1.003199934959	-0.003798320424
1.004799962044	-0.002806928242
1.006399989128	-0.003169392236
1.008000016212	-0.002641536295
1.009599924088	-0.002584976144
1.011199951172	-0.003964848351
1.012799978256	-0.004302624613
1.014400005341	-0.004045232199
1.016000032425	-0.005663600285
1.017599940300	-0.004150848370
1.019199967384	-0.003357040230
1.020799994469	-0.004572112579
1.022400021553	-0.003988368437
1.023999929428	-0.004583680537
1.025599956512	-0.003085040255
1.027199983597	-0.003545056330
1.028800010681	-0.004073232412
1.030399918556	-0.003785008332
1.031999945641	-0.003770592390
1.033599972725	-0.004253568128
1.035199999809	-0.004110880196
1.036800026894	-0.004436704330
1.038399934769	-0.005425520241
1.039999961853	-0.004130704328
1.041599988937	-0.004057104234
1.043200016022	-0.003983488306
1.044799923897	-0.004789056256
1.046399950981	-0.003817920340
1.047999978065	-0.004242768511
1.049600005150	-0.004697456490
1.051200032234	-0.002658880316
1.052799940109	-0.003735568374
1.054399967194	-0.004237328190
1.055999994278	-0.004426304251
1.057600021362	-0.004481376614
1.059199929237	-0.003767776303
1.060799956322	-0.003197088372
1.062399983406	-0.004159744363
1.064000010490	-0.004399664234
1.065599918365	-0.005157952663
1.067199945450	-0.004872944206
1.068799972534	-0.002865808317
1.070399999619	-0.002151312074
1.072000026703	-0.005680608563
1.073599934578	-0.003468192182
1.075199961662	-0.003395472188
1.076799988747	-0.005689040292
1.078400015831	-0.004534064326
1.079999923706	-0.003491200274
1.081599950790	-0.002745440230
1.083199977875	-0.004591328558
1.084800004959	-0.003654112341
1.086400032043	-0.001971744234
1.087999939919	-0.005114272237
1.089599967003	-0.004756816197
1.091199994087	-0.004711056594
1.092800021172	-0.003990192432
1.094399929047	-0.005174992606
1.095999956131	-0.005076128524
1.097599983215	-0.004222704563
1.099200010300	-0.005179520231
1.100799918175	-0.004516240209
1.102399945259	-0.003251312301
1.103999972343	-0.005179824308
1.105599999428	-0.005505312700
1.107200026512	-0.005202528555
1.108799934387	-0.005298944656
1.110399961472	-0.004570288584
1.111999988556	-0.005031584296
1.113600015640	-0.003872640431
1.115199923515	-0.005507936701
1.116799950600	-0.004673472606
1.118399977684	-0.005490608513
1.120000004768	-0.004943280481
1.121599912643	-0.003815344302
1.123199939728	-0.002808000194
1.124799966812	-0.005385152530
1.126399993896	-0.003634464229
1.128000020981	-0.004262960516
1.129599928856	-0.004276480526
1.131199955940	-0.002957760124
1.132799983025	-0.005611904431
1.134400010109	-0.006394320633
1.135999917984	-0.003563744249
1.137599945068	-0.004237728193
1.139199972153	-0.004602112342
1.140799999237	-0.005062176380
1.142400026321	-0.006080256309
1.143999934196	-0.004576496314
1.145599961281	-0.004111888353
1.147199988365	-0.004086288158
1.148800015450	-0.004151184577
1.150399923325	-0.002769168233
1.151999950409	-0.004685792606
1.153599977493	-0.003209088231
1.155200004578	-0.005693136249
1.156799912453	-0.004576528445
1.158399939537	-0.003731536446
1.159999966621	-0.004101744387
1.161599993706	-0.006411632523
1.163200020790	-0.003865168430
1.164799928665	-0.002762960270
1.166399955750	-0.004153008107
1.167999982834	-0.004422144499
1.169600009918	-0.005739088636
1.171199917793	-0.006579920650
1.172799944878	-0.005905472673
1.174399971962	-0.005783808418
1.175999999046	-0.006139856298
1.177600026131	-0.005712784361
1.179199934006	-0.005874944385
1.180799961090	-0.004903904628
1.182399988174	-0.004488752224
1.184000015259	-0.006271904334
1.185599923134	-0.006429792382
1.187199950218	-0.003991680220
1.188799977303	-0.004684736487
1.190400004387	-0.005209888332
1.191999912262	-0.004781120457
1.193599939346	-0.005716304295
1.195199966431	-0.006634656806
1.196799993515	-0.005102496594
1.198400020599	-0.005190304480
1.199999928474	-0.005177440587
1.201599955559	-0.005158416461
1.203199982643	-0.005414688494
1.204800009727	-0.005039744545
1.206399917603	-0.004632800352
1.207999944687	-0.004842704628
1.209599971771	-0.005684608594
1.211199998856	-0.004428992514
1.212800025940	-0.004880368244
1.214399933815	-0.005537680350
1.215999960899	-0.004591168370
1.217599987984	-0.005149616394
1.219200015068	-0.003905888414
1.220799922943	-0.005134048406
1.222399950027	-0.004356368445
1.223999977112	-0.004884192254
1.225600004196	-0.006023472641
1.227199912071	-0.005003008526
1.228799939156	-0.003853088245
1.230399966240	-0.005232640542
1.231999993324	-0.005374992266
1.233600020409	-0.005275680218
1.235199928284	-0.004310448188
1.236799955368	-0.006044320296
1.238399982452	-0.005858448334
1.240000009537	-0.004147840198
1.241599917412	-0.004666176625
1.243199944496	-0.006732272450
1.244799971581	-0.004159968346
1.246399998665	-0.006920208689
1.248000025749	-0.006420672406
1.249599933624	-0.005527088419
1.251199960709	-0.005540864542
1.252799987793	-0.004494448192
1.254400014877	-0.004974848591
1.255999922752	-0.006305168383
1.257599949837	-0.005451760255
1.259199976921	-0.005884384736
1.260800004005	-0.005101760384
1.262399911880	-0.005342640448
1.263999938965	-0.005392608233
1.265599966049	-0.003704528324
1.267199993134	-0.005660864525
1.268800020218	-0.004967760295
1.270399928093	-0.007982400246
1.271999955177	-0.005419312511
1.273599982262	-0.007945665158
1.275200009346	-0.004831792321
1.276799917221	-0.005034512375
1.278399944305	-0.005394784268
1.279999971390	-0.004895712249
1.281599998474	-0.004606832284
1.283200025558	-0.005783824716
1.284799933434	-0.005268304609
1.286399960518	-0.004989744630
1.287999987602	-0.007514336612
1.289600014687	-0.006745280698
1.291199922562	-0.004941872321
1.292799949646	-0.005362288561
1.294399976730	-0.006072352640
1.296000003815	-0.006503840443
1.297599911690	-0.006304240320
1.299199938774	-0.006291232537
1.300799965858	-0.004554944579
1.302399992943	-0.005704592448
1.304000020027	-0.006978880614
1.305599927902	-0.005418944638
1.307199954987	-0.004879760556
1.308799982071	-0.004898480605
1.310400009155	-0.006203792524
1.311999917030	-0.006602416746
1.313599944115	-0.006011392456
1.315199971199	-0.005944064353
1.316799998283	-0.004131408408
1.318400025368	-0.004944272339
1.319999933243	-0.006696000695
1.321599960327	-0.004812256433
1.323199987411	-0.004982704297
1.324800014496	-0.003518256359
1.326399922371	-0.004644672386
1.327999949455	-0.005331248511
1.329599976540	-0.004480736330
1.331200003624	-0.004994976334
1.332799911499	-0.006706384476
1.334399938583	-0.005726720672
1.335999965668	-0.003693776438
1.337599992752	-0.005011280533
1.339200019836	-0.005648304708
1.340799927711	-0.005397600587
1.342399954796	-0.005825248547
1.343999981880	-0.005633264314
1.345600008965	-0.004646336194
1.347199916840	-0.006665632594
1.348799943924	-0.005285056308
1.350399971008	-0.006378144491
1.351999998093	-0.006274064537
1.353600025177	-0.006301312707
1.355199933052	-0.006661040708
1.356799960136	-0.005777488463
1.358399987221	-0.007587792818
1.360000014305	-0.006816224661
1.361599922180	-0.006289616693
1.363199949265	-0.006255600601
1.364799976349	-0.005196768325
1.366400003433	-0.004823024385
1.367999911308	-0.006636256352
1.369599938393	-0.007078208495
1.371199965477	-0.007841057144
1.372799992561	-0.008075088263
1.374400019646	-0.006167696323
1.375999927521	-0.005596848670
1.377599954605	-0.005857008509
1.379199981689	-0.006488240324
1.380800008774	-0.004035504535
1.382399916649	-0.005708880723
1.383999943733	-0.006051136646
1.385599970818	-0.005809904542
1.387199997902	-0.006014560349
1.388799905777	-0.007481296547
1.390399932861	-0.006471792702
1.391999959946	-0.005891312379
1.393599987030	-0.006267488468
1.395200014114	-0.005595360417
1.396799921989	-0.005717488471
1.398399949074	-0.006016016472
1.399999976158	-0.006469744723
1.401600003242	-0.006099088583
1.403199911118	-0.006310192402
1.404799938202	-0.005779600702
1.406399965286	-0.005783632398
1.407999992371	-0.006070560310
1.409600019455	-0.005885104649
1.411199927330	-0.006769984495
1.412799954414	-0.005319072399
1.414399981499	-0.005621360615
1.416000008583	-0.005142224487
1.417599916458	-0.008043248206
1.419199943542	-0.005248832516
1.420799970627	-0.005903104320
1.422399997711	-0.005594000686
1.423999905586	-0.006947248708
1.425599932671	-0.005641632248
1.427199959755	-0.006427840795
1.428799986839	-0.006255168468
1.430400013924	-0.006087344605
1.431999921799	-0.005853424314
1.433599948883	-0.007002288476
1.435199975967	-0.005905248690
1.436800003052	-0.005678608548
1.438399910927	-0.004939600360
1.439999938011	-0.006132960320
1.441599965096	-0.006672352552
1.443199992180	-0.006128416397
1.444800019264	-0.006700592581
1.446399927139	-0.006748288404
1.447999954224	-0.004761776421
1.449599981308	-0.007010192610
1.451200008392	-0.005781744607
1.452799916267	-0.004523936193
1.454399943352	-0.005330192391
1.455999970436	-0.007129312493
1.457599997520	-0.006162480451
1.459199905396	-0.006843216717
1.460799932480	-0.006425728556
1.462399959564	-0.008171280846
1.463999986649	-0.006266112439
1.465600013733	-0.006738656666
1.467199921608	-0.006262480281
1.468799948692	-0.007175472565
1.470399975777	-0.006690736394
1.472000002861	-0.007386400830
1.473599910736	-0.007279312704
1.475199937820	-0.006079568528
1.476799964905	-0.006174816750
1.478399991989	-0.006387424655
1.480000019073	-0.007839440368
1.481599926949	-0.006271664519
1.483199954033	-0.005743504502
1.484799981117	-0.005628752522
1.486400008202	-0.004331472330
1.487999916077	-0.005384640303
1.489599943161	-0.006983520463
1.491199970245	-0.006586096715
1.492799997330	-0.006849920843
1.494399905205	-0.006453504320
1.495999932289	-0.005942464340
1.497599959373	-0.005751264282
1.499199986458	-0.004238784313
1.500800013542	-0.007085168734
1.502399921417	-0.005605152342
1.503999948502	-0.004839920439
1.505599975586	-0.005855744705
1.507200002670	-0.005454320461
1.508799910545	-0.006517104339
1.510399937630	-0.006512976717
1.511999964714	-0.005393120460
1.513599991798	-0.006747056730
1.515200018883	-0.005876256619
1.516799926758	-0.004735984374
1.518399953842	-0.006004592404
1.519999980927	-0.006738624536
1.521600008011	-0.007338608615
1.523199915886	-0.005814384669
1.524799942970	-0.007189552765
1.526399970055	-0.007542816456
1.527999997139	-0.006802720483
1.529599905014	-0.008856944740
1.531199932098	-0.007699232548
1.532799959183	-0.007795296609
1.534399986267	-0.007293808740
1.536000013351	-0.006479824428
1.537599921227	-0.005812512711
1.539199948311	-0.009029264562
1.540799975395	-0.007379152812
1.542400002480	-0.006685376633
1.543999910355	-0.005790256429
1.545599937439	-0.007899792865
1.547199964523	-0.007204400375
1.548799991608	-0.007843120955
1.550400018692	-0.005532624666
1.551999926567	-0.007527728565
1.553599953651	-0.007826096378
1.555199980736	-0.006283600349
1.556800007820	-0.004485008307
1.558399915695	-0.008100640960
1.559999942780	-0.005208272487
1.561599969864	-0.005440320354
1.563199996948	-0.007622608449
1.564799904823	-0.006720288657
1.566399931908	-0.008410721086
1.567999958992	-0.005796672311
1.569599986076	-0.006944192573
1.571200013161	-0.007536896504
1.572799921036	-0.006563120522
1.574399948120	-0.006656336598
1.575999975204	-0.005501600448
1.577600002289	-0.006504512392
1.579199910164	-0.006198480725
1.580799937248	-0.008412945084
1.582399964333	-0.006849776488
1.583999991417	-0.006423584651
1.585600018501	-0.005382112227
1.587199926376	-0.006878944580
1.588799953461	-0.006995296571
1.590399980545	-0.006471632514
1.592000007629	-0.006773696747
1.593599915504	-0.006795168389
1.595199942589	-0.006431152578
1.596799969673	-0.006532896776
1.598399996758	-0.007133104373
1.599999904633	-0.006334896665
1.601599931717	-0.005285120569
1.603199958801	-0.008035697043
1.604799985886	-0.008210720494
1.606400012970	-0.006849200465
1.607999920845	-0.006318352651
1.609599947929	-0.007748672739
1.611199975014	-0.007221168373
1.612800002098	-0.005939680617
1.614399909973	-0.007989104837
1.615999937057	-0.006795968395
1.617599964142	-0.007015248761
1.619199991226	-0.006714016665
1.620800018311	-0.007507728413
1.622399926186	-0.008266752586
1.623999953270	-0.005777536426
1.625599980354	-0.007531552576
1.627200007439	-0.007294688839
1.628799915314	-0.005976368673
1.630399942398	-0.006745056715
1.631999969482	-0.006405584514
1.633599996567	-0.007586000487
1.635199904442	-0.008003489114
1.636799931526	-0.006378768478
1.638399958611	-0.006859312300
1.639999985695	-0.006976416800
1.641600012779	-0.007475344464
1.643199920654	-0.008812688291
1.644799947739	-0.006077792495
1.646399974823	-0.006290656514
1.648000001907	-0.008570448495
1.649599909782	-0.007412064821
1.651199936867	-0.005587680265
1.652799963951	-0.007292176597
1.654399991035	-0.007511216681
1.655999898911	-0.006136432756
1.657599925995	-0.008078096434
1.659199953079	-0.008625792339
1.660799980164	-0.006658352446
1.662400007248	-0.006168512627
1.663999915123	-0.008149136789
1.665599942207	-0.007075104397
1.667199969292	-0.008506144397
1.668799996376	-0.007850352675
1.670399904251	-0.007517744787
1.671999931335	-0.008097104728
1.673599958420	-0.006617984734
1.675199985504	-0.007077712566
1.676800012589	-0.007212032564
1.678399920464	-0.006295104511
1.679999947548	-0.006599648390
1.681599974632	-0.005792848766
1.683200001717	-0.006129440386
1.684799909592	-0.006488944404
1.686399936676	-0.006576320622
1.687999963760	-0.006470544729
1.689599990845	-0.006509728730
1.691199898720	-0.007062528748
1.692799925804	-0.006657584570
1.694399952888	-0.007997248322
1.695999979973	-0.006732864771
1.697600007057	-0.006650224794
1.699199914932	-0.006196704693
1.700799942017	-0.007515664678
1.702399969101	-0.007371040527
1.703999996185	-0.006796816364
1.705599904060	-0.005216800608
1.707199931145	-0.007965616882
1.708799958229	-0.008487824351
1.710399985313	-0.006702240556
1.712000012398	-0.007250432391
1.713599920273	-0.007885376923
1.715199947357	-0.006897600368
1.716799974442	-0.006794928573
1.718400001526	-0.006384464446
1.719999909401	-0.008574784733
1.721599936485	-0.008619409055
1.723199963570	-0.007048032712
1.724799990654	-0.008742704988
1.726399898529	-0.006548656616
1.727999925613	-0.007904624566
1.729599952698	-0.008810720406
1.731199979782	-0.006622560322
1.732800006866	-0.008806048892
1.734399914742	-0.005684080534
1.735999941826	-0.006921936758
1.737599968910	-0.006798976567
1.739199995995	-0.006088880356
1.740799903870	-0.006893888582
1.742399930954	-0.006568416487
1.743999958038	-0.007353744470
1.745599985123	-0.008131712675
1.747200012207	-0.009490161203
1.748799920082	-0.006128736306
1.750399947166	-0.005438064225
1.751999974251	-0.006715744734
1.753600001335	-0.007625856437
1.755199909210	-0.006686128676
1.756799936295	-0.007741888519
1.758399963379	-0.007875408977
1.759999990463	-0.006862512790
1.761599898338	-0.008204640821
1.763199925423	-0.009072032757
1.764799952507	-0.007882480510
1.766399979591	-0.007425360847
1.768000006676	-0.007824480534
1.769599914551	-0.008247344755
1.771199941635	-0.008154001087
1.772799968719	-0.008050864562
1.774399995804	-0.006804240402
1.775999903679	-0.008274784312
1.777599930763	-0.007194192614
1.779199957848	-0.007654352579
1.780799984932	-0.006808784790
1.782400012016	-0.004957168363
1.783999919891	-0.006556400564
1.785599946976	-0.005754464306
1.787199974060	-0.007658176590
1.788800001144	-0.006202736404
1.790399909019	-0.005964640528
1.791999936104	-0.007788688410
1.793599963188	-0.006576400716
1.795199990273	-0.006891328376
1.796799898148	-0.009103152901
1.798399925232	-0.007774432655
1.799999952316	-0.005625632592
1.801599979401	-0.007522576489
1.803200006485	-0.007580160629
1.804799914360	-0.007819856517
1.806399941444	-0.006728256587
1.807999968529	-0.007039248478
1.809599995613	-0.006776080467
1.811199903488	-0.005407120567
1.812799930573	-0.009006784298
1.814399957657	-0.008246384561
1.815999984741	-0.005787936505
1.817600011826	-0.007146832533
1.819199919701	-0.007690704428
1.820799946785	-0.006923936773
1.822399973869	-0.006880656816
1.824000000954	-0.008034768514
1.825599908829	-0.008326768875
1.827199935913	-0.005868384615
1.828799962997	-0.009086432867
1.830399990082	-0.007619456388
1.831999897957	-0.007345216814
1.833599925041	-0.007862497121
1.835199952126	-0.008303056471
1.836799979210	-0.007266704459
1.838400006294	-0.008308144286
1.839999914169	-0.007199872751
1.841599941254	-0.008377120830
1.843199968338	-0.005863680504
1.844799995422	-0.008523568511
1.846399903297	-0.007566544693
1.847999930382	-0.007757488638
1.849599957466	-0.006206576712
1.851199984550	-0.007066256367
1.852800011635	-0.006868896540
1.854399919510	-0.006300224457
1.855999946594	-0.008166576736
1.857599973679	-0.008531408384
1.859200000763	-0.006487232633
1.860799908638	-0.007560032886
1.862399935722	-0.007344320416
1.863999962807	-0.006835632492
1.865599989891	-0.007085952442
1.867199897766	-0.008478080854
1.868799924850	-0.007684048731
1.870399951935	-0.007388848811
1.871999979019	-0.006774592679
1.873600006104	-0.008293584920
1.875199913979	-0.007124672644
1.876799941063	-0.005733728409
1.878399968147	-0.007722720504
1.879999995232	-0.007323184516
1.881599903107	-0.007252560463
1.883199930191	-0.006640368607
1.884799957275	-0.007906992920
1.886399984360	-0.008791680448
1.888000011444	-0.008182512596
1.889599919319	-0.007264208514
1.891199946404	-0.008073728532
1.892799973488	-0.006754944567
1.894400000572	-0.007083808538
1.895999908447	-0.006514912471
1.897599935532	-0.008962560445
1.899199962616	-0.008538193069
1.900799989700	-0.008179408498
1.902399897575	-0.009316433221
1.903999924660	-0.006170192733
1.905599951744	-0.008042960428
1.907199978828	-0.008231488988
1.908800005913	-0.006709648762
1.910399913788	-0.006163648330
1.911999940872	-0.007117344532
1.913599967957	-0.006573312450
1.915199995041	-0.007953168824
1.916799902916	-0.006811200641
1.918399930000	-0.008279104717
1.919999957085	-0.007555744611
1.921599984169	-0.008472432382
1.923199892044	-0.007497728337
1.924799919128	-0.007599136792
1.926399946213	-0.008035776205
1.927999973297	-0.006803920493
1.929600000381	-0.007777392864
1.931199908257	-0.009082064964
1.932799935341	-0.006974912714
1.934399962425	-0.006816208363
1.935999989510	-0.007141008507
1.937599897385	-0.006921968423
1.939199924469	-0.006534768734
1.940799951553	-0.007621136494
1.942399978638	-0.007024496328
1.944000005722	-0.008599217050
1.945599913597	-0.008020544425
1.947199940681	-0.008366464637
1.948799967766	-0.006571760401
1.950399994850	-0.007489296608
1.951999902725	-0.008768880740
1.953599929810	-0.007099136710
1.955199956894	-0.007126144599
1.956799983978	-0.009386592545
1.958399891853	-0.008617216721
1.959999918938	-0.005137312226
1.961599946022	-0.007416624576
1.963199973106	-0.007637680508
1.964800000191	-0.008579905145
1.966399908066	-0.008812448941
1.967999935150	-0.007837488316
1.969599962234	-0.007596320473
1.971199989319	-0.007617744617
1.972799897194	-0.007555024698
1.974399924278	-0.009333984926
1.975999951363	-0.007448816672
1.977599978447	-0.008435232565
1.979200005531	-0.009154400788
1.980799913406	-0.008083888330
1.982399940491	-0.007462576497
1.983999967575	-0.007060352713
1.985599994659	-0.006214912515
1.987199902534	-0.005427216645
1.988799929619	-0.006393648684
1.990399956703	-0.008781728335
1.991999983788	-0.009181585163
1.993599891663	-0.006588016637
1.995199918747	-0.008222192526
1.996799945831	-0.008097504266
1.998399972916	-0.006323664449
2.000000000000	-0.010040544905
2.001600027084	-0.007284880616
2.003200054169	-0.008043760434
2.004799842834	-0.007517264690
2.006399869919	-0.008062400855
2.007999897003	-0.008801776916
2.009599924088	-0.007093296852
2.011199951172	-0.008403552696
2.012799978256	-0.007594688796
2.014400005341	-0.008061920293
2.016000032425	-0.008766048588
2.017600059509	-0.008480128832
2.019199848175	-0.008142848499
2.020799875259	-0.009079825133
2.022399902344	-0.008139792830
2.023999929428	-0.009572480805
2.025599956512	-0.007131616585
2.027199983597	-0.008819584735
2.028800010681	-0.007682224736
2.030400037766	-0.007652576547
2.032000064850	-0.006573616527
2.033599853516	-0.009769184515
2.035199880600	-0.008584336378
2.036799907684	-0.008663713001
2.038399934769	-0.008146353066
2.039999961853	-0.009802033193
2.041599988937	-0.007447200827
2.043200016022	-0.005788400304
2.044800043106	-0.009250001051
2.046399831772	-0.012206112966
2.047999858856	-0.008408112451
2.049599885941	-0.006983856671
2.051199913025	-0.007746288553
2.052799940109	-0.007634528447
2.054399967194	-0.007852352224
2.055999994278	-0.007253856398
2.057600021362	-0.008506672457
2.059200048447	-0.007936304435
2.060799837112	-0.008980768733
2.062399864197	-0.008140352555
2.063999891281	-0.008341440931
2.065599918365	-0.007166112773
2.067199945450	-0.007347280625
2.068799972534	-0.007392688654
2.070399999619	-0.009851057082
2.072000026703	-0.008553088643
2.073600053787	-0.008479088545
2.075199842453	-0.008191520348
2.076799869537	-0.008429024369
2.078399896622	-0.008260576986
2.079999923706	-0.007554208860
2.081599950790	-0.007479456719
2.083199977875	-0.008253185079
2.084800004959	-0.007554496638
2.086400032043	-0.007947104983
2.088000059128	-0.008870416321
2.089599847794	-0.008840097114
2.091199874878	-0.007741600741
2.092799901962	-0.009070112370
2.094399929047	-0.007388048805
2.095999956131	-0.006912544370
2.097599983215	-0.008360208943
2.099200010300	-0.007699264679
2.100800037384	-0.008004192263
2.102400064468	-0.007653328590
2.103999853134	-0.007694352418
2.105599880219	-0.008257376961
2.107199907303	-0.007650912739
2.108799934387	-0.008088368922
2.110399961472	-0.008562368341
2.111999988556	-0.006066960748
2.113600015640	-0.007683488540
2.115200042725	-0.009255632758
2.116799831390	-0.008782480843
2.118399858475	-0.008619761094
2.119999885559	-0.010442161001
2.121599912643	-0.007692080457
2.123199939728	-0.007572896779
2.124799966812	-0.007692096755
2.126399993896	-0.008283521049
2.128000020981	-0.006997056771
2.129600048065	-0.007607568521
2.131199836731	-0.008533712476
2.132799863815	-0.008837824687
2.134399890900	-0.006350032520
2.135999917984	-0.010218337178
2.137599945068	-0.006403776351
2.139199972153	-0.007383040618
2.140799999237	-0.008547408506
2.142400026321	-0.008319264278
2.144000053406	-0.008483665064
2.145599842072	-0.008402960375
2.147199869156	-0.008724512532
2.148799896240	-0.008649104275
2.150399923325	-0.006873008795
2.151999950409	-0.010075248778
2.153599977493	-0.008399329148
2.155200004578	-0.007068128325
2.156800031662	-0.008518896997
2.158400058746	-0.008519376628
2.159999847412	-0.008598736487
2.161599874496	-0.008533792570
2.163199901581	-0.008465456776
2.164799928665	-0.007738080807
2.166399955750	-0.007422944531
2.167999982834	-0.006622464396
2.169600009918	-0.009718400426
2.171200037003	-0.007863217033
2.172800064087	-0.008259568363
2.174399852753	-0.009277760983
2.175999879837	-0.007374368608
2.177599906921	-0.007967392914
2.179199934006	-0.008408192545
2.180799961090	-0.006478560623
2.182399988174	-0.007847473025
2.184000015259	-0.007644864731
2.185600042343	-0.009209920652
2.187199831009	-0.008517520502
2.188799858093	-0.006555840373
2.190399885178	-0.009422416799
2.191999912262	-0.007319824770
2.193599939346	-0.008334768936
2.195199966431	-0.006711072754
2.196799993515	-0.010629937053
2.198400020599	-0.006765424740
2.200000047684	-0.008838673122
2.201599836349	-0.008299969137
2.203199863434	-0.007561600767
2.204799890518	-0.008281312883
2.206399917603	-0.009354112670
2.207999944687	-0.009217184968
2.209599971771	-0.008443568833
2.211199998856	-0.010495648719
2.212800025940	-0.009685953148
2.214400053024	-0.008207984269
2.215999841690	-0.007889281027
2.217599868774	-0.008699968457
2.219199895859	-0.007434656378
2.220799922943	-0.007088848390
2.222399950027	-0.008234992623
2.223999977112	-0.008773632348
2.225600004196	-0.008538768627
2.227200031281	-0.008260064758
2.228800058365	-0.008937153034
2.230399847031	-0.008974736556
2.231999874115	-0.008040400222
2.233599901199	-0.009523089044
2.235199928284	-0.008732864633
2.236799955368	-0.010134705342
2.238399982452	-0.007512016688
2.240000009537	-0.007607344538
2.241600036621	-0.010460481048
2.243199825287	-0.008487184532
2.244799852371	-0.007847040892
2.246399879456	-0.008567376994
2.247999906540	-0.008990768343
2.249599933624	-0.008665904403
2.251199960709	-0.009766880423
2.252799987793	-0.011125201359
2.254400014877	-0.009317425080
2.256000041962	-0.005616800394
2.257599830627	-0.010592657141
2.259199857712	-0.008220784366
2.260799884796	-0.008095536381
2.262399911880	-0.008705264889
2.263999938965	-0.007994736545
2.265599966049	-0.009465296753
2.267199993134	-0.008204672486
2.268800020218	-0.007264944725
2.270400047302	-0.008727472275
2.271999835968	-0.007857760414
2.273599863052	-0.008501600474
2.275199890137	-0.009285792708
2.276799917221	-0.009375233203
2.278399944305	-0.009628833272
2.279999971390	-0.007795616519
2.281599998474	-0.007320704404
2.283200025558	-0.007627744693
2.284800052643	-0.009285344742
2.286399841309	-0.009775936604
2.287999868393	-0.007990288548
2.289599895477	-0.007176416460
2.291199922562	-0.010307312943
2.292799949646	-0.008172160946
2.294399976730	-0.009299712256
2.296000003815	-0.008629568852
2.297600030899	-0.008650160395
2.299200057983	-0.007693632506
2.300799846649	-0.009402704425
2.302399873734	-0.007411056664
2.303999900818	-0.009962112643
2.305599927902	-0.007723024581
2.307199954987	-0.008086960763
2.308799982071	-0.008829984814
2.310400009155	-0.008042256348
2.312000036240	-0.007133392617
2.313599824905	-0.008262272924
2.315199851990	-0.008808144368
2.316799879074	-0.008779073134
2.318399906158	-0.008164816536
2.319999933243	-0.009160704911
2.321599960327	-0.008978192694
2.323199987411	-0.009342065081
2.324800014496	-0.009388624690
2.326400041580	-0.009150273167
2.327999830246	-0.008653184399
2.329599857330	-0.010509841144
2.331199884415	-0.007829456590
2.332799911499	-0.009306768887
2.334399938583	-0.007950544357
2.335999965668	-0.007952416316
2.337599992752	-0.007844880223
2.339200019836	-0.008018752560
2.340800046921	-0.008789536543
2.342399835587	-0.009765872732
2.343999862671	-0.007707968820
2.345599889755	-0.007356896531
2.347199916840	-0.009538369253
2.348799943924	-0.009127024561
2.350399971008	-0.009061777033
2.351999998093	-0.009612305090
2.353600025177	-0.008607665077
2.355200052261	-0.010134641081
2.356799840927	-0.008415777236
2.358399868011	-0.009358192794
2.359999895096	-0.009749136865
2.361599922180	-0.007387568709
2.363199949265	-0.008347232826
2.364799976349	-0.009715984575
2.366400003433	-0.006609120406
2.368000030518	-0.008684400469
2.369600057602	-0.009443936870
2.371199846268	-0.008762288839
2.372799873352	-0.009697425179
2.374399900436	-0.008297280408
2.375999927521	-0.008647056296
2.377599954605	-0.008969617076
2.379199981689	-0.007307760417
2.380800008774	-0.008179584518
2.382400035858	-0.007407120429
2.383999824524	-0.009122944437
2.385599851608	-0.007849152200
2.387199878693	-0.006733584683
2.388799905777	-0.008337104693
2.390399932861	-0.009545024484
2.391999959946	-0.008430624381
2.393599987030	-0.007654576562
2.395200014114	-0.007030048408
2.396800041199	-0.009776480496
2.398399829865	-0.008510128595
2.399999856949	-0.009102352895
2.401599884033	-0.008578064851
2.403199911118	-0.008069328964
2.404799938202	-0.008410097100
2.406399965286	-0.008704816923
2.407999992371	-0.007717040833
2.409600019455	-0.006543552503
2.411200046539	-0.009526624344
2.412799835205	-0.009644448757
2.414399862289	-0.007586032618
2.415999889374	-0.008666224778
2.417599916458	-0.010194497183
2.419199943542	-0.009543105029
2.420799970627	-0.008807520382
2.422399997711	-0.006741088349
2.424000024796	-0.008989344351
2.425600051880	-0.009459152818
2.427199840546	-0.009201680310
2.428799867630	-0.007490272634
2.430399894714	-0.010438225232
2.431999921799	-0.008565296419
2.433599948883	-0.008716832846
2.435199975967	-0.009098976851
2.436800003052	-0.007666912861
2.438400030136	-0.009062736295
2.440000057220	-0.007977904752
2.441599845886	-0.007620400749
2.443199872971	-0.008136960678
2.444799900055	-0.008500528522
2.446399927139	-0.008593312465
2.447999954224	-0.008192416281
2.449599981308	-0.008582225069
2.451200008392	-0.008087696508
2.452800035477	-0.007573376875
2.454399824142	-0.008381248452
2.455999851227	-0.007298208773
2.457599878311	-0.009111137129
2.459199905396	-0.008104880340
2.460799932480	-0.009381184354
2.462399959564	-0.009417505004
2.463999986649	-0.007484480739
2.465600013733	-0.008868144825
2.467200040817	-0.008379488252
2.468799829483	-0.009939520620
2.470399856567	-0.008560785092
2.471999883652	-0.010629792698
2.473599910736	-0.010106001049
2.475199937820	-0.008304368705
2.476799964905	-0.008532673120
2.478399991989	-0.009633281268
2.480000019073	-0.007383952383
2.481600046158	-0.010458800942
2.483199834824	-0.008619024418
2.484799861908	-0.008447936736
2.486399888992	-0.008017633110
2.487999916077	-0.008712608367
2.489599943161	-0.008724273182
2.491199970245	-0.010377520695
2.492799997330	-0.008234528825
2.494400024414	-0.009082704782
2.496000051498	-0.009624864906
2.497599840164	-0.008549248800
2.499199867249	-0.008309841156
2.500799894333	-0.008878416382
2.502399921417	-0.007156080566
2.503999948502	-0.009465280920
2.505599975586	-0.009790864773
2.507200002670	-0.009508896619
2.508800029755	-0.008633344434
2.510399818420	-0.007994865067
2.511999845505	-0.008368528448
2.513599872589	-0.009011888877
2.515199899673	-0.008794256486
2.516799926758	-0.007944400422
2.518399953842	-0.009266464971
2.519999980927	-0.009176976979
2.521600008011	-0.009623984806
2.523200035095	-0.007287472486
2.524799823761	-0.009153872728
2.526399850845	-0.008178064600
2.527999877930	-0.009036624804
2.529599905014	-0.009190880693
2.531199932098	-0.011191456579
2.532799959183	-0.009893393144
2.534399986267	-0.009358208627
2.536000013351	-0.009948592633
2.537600040436	-0.008261328563
2.539199829102	-0.008187072352
2.540799856186	-0.008801248856
2.542399883270	-0.011307841167
2.543999910355	-0.009762625210
2.545599937439	-0.010789648630
2.547199964523	-0.009694096632
2.548799991608	-0.008102272637
2.550400018692	-0.008888592944
2.552000045776	-0.009143808857
2.553599834442	-0.008475312963
2.555199861526	-0.007891536690
2.556799888611	-0.009851184674
2.558399915695	-0.010569472797
2.559999942780	-0.010301280767
2.561599969864	-0.008534080349
2.563199996948	-0.009374064393
2.564800024033	-0.008638240397
2.566400051117	-0.009388800710
2.567999839783	-0.009029904380
2.569599866867	-0.008796496317
2.571199893951	-0.009458128363
2.572799921036	-0.009357856587
2.574399948120	-0.011895009317
2.575999975204	-0.008295232430
2.577600002289	-0.007954976521
2.579200029373	-0.008142224513
2.580799818039	-0.007788224611
2.582399845123	-0.010100401007
2.583999872208	-0.009526625276
2.585599899292	-0.007638752460
2.587199926376	-0.007550944574
2.588799953461	-0.009593249299
2.590399980545	-0.009594145231
2.592000007629	-0.010067424737
2.593600034714	-0.009622848593
2.595199823380	-0.008446496911
2.596799850464	-0.008652640507
2.598399877548	-0.007926384918
2.599999904633	-0.009843152948
2.601599931717	-0.009504321031
2.603199958801	-0.008808689192
2.604799985886	-0.008553872816
2.606400012970	-0.008148688823
2.608000040054	-0.009967104532
2.609599828720	-0.009122609161
2.611199855804	-0.007757760584
2.612799882889	-0.008162416518
2.614399909973	-0.009960721247
2.615999937057	-0.008949856274
2.617599964142	-0.009401888587
2.619199991226	-0.008993472904
2.620800018311	-0.009100208990
2.622400045395	-0.007368960883
2.623999834061	-0.008669841103
2.625599861145	-0.008778880350
2.627199888229	-0.008396784775
2.628799915314	-0.008941808715
2.630399942398	-0.011681105010
2.631999969482	-0.009625680745
2.633599996567	-0.009192640893
2.635200023651	-0.009445632808
2.636800050735	-0.009800816886
2.638399839401	-0.009178672917
2.639999866486	-0.007796032820
2.641599893570	-0.009337920696
2.643199920654	-0.010131136514
2.644799947739	-0.008322209120
2.646399974823	-0.010213472880
2.648000001907	-0.008346049115
2.649600028992	-0.008920576423
2.651199817657	-0.009365856647
2.652799844742	-0.009936832823
2.654399871826	-0.009034737013
2.655999898911	-0.007510896772
2.657599925995	-0.009122624993
2.659199953079	-0.009623040445
2.660799980164	-0.009416320361
2.662400007248	-0.008023008704
2.664000034332	-0.009413409047
2.665599822998	-0.009329376742
2.667199850082	-0.009660576470
2.668799877167	-0.010861520655
2.670399904251	-0.009142112918
2.671999931335	-0.008358032443
2.673599958420	-0.009225089103
2.675199985504	-0.009702272713
2.676800012589	-0.009388032369
2.678400039673	-0.008762736805
2.679999828339	-0.009183985181
2.681599855423	-0.009147169068
2.683199882507	-0.008652560413
2.684799909592	-0.009541616775
2.686399936676	-0.008140960708
2.687999963760	-0.008674913086
2.689599990845	-0.008906112984
2.691200017929	-0.011054016650
2.692800045013	-0.008289648220
2.694399833679	-0.008868512698
2.695999860764	-0.010837040842
2.697599887848	-0.009167456999
2.699199914932	-0.009659104981
2.700799942017	-0.009860657156
2.702399969101	-0.008281504735
2.703999996185	-0.007849312387
2.705600023270	-0.008566000499
2.707200050354	-0.010238112882
2.708799839020	-0.008672417141
2.710399866104	-0.009106080979
2.711999893188	-0.010437153280
2.713599920273	-0.009946624748
2.715199947357	-0.007177792490
2.716799974442	-0.010746993124
2.718400001526	-0.007819009013
2.720000028610	-0.009217328392
2.721599817276	-0.010500673205
2.723199844360	-0.009923888370
2.724799871445	-0.008799888194
2.726399898529	-0.009375616908
2.727999925613	-0.009502288885
2.729599952698	-0.010344209149
2.731199979782	-0.008962336928
2.732800006866	-0.009445808828
2.734400033951	-0.009012352675
2.735999822617	-0.009693216532
2.737599849701	-0.009372753091
2.739199876785	-0.008370752446
2.740799903870	-0.009891601279
2.742399930954	-0.009147329256
2.743999958038	-0.008361008950
2.745599985123	-0.009084144607
2.747200012207	-0.008802608587
2.748800039291	-0.009844592772
2.750399827957	-0.009751777165
2.751999855042	-0.008494848385
2.753599882126	-0.009586384520
2.755199909210	-0.009668480605
2.756799936295	-0.010772480629
2.758399963379	-0.009155104868
2.759999990463	-0.010298992507
2.761600017548	-0.007663072553
2.763200044632	-0.009094016626
2.764799833298	-0.009114272892
2.766399860382	-0.009189840406
2.767999887466	-0.009515840560
2.769599914551	-0.009613760747
2.771199941635	-0.008610976860
2.772799968719	-0.009985889308
2.774399995804	-0.009703136981
2.776000022888	-0.008462944999
2.777599811554	-0.009302336723
2.779199838638	-0.010565505363
2.780799865723	-0.009874529205
2.782399892807	-0.008817760274
2.783999919891	-0.010624929331
2.785599946976	-0.008420288563
2.787199974060	-0.009040112607
2.788800001144	-0.009168145247
2.790400028229	-0.009591232985
2.791999816895	-0.009540624917
2.793599843979	-0.009035345167
2.795199871063	-0.008533921093
2.796799898148	-0.010142832994
2.798399925232	-0.006659632549
2.799999952316	-0.007223072462
2.801599979401	-0.010867857374
2.803200006485	-0.009883392602
2.804800033569	-0.009525856934
2.806399822235	-0.007927376777
2.807999849319	-0.008425296284
2.809599876404	-0.010072832927
2.811199903488	-0.008421121165
2.812799930573	-0.008281104267
2.814399957657	-0.008610208519
2.815999984741	-0.009934929200
2.817600011826	-0.009879024699
2.819200038910	-0.009052705020
2.820799827576	-0.010602273047
2.822399854660	-0.010977856815
2.823999881744	-0.010579665191
2.825599908829	-0.009425280616
2.827199935913	-0.008996768855
2.828799962997	-0.009976400994
2.830399990082	-0.009715168737
2.832000017166	-0.007846577093
2.833600044250	-0.009449376725
2.835199832916	-0.010395584628
2.836799860001	-0.010736352764
2.838399887085	-0.011866385117
2.839999914169	-0.010292320512
2.841599941254	-0.010625313036
2.843199968338	-0.009242705069
2.844799995422	-0.007451568730
2.846400022507	-0.010786096565
2.847999811172	-0.011368689127
2.849599838257	-0.008100528270
2.851199865341	-0.010762432590
2.852799892426	-0.008828912862
2.854399919510	-0.009308177046
2.855999946594	-0.009584848769
2.857599973679	-0.012150272727
2.859200000763	-0.010024433024
2.860800027847	-0.009500528686
2.862399816513	-0.008125200868
2.863999843597	-0.009485424496
2.865599870682	-0.008833648637
2.867199897766	-0.009555840865
2.868799924850	-0.009658833034
2.870399951935	-0.010915888473
2.871999979019	-0.008705184795
2.873600006104	-0.009197984822
2.875200033188	-0.010821120813
2.876799821854	-0.008646944538
2.878399848938	-0.008202833124
2.879999876022	-0.008262816817
2.881599903107	-0.010248241015
2.883199930191	-0.008213200606
2.884799957275	-0.008720672689
2.886399984360	-0.009436048567
2.888000011444	-0.009608880617
2.889600038528	-0.008822064847
2.891199827194	-0.007520080544
2.892799854279	-0.009901888669
2.894399881363	-0.009726496413
2.895999908447	-0.009958224371
2.897599935532	-0.010316944681
2.899199962616	-0.008441088721
2.900799989700	-0.008679824881
2.902400016785	-0.009304801002
2.904000043869	-0.009937440977
2.905599832535	-0.007941872813
2.907199859619	-0.010681280866
2.908799886703	-0.010180064477
2.910399913788	-0.008613713086
2.911999940872	-0.009218576364
2.913599967957	-0.007214896847
2.915199995041	-0.009834448807
2.916800022125	-0.008953329176
2.918399810791	-0.009710865095
2.919999837875	-0.009854240343
2.921599864960	-0.007604416460
2.923199892044	-0.007998241112
2.924799919128	-0.010057777166
2.926399946213	-0.010124896653
2.927999973297	-0.008791345172
2.929600000381	-0.009878625162
2.931200027466	-0.011046000756
2.932799816132	-0.009491313249
2.934399843216	-0.008796224371
2.935999870300	-0.010457408614
2.937599897385	-0.008919824846
2.939199924469	-0.008025104180
2.940799951553	-0.009897824377
2.942399978638	-0.009642352350
2.944000005722	-0.010909313336
2.945600032806	-0.009921153076
2.947199821472	-0.009761008434
2.948799848557	-0.009241136722
2.950399875641	-0.008800528944
2.951999902725	-0.009578976780
2.953599929810	-0.011039105244
2.955199956894	-0.009358480573
2.956799983978	-0.010062145069
2.958400011063	-0.010342592373
2.960000038147	-0.007943537086
2.961599826813	-0.008762320504
2.963199853897	-0.008872576989
2.964799880981	-0.010350065306
2.966399908066	-0.009025728330
2.967999935150	-0.008426128887
2.969599962234	-0.008681776933
2.971199989319	-0.009070032276
2.972800016403	-0.010189200751
2.974400043488	-0.009704641066
2.975999832153	-0.009108368307
2.977599859238	-0.009274784476
2.979199886322	-0.008795969188
2.980799913406	-0.009289968759
2.982399940491	-0.008470864967
2.983999967575	-0.007778000552
2.985599994659	-0.007292464841
2.987200021744	-0.011250481009
2.988799810410	-0.010782385245
2.990399837494	-0.009373264387
2.991999864578	-0.009922960773
2.993599891663	-0.009101392701
2.995199918747	-0.008601648733
2.996799945831	-0.010565441102
2.998399972916	-0.009807520546
3.000000000000	-0.010589713231
3.001600027084	-0.008073216304
3.003199815750	-0.011231104843
3.004799842834	-0.009705488570
3.006399869919	-0.009455121122
3.007999897003	-0.009509888478
3.009599924088	-0.010156945325
3.011199951172	-0.009082368575
3.012799978256	-0.010460704565
3.014400005341	-0.009153297171
3.016000032425	-0.009473648854
3.017599821091	-0.009522625245
3.019199848175	-0.007149520796
3.020799875259	-0.010128112510
3.022399902344	-0.010519009084
3.023999929428	-0.011521712877
3.025599956512	-0.010208144784
3.027199983597	-0.009305872954
3.028800010681	-0.009212832898
3.030400037766	-0.009633393027
3.031999826431	-0.008840880357
3.033599853516	-0.009017056786
3.035199880600	-0.009940801188
3.036799907684	-0.009040800855
3.038399934769	-0.010306032375
3.039999961853	-0.008743857034
3.041599988937	-0.009505201131
3.043200016022	-0.009637760930
3.044799804687	-0.008432865143
3.046399831772	-0.012236272916
3.047999858856	-0.010762304999
3.049599885941	-0.009420816787
3.051199913025	-0.008444960229
3.052799940109	-0.009424096905
3.054399967194	-0.011314225383
3.055999994278	-0.009566673078
3.057600021362	-0.009789792821
3.059199810028	-0.009966544807
3.060799837112	-0.009298160672
3.062399864197	-0.009176096879
3.063999891281	-0.009697345085
3.065599918365	-0.008619888686
3.067199945450	-0.009536704980
3.068799972534	-0.010117328726
3.070399999619	-0.010089633055
3.072000026703	-0.009247425012
3.073599815369	-0.010203569196
3.075199842453	-0.009795120917
3.076799869537	-0.009641632438
3.078399896622	-0.009560928680
3.079999923706	-0.010689936578
3.081599950790	-0.007152448408
3.083199977875	-0.010229105130
3.084800004959	-0.009630816989
3.086400032043	-0.009022193030
3.087999820709	-0.009729440324
3.089599847794	-0.009509553201
3.091199874878	-0.009241120890
3.092799901962	-0.009110672399
3.094399929047	-0.008493376896
3.095999956131	-0.010449713096
3.097599983215	-0.009829873219
3.099200010300	-0.009679825045
3.100800037384	-0.009411072358
3.102399826050	-0.009274193086
3.103999853134	-0.010556177236
3.105599880219	-0.008134768344
3.107199907303	-0.010048177093
3.108799934387	-0.010897296481
3.110399961472	-0.008349952288
3.111999988556	-0.009129856713
3.113600015640	-0.008293792605
3.115199804306	-0.008265504614
3.116799831390	-0.010161520913
3.118399858475	-0.008328064345
3.119999885559	-0.009168224409
3.121599912643	-0.010750432499
3.123199939728	-0.009711200371
3.124799966812	-0.009554080665
3.126399993896	-0.009279008955
3.128000020981	-0.010070624761
3.129599809647	-0.009871568531
3.131199836731	-0.010479632765
3.132799863815	-0.009396032430
3.134399890900	-0.010443649255
3.135999917984	-0.008829936385
3.137599945068	-0.008508992381
3.139199972153	-0.009858832695
3.140799999237	-0.008385553025
3.142400026321	-0.009454720654
3.143999814987	-0.009102288634
3.145599842072	-0.008663120680
3.147199869156	-0.010525313206
3.148799896240	-0.010543136857
3.150399923325	-0.009535024874
3.151999950409	-0.009553344920
3.153599977493	-0.010543408804
3.155200004578	-0.008777393028
3.156800031662	-0.008343856782
3.158399820328	-0.011907424778
3.159999847412	-0.009129056707
3.161599874496	-0.008310113102
3.163199901581	-0.008685456589
3.164799928665	-0.009584977292
3.166399955750	-0.008366464637
3.167999982834	-0.009479200467
3.169600009918	-0.011245937087
3.171200037003	-0.010995873250
3.172799825668	-0.010440336540
3.174399852753	-0.009822432883
3.175999879837	-0.011226928793
3.177599906921	-0.008572384715
3.179199934006	-0.009643793106
3.180799961090	-0.009728720412
3.182399988174	-0.009914416820
3.184000015259	-0.008855776861
3.185599803925	-0.010448625311
3.187199831009	-0.010772624984
3.188799858093	-0.008359552361
3.190399885178	-0.009948416613
3.191999912262	-0.009768480435
3.193599939346	-0.009245488793
3.195199966431	-0.010295520537
3.196799993515	-0.010343696922
3.198400020599	-0.009035089053
3.199999809265	-0.010283281095
3.201599836349	-0.010815776885
3.203199863434	-0.010414352641
3.204799890518	-0.009426016361
3.206399917603	-0.009245809168
3.207999944687	-0.010116096586
3.209599971771	-0.009541808628
3.211199998856	-0.010543152690
3.212800025940	-0.008821601048
3.214399814606	-0.010627456941
3.215999841690	-0.008830544539
3.217599868774	-0.010346144438
3.219199895859	-0.009940977208
3.220799922943	-0.010454176925
3.222399950027	-0.008366689086
3.223999977112	-0.010424832813
3.225600004196	-0.008332625031
3.227200031281	-0.010504401289
3.228799819946	-0.010680672713
3.230399847031	-0.009773056954
3.231999874115	-0.010220545344
3.233599901199	-0.010473760776
3.235199928284	-0.007692128886
3.236799955368	-0.009502064437
3.238399982452	-0.010464448482
3.240000009537	-0.008496704511
3.241600036621	-0.011348049156
3.243199825287	-0.010224305093
3.244799852371	-0.008815504611
3.246399879456	-0.010143136606
3.247999906540	-0.008867937140
3.249599933624	-0.010019248351
3.251199960709	-0.010788240470
3.252799987793	-0.010020400397
3.254400014877	-0.008400512859
3.255999803543	-0.007863232866
3.257599830627	-0.011894688942
3.259199857712	-0.007316256408
3.260799884796	-0.007836096920
3.262399911880	-0.009951841086
3.263999938965	-0.008498848416
3.265599966049	-0.009730288759
3.267199993134	-0.012513920665
3.268800020218	-0.009225793183
3.270399808884	-0.011709616520
3.271999835968	-0.009478609078
3.273599863052	-0.009662737139
3.275199890137	-0.009771456942
3.276799917221	-0.008329728618
3.278399944305	-0.009285648353
3.279999971390	-0.009379616939
3.281599998474	-0.009447377175
3.283200025558	-0.010563264601
3.284799814224	-0.009770128876
3.286399841309	-0.009739184752
3.287999868393	-0.009874369018
3.289599895477	-0.008920016699
3.291199922562	-0.009605424479
3.292799949646	-0.010666497052
3.294399976730	-0.007980672643
3.296000003815	-0.008558944799
3.297600030899	-0.010245488957
3.299199819565	-0.009108048864
3.300799846649	-0.009117648937
3.302399873734	-0.009699456394
3.303999900818	-0.009747857228
3.305599927902	-0.008510064334
3.307199954987	-0.009032352827
3.308799982071	-0.009926464409
3.310400009155	-0.008104817010
3.311999797821	-0.010051872581
3.313599824905	-0.010202352889
3.315199851990	-0.008463264443
3.316799879074	-0.010519952513
3.318399906158	-0.010073584504
3.319999933243	-0.009879073128
3.321599960327	-0.009742672555
3.323199987411	-0.009168416262
3.324800014496	-0.010465248488
3.326399803162	-0.011233297177
3.327999830246	-0.009213697165
3.329599857330	-0.010360720567
3.331199884415	-0.010368160903
3.332799911499	-0.010630193166
3.334399938583	-0.009699393064
3.335999965668	-0.009384832345
3.337599992752	-0.008620880544
3.339200019836	-0.009375360794
3.340799808502	-0.011625424959
3.342399835587	-0.009911872447
3.343999862671	-0.009849024937
3.345599889755	-0.010283872485
3.347199916840	-0.010545984842
3.348799943924	-0.009700864553
3.350399971008	-0.009627024643
3.351999998093	-0.009902128950
3.353600025177	-0.009089328349
3.355199813843	-0.009514656849
3.356799840927	-0.009801840410
3.358399868011	-0.009052016772
3.359999895096	-0.009912656620
3.361599922180	-0.009289120324
3.363199949265	-0.010184912942
3.364799976349	-0.008354896680
3.366400003433	-0.009773792699
3.368000030518	-0.011232753284
3.369599819183	-0.010419361293
3.371199846268	-0.008765680715
3.372799873352	-0.011135249399
3.374399900436	-0.009213777259
3.375999927521	-0.011045793071
3.377599954605	-0.010190272704
3.379199981689	-0.010189200751
3.380800008774	-0.009365729056
3.382399797440	-0.010971552692
3.383999824524	-0.011350273155
3.385599851608	-0.009827649221
3.387199878693	-0.008337104693
3.388799905777	-0.010498032905
3.390399932861	-0.011963953264
3.391999959946	-0.010809840634
3.393599987030	-0.009161328897
3.395200014114	-0.009714945219
3.396799802780	-0.009689120576
3.398399829865	-0.010764865205
3.399999856949	-0.009370064363
3.401599884033	-0.010818401352
3.403199911118	-0.011731857434
3.404799938202	-0.010599616915
3.406399965286	-0.010620321147
3.407999992371	-0.009762208909
3.409600019455	-0.010641904548
3.411199808121	-0.010724640451
3.412799835205	-0.010658144951
3.414399862289	-0.010580416769
3.415999889374	-0.009930481203
3.417599916458	-0.008716480806
3.419199943542	-0.010891985148
3.420799970627	-0.010924608447
3.422399997711	-0.012134000659
3.424000024796	-0.009286864661
3.425599813461	-0.009707616642
3.427199840546	-0.010288529098
3.428799867630	-0.011509393342
3.430399894714	-0.009422465228
3.431999921799	-0.009977457114
3.433599948883	-0.010632624850
3.435199975967	-0.009973920882
3.436800003052	-0.009558992460
3.438400030136	-0.010001760907
3.439999818802	-0.010591505095
3.441599845886	-0.009168192744
3.443199872971	-0.010199600831
3.444799900055	-0.010515169241
3.446399927139	-0.009220001288
3.447999954224	-0.010064288974
3.449599981308	-0.010341889225
3.451200008392	0.014041408896
