0.000000000000	0.028241809458
0.001599999960	0.026606738567
0.003199999919	0.026815537363
0.004799999762	0.025764897466
0.006399999838	0.026605570689
0.007999999449	0.025963362306
0.009599999525	0.025083858520
0.011199999601	0.023896433413
0.012799999677	0.022914562374
0.014399999753	0.022667329758
0.015999998897	0.023334002122
0.017599999905	0.021959489211
0.019199999049	0.021235058084
0.020800000057	0.019390081987
0.022399999201	0.020052498206
0.024000000209	0.020861970261
0.025599999353	0.018696641549
0.027199998498	0.017746722326
0.028799999505	0.019559457898
0.030399998650	0.019443824887
0.031999997795	0.018682962283
0.033599998802	0.018010625616
0.035199999809	0.018077393994
0.036800000817	0.018933553249
0.038399998099	0.017592528835
0.039999999106	0.017564769834
0.041600000113	0.017100065947
0.043199997395	0.016857026145
0.044799998403	0.016714962199
0.046399999410	0.017291041091
0.048000000417	0.016778193414
0.049599997699	0.014987137169
0.051199998707	0.015962192789
0.052799999714	0.017769858241
0.054399996996	0.016448769718
0.055999998003	0.015080849640
0.057599999011	0.015300113708
0.059200000018	0.014614081010
0.060799997300	0.015623809770
0.062399998307	0.015635633841
0.063999995589	0.014922801405
0.065600000322	0.015432257205
0.067199997604	0.014642257243
0.068799994886	0.015929682180
0.070399999619	0.015531505458
0.071999996901	0.014170257375
0.073600001633	0.012716689147
0.075199998915	0.015192481689
0.076799996197	0.014943216927
0.078400000930	0.013981169090
0.079999998212	0.012815712951
0.081599995494	0.014743792824
0.083200000226	0.013404129073
0.084799997509	0.015279617161
0.086399994791	0.013834273443
0.087999999523	0.013375889510
0.089599996805	0.014071648940
0.091199994087	0.014449489303
0.092799998820	0.014930289239
0.094399996102	0.012966801412
0.096000000834	0.012586576864
0.097599998116	0.013098512776
0.099199995399	0.014481169172
0.100800000131	0.012600368820
0.102399997413	0.012411377393
0.103999994695	0.013085152954
0.105599999428	0.014343281277
0.107199996710	0.014414353296
0.108799993992	0.012631168589
0.110399998724	0.013332593255
0.111999996006	0.012682480738
0.113600000739	0.014291280881
0.115199998021	0.012452816591
0.116799995303	0.012402976863
0.118400000036	0.013432096690
0.119999997318	0.012577457353
0.121599994600	0.013809185475
0.123199999332	0.012766448781
0.124799996614	0.012670720927
0.126399993896	0.013392257504
0.127999991179	0.012357904576
0.129600003362	0.013481377624
0.131200000644	0.013438529335
0.132799997926	0.012060929090
0.134399995208	0.013047601096
0.135999992490	0.012734768912
0.137599989772	0.013641441241
0.139200001955	0.013076209463
0.140799999237	0.011389008723
0.142399996519	0.013473984785
0.143999993801	0.012764897197
0.145599991083	0.012572849169
0.147200003266	0.012995664962
0.148800000548	0.012230385095
0.150399997830	0.011589441448
0.151999995112	0.013601873070
0.153599992394	0.012905697338
0.155199989676	0.011401792988
0.156800001860	0.011647152714
0.158399999142	0.013585712761
0.159999996424	0.012372257188
0.161599993706	0.012349057011
0.163199990988	0.012261665426
0.164800003171	0.011743552983
0.166400000453	0.012332033366
0.167999997735	0.011636736803
0.169599995017	0.013168704696
0.171199992299	0.011510657147
0.172799989581	0.010590433143
0.174400001764	0.010941425338
0.175999999046	0.011439329013
0.177599996328	0.010374304838
0.179199993610	0.011508368887
0.180799990892	0.011810384691
0.182399988174	0.010827776976
0.184000000358	0.011737201363
0.185599997640	0.011777744628
0.187199994922	0.010185392573
0.188799992204	0.012158401310
0.190399989486	0.012524832971
0.192000001669	0.010058528744
0.193599998951	0.012218897231
0.195199996233	0.011203024536
0.196799993515	0.010523840785
0.198399990797	0.012483200990
0.199999988079	0.010826000944
0.201600000262	0.011031025089
0.203199997544	0.011830848642
0.204799994826	0.011612560600
0.206399992108	0.012595009059
0.207999989390	0.010385408998
0.209600001574	0.011346032843
0.211199998856	0.009927040897
0.212799996138	0.011654544622
0.214399993420	0.010628241114
0.215999990702	0.010755376890
0.217599987984	0.010259936564
0.219200000167	0.009777233005
0.220799997449	0.011417104863
0.222399994731	0.011037392542
0.223999992013	0.011202896945
0.225599989295	0.010871361010
0.227200001478	0.011103585362
0.228799998760	0.009794272482
0.230399996042	0.013124369085
0.231999993324	0.010228880681
0.233599990606	0.009345120750
0.235199987888	0.010690513067
0.236800000072	0.009943424724
0.238399997354	0.010340720415
0.239999994636	0.011123009026
0.241599991918	0.008282449096
0.243199989200	0.010463217273
0.244799986482	0.010125457309
0.246399998665	0.011496832594
0.247999995947	0.009576256387
0.249599993229	0.008800144307
0.251199990511	0.009161313064
0.252799987793	0.010470112786
0.254399985075	0.009483600967
0.255999982357	0.009319840930
0.257599979639	0.009435952641
0.259200006723	0.010920545086
0.260800004005	0.010197472759
0.262400001287	0.010463313200
0.263999998569	0.009918704629
0.265599995852	0.008896912448
0.267199993134	0.010122832842
0.268799990416	0.010461441241
0.270399987698	0.009578497149
0.271999984980	0.009460993111
0.273599982262	0.008528080769
0.275199979544	0.009499472566
0.276800006628	0.009744497016
0.278400003910	0.008659424260
0.280000001192	0.008656688966
0.281599998474	0.008799185045
0.283199995756	0.008664032444
0.284799993038	0.009126656689
0.286399990320	0.007281968836
0.287999987602	0.008847280405
0.289599984884	0.009094800800
0.291199982166	0.010176977143
0.292799979448	0.009044304490
0.294400006533	0.008400720544
0.296000003815	0.008389712311
0.297600001097	0.008986944333
0.299199998379	0.009091825224
0.300799995661	0.008854016662
0.302399992943	0.007636576425
0.303999990225	0.009403504431
0.305599987507	0.009016849101
0.307199984789	0.009525456466
0.308799982071	0.007982224226
0.310399979353	0.007318400778
0.312000006437	0.008042944595
0.313600003719	0.009031889029
0.315200001001	0.008458657190
0.316799998283	0.008996176533
0.318399995565	0.007764672861
0.319999992847	0.008877488784
0.321599990129	0.009253504686
0.323199987411	0.009060944431
0.324799984694	0.008789056912
0.326399981976	0.006980240811
0.327999979258	0.007543712389
0.329600006342	0.007590656634
0.331200003624	0.007609040476
0.332800000906	0.006600032561
0.334399998188	0.007878640667
0.335999995470	0.007601408754
0.337599992752	0.008359745145
0.339199990034	0.006679120474
0.340799987316	0.006548224483
0.342399984598	0.007026544772
0.343999981880	0.006869888399
0.345599979162	0.006782064680
0.347199976444	0.007994337007
0.348800003529	0.006346864626
0.350400000811	0.006041760556
0.351999998093	0.006862496492
0.353599995375	0.008186656982
0.355199992657	0.005975680426
0.356799989939	0.006124960259
0.358399987221	0.006325168535
0.359999984503	0.006869456731
0.361599981785	0.006069728639
0.363199979067	0.007673216518
0.364799976349	0.007404384669
0.366400003433	0.006655984558
0.368000000715	0.007072480395
0.369599997997	0.006136944517
0.371199995279	0.005300688557
0.372799992561	0.005951312371
0.374399989843	0.006630704738
0.375999987125	0.007527488749
0.377599984407	0.007387776859
0.379199981689	0.006858736742
0.380799978971	0.006326176692
0.382399976254	0.007094256580
0.384000003338	0.008019696921
0.385600000620	0.007476720493
0.387199997902	0.005570928566
0.388799995184	0.007176016457
0.390399992466	0.006183856633
0.391999989748	0.007412864827
0.393599987030	0.005411408376
0.395199984312	0.004254528321
0.396799981594	0.007037904579
0.398399978876	0.007416032720
0.399999976158	0.005952368490
0.401600003242	0.004714176524
0.403200000525	0.006267552730
0.404799997807	0.005429456476
0.406399995089	0.007373008411
0.407999992371	0.007715216838
0.409599989653	0.005421392620
0.411199986935	0.006381936371
0.412799984217	0.006730544381
0.414399981499	0.006083568558
0.415999978781	0.005693360697
0.417599976063	0.006425104570
0.419200003147	0.005588096566
0.420800000429	0.005382400472
0.422399997711	0.006110960618
0.423999994993	0.005654912442
0.425599992275	0.004781968426
0.427199989557	0.005474432372
0.428799986839	0.004279168323
0.430399984121	0.005942304619
0.431999981403	0.005252720322
0.433599978685	0.004293360282
0.435199975967	0.005683616269
0.436800003052	0.006053552497
0.438400000334	0.004618448205
0.439999997616	0.002410464222
0.441599994898	0.004779616371
0.443199992180	0.004707680549
0.444799989462	0.005016672425
0.446399986744	0.004624496214
0.447999984026	0.003590560285
0.449599981308	0.004325968213
0.451199978590	0.005662976298
0.452799975872	0.004620464519
0.454400002956	0.004773024470
0.456000000238	0.003165136324
0.457599997520	0.004707072396
0.459199994802	0.005426752381
0.460799992085	0.005856512580
0.462399989367	0.005489792675
0.463999986649	0.003440864151
0.465599983931	0.003990784287
0.467199981213	0.004251616541
0.468799978495	0.004340768326
0.470399975777	0.003972848412
0.472000002861	0.004243056290
0.473600000143	0.005036832299
0.475199997425	0.005387472454
0.476799994707	0.004573552404
0.478399991989	0.004210784100
0.479999989271	0.004293472506
0.481599986553	0.006129456684
0.483199983835	0.004651504569
0.484799981117	0.005243440624
0.486399978399	0.002986240201
0.487999975681	0.004642176442
0.489599972963	0.005856768228
0.491200000048	0.005010496359
0.492799997330	0.002798352158
0.494399994612	0.003154512262
0.495999991894	0.004243872594
0.497599989176	0.005093872547
0.499199986458	0.005410400219
0.500800013542	0.004539936315
0.502399981022	0.004269232508
0.504000008106	0.004856192507
0.505599975586	0.004138416145
0.507200002670	0.004633552395
0.508799970150	0.002735072281
0.510399997234	0.003811712377
0.511999964714	0.003714752384
0.513599991798	0.003715248313
0.515199959278	0.004041712265
0.516799986362	0.003723136382
0.518400013447	0.003796096426
0.519999980927	0.003021168290
0.521600008011	0.003885712242
0.523199975491	0.003157584229
0.524800002575	0.004220192321
0.526399970055	0.002784960205
0.527999997139	0.002796896268
0.529599964619	0.003202928230
0.531199991703	0.003832944436
0.532799959183	0.001682400121
0.534399986267	0.002378528239
0.536000013351	0.003537600394
0.537599980831	0.002766000340
0.539200007915	0.003018496325
0.540799975395	0.002738560084
0.542400002480	0.002236912260
0.543999969959	0.002802320290
0.545599997044	0.003231824376
0.547199964523	0.003167904215
0.548799991608	0.002213872271
0.550399959087	0.002955712145
0.551999986172	0.001399696106
0.553600013256	0.003657520283
0.555199980736	0.002495168243
0.556800007820	0.002435104223
0.558399975300	0.003143840237
0.560000002384	0.002831088146
0.561599969864	0.003471664386
0.563199996948	0.002425728133
0.564799964428	0.001074160100
0.566399991512	0.000822144037
0.567999958992	0.002868288197
0.569599986076	0.002666720189
0.571200013161	0.001354016131
0.572799980640	0.001792848227
0.574400007725	0.001775712124
0.575999975204	0.002536784159
0.577600002289	0.002980832243
0.579199969769	0.002024880145
0.580799996853	0.001873600180
0.582399964333	0.003052384127
0.583999991417	0.002734640148
0.585599958897	0.002086848021
0.587199985981	0.002004800132
0.588800013065	0.001158176106
0.590399980545	0.002788880141
0.592000007629	0.002256224165
0.593599975109	0.000266991992
0.595200002193	0.001311504166
0.596799969673	0.002169728279
0.598399996758	0.001725792186
0.599999964237	0.001924304175
0.601599991322	0.000957808108
0.603199958801	0.003935936373
0.604799985886	0.000584592053
0.606400012970	0.001653296174
0.607999980450	0.001483824104
0.609600007534	0.000421744015
0.611199975014	0.000127247986
0.612800002098	0.002182768192
0.614399969578	0.001395168132
0.615999996662	0.000979312113
0.617599964142	0.000036176014
0.619199991226	0.000695776078
0.620799958706	0.001479904167
0.622399985790	0.000931792078
0.624000012875	0.001001296099
0.625599980354	-0.000159167990
0.627200007439	0.001782128122
0.628799974918	0.001498144120
0.630400002003	0.001934784232
0.631999969482	0.001488816109
0.633599996567	-0.001234464115
0.635199964046	0.000167807972
0.636799991131	0.002208064310
0.638399958611	-0.000202224051
0.639999985695	0.000563744048
0.641600012779	-0.000095712014
0.643199980259	0.000852624071
0.644800007343	0.000325376051
0.646399974823	0.002496016212
0.648000001907	-0.000882480061
0.649599969387	0.000294976024
0.651199996471	0.000184944045
0.652799963951	0.001320672105
0.654399991035	-0.000576224062
0.655999958515	0.000304224028
0.657599985600	0.002476960188
0.659200012684	0.001034880057
0.660799980164	0.001696432126
0.662400007248	-0.000051152030
0.663999974728	0.000606144022
0.665600001812	0.000143615980
0.667199969292	-0.000228208024
0.668799996376	0.000499280053
0.670399963856	-0.000408528023
0.671999990940	-0.000840080087
0.673599958420	-0.000431104098
0.675199985504	-0.000282719993
0.676800012589	-0.000995856128
0.678399980068	-0.001618352137
0.680000007153	0.000057567977
0.681599974632	0.000779952097
0.683200001717	-0.000544864102
0.684799969196	-0.000718976080
0.686399996281	-0.000609824026
0.687999963760	-0.001125344075
0.689599990845	-0.001099296147
0.691199958324	0.000037936014
0.692799985409	-0.001035904163
0.694399952888	-0.001323376084
0.695999979973	-0.000090032059
0.697600007057	-0.000061312036
0.699199974537	-0.000308287999
0.700800001621	-0.002383712213
0.702399969101	-0.000123248028
0.703999996185	-0.001515664160
0.705599963665	-0.000255424035
0.707199990749	-0.002418800257
0.708799958229	-0.000635280041
0.710399985313	-0.000764512049
0.711999952793	-0.001486992114
0.713599979877	0.000038144022
0.715200006962	-0.001105824136
0.716799974442	-0.001330688130
0.718400001526	-0.001042000134
0.719999969006	-0.000329872069
0.721599996090	-0.001500336220
0.723199963570	-0.000588288065
0.724799990654	-0.001142400084
0.726399958134	0.000014944013
0.727999985218	-0.000317664031
0.729599952698	-0.001957248198
0.731199979782	-0.001205248060
0.732800006866	-0.000219168069
0.734399974346	-0.000673728122
0.736000001431	-0.001648336183
0.737599968910	-0.001501120161
0.739199995995	-0.000761680072
0.740799963474	-0.002297968138
0.742399990559	-0.001294656191
0.743999958038	-0.000763408025
0.745599985123	-0.001857328229
0.747199952602	-0.002518752124
0.748799979687	-0.001387440134
0.750400006771	-0.002318384126
0.751999974251	-0.001941216178
0.753600001335	-0.000454367982
0.755199968815	-0.001286816085
0.756799995899	-0.001290080138
0.758399963379	-0.000613152049
0.759999990463	-0.001787392190
0.761599957943	-0.000693520065
0.763199985027	-0.002697568154
0.764799952507	-0.001035952126
0.766399979591	-0.001411152072
0.768000006676	-0.002570832148
0.769599974155	-0.002399504185
0.771200001240	-0.003011888359
0.772799968719	-0.002321040258
0.774399995804	-0.002242544200
0.775999963284	-0.001243344159
0.777599990368	-0.002029008232
0.779199957848	-0.001763760112
0.780799984932	-0.002169024199
0.782399952412	-0.000376911979
0.783999979496	-0.001587136183
0.785600006580	-0.001231104136
0.787199974060	-0.003763584187
0.788800001144	-0.002441200195
0.790399968624	-0.001457888167
0.791999995708	-0.001287056133
0.793599963188	-0.003917152062
0.795199990273	-0.003161312314
0.796799957752	-0.002714672359
0.798399984837	-0.001034832094
0.799999952316	-0.002904112218
0.801599979401	-0.003112656297
0.803200006485	-0.002327008173
0.804799973965	-0.002240944188
0.806400001049	-0.001952192280
0.807999968529	-0.002966720378
0.809599995613	-0.002234256128
0.811199963093	-0.002348688198
0.812799990177	-0.001147920149
0.814399957657	-0.000969712099
0.815999984741	-0.003478032304
0.817599952221	-0.001962768147
0.819199979305	-0.001789024100
0.820800006390	-0.002586832270
0.822399973869	-0.001843360136
0.824000000954	-0.002952880226
0.825599968433	-0.002337264130
0.827199995518	-0.001948128105
0.828799962997	-0.004115008283
0.830399990082	-0.001856896095
0.831999957561	-0.003035088303
0.833599984646	-0.004693696275
0.835199952126	-0.002971440321
0.836799979210	-0.001579280128
0.838400006294	-0.002529280260
0.839999973774	-0.003609680338
0.841600000858	-0.002887344221
0.843199968338	-0.003084624186
0.844799995422	-0.003290816210
0.846399962902	-0.004456272349
0.847999989986	-0.005711184349
0.849599957466	-0.002293216297
0.851199984550	-0.003258128185
0.852799952030	-0.002575760242
0.854399979115	-0.002475760179
0.856000006199	-0.004304800183
0.857599973679	-0.003730112221
0.859200000763	-0.002121312311
0.860799968243	-0.002422288293
0.862399995327	-0.004249120131
0.863999962807	-0.002399024088
0.865599989891	-0.003723344300
0.867199957371	-0.003998032305
0.868799984455	-0.002591328230
0.870399951935	-0.005293024238
0.871999979019	-0.003426912241
0.873600006104	-0.003101232229
0.875199973583	-0.003384160344
0.876800000668	-0.003810272319
0.878399968147	-0.005107584409
0.879999995232	-0.002924192231
0.881599962711	-0.003128688317
0.883199989796	-0.001918880153
0.884799957275	-0.004311712459
0.886399984360	-0.005453216378
0.887999951839	-0.003605248174
0.889599978924	-0.003763488261
0.891200006008	-0.002578448271
0.892799973488	-0.004466528539
0.894400000572	-0.002625648165
0.895999968052	-0.002438848140
0.897599995136	-0.002711248118
0.899199962616	-0.003769264324
0.900799989700	-0.004110608250
0.902399957180	-0.003103520256
0.903999984264	-0.003846688196
0.905599951744	-0.003571552224
0.907199978828	-0.004656304140
0.908800005913	-0.003247104352
0.910399973392	-0.003199200379
0.912000000477	-0.004168000538
0.913599967957	-0.004481040407
0.915199995041	-0.002551296260
0.916799962521	-0.004929024260
0.918399989605	-0.003140384331
0.919999957085	-0.003501664381
0.921599984169	-0.004704288207
0.923199951649	-0.004051840398
0.924799978733	-0.004404544365
0.926400005817	-0.005683344323
0.927999973297	-0.003946928307
0.929600000381	-0.004749264568
0.931199967861	-0.005402288400
0.932799994946	-0.004881328437
0.934399962425	-0.004104784224
0.935999989510	-0.003937744536
0.937599956989	-0.004802832380
0.939199984074	-0.003928512335
0.940799951553	-0.004838208202
0.942399978638	-0.003749328433
0.944000005722	-0.004066224210
0.945599973202	-0.003086544340
0.947200000286	-0.005687984638
0.948799967766	-0.005106512457
0.950399994850	-0.004994864576
0.951999962330	-0.004453824367
0.953599989414	-0.006330032367
0.955199956894	-0.005391712300
0.956799983978	-0.003812144278
0.958399951458	-0.004192960449
0.959999978542	-0.004061344545
0.961599946022	-0.005489664618
0.963199973106	-0.003849552246
0.964800000191	-0.004003440496
0.966399967670	-0.004229248501
0.967999994755	-0.003649664344
0.969599962234	-0.005741424393
0.971199989319	-0.005483648274
0.972799956799	-0.005406864453
0.974399983883	-0.005838528741
0.975999951363	-0.002901040250
0.977599978447	-0.005725424271
0.979199945927	-0.004391888622
0.980799973011	-0.003930256236
0.982400000095	-0.005346112419
0.983999967575	-0.005960160401
0.985599994659	-0.006181328557
0.987199962139	-0.006880704314
0.988799989223	-0.005708848592
0.990399956703	-0.007024528459
0.991999983788	-0.004741280340
0.993599951267	-0.006091936491
0.995199978352	-0.004494880326
0.996799945831	-0.006290992722
0.998399972916	-0.004910192452
1.000000000000	-0.007106704637
1.001600027084	-0.007245728746
1.003199934959	-0.005985440686
1.004799962044	-0.005139520392
1.006399989128	-0.006111776456
1.008000016212	-0.006804096512
1.009599924088	-0.005315600429
1.011199951172	-0.005542352330
1.012799978256	-0.006058176514
1.014400005341	-0.005487616640
1.016000032425	-0.005998800509
1.017599940300	-0.004723232239
1.019199967384	-0.005551360548
1.020799994469	-0.007061008364
1.022400021553	-0.004645936191
1.023999929428	-0.007187792566
1.025599956512	-0.006439088378
1.027199983597	-0.005075104535
1.028800010681	-0.005641888361
1.030399918556	-0.005684048403
1.031999945641	-0.006860672496
1.033599972725	-0.005707264412
1.035199999809	-0.007326144725
1.036800026894	-0.004599392414
1.038399934769	-0.006881568581
1.039999961853	-0.007017760538
1.041599988937	-0.005495984573
1.043200016022	-0.007157648448
1.044799923897	-0.005427728407
1.046399950981	-0.005886784289
1.047999978065	-0.006583072711
1.049600005150	-0.006187376566
1.051200032234	-0.005928128492
1.052799940109	-0.005919008516
1.054399967194	-0.005407664459
1.055999994278	-0.006181184668
1.057600021362	-0.005268880632
1.059199929237	-0.005624608602
1.060799956322	-0.005932160653
1.062399983406	-0.005197072402
1.064000010490	-0.003874576418
1.065599918365	-0.005474480335
1.067199945450	-0.007204304449
1.068799972534	-0.007283568382
1.070399999619	-0.007067168597
1.072000026703	-0.006441600621
1.073599934578	-0.005963312462
1.075199961662	-0.007452112623
1.076799988747	-0.005687824450
1.078400015831	-0.007829488255
1.079999923706	-0.004965568427
1.081599950790	-0.004888944328
1.083199977875	-0.006901712622
1.084800004959	-0.006792848464
1.086400032043	-0.006370960269
1.087999939919	-0.005730176345
1.089599967003	-0.007309968583
1.091199994087	-0.004706944339
1.092800021172	-0.007237424608
1.094399929047	-0.006333024707
1.095999956131	-0.007767264731
1.097599983215	-0.005673888605
1.099200010300	-0.007887152955
1.100799918175	-0.006693152711
1.102399945259	-0.007058960386
1.103999972343	-0.005884496495
1.105599999428	-0.007259280421
1.107200026512	-0.007465968840
1.108799934387	-0.006784048397
1.110399961472	-0.006033504382
1.111999988556	-0.006769632455
1.113600015640	-0.004378224257
1.115199923515	-0.006637664512
1.116799950600	-0.006353152450
1.118399977684	-0.007086416706
1.120000004768	-0.007295600604
1.121599912643	-0.005983632524
1.123199939728	-0.006155968644
1.124799966812	-0.006535808556
1.126399993896	-0.008336897008
1.128000020981	-0.007321744692
1.129599928856	-0.005516704638
1.131199955940	-0.007372128777
1.132799983025	-0.007135872729
1.134400010109	-0.006899824832
1.135999917984	-0.006281024311
1.137599945068	-0.006288112607
1.139199972153	-0.009072544985
1.140799999237	-0.006875280757
1.142400026321	-0.005432528444
1.143999934196	-0.006271520630
1.145599961281	-0.006297088694
1.147199988365	-0.006641904823
1.148800015450	-0.007286432665
1.150399923325	-0.008423104882
1.151999950409	-0.006045072339
1.153599977493	-0.005327200517
1.155200004578	-0.007977904752
1.156799912453	-0.007098864764
1.158399939537	-0.006629456766
1.159999966621	-0.008261457086
1.161599993706	-0.007764464710
1.163200020790	-0.007192720659
1.164799928665	-0.008230896667
1.166399955750	-0.007079408504
1.167999982834	-0.007530368399
1.169600009918	-0.007408016827
1.171199917793	-0.007790448610
1.172799944878	-0.007234384771
1.174399971962	-0.007057760376
1.175999999046	-0.006998912431
1.177600026131	-0.008405872621
1.179199934006	-0.006761248689
1.180799961090	-0.007199376822
1.182399988174	-0.006393600721
1.184000015259	-0.007823824883
1.185599923134	-0.007411264814
1.187199950218	-0.008639520966
1.188799977303	-0.007329968736
1.190400004387	-0.006790976506
1.191999912262	-0.007354976609
1.193599939346	-0.008366672322
1.195199966431	-0.006767440587
1.196799993515	-0.007139696740
1.198400020599	-0.007478720509
1.199999928474	-0.007317280397
1.201599955559	-0.007625008468
1.203199982643	-0.007563632447
1.204800009727	-0.007851808332
1.206399917603	-0.008267536759
1.207999944687	-0.007688672747
1.209599971771	-0.007981408387
1.211199998856	-0.007677440532
1.212800025940	-0.008344160393
1.214399933815	-0.009098896757
1.215999960899	-0.008323888294
1.217599987984	-0.007805648725
1.219200015068	-0.007149744313
1.220799922943	-0.006958816666
1.222399950027	-0.007954720408
1.223999977112	-0.007501520682
1.225600004196	-0.008405569009
1.227199912071	-0.008164049126
1.228799939156	-0.009021840990
1.230399966240	-0.007370560430
1.231999993324	-0.008864256553
1.233600020409	-0.007408608682
1.235199928284	-0.005068160594
1.236799955368	-0.007281632628
1.238399982452	-0.009447600693
1.240000009537	-0.008273344487
1.241599917412	-0.007268704474
1.243199944496	-0.006684144493
1.244799971581	-0.007225360721
1.246399998665	-0.008680192754
1.248000025749	-0.008656304330
1.249599933624	-0.007405184675
1.251199960709	-0.006757040508
1.252799987793	-0.007142176852
1.254400014877	-0.007171184756
1.255999922752	-0.008019024506
1.257599949837	-0.008386112750
1.259199976921	-0.007409408689
1.260800004005	-0.007099312730
1.262399911880	-0.007805728819
1.263999938965	-0.008135120384
1.265599966049	-0.008827616461
1.267199993134	-0.008673520759
1.268800020218	-0.009466080926
1.270399928093	-0.008259712718
1.271999955177	-0.008934176527
1.273599982262	-0.008797808550
1.275200009346	-0.009225265123
1.276799917221	-0.008740385063
1.278399944305	-0.008673184551
1.279999971390	-0.006784496363
1.281599998474	-0.008150464855
1.283200025558	-0.009503296576
1.284799933434	-0.009423440322
1.286399960518	-0.010126545094
1.287999987602	-0.006973760668
1.289600014687	-0.007638368756
1.291199922562	-0.008191312663
1.292799949646	-0.009900032543
1.294399976730	-0.007234560791
1.296000003815	-0.008758304641
1.297599911690	-0.008508608676
1.299199938774	-0.009095217101
1.300799965858	-0.008794848807
1.302399992943	-0.010507456958
1.304000020027	-0.008176128380
1.305599927902	-0.009580400772
1.307199954987	-0.009161168709
1.308799982071	-0.007743824739
1.310400009155	-0.007617696654
1.311999917030	-0.009295776486
1.313599944115	-0.008653072640
1.315199971199	-0.009644160978
1.316799998283	-0.008921056986
1.318400025368	-0.008492416702
1.319999933243	-0.009510960430
1.321599960327	-0.008638256229
1.323199987411	-0.008470673114
1.324800014496	-0.008467888460
1.326399922371	-0.010343552567
1.327999949455	-0.008099152707
1.329599976540	-0.008325696923
1.331200003624	-0.009444977157
1.332799911499	-0.010107648559
1.334399938583	-0.007378816605
1.335999965668	-0.010560064577
1.337599992752	-0.008605248295
1.339200019836	-0.008276976645
1.340799927711	-0.009403136559
1.342399954796	-0.010042720474
1.343999981880	-0.010044353083
1.345600008965	-0.009199905209
1.347199916840	-0.008522496559
1.348799943924	-0.008488128893
1.350399971008	-0.009744673036
1.351999998093	-0.010447680950
1.353600025177	-0.008854912594
1.355199933052	-0.008950768970
1.356799960136	-0.007098592818
1.358399987221	-0.008572016843
1.360000014305	-0.009624577127
1.361599922180	-0.009503488429
1.363199949265	-0.007366048638
1.364799976349	-0.008229824714
1.366400003433	-0.008501600474
1.367999911308	-0.009753232822
1.369599938393	-0.008998768404
1.371199965477	-0.008823760785
1.372799992561	-0.008090864867
1.374400019646	-0.009970048442
1.375999927521	-0.008417952806
1.377599954605	-0.006888368633
1.379199981689	-0.008542592637
1.380800008774	-0.009341089055
1.382399916649	-0.007842768915
1.383999943733	-0.007576672826
1.385599970818	-0.010076848790
1.387199997902	-0.008929200470
1.388799905777	-0.010590529069
1.390399932861	-0.009052416310
1.391999959946	-0.010492753237
1.393599987030	-0.009309216402
1.395200014114	-0.009786576964
1.396799921989	-0.009228097275
1.398399949074	-0.009472913109
1.399999976158	-0.009554240853
1.401600003242	-0.009516720660
1.403199911118	-0.011138641275
1.404799938202	-0.008928257041
1.406399965286	-0.009565073065
1.407999992371	-0.010180449113
1.409600019455	-0.009697488509
1.411199927330	-0.009786752984
1.412799954414	-0.009395568632
1.414399981499	-0.008988913149
1.416000008583	-0.009208801202
1.417599916458	-0.009123520926
1.419199943542	-0.010977185331
1.420799970627	-0.008927185088
1.422399997711	-0.010032720864
1.423999905586	-0.009285585023
1.425599932671	-0.008454544470
1.427199959755	-0.009689345025
1.428799986839	-0.010044065304
1.430400013924	-0.007312880829
1.431999921799	-0.010501696728
1.433599948883	-0.009327984415
1.435199975967	-0.011272417381
1.436800003052	-0.007632976864
1.438399910927	-0.009472721256
1.439999938011	-0.009982400574
1.441599965096	-0.009421648458
1.443199992180	-0.009391200729
1.444800019264	-0.010162496939
1.446399927139	-0.008415216580
1.447999954224	-0.010700641200
1.449599981308	-0.009964608587
1.451200008392	-0.011072000489
1.452799916267	-0.009836880490
1.454399943352	-0.009311025031
1.455999970436	-0.010282320902
1.457599997520	-0.010794129223
1.459199905396	-0.008424912579
1.460799932480	-0.009869089350
1.462399959564	-0.009322512895
1.463999986649	-0.008855424821
1.465600013733	-0.009308192879
1.467199921608	-0.010336385109
1.468799948692	-0.010692721233
1.470399975777	-0.008762896992
1.472000002861	-0.009829521179
1.473599910736	-0.010206480511
1.475199937820	-0.009421824478
1.476799964905	-0.010309472680
1.478399991989	-0.009117344394
1.480000019073	-0.010151328519
1.481599926949	-0.009824097157
1.483199954033	-0.010503889062
1.484799981117	-0.010651664808
1.486400008202	-0.008815905079
1.487999916077	-0.007737232838
1.489599943161	-0.010258881375
1.491199970245	-0.009105776437
1.492799997330	-0.010117600672
1.494399905205	-0.009573136456
1.495999932289	-0.009212496690
1.497599959373	-0.010305793025
1.499199986458	-0.009277665056
1.500800013542	-0.009348976426
1.502399921417	-0.010979536921
1.503999948502	-0.009627616964
1.505599975586	-0.009839137085
1.507200002670	-0.011179680936
1.508799910545	-0.010064881295
1.510399937630	-0.009400384501
1.511999964714	-0.009736816399
1.513599991798	-0.010143425316
1.515200018883	-0.010713776574
1.516799926758	-0.010265152901
1.518399953842	-0.008622736670
1.519999980927	-0.009734177031
1.521600008011	-0.011851089075
1.523199915886	-0.012299041264
1.524799942970	-0.010177200660
1.526399970055	-0.010491280816
1.527999997139	-0.009894128889
1.529599905014	-0.010649585165
1.531199932098	-0.009785600938
1.532799959183	-0.009139073081
1.534399986267	-0.009881728329
1.536000013351	-0.010664400645
1.537599921227	-0.008921744302
1.539199948311	-0.009396560490
1.540799975395	-0.011194577441
1.542400002480	-0.009074753150
1.543999910355	-0.010190336965
1.545599937439	-0.010581376962
1.547199964523	-0.008746944368
1.548799991608	-0.009995521046
1.550400018692	-0.011016192846
1.551999926567	-0.010700336657
1.553599953651	-0.011863472871
1.555199980736	-0.009461776353
1.556800007820	-0.009295856580
1.558399915695	-0.010970016941
1.559999942780	-0.009713504463
1.561599969864	-0.009296352975
1.563199996948	-0.009511296637
1.564799904823	-0.010288240388
1.566399931908	-0.010345809162
1.567999958992	-0.011167105287
1.569599986076	-0.009672896937
1.571200013161	-0.010306225158
1.572799921036	-0.009930305183
1.574399948120	-0.010249056853
1.575999975204	-0.009368816391
1.577600002289	-0.010740833357
1.579199910164	-0.010347648524
1.580799937248	-0.010316625237
1.582399964333	-0.010406592861
1.583999991417	-0.010199008510
1.585600018501	-0.010609152727
1.587199926376	-0.009005344473
1.588799953461	-0.009299792349
1.590399980545	-0.011510528624
1.592000007629	-0.011365152895
1.593599915504	-0.009881344624
1.595199942589	-0.010049024597
1.596799969673	-0.011303025298
1.598399996758	-0.009358513169
1.599999904633	-0.010724896565
1.601599931717	-0.009054816328
1.603199958801	-0.011554225348
1.604799985886	-0.010807680897
1.606400012970	-0.010552336462
1.607999920845	-0.011127920821
1.609599947929	-0.010974816978
1.611199975014	-0.010533376597
1.612800002098	-0.010489473119
1.614399909973	-0.010050320998
1.615999937057	-0.009761056863
1.617599964142	-0.010009424761
1.619199991226	-0.012148273177
1.620800018311	-0.010856209323
1.622399926186	-0.010482320562
1.623999953270	-0.011016624980
1.625599980354	-0.011813793331
1.627200007439	-0.012342193164
1.628799915314	-0.011364753358
1.630399942398	-0.010681456886
1.631999969482	-0.009904112667
1.633599996567	-0.010295392945
1.635199904442	-0.009989553131
1.636799931526	-0.012439376675
1.638399958611	-0.011675424874
1.639999985695	-0.011256337166
1.641600012779	-0.011514849029
1.643199920654	-0.012563505210
1.644799947739	-0.009551616386
1.646399974823	-0.010711472481
1.648000001907	-0.010849537328
1.649599909782	-0.010423856787
1.651199936867	-0.009970208630
1.652799963951	-0.011054816656
1.654399991035	-0.011166497134
1.655999898911	-0.011378273368
1.657599925995	-0.010277248919
1.659199953079	-0.011528928764
1.660799980164	-0.011331616901
1.662400007248	-0.010397841223
1.663999915123	-0.010447137058
1.665599942207	-0.010521297343
1.667199969292	-0.011884560809
1.668799996376	-0.011128624901
1.670399904251	-0.011140400544
1.671999931335	-0.010844817385
1.673599958420	-0.010956545360
1.675199985504	-0.009890273213
1.676800012589	-0.011110529304
1.678399920464	-0.010586752556
1.679999947548	-0.011408977211
1.681599974632	-0.010677249171
1.683200001717	-0.011284672655
1.684799909592	-0.011002721265
1.686399936676	-0.010849952698
1.687999963760	-0.012909409590
1.689599990845	-0.011096481234
1.691199898720	-0.010807264596
1.692799925804	-0.010157120414
1.694399952888	-0.011453584768
1.695999979973	-0.010921904817
1.697600007057	-0.009324897081
1.699199914932	-0.010062688962
1.700799942017	-0.011550593190
1.702399969101	-0.010726832785
1.703999996185	-0.011026016437
1.705599904060	-0.010333169252
1.707199931145	-0.011118545197
1.708799958229	-0.009477232583
1.710399985313	-0.010232096538
1.712000012398	-0.010172832757
1.713599920273	-0.012100577354
1.715199947357	-0.009393504821
1.716799974442	-0.010263056494
1.718400001526	-0.009912976995
1.719999909401	-0.011633696966
1.721599936485	-0.009896528907
1.723199963570	-0.011508480646
1.724799990654	-0.009830720723
1.726399898529	-0.011175424792
1.727999925613	-0.010143936612
1.729599952698	-0.010648368858
1.731199979782	-0.009583360516
1.732800006866	-0.009698401205
1.734399914742	-0.010219072923
1.735999941826	-0.011438544840
1.737599968910	-0.010262480937
1.739199995995	-0.011133665219
1.740799903870	-0.011438352987
1.742399930954	-0.010373600759
1.743999958038	-0.011093825102
1.745599985123	-0.010238273069
1.747200012207	-0.011583008803
1.748799920082	-0.011140304618
1.750399947166	-0.010879521258
1.751999974251	-0.011125952937
1.753600001335	-0.010303968564
1.755199909210	-0.011182400398
1.756799936295	-0.011262512766
1.758399963379	-0.012471169233
1.759999990463	-0.011265409179
1.761599898338	-0.010956129059
1.763199925423	-0.010581073351
1.764799952507	-0.011249776930
1.766399979591	-0.010121952742
1.768000006676	-0.011137200519
1.769599914551	-0.009623888880
1.771199941635	-0.011321793310
1.772799968719	-0.012660944834
1.774399995804	-0.011873025447
1.775999903679	-0.011424273252
1.777599930763	-0.011059680954
1.779199957848	-0.011171072721
1.780799984932	-0.012785744853
1.782400012016	-0.011958433315
1.783999919891	-0.009213521145
1.785599946976	-0.012477665208
1.787199974060	-0.012134321034
1.788800001144	-0.011948193423
1.790399909019	-0.011639776640
1.791999936104	-0.013279761188
1.793599963188	-0.010251360945
1.795199990273	-0.011380448937
1.796799898148	-0.012084657326
1.798399925232	-0.011512001045
1.799999952316	-0.010696128942
1.801599979401	-0.010468561202
1.803200006485	-0.010500176810
1.804799914360	-0.012898753397
1.806399941444	-0.012539248914
1.807999968529	-0.011051905341
1.809599995613	-0.011024001054
1.811199903488	-0.011625536717
1.812799930573	-0.010733712465
1.814399957657	-0.011731969193
1.815999984741	-0.011333281174
1.817600011826	-0.011294945143
1.819199919701	-0.009828480892
1.820799946785	-0.011578977108
1.822399973869	-0.009897792712
1.824000000954	-0.011417585425
1.825599908829	-0.010778192431
1.827199935913	-0.009692160413
1.828799962997	-0.011990336701
1.830399990082	-0.011199792847
1.831999897957	-0.011887520552
1.833599925041	-0.010469377041
1.835199952126	-0.012017200701
1.836799979210	-0.010510352440
1.838400006294	-0.008997408673
1.839999914169	-0.011136544868
1.841599941254	-0.012484801002
1.843199968338	-0.009868577123
1.844799995422	-0.012008721009
1.846399903297	-0.011871680617
1.847999930382	-0.011191008613
1.849599957466	-0.010030080564
1.851199984550	-0.009463921189
1.852800011635	-0.012483120896
1.854399919510	-0.011346097104
1.855999946594	-0.010571504943
1.857599973679	-0.011259361170
1.859200000763	-0.012444641441
1.860799908638	-0.011256881058
1.862399935722	-0.011748065241
1.863999962807	-0.011233184487
1.865599989891	-0.010969584808
1.867199897766	-0.011239793152
1.868799924850	-0.011385953054
1.870399951935	-0.012082208879
1.871999979019	-0.011685408652
1.873600006104	-0.011300496757
1.875199913979	-0.012240945362
1.876799941063	-0.011885984801
1.878399968147	-0.010486897081
1.879999995232	-0.013012641110
1.881599903107	-0.011834416538
1.883199930191	-0.010754449293
1.884799957275	-0.010527520441
1.886399984360	-0.012021824718
1.888000011444	-0.013017472811
1.889599919319	-0.011613072827
1.891199946404	-0.011850144714
1.892799973488	-0.011385968886
1.894400000572	-0.009261392988
1.895999908447	-0.012402608991
1.897599935532	-0.011378561147
1.899199962616	-0.010485040955
1.900799989700	-0.010510128923
1.902399897575	-0.010342800990
1.903999924660	-0.014073344879
1.905599951744	-0.011992865242
1.907199978828	-0.011468464509
1.908800005913	-0.011327072978
1.910399913788	-0.012436160818
1.911999940872	-0.011374224909
1.913599967957	-0.011140161194
1.915199995041	-0.009801040404
1.916799902916	-0.010020000860
1.918399930000	-0.010977952741
1.919999957085	-0.011974433437
1.921599984169	-0.012389808893
1.923199892044	-0.011309457012
1.924799919128	-0.012394289486
1.926399946213	-0.011644048616
1.927999973297	-0.011301584542
1.929600000381	-0.012003392912
1.931199908257	-0.012095537037
1.932799935341	-0.011406880803
1.934399962425	-0.010826065205
1.935999989510	-0.011947233230
1.937599897385	-0.013192337006
1.939199924469	-0.011543600820
1.940799951553	-0.011728769168
1.942399978638	-0.013022753410
1.944000005722	-0.012448608875
1.945599913597	-0.010467536747
1.947199940681	-0.010490048677
1.948799967766	-0.011514064856
1.950399994850	-0.011844000779
1.951999902725	-0.010300224647
1.953599929810	-0.012926353142
1.955199956894	-0.010721408762
1.956799983978	-0.011881440878
1.958399891853	-0.011411281303
1.959999918938	-0.012191472575
1.961599946022	-0.010122032836
1.963199973106	-0.011224432848
1.964800000191	-0.011682753451
1.966399908066	-0.011645489372
1.967999935150	-0.013390433043
1.969599962234	-0.011823233217
1.971199989319	-0.010571489111
1.972799897194	-0.011257313192
1.974399924278	-0.011442081071
1.975999951363	-0.011182544753
1.977599978447	-0.013145024888
1.979200005531	-0.011778769083
1.980799913406	-0.012008529156
1.982399940491	-0.011199505068
1.983999967575	-0.012986577116
1.985599994659	-0.011952769011
1.987199902534	-0.009660528973
1.988799929619	-0.012891665101
1.990399956703	-0.012663745321
1.991999983788	-0.011162368581
1.993599891663	-0.012140961364
1.995199918747	-0.012049185112
1.996799945831	-0.010869328864
1.998399972916	-0.011732816696
2.000000000000	-0.011040752754
2.001600027084	-0.010909808800
2.003200054169	-0.011161808856
2.004799842834	-0.011288032867
2.006399869919	-0.010661664419
2.007999897003	-0.013063681312
2.009599924088	-0.010747744702
2.011199951172	-0.012484241277
2.012799978256	-0.012413840741
2.014400005341	-0.011089504696
2.016000032425	-0.010911537334
2.017600059509	-0.011662192643
2.019199848175	-0.012210656889
2.020799875259	-0.010853025131
2.022399902344	-0.012158272788
2.023999929428	-0.012423344888
2.025599956512	-0.010348608717
2.027199983597	-0.010973680764
2.028800010681	-0.012370113283
2.030400037766	-0.011156912893
2.032000064850	-0.010245584883
2.033599853516	-0.010733297095
2.035199880600	-0.012692593038
2.036799907684	-0.012920641340
2.038399934769	-0.011656177230
2.039999961853	-0.012050736696
2.041599988937	-0.012722657062
2.043200016022	-0.011021681130
2.044800043106	-0.012510577217
2.046399831772	-0.011642193422
2.047999858856	-0.012478113174
2.049599885941	-0.010438080877
2.051199913025	-0.011934881099
2.052799940109	-0.012837952934
2.054399967194	-0.011121856980
2.055999994278	-0.011273168959
2.057600021362	-0.012498768978
2.059200048447	-0.011967008933
2.060799837112	-0.010683520697
2.062399864197	-0.011869632639
2.063999891281	-0.012684113346
2.065599918365	-0.011573152617
2.067199945450	-0.010072545148
2.068799972534	-0.011964737438
2.070399999619	-0.011234993115
2.072000026703	-0.012410689145
2.073600053787	-0.012632464990
2.075199842453	-0.013515649363
2.076799869537	-0.011251633056
2.078399896622	-0.010928784497
2.079999923706	-0.013029697351
2.081599950790	-0.011691200547
2.083199977875	-0.011912545189
2.084800004959	-0.010576240718
2.086400032043	-0.012730737217
2.088000059128	-0.011826112866
2.089599847794	-0.012730641291
2.091199874878	-0.012965168804
2.092799901962	-0.011478337459
2.094399929047	-0.011438544840
2.095999956131	-0.010039265268
2.097599983215	-0.011167217046
2.099200010300	-0.013071601279
2.100800037384	-0.010632368736
2.102400064468	-0.011315376498
2.103999853134	-0.012769376859
2.105599880219	-0.012284033000
2.107199907303	-0.013687585481
2.108799934387	-0.012813169509
2.110399961472	-0.012407745235
2.111999988556	-0.012059121393
2.113600015640	-0.012575953268
2.115200042725	-0.011186352931
2.116799831390	-0.012466913089
2.118399858475	-0.011292353272
2.119999885559	-0.013397873379
2.121599912643	-0.012300369330
2.123199939728	-0.011588992551
2.124799966812	-0.012663505040
2.126399993896	-0.012370209210
2.128000020981	-0.012128513306
2.129600048065	-0.011491169222
2.131199836731	-0.010990785435
2.132799863815	-0.011418401264
2.134399890900	-0.011562992819
2.135999917984	-0.011458433233
2.137599945068	-0.013525905088
2.139199972153	-0.010723489337
2.140799999237	-0.011442945339
2.142400026321	-0.012034945190
2.144000053406	-0.014140001498
2.145599842072	-0.013100145385
2.147199869156	-0.009291520342
2.148799896240	-0.012154113501
2.150399923325	-0.013778785244
2.151999950409	-0.011580448598
2.153599977493	-0.010758416727
2.155200004578	-0.013548945077
2.156800031662	-0.012281936593
2.158400058746	-0.012992257252
2.159999847412	-0.011460209265
2.161599874496	-0.012289633043
2.163199901581	-0.010475984775
2.164799928665	-0.012433985248
2.166399955750	-0.012057024986
2.167999982834	-0.012810640968
2.169600009918	-0.010178416967
2.171200037003	-0.012531233020
2.172800064087	-0.014000897296
2.174399852753	-0.011656144634
2.175999879837	-0.010644112714
2.177599906921	-0.010697985068
2.179199934006	-0.012282577343
2.180799961090	-0.011705297045
2.182399988174	-0.010474257171
2.184000015259	-0.011821312830
2.185600042343	-0.011619873345
2.187199831009	-0.011593584903
2.188799858093	-0.011633681133
2.190399885178	-0.012400913052
2.191999912262	-0.011338145472
2.193599939346	-0.008979776874
2.195199966431	-0.013519585133
2.196799993515	-0.012761889026
2.198400020599	-0.011119713075
2.200000047684	-0.011093856767
2.201599836349	-0.012414800934
2.203199863434	-0.011419457383
2.204799890518	-0.010833185166
2.206399917603	-0.011538129300
2.207999944687	-0.012299841270
2.209599971771	-0.012581665069
2.211199998856	-0.010417984799
2.212800025940	-0.012768977322
2.214400053024	-0.011679808609
2.215999841690	-0.011475057341
2.217599868774	-0.013635776937
2.219199895859	-0.013959744945
2.220799922943	-0.011247873306
2.222399950027	-0.012341152877
2.223999977112	-0.013606465422
2.225600004196	-0.012836497277
2.227200031281	-0.011019377038
2.228800058365	-0.012338161469
2.230399847031	-0.011203632690
2.231999874115	-0.012480288744
2.233599901199	-0.012558673508
2.235199928284	-0.012251009233
2.236799955368	-0.012441569008
2.238399982452	-0.010488112457
2.240000009537	-0.012555489317
2.241600036621	-0.013328241184
2.243199825287	-0.013326737098
2.244799852371	-0.010494097136
2.246399879456	-0.012422896922
2.247999906540	-0.012266896665
2.249599933624	-0.012528113090
2.251199960709	-0.011359697208
2.252799987793	-0.012138880789
2.254400014877	-0.010502977297
2.256000041962	-0.011782033369
2.257599830627	-0.010814800858
2.259199857712	-0.013041040860
2.260799884796	-0.012067904696
2.262399911880	-0.011954241432
2.263999938965	-0.010885104537
2.265599966049	-0.012372353114
2.267199993134	-0.011674720794
2.268800020218	-0.011111312546
2.270400047302	-0.013637392782
2.271999835968	-0.011436385103
2.273599863052	-0.012593473308
2.275199890137	-0.011943200603
2.276799917221	-0.012483024970
2.278399944305	-0.011635232717
2.279999971390	-0.012470433488
2.281599998474	-0.011523729190
2.283200025558	-0.013383473270
2.284800052643	-0.011067152955
2.286399841309	-0.012636416592
2.287999868393	-0.013869920745
2.289599895477	-0.012705569156
2.291199922562	-0.011252832599
2.292799949646	-0.012329009362
2.294399976730	-0.013031712733
2.296000003815	-0.012474481016
2.297600030899	-0.013235265389
2.299200057983	-0.012064144947
2.300799846649	-0.012613696977
2.302399873734	-0.011667137034
2.303999900818	-0.012913169339
2.305599927902	-0.011801009066
2.307199954987	-0.011994929053
2.308799982071	-0.012223361060
2.310400009155	-0.011614080518
2.312000036240	-0.011062896810
2.313599824905	-0.012685936876
2.315199851990	-0.011618848890
2.316799879074	-0.013136001304
2.318399906158	-0.012598545291
2.319999933243	-0.012706977315
2.321599960327	-0.011699888855
2.323199987411	-0.012592417188
2.324800014496	-0.012545232661
2.326400041580	-0.011464096606
2.327999830246	-0.012944448739
2.329599857330	-0.011932064779
2.331199884415	-0.013206304982
2.332799911499	-0.011870385148
2.334399938583	-0.012130561285
2.335999965668	-0.011969921179
2.337599992752	-0.011640161276
2.339200019836	-0.012856081128
2.340800046921	-0.013074609451
2.342399835587	-0.012890448794
2.343999862671	-0.013001057319
2.345599889755	-0.011324688792
2.347199916840	-0.011493152939
2.348799943924	-0.011365856975
2.350399971008	-0.012778368779
2.351999998093	-0.011712064967
2.353600025177	-0.012289713137
2.355200052261	-0.011619856581
2.356799840927	-0.013172176667
2.358399868011	-0.012844065204
2.359999895096	-0.011184480973
2.361599922180	-0.010091824457
2.363199949265	-0.012409329414
2.364799976349	-0.013133713044
2.366400003433	-0.010879361071
2.368000030518	-0.012748224661
2.369600057602	-0.010431792587
2.371199846268	-0.012119056657
2.372799873352	-0.012882481329
2.374399900436	-0.014770049602
2.375999927521	-0.012624208815
2.377599954605	-0.011147072539
2.379199981689	-0.012318321504
2.380800008774	-0.011396145448
2.382400035858	-0.011672416702
2.383999824524	-0.012357616797
2.385599851608	-0.011775760911
2.387199878693	-0.012256464921
2.388799905777	-0.010980352759
2.390399932861	-0.013117233291
2.391999959946	-0.012374800630
2.393599987030	-0.013837937266
2.395200014114	-0.013076785021
2.396800041199	-0.012136752717
2.398399829865	-0.012049969286
2.399999856949	-0.011421425268
2.401599884033	-0.012715760618
2.403199911118	-0.012757200748
2.404799938202	-0.013292801566
2.406399965286	-0.012384817004
2.407999992371	-0.011566736735
2.409600019455	-0.012848816812
2.411200046539	-0.013127649203
2.412799835205	-0.014483409002
2.414399862289	-0.011612208560
2.415999889374	-0.011199728586
2.417599916458	-0.012630960904
2.419199943542	-0.012767569162
2.420799970627	-0.013288753107
2.422399997711	-0.011361457407
2.424000024796	-0.012930353172
2.425600051880	-0.011778624728
2.427199840546	-0.012480800971
2.428799867630	-0.013105104677
2.430399894714	-0.010707824491
2.431999921799	-0.012853984721
2.433599948883	-0.011796864681
2.435199975967	-0.012964736670
2.436800003052	-0.011238017119
2.438400030136	-0.012705520727
2.440000057220	-0.012041024864
2.441599845886	-0.013041920960
2.443199872971	-0.011907281354
2.444799900055	-0.013003936969
2.446399927139	-0.013555456884
2.447999954224	-0.012581152841
2.449599981308	-0.013461377472
2.451200008392	-0.012895009480
2.452800035477	-0.011311712675
2.454399824142	-0.011613377370
2.455999851227	-0.012481696904
2.457599878311	-0.012070672587
2.459199905396	-0.012528400868
2.460799932480	-0.012086369097
2.462399959564	-0.010918720625
2.463999986649	-0.012561392970
2.465600013733	-0.013000705279
2.467200040817	-0.012771712616
2.468799829483	-0.012091648765
2.470399856567	-0.012644273229
2.471999883652	-0.014108576812
2.473599910736	-0.011933680624
2.475199937820	-0.012795057148
2.476799964905	-0.011778497137
2.478399991989	-0.013280496933
2.480000019073	-0.014566353522
2.481600046158	-0.013180465437
2.483199834824	-0.011289505288
2.484799861908	-0.011015824974
2.486399888992	-0.013593808748
2.487999916077	-0.011472448707
2.489599943161	-0.011576657183
2.491199970245	-0.011566624977
2.492799997330	-0.013356288895
2.494400024414	-0.011443745345
2.496000051498	-0.013925056905
2.497599840164	-0.012049296871
2.499199867249	-0.011766000651
2.500799894333	-0.011104753241
2.502399921417	-0.012776144780
2.503999948502	-0.012497360818
2.505599975586	-0.011497792788
2.507200002670	-0.012685617432
2.508800029755	-0.012460337020
2.510399818420	-0.012831280939
2.511999845505	-0.011442032643
2.513599872589	-0.012026033364
2.515199899673	-0.010286720470
2.516799926758	-0.011182640679
2.518399953842	-0.012226752937
2.519999980927	-0.015190240927
2.521600008011	-0.012686625123
2.523200035095	-0.012621841393
2.524799823761	-0.012486481108
2.526399850845	-0.014157760888
2.527999877930	-0.010378529318
2.529599905014	-0.011303585023
2.531199932098	-0.011438832618
2.532799959183	-0.012751840986
2.534399986267	-0.011286352761
2.536000013351	-0.013751553372
2.537600040436	-0.012302145362
2.539199829102	-0.011622784659
2.540799856186	-0.012164768763
2.542399883270	-0.011846384965
2.543999910355	-0.012115136720
2.545599937439	-0.011387664825
2.547199964523	-0.011294736527
2.548799991608	-0.012133489363
2.550400018692	-0.013691073284
2.552000045776	-0.012157920748
2.553599834442	-0.012182912789
2.555199861526	-0.011282688938
2.556799888611	-0.013077248819
2.558399915695	-0.012775072828
2.559999942780	-0.012329985388
2.561599969864	-0.011320448481
2.563199996948	-0.013028097339
2.564800024033	-0.014139425009
2.566400051117	-0.012340929359
2.567999839783	-0.012370352633
2.569599866867	-0.013602801599
2.571199893951	-0.012745552696
2.572799921036	-0.012490432709
2.574399948120	-0.014141040854
2.575999975204	-0.013373360969
2.577600002289	-0.013466929086
2.579200029373	-0.012611729093
2.580799818039	-0.010448944755
2.582399845123	-0.012260752730
2.583999872208	-0.013063456863
2.585599899292	-0.011982001364
2.587199926376	-0.013091009110
2.588799953461	-0.013013376854
2.590399980545	-0.011714273132
2.592000007629	-0.013417281210
2.593600034714	-0.013843840919
2.595199823380	-0.011594656855
2.596799850464	-0.011859472841
2.598399877548	-0.011422145180
2.599999904633	-0.013311425224
2.601599931717	-0.012524592690
2.603199958801	-0.013606289402
2.604799985886	-0.012302881107
2.606400012970	-0.012925649062
2.608000040054	-0.012461968698
2.609599828720	-0.012743744999
2.611199855804	-0.013230545446
2.612799882889	-0.012186593376
2.614399909973	-0.011375985108
2.615999937057	-0.013386049308
2.617599964142	-0.010978801176
2.619199991226	-0.013887137175
2.620800018311	-0.012744992971
2.622400045395	-0.013227488846
2.623999834061	-0.009807776660
2.625599861145	-0.014319201000
2.627199888229	-0.013343296945
2.628799915314	-0.013776913285
2.630399942398	-0.011727904901
2.631999969482	-0.010736305267
2.633599996567	-0.012992816977
2.635200023651	-0.013032592833
2.636800050735	-0.010708833113
2.638399839401	-0.013150288723
2.639999866486	-0.013503088616
2.641599893570	-0.011254496872
2.643199920654	-0.012973953038
2.644799947739	-0.012124881148
2.646399974823	-0.011696545407
2.648000001907	-0.011821169406
2.649600028992	-0.012727009133
2.651199817657	-0.013297216967
2.652799844742	-0.011850848794
2.654399871826	-0.013253489509
2.655999898911	-0.012495377101
2.657599925995	-0.011469841003
2.659199953079	-0.012529505417
2.660799980164	-0.011942241341
2.662400007248	-0.013179121539
2.664000034332	-0.010478433222
2.665599822998	-0.012649057433
2.667199850082	-0.011657200754
2.668799877167	-0.012981280684
2.670399904251	-0.012210304849
2.671999931335	-0.011722400784
2.673599958420	-0.011497520842
2.675199985504	-0.012265409343
2.676800012589	-0.010924048722
2.678400039673	-0.010374256410
2.679999828339	-0.014658832923
2.681599855423	-0.011971697211
2.683199882507	-0.011191937141
2.684799909592	-0.012455184944
2.686399936676	-0.013352736831
2.687999963760	-0.011934417300
2.689599990845	-0.012546257116
2.691200017929	-0.012864640914
2.692800045013	-0.012668080628
2.694399833679	-0.011883473024
2.695999860764	-0.012583489530
2.697599887848	-0.012676049024
2.699199914932	-0.011262657121
2.700799942017	-0.011478785425
2.702399969101	-0.012526305392
2.703999996185	-0.014662993141
2.705600023270	-0.013174273074
2.707200050354	-0.011025552638
2.708799839020	-0.013256081380
2.710399866104	-0.011072848924
2.711999893188	-0.010510320775
2.713599920273	-0.012404641137
2.715199947357	-0.012225680985
2.716799974442	-0.012263025157
2.718400001526	-0.013066672720
2.720000028610	-0.014091856778
2.721599817276	-0.012656048872
2.723199844360	-0.012724753469
2.724799871445	-0.013377409428
2.726399898529	-0.013517537154
2.727999925613	-0.013383985497
2.729599952698	-0.012591537088
2.731199979782	-0.011590817012
2.732800006866	-0.012321521528
2.734400033951	-0.012190673500
2.735999822617	-0.011999009177
2.737599849701	-0.011588688940
2.739199876785	-0.011335393414
2.740799903870	-0.013345937245
2.742399930954	-0.012645777315
2.743999958038	-0.012882769108
2.745599985123	-0.010016145185
2.747200012207	-0.013900704682
2.748800039291	-0.012260257266
2.750399827957	-0.012083489448
2.751999855042	-0.012393904850
2.753599882126	-0.013393953443
2.755199909210	-0.013205457479
2.756799936295	-0.011770289391
2.758399963379	-0.013624817133
2.759999990463	-0.013419088908
2.761600017548	-0.012272785418
2.763200044632	-0.012437504716
2.764799833298	-0.011646481231
2.766399860382	-0.013273136690
2.767999887466	-0.011735680513
2.769599914551	-0.009887008928
2.771199941635	-0.012692849152
2.772799968719	-0.011769329198
2.774399995804	-0.012144193053
2.776000022888	-0.011904848740
2.777599811554	-0.012966737151
2.779199838638	-0.012420465238
2.780799865723	-0.011984257028
2.782399892807	-0.012551745400
2.783999919891	-0.011925312690
2.785599946976	-0.011210544966
2.787199974060	-0.011727057397
2.788800001144	-0.012876257300
2.790400028229	-0.011175121181
2.791999816895	-0.012144480832
2.793599843979	-0.011613056995
2.795199871063	-0.012807409279
2.796799898148	-0.011724960990
2.798399925232	-0.013251553290
2.799999952316	-0.012968513183
2.801599979401	-0.012964753434
2.803200006485	-0.011639872566
2.804800033569	-0.011637440883
2.806399822235	-0.011523457244
2.807999849319	-0.011012976989
2.809599876404	-0.012628752738
2.811199903488	-0.013582416810
2.812799930573	-0.012384640984
2.814399957657	-0.009980672970
2.815999984741	-0.012198912911
2.817600011826	-0.012233489193
2.819200038910	-0.011732192710
2.820799827576	-0.011924336664
2.822399854660	-0.011264384724
2.823999881744	-0.012556784786
2.825599908829	-0.012213424779
2.827199935913	-0.012135584839
2.828799962997	-0.011922945268
2.830399990082	-0.010046016425
2.832000017166	-0.011339184828
2.833600044250	-0.012910401449
2.835199832916	-0.013689297251
2.836799860001	-0.012532817200
2.838399887085	-0.011808561161
2.839999914169	-0.012821489014
2.841599941254	-0.011735456996
2.843199968338	-0.012318977155
2.844799995422	-0.013138256967
2.846400022507	-0.012083184905
2.847999811172	-0.011371552944
2.849599838257	-0.011555264704
2.851199865341	-0.013887953013
2.852799892426	-0.012536512688
2.854399919510	-0.011394577101
2.855999946594	-0.011471264996
2.857599973679	-0.012984288856
2.859200000763	-0.010295729153
2.860800027847	-0.012387185358
2.862399816513	-0.012575841509
2.863999843597	-0.012371840887
2.865599870682	-0.013473264873
2.867199897766	-0.014182224870
2.868799924850	-0.010633904487
2.870399951935	-0.012296433561
2.871999979019	-0.011513937265
2.873600006104	-0.012030033395
2.875200033188	-0.011153552681
2.876799821854	-0.012219057418
2.878399848938	-0.012593217194
2.879999876022	-0.013607600704
2.881599903107	-0.012884097174
2.883199930191	-0.011531520635
2.884799957275	-0.012507056817
2.886399984360	-0.012143312953
2.888000011444	-0.011328929104
2.889600038528	-0.011741280556
2.891199827194	-0.011952800676
2.892799854279	-0.011999408714
2.894399881363	-0.013788001612
2.895999908447	-0.012124752626
2.897599935532	-0.012163489126
2.899199962616	-0.012422560714
2.900799989700	-0.013126784936
2.902400016785	-0.010447409004
2.904000043869	-0.011359681375
2.905599832535	-0.012271408923
2.907199859619	-0.011924960651
2.908799886703	-0.013422337361
2.910399913788	-0.011816256680
2.911999940872	-0.011504128575
2.913599967957	-0.011004816741
2.915199995041	-0.010477248579
2.916800022125	-0.013294769451
2.918399810791	-0.011448672973
2.919999837875	-0.012447440997
2.921599864960	-0.012914881110
2.923199892044	-0.012821809389
2.924799919128	-0.013378352858
2.926399946213	-0.013871408999
2.927999973297	-0.012585248798
2.929600000381	-0.012673201039
2.931200027466	-0.012176608667
2.932799816132	-0.013979600742
2.934399843216	-0.012861297466
2.935999870300	-0.011748417281
2.937599897385	-0.013474225067
2.939199924469	-0.011615809053
2.940799951553	-0.012908625416
2.942399978638	-0.013457152992
2.944000005722	-0.011061089113
2.945600032806	-0.011928704567
2.947199821472	-0.011778272688
2.948799848557	-0.013005153276
2.950399875641	-0.012083648704
2.951999902725	-0.011323792860
2.953599929810	-0.012174417265
2.955199956894	-0.011793392710
2.956799983978	-0.011676193215
2.958400011063	-0.012229857035
2.960000038147	-0.013872320764
2.961599826813	-0.012489168905
2.963199853897	-0.011188944802
2.964799880981	-0.012127312832
2.966399908066	-0.012418448925
2.967999935150	-0.012514401227
2.969599962234	-0.012412400916
2.971199989319	-0.012368785217
2.972800016403	-0.012941185385
2.974400043488	-0.011673185043
2.975999832153	-0.012195280753
2.977599859238	-0.012765441090
2.979199886322	-0.012684704736
2.980799913406	-0.013935904950
2.982399940491	-0.012343936600
2.983999967575	-0.011101344600
2.985599994659	-0.011901296675
2.987200021744	-0.012571712956
2.988799810410	-0.013162464835
2.990399837494	-0.012159041129
2.991999864578	-0.012282481417
2.993599891663	-0.013216464780
2.995199918747	-0.013375457376
2.996799945831	-0.010721840896
2.998399972916	-0.011624368839
3.000000000000	-0.012106768787
3.001600027084	-0.013714881614
3.003199815750	-0.013056849129
3.004799842834	-0.011291616596
3.006399869919	-0.011955280788
3.007999897003	-0.011485408992
3.009599924088	-0.011281024665
3.011199951172	-0.011825520545
3.012799978256	-0.011193809099
3.014400005341	-0.012433504686
3.016000032425	-0.010725729167
3.017599821091	-0.012040480971
3.019199848175	-0.013088992797
3.020799875259	-0.013045760803
3.022399902344	-0.011230032891
3.023999929428	-0.012532688677
3.025599956512	-0.012026129290
3.027199983597	-0.012461009435
3.028800010681	-0.013406945392
3.030400037766	-0.013133393601
3.031999826431	-0.009796816856
3.033599853516	-0.012880801223
3.035199880600	-0.014013664797
3.036799907684	-0.011329025030
3.038399934769	-0.011705713347
3.039999961853	-0.013831744902
3.041599988937	-0.012679360807
3.043200016022	-0.011504081078
3.044799804687	-0.011584624648
3.046399831772	-0.011774945073
3.047999858856	-0.011876672506
3.049599885941	-0.013152625412
3.051199913025	-0.013672657311
3.052799940109	-0.013132320717
3.054399967194	-0.012255680747
3.055999994278	-0.013111697510
3.057600021362	-0.013059937395
3.059199810028	-0.012920256704
3.060799837112	-0.012442304753
3.062399864197	-0.012855664827
3.063999891281	-0.012348161079
3.065599918365	-0.011898544617
3.067199945450	-0.013724032789
3.068799972534	-0.012729552574
3.070399999619	-0.011018352583
3.072000026703	-0.011768625118
3.073599815369	-0.012765200809
3.075199842453	-0.011331569403
3.076799869537	-0.011665873230
3.078399896622	-0.011081361212
3.079999923706	-0.011896449141
3.081599950790	-0.013064448722
3.083199977875	-0.011542417109
3.084800004959	-0.013735697605
3.086400032043	-0.012829776853
3.087999820709	-0.010442912579
3.089599847794	-0.011400656775
3.091199874878	-0.012397521175
3.092799901962	-0.012809457257
3.094399929047	-0.011818128638
3.095999956131	-0.013989200816
3.097599983215	-0.011405376717
3.099200010300	-0.012329136953
3.100800037384	-0.013030000962
3.102399826050	-0.013624369167
3.103999853134	-0.013541745022
3.105599880219	-0.011049936526
3.107199907303	-0.011807857081
3.108799934387	-0.012734849006
3.110399961472	-0.012906176969
3.111999988556	-0.012874096632
3.113600015640	-0.012216129340
3.115199804306	-0.012448176742
3.116799831390	-0.012271696702
3.118399858475	-0.013792976737
3.119999885559	-0.013102273457
3.121599912643	-0.010345024988
3.123199939728	-0.011382528581
3.124799966812	-0.011449793354
3.126399993896	-0.013633265160
3.128000020981	-0.012176864780
3.129599809647	-0.012002113275
3.131199836731	-0.013060593046
3.132799863815	-0.014008144848
3.134399890900	-0.012771569192
3.135999917984	-0.012286769226
3.137599945068	-0.013550497591
3.139199972153	-0.011006976478
3.140799999237	-0.012143232860
3.142400026321	-0.012485808693
3.143999814987	-0.011826433241
3.145599842072	-0.011594449170
3.147199869156	-0.011373377405
3.148799896240	-0.013523649424
3.150399923325	-0.013083104976
3.151999950409	-0.010169296525
3.153599977493	-0.013150337152
3.155200004578	-0.013565600850
3.156800031662	-0.010350640863
3.158399820328	-0.012575681321
3.159999847412	-0.012024240568
3.161599874496	-0.011828080751
3.163199901581	-0.012918912806
3.164799928665	-0.014373537153
3.166399955750	-0.011652496643
3.167999982834	-0.014039329253
3.169600009918	-0.012225632556
3.171200037003	-0.012720961124
3.172799825668	-0.013658145443
3.174399852753	-0.013235408813
3.175999879837	-0.011032736860
3.177599906921	-0.011593232863
3.179199934006	-0.010907985270
3.180799961090	-0.012583249249
3.182399988174	-0.012051409110
3.184000015259	-0.012834672816
3.185599803925	-0.011417008936
3.187199831009	-0.012439632788
3.188799858093	-0.012808641419
3.190399885178	-0.012450529262
3.191999912262	-0.014008129016
3.193599939346	-0.012051329017
3.195199966431	-0.010713985190
3.196799993515	-0.014064161107
3.198400020599	-0.012621249072
3.199999809265	-0.011707745492
3.201599836349	-0.013109201565
3.203199863434	-0.011865968816
3.204799890518	-0.012978369370
3.206399917603	-0.012407921255
3.207999944687	-0.012851089239
3.209599971771	-0.012445968576
3.211199998856	-0.012033233419
3.212800025940	-0.012868464924
3.214399814606	-0.011052768677
3.215999841690	-0.011620480567
3.217599868774	-0.012045136653
3.219199895859	-0.012569680810
3.220799922943	-0.012105712667
3.222399950027	-0.011230625212
3.223999977112	-0.013959633186
3.225600004196	-0.013975040987
3.227200031281	-0.010051072575
3.228799819946	-0.012682097033
3.230399847031	-0.012234688736
3.231999874115	-0.014481665567
3.233599901199	-0.011935024522
3.235199928284	-0.012509568594
3.236799955368	-0.012923552655
3.238399982452	-0.012625489384
3.240000009537	-0.012647408992
3.241600036621	-0.012253329158
3.243199825287	-0.012570848688
3.244799852371	-0.011537681334
3.246399879456	-0.013606000692
3.247999906540	-0.012346257456
3.249599933624	-0.012752449140
3.251199960709	-0.012367249466
3.252799987793	-0.011448481120
3.254400014877	-0.010665552691
3.255999803543	-0.011606529355
3.257599830627	-0.012768385001
3.259199857712	-0.012508513406
3.260799884796	-0.012891313061
3.262399911880	-0.013121137396
3.263999938965	-0.012813152745
3.265599966049	-0.013404305093
3.267199993134	-0.009242416359
3.268800020218	-0.012816448696
3.270399808884	-0.011485616677
3.271999835968	-0.013104225509
3.273599863052	-0.013449440710
3.275199890137	-0.013708321378
3.276799917221	-0.012911072932
3.278399944305	-0.011805936694
3.279999971390	-0.012885536999
3.281599998474	-0.012090273201
3.283200025558	-0.010464944877
3.284799814224	-0.013297056779
3.286399841309	-0.013251745142
3.287999868393	-0.011545008980
3.289599895477	-0.011431041174
3.291199922562	-0.012890065089
3.292799949646	-0.013077072799
3.294399976730	-0.013108513318
3.296000003815	-0.012727793306
3.297600030899	-0.012253360823
3.299199819565	-0.012572385371
3.300799846649	-0.012659585103
3.302399873734	-0.013309617527
3.303999900818	-0.012595329434
3.305599927902	-0.011607153341
3.307199954987	-0.011910624802
3.308799982071	-0.012236928567
3.310400009155	-0.010438960977
3.311999797821	-0.009987472557
3.313599824905	-0.012766080908
3.315199851990	-0.011712129228
3.316799879074	-0.011843904853
3.318399906158	-0.012183681130
3.319999933243	-0.012301408686
3.321599960327	-0.011832849123
3.323199987411	-0.014272481203
3.324800014496	-0.012010737322
3.326399803162	-0.013000768609
3.327999830246	-0.012324817479
3.329599857330	-0.011540864594
3.331199884415	-0.010621136986
3.332799911499	-0.015147089027
3.334399938583	-0.013313344680
3.335999965668	-0.010861248709
3.337599992752	-0.012141137384
3.339200019836	-0.012766880915
3.340799808502	-0.012353569269
3.342399835587	-0.010333345272
3.343999862671	-0.010068960488
3.345599889755	-0.012537728995
3.347199916840	-0.013201137073
3.348799943924	-0.013745280914
3.350399971008	-0.013844849542
3.351999998093	-0.011318224482
3.353600025177	-0.012552801520
3.355199813843	-0.012034640647
3.356799840927	-0.014671552926
3.358399868011	-0.013081504963
3.359999895096	-0.012159745209
3.361599922180	-0.011017552577
3.363199949265	-0.011487120762
3.364799976349	-0.013751409017
3.366400003433	-0.012558224611
3.368000030518	-0.012474064715
3.369599819183	-0.010823585093
3.371199846268	-0.011693840846
3.372799873352	-0.012294769287
3.374399900436	-0.013294481672
3.375999927521	-0.012082288973
3.377599954605	-0.009904224426
3.379199981689	-0.012089328840
3.380800008774	-0.010843184777
3.382399797440	-0.012458961457
3.383999824524	-0.012219057418
3.385599851608	-0.011489137076
3.387199878693	-0.013855841011
3.388799905777	-0.012765184976
3.390399932861	-0.011389728636
3.391999959946	-0.011867472902
3.393599987030	-0.012351249345
3.395200014114	-0.011117424816
3.396799802780	-0.009265760891
3.398399829865	-0.012454337440
3.399999856949	-0.012104896829
3.401599884033	-0.011330112815
3.403199911118	-0.011709185317
3.404799938202	-0.012333281338
3.406399965286	-0.013053856790
3.407999992371	-0.012986017391
3.409600019455	-0.011486801319
3.411199808121	-0.011993872933
3.412799835205	-0.011497937143
3.414399862289	-0.011966032907
3.415999889374	-0.013321201317
3.417599916458	-0.011708401144
3.419199943542	-0.012315920554
3.420799970627	-0.013729088940
3.422399997711	-0.012063792907
3.424000024796	-0.011181472801
3.425599813461	-0.013971424662
3.427199840546	-0.013842273504
3.428799867630	-0.011555921286
3.430399894714	-0.013495520689
3.431999921799	-0.011763040908
3.433599948883	-0.013106320985
3.435199975967	-0.012653681450
3.436800003052	-0.012542016804
3.438400030136	-0.013352625072
3.439999818802	-0.011390880682
3.441599845886	-0.012144832872
3.443199872971	-0.011485792696
3.444799900055	-0.013186081313
3.446399927139	-0.013267409056
3.447999954224	-0.012923536822
3.449599981308	-0.012768768705
3.451200008392	0.014570784755
