0.000000000000	0.025095362216
0.001599999960	0.027379874140
0.003199999919	0.027610002086
0.004799999762	0.025827681646
0.006399999838	0.027197489515
0.007999999449	0.026268450543
0.009599999525	0.027312979102
0.011199999601	0.024406481534
0.012799999677	0.023969618604
0.014399999753	0.023785233498
0.015999998897	0.022158786654
0.017599999905	0.023256609216
0.019199999049	0.021460480988
0.020800000057	0.022572657093
0.022399999201	0.020443553105
0.024000000209	0.019780434668
0.025599999353	0.021109681576
0.027199998498	0.019976481795
0.028799999505	0.018829362467
0.030399998650	0.019537489861
0.031999997795	0.019684769213
0.033599998802	0.020149298012
0.035199999809	0.018100993708
0.036800000817	0.019442049786
0.038399998099	0.018197169527
0.039999999106	0.017805377021
0.041600000113	0.017613921314
0.043199997395	0.018864225596
0.044799998403	0.017626704648
0.046399999410	0.017658401281
0.048000000417	0.016219872981
0.049599997699	0.018851265311
0.051199998707	0.017900817096
0.052799999714	0.017232753336
0.054399996996	0.015654224902
0.055999998003	0.017144097015
0.057599999011	0.018012626097
0.059200000018	0.015181456693
0.060799997300	0.016900258139
0.062399998307	0.016496209428
0.063999995589	0.015369120985
0.065600000322	0.015389680862
0.067199997604	0.016016736627
0.068799994886	0.015079361387
0.070399999619	0.016233248636
0.071999996901	0.015416577458
0.073600001633	0.015721760690
0.075199998915	0.015204673633
0.076799996197	0.014130000956
0.078400000930	0.016829153523
0.079999998212	0.016479104757
0.081599995494	0.016691921279
0.083200000226	0.014596049674
0.084799997509	0.014636864886
0.086399994791	0.015584689565
0.087999999523	0.015056161210
0.089599996805	0.016339905560
0.091199994087	0.016044801101
0.092799998820	0.014030832797
0.094399996102	0.015617233701
0.096000000834	0.014936384745
0.097599998116	0.013060336933
0.099199995399	0.013638481498
0.100800000131	0.013392400928
0.102399997413	0.014568560757
0.103999994695	0.012844321318
0.105599999428	0.012614528649
0.107199996710	0.014357008971
0.108799993992	0.014079216868
0.110399998724	0.015239344910
0.111999996006	0.014103521593
0.113600000739	0.013411377557
0.115199998021	0.014493744820
0.116799995303	0.012859040871
0.118400000036	0.012547712773
0.119999997318	0.013471664861
0.121599994600	0.014340993017
0.123199999332	0.010413536802
0.124799996614	0.013487985358
0.126399993896	0.012998000719
0.127999991179	0.013484177180
0.129600003362	0.012816401199
0.131200000644	0.013601088896
0.132799997926	0.011660864577
0.134399995208	0.014227265492
0.135999992490	0.014527425170
0.137599989772	0.013784864917
0.139200001955	0.012942017056
0.140799999237	0.012291616760
0.142399996519	0.014113552868
0.143999993801	0.012977280654
0.145599991083	0.013019041158
0.147200003266	0.012179761194
0.148800000548	0.012263729237
0.150399997830	0.012098897249
0.151999995112	0.013984465040
0.153599992394	0.013045377098
0.155199989676	0.011705345474
0.156800001860	0.012561600655
0.158399999142	0.011087601073
0.159999996424	0.011580225080
0.161599993706	0.011230912991
0.163199990988	0.012014352717
0.164800003171	0.011943440884
0.166400000453	0.013015377335
0.167999997735	0.012966400944
0.169599995017	0.011336768977
0.171199992299	0.011346625164
0.172799989581	0.010397888720
0.174400001764	0.011751296930
0.175999999046	0.010027520359
0.177599996328	0.009018369019
0.179199993610	0.010869408958
0.180799990892	0.011288529262
0.182399988174	0.011837792583
0.184000000358	0.012082320638
0.185599997640	0.009777696803
0.187199994922	0.011294720694
0.188799992204	0.012285584584
0.190399989486	0.010806336999
0.192000001669	0.012079568580
0.193599998951	0.012165936641
0.195199996233	0.010945169255
0.196799993515	0.009546305053
0.198399990797	0.009871920571
0.199999988079	0.010024257004
0.201600000262	0.008943440393
0.203199997544	0.011569648981
0.204799994826	0.009597728960
0.206399992108	0.007955281064
0.207999989390	0.011112624779
0.209600001574	0.011677153409
0.211199998856	0.009919969365
0.212799996138	0.009901904501
0.214399993420	0.010876448825
0.215999990702	0.010529393330
0.217599987984	0.009752129205
0.219200000167	0.009787024930
0.220799997449	0.010794784874
0.222399994731	0.009328688495
0.223999992013	0.010559264570
0.225599989295	0.008643200621
0.227200001478	0.008056432940
0.228799998760	0.010296752676
0.230399996042	0.010435424745
0.231999993324	0.008465632796
0.233599990606	0.010410385206
0.235199987888	0.010609488934
0.236800000072	0.008965920657
0.238399997354	0.009598065168
0.239999994636	0.008592032827
0.241599991918	0.010643152520
0.243199989200	0.010781712830
0.244799986482	0.009325169027
0.246399998665	0.008808384649
0.247999995947	0.008862768300
0.249599993229	0.010797136463
0.251199990511	0.008559281006
0.252799987793	0.009796944447
0.254399985075	0.008701840416
0.255999982357	0.008512544446
0.257599979639	0.009166465141
0.259200006723	0.009406208992
0.260800004005	0.008361472748
0.262400001287	0.008932288736
0.263999998569	0.010547377169
0.265599995852	0.009456977248
0.267199993134	0.008486464620
0.268799990416	0.009744833224
0.270399987698	0.007649712730
0.271999984980	0.008646864444
0.273599982262	0.009881616570
0.275199979544	0.009715104476
0.276800006628	0.007890864275
0.278400003910	0.009630640969
0.280000001192	0.009387328289
0.281599998474	0.007354928646
0.283199995756	0.008076881059
0.284799993038	0.009031632915
0.286399990320	0.009807392955
0.287999987602	0.009268096648
0.289599984884	0.008079312742
0.291199982166	0.009048464708
0.292799979448	0.010756065138
0.294400006533	0.007937280461
0.296000003815	0.006539568771
0.297600001097	0.008433520794
0.299199998379	0.007253200747
0.300799995661	0.008232864551
0.302399992943	0.009602304548
0.303999990225	0.008351232857
0.305599987507	0.009112688713
0.307199984789	0.007741648704
0.308799982071	0.007799408864
0.310399979353	0.007996144705
0.312000006437	0.008808832616
0.313600003719	0.008695392869
0.315200001001	0.007538768463
0.316799998283	0.008578512818
0.318399995565	0.008821536787
0.319999992847	0.006616032682
0.321599990129	0.007920256816
0.323199987411	0.007980288938
0.324799984694	0.006255200598
0.326399981976	0.007764144801
0.327999979258	0.008577552624
0.329600006342	0.007705232594
0.331200003624	0.007142560557
0.332800000906	0.008173584938
0.334399998188	0.007305696607
0.335999995470	0.006873824634
0.337599992752	0.008049056865
0.339199990034	0.007464560680
0.340799987316	0.006502480712
0.342399984598	0.008465440944
0.343999981880	0.008474656381
0.345599979162	0.008917280473
0.347199976444	0.008339729160
0.348800003529	0.008175808936
0.350400000811	0.007757008541
0.351999998093	0.007633776404
0.353599995375	0.006934416480
0.355199992657	0.005212096497
0.356799989939	0.006328800693
0.358399987221	0.007308432832
0.359999984503	0.006232128479
0.361599981785	0.007766960654
0.363199979067	0.006020864472
0.364799976349	0.007535152603
0.366400003433	0.007696800865
0.368000000715	0.007627536543
0.369599997997	0.007083888631
0.371199995279	0.007661456708
0.372799992561	0.006867808755
0.374399989843	0.007654752582
0.375999987125	0.005863232538
0.377599984407	0.004237152170
0.379199981689	0.006466208491
0.380799978971	0.006156736519
0.382399976254	0.006223248318
0.384000003338	0.007186128758
0.385600000620	0.006115600467
0.387199997902	0.006352480501
0.388799995184	0.005844448693
0.390399992466	0.007806480862
0.391999989748	0.005617008545
0.393599987030	0.005343040451
0.395199984312	0.005812080577
0.396799981594	0.006357344333
0.398399978876	0.005881696474
0.399999976158	0.006228560582
0.401600003242	0.004723232239
0.403200000525	0.006715008523
0.404799997807	0.006516432390
0.406399995089	0.006409344729
0.407999992371	0.005516816396
0.409599989653	0.006328176707
0.411199986935	0.006222448312
0.412799984217	0.004850672558
0.414399981499	0.004220784176
0.415999978781	0.005232880358
0.417599976063	0.007009840570
0.419200003147	0.005571632180
0.420800000429	0.006640048698
0.422399997711	0.004589168355
0.423999994993	0.004910096526
0.425599992275	0.006654784549
0.427199989557	0.005120704416
0.428799986839	0.006793504581
0.430399984121	0.005593792535
0.431999981403	0.005179456435
0.433599978685	0.005733488593
0.435199975967	0.007050624583
0.436800003052	0.005643360317
0.438400000334	0.005064704455
0.439999997616	0.005157216452
0.441599994898	0.005511552561
0.443199992180	0.005857344717
0.444799989462	0.006056560669
0.446399986744	0.007515232544
0.447999984026	0.003469328163
0.449599981308	0.005789264571
0.451199978590	0.006503168494
0.452799975872	0.004208672326
0.454400002956	0.005099888425
0.456000000238	0.004592336249
0.457599997520	0.005562096369
0.459199994802	0.005743056536
0.460799992085	0.003405008232
0.462399989367	0.003779904218
0.463999986649	0.005722160451
0.465599983931	0.004543920513
0.467199981213	0.004500160459
0.468799978495	0.005069456529
0.470399975777	0.005022000521
0.472000002861	0.004290128127
0.473600000143	0.002929408336
0.475199997425	0.006181552541
0.476799994707	0.005363952368
0.478399991989	0.002548160264
0.479999989271	0.005465296563
0.481599986553	0.003547424218
0.483199983835	0.005353280343
0.484799981117	0.004226304125
0.486399978399	0.005320864264
0.487999975681	0.005758624524
0.489599972963	0.004495680332
0.491200000048	0.004270256497
0.492799997330	0.004899072461
0.494399994612	0.004722000565
0.495999991894	0.003061376279
0.497599989176	0.004328848328
0.499199986458	0.003746512346
0.500800013542	0.004701648373
0.502399981022	0.004227552097
0.504000008106	0.004337936174
0.505599975586	0.004201840144
0.507200002670	0.004548080266
0.508799970150	0.003138208296
0.510399997234	0.003957904410
0.511999964714	0.003987920471
0.513599991798	0.005395296495
0.515199959278	0.005598608404
0.516799986362	0.004052848089
0.518400013447	0.004747824278
0.519999980927	0.005708768498
0.521600008011	0.002258560155
0.523199975491	0.003720656270
0.524800002575	0.002638912294
0.526399970055	0.005497648381
0.527999997139	0.005311872344
0.529599964619	0.003497376340
0.531199991703	0.003058320144
0.532799959183	0.003579424229
0.534399986267	0.003083664225
0.536000013351	0.003219072241
0.537599980831	0.001933792140
0.539200007915	0.004435792565
0.540799975395	0.003684672294
0.542400002480	0.002852256177
0.543999969959	0.004165856168
0.545599997044	0.001327536069
0.547199964523	0.003462064313
0.548799991608	0.004457760602
0.550399959087	0.004041072447
0.551999986172	0.003021456301
0.553600013256	0.003056000220
0.555199980736	0.002258096123
0.556800007820	0.004001984373
0.558399975300	0.002633536234
0.560000002384	0.001499904087
0.561599969864	0.003213936230
0.563199996948	0.003107872326
0.564799964428	0.004174896516
0.566399991512	0.001728960196
0.567999958992	0.004788400140
0.569599986076	0.003599680262
0.571200013161	0.001971088117
0.572799980640	0.003808784299
0.574400007725	0.001979536144
0.575999975204	0.003497952363
0.577600002289	0.003538240213
0.579199969769	0.003145984374
0.580799996853	0.002378128236
0.582399964333	0.002472704044
0.583999991417	0.003272160189
0.585599958897	0.002645840170
0.587199985981	0.002911184216
0.588800013065	0.001223088126
0.590399980545	0.002847552299
0.592000007629	0.002804464195
0.593599975109	0.003601072356
0.595200002193	0.001618896145
0.596799969673	0.002793440130
0.598399996758	0.001899664174
0.599999964237	0.001998752123
0.601599991322	0.001199792139
0.603199958801	0.002495472087
0.604799985886	0.002024752088
0.606400012970	0.000909104012
0.607999980450	0.004515744280
0.609600007534	0.001950480160
0.611199975014	0.002696048236
0.612800002098	0.001212336123
0.614399969578	0.001499216072
0.615999996662	0.002378160134
0.617599964142	0.002826816170
0.619199991226	0.000816304062
0.620799958706	0.001578496071
0.622399985790	0.002611088334
0.624000012875	0.002812048187
0.625599980354	0.002287088195
0.627200007439	0.002986720297
0.628799974918	0.002677552169
0.630400002003	0.001195616089
0.631999969482	0.001839936129
0.633599996567	0.000881792104
0.635199964046	0.000566064089
0.636799991131	0.003301376244
0.638399958611	0.000664960011
0.639999985695	0.002923760330
0.641600012779	0.001713056117
0.643199980259	0.000498272013
0.644800007343	0.001844224171
0.646399974823	0.002338208258
0.648000001907	0.002148048254
0.649599969387	-0.000079008001
0.651199996471	0.001741168089
0.652799963951	0.001670800149
0.654399991035	0.001924976124
0.655999958515	0.001698752167
0.657599985600	0.001861296128
0.659200012684	0.001094544074
0.660799980164	0.000598992105
0.662400007248	0.001774752163
0.663999974728	-0.000364240026
0.665600001812	0.001821152167
0.667199969292	-0.000012352019
0.668799996376	0.003603936406
0.670399963856	-0.000479440088
0.671999990940	0.001923712203
0.673599958420	-0.000636720099
0.675199985504	-0.000446832040
0.676800012589	0.001037216047
0.678399980068	0.001338032074
0.680000007153	0.000405680039
0.681599974632	0.001273136120
0.683200001717	0.000305456022
0.684799969196	0.001369616133
0.686399996281	0.002530880272
0.687999963760	0.000657696044
0.689599990845	0.000919920101
0.691199958324	0.000377280056
0.692799985409	0.000048479978
0.694399952888	0.001483936096
0.695999979973	0.001240128069
0.697600007057	0.001783360145
0.699199974537	0.001291344059
0.700800001621	0.000843104033
0.702399969101	-0.000104143997
0.703999996185	0.000781792100
0.705599963665	0.001080080168
0.707199990749	-0.001584240119
0.708799958229	-0.000357472018
0.710399985313	-0.000120000062
0.711999952793	0.001349840080
0.713599979877	-0.000206000012
0.715200006962	0.000389792054
0.716799974442	0.001296144095
0.718400001526	-0.000352560019
0.719999969006	0.000444960024
0.721599996090	0.000271328056
0.723199963570	0.001806288143
0.724799990654	0.000182752032
0.726399958134	0.000957232085
0.727999985218	-0.000122800033
0.729599952698	0.001067184028
0.731199979782	0.000880672073
0.732800006866	-0.000481632043
0.734399974346	-0.001131824101
0.736000001431	0.000485776080
0.737599968910	-0.000691344088
0.739199995995	-0.000698304037
0.740799963474	-0.001099760178
0.742399990559	-0.000254816026
0.743999958038	-0.000052864001
0.745599985123	0.000648192014
0.747199952602	0.000851040124
0.748799979687	-0.000441679993
0.750400006771	-0.000048128004
0.751999974251	0.000275056023
0.753600001335	-0.000018784009
0.755199968815	-0.001110048150
0.756799995899	0.001952656195
0.758399963379	0.000938336132
0.759999990463	0.000394512055
0.761599957943	-0.000238943991
0.763199985027	-0.000830752077
0.764799952507	0.000101232006
0.766399979591	0.000007360030
0.768000006676	-0.001056320034
0.769599974155	0.000082288003
0.771200001240	-0.001244832063
0.772799968719	0.000011663973
0.774399995804	0.000040032024
0.775999963284	-0.001035584137
0.777599990368	-0.001252544113
0.779199957848	-0.002009824151
0.780799984932	0.001119360095
0.782399952412	0.000394208007
0.783999979496	-0.001729360083
0.785600006580	-0.001531056128
0.787199974060	0.000440448057
0.788800001144	-0.001100688125
0.790399968624	-0.000177568043
0.791999995708	-0.001526000095
0.793599963188	-0.000582256063
0.795199990273	-0.000942640123
0.796799957752	0.001445792033
0.798399984837	-0.001150048105
0.799999952316	-0.002506144112
0.801599979401	-0.001362992101
0.803200006485	-0.001114432118
0.804799973965	0.000997696072
0.806400001049	-0.001089152065
0.807999968529	-0.001217712066
0.809599995613	-0.001680272166
0.811199963093	-0.000206895988
0.812799990177	0.000001824024
0.814399957657	0.000031696014
0.815999984741	-0.002104144078
0.817599952221	-0.000991872046
0.819199979305	-0.001607824117
0.820800006390	-0.001223280095
0.822399973869	-0.001067296020
0.824000000954	-0.001965232193
0.825599968433	0.000031360032
0.827199995518	-0.002020720160
0.828799962997	-0.001202752115
0.830399990082	-0.001415888080
0.831999957561	-0.001484768116
0.833599984646	-0.001511504175
0.835199952126	-0.002038848121
0.836799979210	-0.002619424136
0.838400006294	-0.000375936041
0.839999973774	-0.000703888072
0.841600000858	-0.001761472202
0.843199968338	-0.000808992074
0.844799995422	-0.000873504090
0.846399962902	-0.000627600064
0.847999989986	-0.002092608251
0.849599957466	-0.000060672013
0.851199984550	-0.001619328163
0.852799952030	-0.002857648302
0.854399979115	-0.001097984146
0.856000006199	-0.002392992144
0.857599973679	0.000204128039
0.859200000763	-0.001641552080
0.860799968243	-0.001454288140
0.862399995327	-0.000527328055
0.863999962807	-0.000543504080
0.865599989891	-0.003800832201
0.867199957371	-0.001614416135
0.868799984455	-0.001939504175
0.870399951935	-0.001340976101
0.871999979019	-0.000989424065
0.873600006104	-0.001901488169
0.875199973583	-0.001271376153
0.876800000668	-0.003150384175
0.878399968147	-0.001317648101
0.879999995232	-0.001177552156
0.881599962711	-0.002667968161
0.883199989796	-0.003487632377
0.884799957275	-0.001805536216
0.886399984360	-0.000585520058
0.887999951839	-0.002507328289
0.889599978924	-0.002881184220
0.891200006008	-0.000451120053
0.892799973488	-0.001446384122
0.894400000572	-0.003503920278
0.895999968052	-0.001984096132
0.897599995136	-0.001503520180
0.899199962616	-0.001210208167
0.900799989700	-0.004224576522
0.902399957180	-0.003405824304
0.903999984264	-0.002192416228
0.905599951744	-0.001402608119
0.907199978828	-0.002629680326
0.908800005913	-0.001215264085
0.910399973392	-0.003570128232
0.912000000477	-0.000776864123
0.913599967957	-0.001752544078
0.915199995041	-0.002067824127
0.916799962521	-0.002422608202
0.918399989605	-0.001504384098
0.919999957085	-0.001983376220
0.921599984169	-0.004128048196
0.923199951649	-0.001878160168
0.924799978733	-0.003428496420
0.926400005817	-0.003322144272
0.927999973297	-0.003148960182
0.929600000381	-0.002412608126
0.931199967861	-0.002175280126
0.932799994946	-0.001755504170
0.934399962425	-0.002638448263
0.935999989510	-0.002707552165
0.937599956989	-0.004116128199
0.939199984074	-0.002798512345
0.940799951553	-0.002795360284
0.942399978638	-0.003673552303
0.944000005722	-0.000635424105
0.945599973202	-0.003672128310
0.947200000286	-0.003176864237
0.948799967766	-0.003283040365
0.950399994850	-0.001552688074
0.951999962330	-0.003155808197
0.953599989414	-0.003240320133
0.955199956894	-0.002338816179
0.956799983978	-0.002234800253
0.958399951458	-0.003952336498
0.959999978542	-0.002988464199
0.961599946022	-0.003377664369
0.963199973106	-0.003832896240
0.964800000191	-0.002102512168
0.966399967670	-0.004068880342
0.967999994755	-0.002589904238
0.969599962234	-0.002601120155
0.971199989319	-0.002580176340
0.972799956799	-0.002202384174
0.974399983883	-0.005489984527
0.975999951363	-0.004429392517
0.977599978447	-0.003120192327
0.979199945927	-0.004057328217
0.980799973011	-0.003326592268
0.982400000095	-0.005135152489
0.983999967575	-0.004053696524
0.985599994659	-0.003019232303
0.987199962139	-0.004842320457
0.988799989223	-0.003049456282
0.990399956703	-0.003278832417
0.991999983788	-0.003297120333
0.993599951267	-0.003330352250
0.995199978352	-0.003606592305
0.996799945831	-0.002335760044
0.998399972916	-0.004654080141
1.000000000000	-0.005097632296
1.001600027084	-0.004494016524
1.003199934959	-0.002539600246
1.004799962044	-0.003191264346
1.006399989128	-0.005749424454
1.008000016212	-0.003801312298
1.009599924088	-0.003605888225
1.011199951172	-0.004270976409
1.012799978256	-0.003815504257
1.014400005341	-0.003748320276
1.016000032425	-0.002604704117
1.017599940300	-0.003159008222
1.019199967384	-0.002904496156
1.020799994469	-0.003827504348
1.022400021553	-0.002565376228
1.023999929428	-0.005052736495
1.025599956512	-0.003992960323
1.027199983597	-0.003841376398
1.028800010681	-0.004354960285
1.030399918556	-0.004043744411
1.031999945641	-0.003067296231
1.033599972725	-0.002893504221
1.035199999809	-0.004641760606
1.036800026894	-0.003843968268
1.038399934769	-0.004443648271
1.039999961853	-0.003941472154
1.041599988937	-0.003168976167
1.043200016022	-0.004811008461
1.044799923897	-0.004093056545
1.046399950981	-0.005116800312
1.047999978065	-0.002063312102
1.049600005150	-0.004272496328
1.051200032234	-0.005506944377
1.052799940109	-0.005123680457
1.054399967194	-0.003775312332
1.055999994278	-0.005478240550
1.057600021362	-0.002875232138
1.059199929237	-0.003220368177
1.060799956322	-0.005505552515
1.062399983406	-0.004273440223
1.064000010490	-0.003323328216
1.065599918365	-0.003923360258
1.067199945450	-0.004562656395
1.068799972534	-0.003460160224
1.070399999619	-0.003718272317
1.072000026703	-0.003962288145
1.073599934578	-0.005501232576
1.075199961662	-0.004406224471
1.076799988747	-0.006182112731
1.078400015831	-0.003792176256
1.079999923706	-0.005769104697
1.081599950790	-0.002653840231
1.083199977875	-0.005331200548
1.084800004959	-0.005864528473
1.086400032043	-0.003336784197
1.087999939919	-0.002828000346
1.089599967003	-0.004764192272
1.091199994087	-0.006700448692
1.092800021172	-0.003493088298
1.094399929047	-0.005256384611
1.095999956131	-0.004106544424
1.097599983215	-0.005048864521
1.099200010300	-0.004084784538
1.100799918175	-0.005053648259
1.102399945259	-0.005497440696
1.103999972343	-0.003215888282
1.105599999428	-0.005039504264
1.107200026512	-0.002748976229
1.108799934387	-0.004967888352
1.110399961472	-0.004281808157
1.111999988556	-0.005088896491
1.113600015640	-0.003698272398
1.115199923515	-0.004150768276
1.116799950600	-0.005457360297
1.118399977684	-0.002900048159
1.120000004768	-0.005616528448
1.121599912643	-0.005902848672
1.123199939728	-0.003503824351
1.124799966812	-0.007201488595
1.126399993896	-0.004741712473
1.128000020981	-0.004916496575
1.129599928856	-0.003876832314
1.131199955940	-0.005996144377
1.132799983025	-0.003439632244
1.134400010109	-0.004192512482
1.135999917984	-0.005538176280
1.137599945068	-0.005298304372
1.139199972153	-0.004776032642
1.140799999237	-0.005054368638
1.142400026321	-0.004153616261
1.143999934196	-0.003790992312
1.145599961281	-0.005383056588
1.147199988365	-0.003471088363
1.148800015450	-0.004980656318
1.150399923325	-0.003843616229
1.151999950409	-0.004973392468
1.153599977493	-0.006793552544
1.155200004578	-0.005188016221
1.156799912453	-0.003899408272
1.158399939537	-0.005431424361
1.159999966621	-0.005053920206
1.161599993706	-0.007069056388
1.163200020790	-0.004227488302
1.164799928665	-0.005864096340
1.166399955750	-0.004331200384
1.167999982834	-0.002994032344
1.169600009918	-0.004895536229
1.171199917793	-0.005227632355
1.172799944878	-0.003787840251
1.174399971962	-0.005796288606
1.175999999046	-0.003904560348
1.177600026131	-0.005630448461
1.179199934006	-0.007698256522
1.180799961090	-0.004566960502
1.182399988174	-0.006406016648
1.184000015259	-0.005826560315
1.185599923134	-0.005699728616
1.187199950218	-0.003869840410
1.188799977303	-0.004180832300
1.190400004387	-0.005710736383
1.191999912262	-0.005832784344
1.193599939346	-0.005950864404
1.195199966431	-0.004934208468
1.196799993515	-0.004035440274
1.198400020599	-0.004979408346
1.199999928474	-0.005333776586
1.201599955559	-0.006268160418
1.203199982643	-0.006727904547
1.204800009727	-0.006332944613
1.206399917603	-0.007261040621
1.207999944687	-0.006352416705
1.209599971771	-0.007043728605
1.211199998856	-0.005424336530
1.212800025940	-0.007240912411
1.214399933815	-0.006044112612
1.215999960899	-0.005958576687
1.217599987984	-0.005677120294
1.219200015068	-0.005695360713
1.220799922943	-0.006858240813
1.222399950027	-0.006659536622
1.223999977112	-0.005180672277
1.225600004196	-0.004765904509
1.227199912071	-0.006451344583
1.228799939156	-0.006181232631
1.230399966240	-0.005299152341
1.231999993324	-0.006785232574
1.233600020409	-0.007189168595
1.235199928284	-0.006482592784
1.236799955368	-0.008023728617
1.238399982452	-0.006786432583
1.240000009537	-0.004684752319
1.241599917412	-0.006313424557
1.243199944496	-0.006097248290
1.244799971581	-0.007137840614
1.246399998665	-0.005746560637
1.248000025749	-0.005578704644
1.249599933624	-0.005118160509
1.251199960709	-0.006110352464
1.252799987793	-0.007844449021
1.254400014877	-0.007381936535
1.255999922752	-0.004938176367
1.257599949837	-0.006315360311
1.259199976921	-0.006938064471
1.260800004005	-0.005962992553
1.262399911880	-0.005734960549
1.263999938965	-0.005516768433
1.265599966049	-0.005804624408
1.267199993134	-0.006432432681
1.268800020218	-0.005257120356
1.270399928093	-0.005020592362
1.271999955177	-0.006021168549
1.273599982262	-0.007309088483
1.275200009346	-0.005911632441
1.276799917221	-0.006625888404
1.278399944305	-0.006712304428
1.279999971390	-0.007328976411
1.281599998474	-0.005586128682
1.283200025558	-0.007207088638
1.284799933434	-0.005810304545
1.286399960518	-0.005963856354
1.287999987602	-0.007977856323
1.289600014687	-0.006946928799
1.291199922562	-0.006068016402
1.292799949646	-0.006872656755
1.294399976730	-0.007193360478
1.296000003815	-0.006946320646
1.297599911690	-0.006873168517
1.299199938774	-0.006157248281
1.300799965858	-0.006771008484
1.302399992943	-0.008516096510
1.304000020027	-0.006714896765
1.305599927902	-0.004948160611
1.307199954987	-0.007020640653
1.308799982071	-0.006935424637
1.310400009155	-0.008146592416
1.311999917030	-0.007165008690
1.313599944115	-0.006725472398
1.315199971199	-0.005400432274
1.316799998283	-0.007790144533
1.318400025368	-0.005621792283
1.319999933243	-0.007666768506
1.321599960327	-0.007288800552
1.323199987411	-0.006115488708
1.324800014496	-0.006493600551
1.326399922371	-0.004912592471
1.327999949455	-0.006912688725
1.329599976540	-0.006561968476
1.331200003624	-0.007151952479
1.332799911499	-0.007818000391
1.334399938583	-0.006170096342
1.335999965668	-0.006249296479
1.337599992752	-0.005958768539
1.339200019836	-0.006839024834
1.340799927711	-0.006799600553
1.342399954796	-0.005986128468
1.343999981880	-0.006390640512
1.345600008965	-0.006799248513
1.347199916840	-0.007606448606
1.348799943924	-0.007972144522
1.350399971008	-0.006702560466
1.351999998093	-0.007249872666
1.353600025177	-0.006555856671
1.355199933052	-0.007316288538
1.356799960136	-0.006040832493
1.358399987221	-0.008517360315
1.360000014305	-0.007788112853
1.361599922180	-0.007284256630
1.363199949265	-0.008034832776
1.364799976349	-0.006428288296
1.366400003433	-0.006849296391
1.367999911308	-0.005135760643
1.369599938393	-0.007223584689
1.371199965477	-0.007617792580
1.372799992561	-0.006704160478
1.374400019646	-0.007324784528
1.375999927521	-0.007892112248
1.377599954605	-0.007552832831
1.379199981689	-0.005217984319
1.380800008774	-0.007146240678
1.382399916649	-0.007286384702
1.383999943733	-0.005830832291
1.385599970818	-0.008446929045
1.387199997902	-0.008070416749
1.388799905777	-0.006444976665
1.390399932861	-0.007192176767
1.391999959946	-0.006656880490
1.393599987030	-0.007121744566
1.395200014114	-0.006340240594
1.396799921989	-0.006117792334
1.398399949074	-0.008937872946
1.399999976158	-0.008642177097
1.401600003242	-0.007443552371
1.403199911118	-0.006592368707
1.404799938202	-0.009218065068
1.406399965286	-0.009195424616
1.407999992371	-0.007256384473
1.409600019455	-0.006777792703
1.411199927330	-0.006822288502
1.412799954414	-0.007187840529
1.414399981499	-0.008137936704
1.416000008583	-0.008768288419
1.417599916458	-0.007046096493
1.419199943542	-0.007282432634
1.420799970627	-0.007734224666
1.422399997711	-0.006864992436
1.423999905586	-0.008739360608
1.425599932671	-0.007222304586
1.427199959755	-0.007134080399
1.428799986839	-0.007891120389
1.430400013924	-0.008128896356
1.431999921799	-0.008571472950
1.433599948883	-0.007660608739
1.435199975967	-0.007893760689
1.436800003052	-0.009435905144
1.438399910927	-0.006201680284
1.439999938011	-0.008123137057
1.441599965096	-0.004805424251
1.443199992180	-0.009402496740
1.444800019264	-0.007383760531
1.446399927139	-0.008961264975
1.447999954224	-0.008562192321
1.449599981308	-0.007176448591
1.451200008392	-0.005635760259
1.452799916267	-0.008722432889
1.454399943352	-0.007791088428
1.455999970436	-0.008739056997
1.457599997520	-0.006815360393
1.459199905396	-0.008682448417
1.460799932480	-0.007640160620
1.462399959564	-0.008387601003
1.463999986649	-0.007650224492
1.465600013733	-0.007865680382
1.467199921608	-0.007384352386
1.468799948692	-0.007804880384
1.470399975777	-0.008699649014
1.472000002861	-0.007238432765
1.473599910736	-0.008383552544
1.475199937820	-0.008026625030
1.476799964905	-0.009338656440
1.478399991989	-0.007813984528
1.480000019073	-0.008517984301
1.481599926949	-0.007314640563
1.483199954033	-0.008307520300
1.484799981117	-0.008830512874
1.486400008202	-0.009205744602
1.487999916077	-0.009279680438
1.489599943161	-0.008517312817
1.491199970245	-0.008072480559
1.492799997330	-0.008212016895
1.494399905205	-0.009246529080
1.495999932289	-0.007191232406
1.497599959373	-0.008272832260
1.499199986458	-0.007465776522
1.500800013542	-0.008755329065
1.502399921417	-0.009447232820
1.503999948502	-0.007763520814
1.505599975586	-0.007177536841
1.507200002670	-0.008363761008
1.508799910545	-0.007843712345
1.510399937630	-0.009285680950
1.511999964714	-0.007936416194
1.513599991798	-0.008120688610
1.515200018883	-0.007422896568
1.516799926758	-0.009461408481
1.518399953842	-0.008127616718
1.519999980927	-0.007391152438
1.521600008011	-0.008568000980
1.523199915886	-0.006281376351
1.524799942970	-0.007153536659
1.526399970055	-0.009408400394
1.527999997139	-0.008929968812
1.529599905014	-0.008793792687
1.531199932098	-0.008068032563
1.532799959183	-0.008686544374
1.534399986267	-0.008021600544
1.536000013351	-0.006908320356
1.537599921227	-0.007544768509
1.539199948311	-0.007880048826
1.540799975395	-0.009310880676
1.542400002480	-0.006222160533
1.543999910355	-0.009012336843
1.545599937439	-0.008726720698
1.547199964523	-0.009162800387
1.548799991608	-0.009108768776
1.550400018692	-0.008322481066
1.551999926567	-0.008065360598
1.553599953651	-0.009227008559
1.555199980736	-0.009539024904
1.556800007820	-0.008547040634
1.558399915695	-0.008609537035
1.559999942780	-0.007393984590
1.561599969864	-0.009376225062
1.563199996948	-0.008607024327
1.564799904823	-0.008585536852
1.566399931908	-0.010810689069
1.567999958992	-0.008930064738
1.569599986076	-0.008235217072
1.571200013161	-0.009614337236
1.572799921036	-0.008655712940
1.574399948120	-0.009869616479
1.575999975204	-0.010128880851
1.577600002289	-0.009136657231
1.579199910164	-0.010147361085
1.580799937248	-0.008538304828
1.582399964333	-0.008394912817
1.583999991417	-0.008276688866
1.585600018501	-0.009339856915
1.587199926376	-0.007969777100
1.588799953461	-0.010604305193
1.590399980545	-0.008618848398
1.592000007629	-0.008414080366
1.593599915504	-0.008703649044
1.595199942589	-0.010299792513
1.596799969673	-0.007268704474
1.598399996758	-0.008429072797
1.599999904633	-0.010844880715
1.601599931717	-0.008890224621
1.603199958801	-0.007985040545
1.604799985886	-0.008956529200
1.606400012970	-0.008971297182
1.607999920845	-0.009038737044
1.609599947929	-0.007752096746
1.611199975014	-0.009694640525
1.612800002098	-0.009717072360
1.614399909973	-0.009797329083
1.615999937057	-0.008871857077
1.617599964142	-0.008462480269
1.619199991226	-0.010495873168
1.620800018311	-0.010132849216
1.622399926186	-0.010859936476
1.623999953270	-0.008558176458
1.625599980354	-0.009201664478
1.627200007439	-0.009035328403
1.628799915314	-0.009096832946
1.630399942398	-0.009652112611
1.631999969482	-0.008321200497
1.633599996567	-0.011171968654
1.635199904442	-0.009555025026
1.636799931526	-0.008927457035
1.638399958611	-0.010380816646
1.639999985695	-0.009449345060
1.641600012779	-0.008708177134
1.643199920654	-0.008993072435
1.644799947739	-0.008481169119
1.646399974823	-0.009428224526
1.648000001907	-0.008658480830
1.649599909782	-0.008944977075
1.651199936867	-0.009908448905
1.652799963951	-0.008953873068
1.654399991035	-0.009212400764
1.655999898911	-0.009352544323
1.657599925995	-0.008122928441
1.659199953079	-0.010104993358
1.660799980164	-0.009419744834
1.662400007248	-0.009307840839
1.663999915123	-0.010169520974
1.665599942207	-0.008877392858
1.667199969292	-0.009343041107
1.668799996376	-0.009965952486
1.670399904251	-0.010427184403
1.671999931335	-0.010176097043
1.673599958420	-0.009625185281
1.675199985504	-0.008767728694
1.676800012589	-0.010324688628
1.678399920464	-0.009777424857
1.679999947548	-0.010656257160
1.681599974632	-0.009646496736
1.683200001717	-0.009820736945
1.684799909592	-0.008791793138
1.686399936676	-0.009442401119
1.687999963760	-0.010321073234
1.689599990845	-0.009229056537
1.691199898720	-0.009773248807
1.692799925804	-0.007498368621
1.694399952888	-0.010439072736
1.695999979973	-0.009529120289
1.697600007057	-0.011346048675
1.699199914932	-0.007947457023
1.700799942017	-0.008306720294
1.702399969101	-0.010520257056
1.703999996185	-0.008857488632
1.705599904060	-0.010626561008
1.707199931145	-0.007704928517
1.708799958229	-0.010280368850
1.710399985313	-0.009873872623
1.712000012398	-0.009015008807
1.713599920273	-0.009668912739
1.715199947357	-0.010402289219
1.716799974442	-0.009409072809
1.718400001526	-0.010960209183
1.719999909401	-0.011657345109
1.721599936485	-0.009023840539
1.723199963570	-0.010817760602
1.724799990654	-0.011309280992
1.726399898529	-0.010911616497
1.727999925613	-0.011103552766
1.729599952698	-0.010741264559
1.731199979782	-0.010613696650
1.732800006866	-0.010099872947
1.734399914742	-0.010578272864
1.735999941826	-0.009909984656
1.737599968910	-0.009896432981
1.739199995995	-0.011616720818
1.740799903870	-0.010849504732
1.742399930954	-0.010125825182
1.743999958038	-0.009594145231
1.745599985123	-0.009425153024
1.747200012207	-0.010301472619
1.748799920082	-0.010886624455
1.750399947166	-0.009634112939
1.751999974251	-0.011156897061
1.753600001335	-0.010518432595
1.755199909210	-0.011366048828
1.756799936295	-0.010952913202
1.758399963379	-0.009032640606
1.759999990463	-0.009979456663
1.761599898338	-0.008823584765
1.763199925423	-0.009887392633
1.764799952507	-0.009486480616
1.766399979591	-0.010190976784
1.768000006676	-0.009791696444
1.769599914551	-0.009609584697
1.771199941635	-0.009623664431
1.772799968719	-0.010461664759
1.774399995804	-0.011264161207
1.775999903679	-0.010078161024
1.777599930763	-0.011184817180
1.779199957848	-0.009766336530
1.780799984932	-0.009429648519
1.782400012016	-0.010822161101
1.783999919891	-0.009830513038
1.785599946976	-0.009170448408
1.787199974060	-0.010014449246
1.788800001144	-0.012685392983
1.790399909019	-0.011497360654
1.791999936104	-0.010372176766
1.793599963188	-0.012298497371
1.795199990273	-0.010991537012
1.796799898148	-0.010106865317
1.798399925232	-0.010679921135
1.799999952316	-0.012004433200
1.801599979401	-0.010798497126
1.803200006485	-0.010545184836
1.804799914360	-0.010590177029
1.806399941444	-0.010480833240
1.807999968529	-0.010558145121
1.809599995613	-0.010161632672
1.811199903488	-0.010396224447
1.812799930573	-0.010319504887
1.814399957657	-0.009953328408
1.815999984741	-0.010763697326
1.817600011826	-0.009117328562
1.819199919701	-0.008649536408
1.820799946785	-0.009080464952
1.822399973869	-0.009445969015
1.824000000954	-0.011045345105
1.825599908829	-0.011547025293
1.827199935913	-0.010749504901
1.828799962997	-0.011606832966
1.830399990082	-0.010754832998
1.831999897957	-0.010904384777
1.833599925041	-0.010806865059
1.835199952126	-0.010257297195
1.836799979210	-0.010014240630
1.838400006294	-0.009735216387
1.839999914169	-0.011454304680
1.841599941254	-0.010270960629
1.843199968338	-0.009551377036
1.844799995422	-0.011538513005
1.846399903297	-0.010474177077
1.847999930382	-0.010271424428
1.849599957466	-0.011284177192
1.851199984550	-0.011017104611
1.852800011635	-0.011133264750
1.854399919510	-0.011595057324
1.855999946594	-0.011850625277
1.857599973679	-0.010728481226
1.859200000763	-0.010621856898
1.860799908638	-0.011534688994
1.862399935722	-0.011583857238
1.863999962807	-0.010428433307
1.865599989891	-0.011113616638
1.867199897766	-0.011415440589
1.868799924850	-0.009869248606
1.870399951935	-0.010854496621
1.871999979019	-0.011107808910
1.873600006104	-0.012338208966
1.875199913979	-0.010673264973
1.876799941063	-0.010416433215
1.878399968147	-0.010354688391
1.879999995232	-0.011404161341
1.881599903107	-0.011068416759
1.883199930191	-0.009651441127
1.884799957275	-0.011538689025
1.886399984360	-0.010512401350
1.888000011444	-0.011350656860
1.889599919319	-0.012056592852
1.891199946404	-0.010069793090
1.892799973488	-0.010422849096
1.894400000572	-0.010560336523
1.895999908447	-0.009856288321
1.897599935532	-0.010532992892
1.899199962616	-0.009892000817
1.900799989700	-0.011696528643
1.902399897575	-0.010714257136
1.903999924660	-0.010682608932
1.905599951744	-0.010103392415
1.907199978828	-0.013242385350
1.908800005913	-0.011090048589
1.910399913788	-0.010824449360
1.911999940872	-0.009709808975
1.913599967957	-0.010848160833
1.915199995041	-0.010478128679
1.916799902916	-0.009528785013
1.918399930000	-0.011159105226
1.919999957085	-0.011818112805
1.921599984169	-0.010587233119
1.923199892044	-0.009542176500
1.924799919128	-0.011968640611
1.926399946213	-0.010506768711
1.927999973297	-0.011222112924
1.929600000381	-0.012187249027
1.931199908257	-0.012588192709
1.932799935341	-0.010037264787
1.934399962425	-0.011760384776
1.935999989510	-0.013099856675
1.937599897385	-0.010209697299
1.939199924469	-0.010273792781
1.940799951553	-0.011370960623
1.942399978638	-0.010206176899
1.944000005722	-0.010288416408
1.945599913597	-0.011357665062
1.947199940681	-0.011723249219
1.948799967766	-0.011634240858
1.950399994850	-0.011642624624
1.951999902725	-0.011643040925
1.953599929810	-0.012081072666
1.955199956894	-0.011721440591
1.956799983978	-0.011199376546
1.958399891853	-0.010079056956
1.959999918938	-0.009324705228
1.961599946022	-0.011953105219
1.963199973106	-0.011332000606
1.964800000191	-0.009396880865
1.966399908066	-0.009167169221
1.967999935150	-0.010970449075
1.969599962234	-0.012113313191
1.971199989319	-0.010783361271
1.972799897194	-0.011238128878
1.974399924278	-0.011167553253
1.975999951363	-0.010851521045
1.977599978447	-0.012417329475
1.979200005531	-0.013034816831
1.980799913406	-0.011837616563
1.982399940491	-0.010068736970
1.983999967575	-0.009657217190
1.985599994659	-0.012776369229
1.987199902534	-0.011111472733
1.988799929619	-0.010387456976
1.990399956703	-0.012325488962
1.991999983788	-0.010836017318
1.993599891663	-0.009682704695
1.995199918747	-0.011477408931
1.996799945831	-0.010192529298
1.998399972916	-0.009115632623
2.000000000000	-0.011130848899
2.001600027084	-0.011641937308
2.003200054169	-0.011856736615
2.004799842834	-0.012633057311
2.006399869919	-0.011705473065
2.007999897003	-0.012159553356
2.009599924088	-0.012923585251
2.011199951172	-0.011754320934
2.012799978256	-0.011346032843
2.014400005341	-0.011397217400
2.016000032425	-0.011757313274
2.017600059509	-0.010228561237
2.019199848175	-0.012356865220
2.020799875259	-0.011187921278
2.022399902344	-0.010215585120
2.023999929428	-0.010971216485
2.025599956512	-0.010488080792
2.027199983597	-0.011196129024
2.028800010681	-0.011779408902
2.030400037766	-0.011142385192
2.032000064850	-0.011744992808
2.033599853516	-0.012891105376
2.035199880600	-0.010874592699
2.036799907684	-0.010773360729
2.038399934769	-0.011867905036
2.039999961853	-0.011780672707
2.041599988937	-0.009309777059
2.043200016022	-0.011648752727
2.044800043106	-0.011141072959
2.046399831772	-0.011249792762
2.047999858856	-0.011811200529
2.049599885941	-0.011510528624
2.051199913025	-0.012589569204
2.052799940109	-0.010153776966
2.054399967194	-0.011269313283
2.055999994278	-0.011218480766
2.057600021362	-0.010014449246
2.059200048447	-0.011070480570
2.060799837112	-0.011734353378
2.062399864197	-0.012271344662
2.063999891281	-0.012024768628
2.065599918365	-0.011934353039
2.067199945450	-0.011881696992
2.068799972534	-0.011223536916
2.070399999619	-0.011975153349
2.072000026703	-0.012532977387
2.073600053787	-0.011821296997
2.075199842453	-0.010260560550
2.076799869537	-0.013087809086
2.078399896622	-0.012920688838
2.079999923706	-0.012594672851
2.081599950790	-0.010476608761
2.083199977875	-0.012251889333
2.084800004959	-0.012223009020
2.086400032043	-0.011121649295
2.088000059128	-0.012008016929
2.089599847794	-0.011943393387
2.091199874878	-0.011300384998
2.092799901962	-0.011899312958
2.094399929047	-0.013146673329
2.095999956131	-0.011608080938
2.097599983215	-0.011538673192
2.099200010300	-0.010959184729
2.100800037384	-0.010356704704
2.102400064468	-0.010267776437
2.103999853134	-0.012553760782
2.105599880219	-0.011579761282
2.107199907303	-0.012244801037
2.108799934387	-0.011614688672
2.110399961472	-0.012590576895
2.111999988556	-0.010044736788
2.113600015640	-0.012015040964
2.115200042725	-0.011216448620
2.116799831390	-0.011333312839
2.118399858475	-0.012773089111
2.119999885559	-0.012534401380
2.121599912643	-0.013194928877
2.123199939728	-0.012006352656
2.124799966812	-0.013510016724
2.126399993896	-0.010508865118
2.128000020981	-0.012414720841
2.129600048065	-0.011307745241
2.131199836731	-0.013519025408
2.132799863815	-0.011554961093
2.134399890900	-0.012548688799
2.135999917984	-0.012954032980
2.137599945068	-0.010942704976
2.139199972153	-0.011150209233
2.140799999237	-0.011957840994
2.142400026321	-0.012512641028
2.144000053406	-0.010984160937
2.145599842072	-0.011095937341
2.147199869156	-0.012144752778
2.148799896240	-0.013539552689
2.150399923325	-0.010670497082
2.151999950409	-0.011757297441
2.153599977493	-0.011869888753
2.155200004578	-0.012279825285
2.156800031662	-0.011011185125
2.158400058746	-0.011111568660
2.159999847412	-0.011143120937
2.161599874496	-0.013440640643
2.163199901581	-0.011431025341
2.164799928665	-0.011967713013
2.166399955750	-0.011399488896
2.167999982834	-0.012235281058
2.169600009918	-0.011713680811
2.171200037003	-0.010419664904
2.172800064087	-0.012502577156
2.174399852753	-0.011953664944
2.175999879837	-0.011764544994
2.177599906921	-0.013029889204
2.179199934006	-0.012832080945
2.180799961090	-0.012917009182
2.182399988174	-0.010783312842
2.184000015259	-0.012907600962
2.185600042343	-0.013759857044
2.187199831009	-0.010718752630
2.188799858093	-0.012381969020
2.190399885178	-0.011716112494
2.191999912262	-0.013478880748
2.193599939346	-0.011548177339
2.195199966431	-0.010760433041
2.196799993515	-0.010744464584
2.198400020599	-0.012484464794
2.200000047684	-0.013158624992
2.201599836349	-0.012381200679
2.203199863434	-0.011615441181
2.204799890518	-0.012994049117
2.206399917603	-0.013774513267
2.207999944687	-0.012223425321
2.209599971771	-0.011162401177
2.211199998856	-0.009050640278
2.212800025940	-0.012126880698
2.214400053024	-0.013603297062
2.215999841690	-0.011919696815
2.217599868774	-0.011554656550
2.219199895859	-0.012083329260
2.220799922943	-0.009356928989
2.222399950027	-0.012205121107
2.223999977112	-0.011870608665
2.225600004196	-0.012148993090
2.227200031281	-0.012890673243
2.228800058365	-0.010731585324
2.230399847031	-0.012963312678
2.231999874115	-0.013140433468
2.233599901199	-0.012990401126
2.235199928284	-0.012476816773
2.236799955368	-0.012127408758
2.238399982452	-0.012278448790
2.240000009537	-0.011406096630
2.241600036621	-0.012240816839
2.243199825287	-0.013228560798
2.244799852371	-0.011512368917
2.246399879456	-0.010788177140
2.247999906540	-0.011550464667
2.249599933624	-0.012726960704
2.251199960709	-0.013567137532
2.252799987793	-0.011117008515
2.254400014877	-0.011857088655
2.256000041962	-0.012465616688
2.257599830627	-0.012989841402
2.259199857712	-0.012013888918
2.260799884796	-0.012426065281
2.262399911880	-0.011284529231
2.263999938965	-0.012430832721
2.265599966049	-0.012901057489
2.267199993134	-0.011331296526
2.268800020218	-0.010520016775
2.270400047302	-0.011273761280
2.271999835968	-0.012080192566
2.273599863052	-0.011656864546
2.275199890137	-0.012275168672
2.276799917221	-0.012864897028
2.278399944305	-0.011817664839
2.279999971390	-0.011698384769
2.281599998474	-0.011636288837
2.283200025558	-0.012948448770
2.284800052643	-0.012924784794
2.286399841309	-0.012934689410
2.287999868393	-0.011949537322
2.289599895477	-0.010848080739
2.291199922562	-0.012073745020
2.292799949646	-0.012066257186
2.294399976730	-0.013945696875
2.296000003815	-0.010796576738
2.297600030899	-0.011881121434
2.299200057983	-0.012531825341
2.300799846649	-0.011029585265
2.302399873734	-0.011006176472
2.303999900818	-0.013193121180
2.305599927902	-0.010780768469
2.307199954987	-0.013567840680
2.308799982071	-0.010967425071
2.310400009155	-0.012404864654
2.312000036240	-0.011803456582
2.313599824905	-0.011484785005
2.315199851990	-0.012852801010
2.316799879074	-0.011835873127
2.318399906158	-0.012587505393
2.319999933243	-0.013238929212
2.321599960327	-0.011298704892
2.323199987411	-0.011977328919
2.324800014496	-0.013116529211
2.326400041580	-0.012625505216
2.327999830246	-0.012149601243
2.329599857330	-0.011823425069
2.331199884415	-0.013140688650
2.332799911499	-0.012206400745
2.334399938583	-0.012609184720
2.335999965668	-0.012813424692
2.337599992752	-0.010602065362
2.339200019836	-0.012437248603
2.340800046921	-0.013192145154
2.342399835587	-0.012235345319
2.343999862671	-0.012176753022
2.345599889755	-0.012751025148
2.347199916840	-0.012579184957
2.348799943924	-0.012419984676
2.350399971008	-0.011755760759
2.351999998093	-0.011837616563
2.353600025177	-0.011713185348
2.355200052261	-0.013645840809
2.356799840927	-0.013045600615
2.358399868011	-0.011192688718
2.359999895096	-0.011392513290
2.361599922180	-0.014278752729
2.363199949265	-0.011936097406
2.364799976349	-0.012689473107
2.366400003433	-0.011144656688
2.368000030518	-0.011741217226
2.369600057602	-0.010807168670
2.371199846268	-0.012743265368
2.372799873352	-0.013545825146
2.374399900436	-0.012323937379
2.375999927521	-0.013009969145
2.377599954605	-0.013594449498
2.379199981689	-0.012752625160
2.380800008774	-0.013183345087
2.382400035858	-0.013146368787
2.383999824524	-0.011120304465
2.385599851608	-0.012740752660
2.387199878693	-0.011595777236
2.388799905777	-0.012972112745
2.390399932861	-0.013403665274
2.391999959946	-0.011514448561
2.393599987030	-0.011569089256
2.395200014114	-0.013437809423
2.396800041199	-0.012310049497
2.398399829865	-0.011656064540
2.399999856949	-0.012244417332
2.401599884033	-0.012175121345
2.403199911118	-0.011699857190
2.404799938202	-0.014433889650
2.406399965286	-0.012653169222
2.407999992371	-0.011856368743
2.409600019455	-0.011922513135
2.411200046539	-0.013465872966
2.412799835205	-0.012486177497
2.414399862289	-0.011472737417
2.415999889374	-0.011899088509
2.417599916458	-0.011418321170
2.419199943542	-0.013898865320
2.420799970627	-0.012619056739
2.422399997711	-0.011737808585
2.424000024796	-0.013156081550
2.425600051880	-0.013007201254
2.427199840546	-0.011822544970
2.428799867630	-0.012291745283
2.430399894714	-0.011961201206
2.431999921799	-0.014249200933
2.433599948883	-0.011955920607
2.435199975967	-0.011920113117
2.436800003052	-0.012764961459
2.438400030136	-0.012190304697
2.440000057220	-0.013011776842
2.441599845886	-0.012512961403
2.443199872971	-0.011220432818
2.444799900055	-0.012837776914
2.446399927139	-0.014104145579
2.447999954224	-0.013002145104
2.449599981308	-0.015256801620
2.451200008392	-0.011945600621
2.452800035477	-0.013319104910
2.454399824142	-0.013465153053
2.455999851227	-0.012343904935
2.457599878311	-0.012017104775
2.459199905396	-0.013211905025
2.460799932480	-0.012675953098
2.462399959564	-0.011892048642
2.463999986649	-0.013084881008
2.465600013733	-0.013063441031
2.467200040817	-0.011771072634
2.468799829483	-0.012078672647
2.470399856567	-0.014162497595
2.471999883652	-0.013053056784
2.473599910736	-0.012181713246
2.475199937820	-0.013220129535
2.476799964905	-0.010902960785
2.478399991989	-0.013337937184
2.480000019073	-0.013552817516
2.481600046158	-0.012118369341
2.483199834824	-0.012207153253
2.484799861908	-0.011939489283
2.486399888992	-0.013149441220
2.487999916077	-0.012441617437
2.489599943161	-0.012683153152
2.491199970245	-0.012639424764
2.492799997330	-0.011918896809
2.494400024414	-0.012744816951
2.496000051498	-0.011806321330
2.497599840164	-0.012500097044
2.499199867249	-0.012649777345
2.500799894333	-0.014667904936
2.502399921417	-0.010989408940
2.503999948502	-0.012994033284
2.505599975586	-0.011339233257
2.507200002670	-0.013815425336
2.508800029755	-0.013003952801
2.510399818420	-0.012534352951
2.511999845505	-0.012689905241
2.513599872589	-0.013050560839
2.515199899673	-0.011665777303
2.516799926758	-0.012482240796
2.518399953842	-0.012204321101
2.519999980927	-0.012526992708
2.521600008011	-0.011828880757
2.523200035095	-0.013427233323
2.524799823761	-0.012792401016
2.526399850845	-0.011764032766
2.527999877930	-0.012887937017
2.529599905014	-0.015051040798
2.531199932098	-0.011828416958
2.532799959183	-0.011149681173
2.534399986267	-0.014397201128
2.536000013351	-0.011106160469
2.537600040436	-0.012514112517
2.539199829102	-0.012189473026
2.540799856186	-0.012478657067
2.542399883270	-0.011483392678
2.543999910355	-0.012927249074
2.545599937439	-0.014255281538
2.547199964523	-0.013041825034
2.548799991608	-0.011925040744
2.550400018692	-0.013157169335
2.552000045776	-0.012043217197
2.553599834442	-0.014882801101
2.555199861526	-0.014189377427
2.556799888611	-0.012594320811
2.558399915695	-0.012062384747
2.559999942780	-0.012840736657
2.561599969864	-0.013399825431
2.563199996948	-0.011527297087
2.564800024033	-0.013023201376
2.566400051117	-0.012343953364
2.567999839783	-0.011637264863
2.569599866867	-0.012809872627
2.571199893951	-0.013496897183
2.572799921036	-0.013460544869
2.574399948120	-0.011974336579
2.575999975204	-0.014010977000
2.577600002289	-0.014602209441
2.579200029373	-0.014385857619
2.580799818039	-0.013562353328
2.582399845123	-0.014133120887
2.583999872208	-0.012680688873
2.585599899292	-0.012460161000
2.587199926376	-0.012222592719
2.588799953461	-0.013663601130
2.590399980545	-0.013067617081
2.592000007629	-0.012088464573
2.593600034714	-0.013052289374
2.595199823380	-0.011264016852
2.596799850464	-0.012445905246
2.598399877548	-0.013581984676
2.599999904633	-0.012623776682
2.601599931717	-0.013459553011
2.603199958801	-0.013263248838
2.604799985886	-0.013148496859
2.606400012970	-0.013321152888
2.608000040054	-0.011210625060
2.609599828720	-0.012962097302
2.611199855804	-0.012594432570
2.612799882889	-0.013427521102
2.614399909973	-0.013947265223
2.615999937057	-0.013781905174
2.617599964142	-0.012506448664
2.619199991226	-0.012787473388
2.620800018311	-0.012795329094
2.622400045395	-0.013915297575
2.623999834061	-0.012734512798
2.625599861145	-0.013098784722
2.627199888229	-0.012920849025
2.628799915314	-0.012023905292
2.630399942398	-0.014092497528
2.631999969482	-0.013152081519
2.633599996567	-0.012882192619
2.635200023651	-0.012629888952
2.636800050735	-0.014124881476
2.638399839401	-0.013287761249
2.639999866486	-0.013023281470
2.641599893570	-0.013964992948
2.643199920654	-0.014307457022
2.644799947739	-0.012235216796
2.646399974823	-0.012922497466
2.648000001907	-0.013341264799
2.649600028992	-0.012807041407
2.651199817657	-0.012669056654
2.652799844742	-0.012853456661
2.654399871826	-0.015355729498
2.655999898911	-0.012850144878
2.657599925995	-0.014038705267
2.659199953079	-0.014336801134
2.660799980164	-0.013085825369
2.662400007248	-0.012763937004
2.664000034332	-0.014117809013
2.665599822998	-0.012654241174
2.667199850082	-0.013053089380
2.668799877167	-0.013241200708
2.670399904251	-0.013023137115
2.671999931335	-0.014973456971
2.673599958420	-0.012960704975
2.675199985504	-0.013082177378
2.676800012589	-0.011842257343
2.678400039673	-0.012705921195
2.679999828339	-0.014071296901
2.681599855423	-0.014931169339
2.683199882507	-0.013899425045
2.684799909592	-0.012982017361
2.686399936676	-0.015492657200
2.687999963760	-0.012682353146
2.689599990845	-0.013058689423
2.691200017929	-0.013164993376
2.692800045013	-0.012405728921
2.694399833679	-0.012605632655
2.695999860764	-0.014265697449
2.697599887848	-0.013671280816
2.699199914932	-0.013820929453
2.700799942017	-0.012490545399
2.702399969101	-0.013944544829
2.703999996185	-0.012203425169
2.705600023270	-0.012358753011
2.707200050354	-0.015121488832
2.708799839020	-0.013960513286
2.710399866104	-0.013430384919
2.711999893188	-0.012405505404
2.713599920273	-0.011684033088
2.715199947357	-0.012834496796
2.716799974442	-0.012006305158
2.718400001526	-0.012640081346
2.720000028610	-0.014650480822
2.721599817276	-0.013387009501
2.723199844360	-0.013425713405
2.724799871445	-0.014307681471
2.726399898529	-0.013469249010
2.727999925613	-0.013576577418
2.729599952698	-0.013214576989
2.731199979782	-0.014038625173
2.732800006866	-0.013830529526
2.734400033951	-0.013046576641
2.735999822617	-0.013571713120
2.737599849701	-0.012627040967
2.739199876785	-0.013267537579
2.740799903870	-0.014391425066
2.742399930954	-0.011891520582
2.743999958038	-0.012644609436
2.745599985123	-0.013011937030
2.747200012207	-0.014478624798
2.748800039291	-0.014249521308
2.750399827957	-0.011152337305
2.751999855042	-0.012879105285
2.753599882126	-0.014341184869
2.755199909210	-0.014178513549
2.756799936295	-0.013384961523
2.758399963379	-0.011956336908
2.759999990463	-0.012973072939
2.761600017548	-0.012899729423
2.763200044632	-0.012135504745
2.764799833298	-0.012171248905
2.766399860382	-0.011557568796
2.767999887466	-0.012770896778
2.769599914551	-0.012496081181
2.771199941635	-0.012945168652
2.772799968719	-0.011415665038
2.774399995804	-0.011351329274
2.776000022888	-0.013915552758
2.777599811554	-0.012895968743
2.779199838638	-0.013961313292
2.780799865723	-0.013889920898
2.782399892807	-0.014798273332
2.783999919891	-0.013610401191
2.785599946976	-0.013600656763
2.787199974060	-0.013739729300
2.788800001144	-0.014241073281
2.790400028229	-0.013102801517
2.791999816895	-0.014043073170
2.793599843979	-0.013360672630
2.795199871063	-0.014866961166
2.796799898148	-0.012760785408
2.798399925232	-0.011242097244
2.799999952316	-0.014696497470
2.801599979401	-0.013490193523
2.803200006485	-0.012789232656
2.804800033569	-0.014888673089
2.806399822235	-0.014069888741
2.807999849319	-0.014500433579
2.809599876404	-0.014174224809
2.811199903488	-0.012486913241
2.812799930573	-0.013936321251
2.814399957657	-0.013309872709
2.815999984741	-0.012863009237
2.817600011826	-0.010908944532
2.819200038910	-0.013897936791
2.820799827576	-0.012444145046
2.822399854660	-0.013820192777
2.823999881744	-0.013796465471
2.825599908829	-0.012106080540
2.827199935913	-0.013142352924
2.828799962997	-0.012954193167
2.830399990082	-0.013402896933
2.832000017166	-0.013627185486
2.833600044250	-0.011937265284
2.835199832916	-0.012888032943
2.836799860001	-0.012637697160
2.838399887085	-0.014292049222
2.839999914169	-0.014222321101
2.841599941254	-0.011912512593
2.843199968338	-0.011907361448
2.844799995422	-0.013334353454
2.846400022507	-0.012428401038
2.847999811172	-0.014479328878
2.849599838257	-0.014091025107
2.851199865341	-0.012022753246
2.852799892426	-0.013177584857
2.854399919510	-0.013484945521
2.855999946594	-0.013838529587
2.857599973679	-0.012261521071
2.859200000763	-0.014840497635
2.860800027847	-0.014351569116
2.862399816513	-0.012545488775
2.863999843597	-0.011958480813
2.865599870682	-0.014532449655
2.867199897766	-0.013835025020
2.868799924850	-0.012851408683
2.870399951935	-0.013132144697
2.871999979019	-0.012950465083
2.873600006104	-0.013420209289
2.875200033188	-0.012845921330
2.876799821854	-0.013588865288
2.878399848938	-0.014237904921
2.879999876022	-0.013061328791
2.881599903107	-0.013975473121
2.883199930191	-0.015000385232
2.884799957275	-0.014430304989
2.886399984360	-0.012554321438
2.888000011444	-0.011870048940
2.889600038528	-0.013046928681
2.891199827194	-0.014199521393
2.892799854279	-0.013597808778
2.894399881363	-0.012367488816
2.895999908447	-0.012558368966
2.897599935532	-0.013310400769
2.899199962616	-0.013483776711
2.900799989700	-0.012765345164
2.902400016785	-0.010680080391
2.904000043869	-0.013119921088
2.905599832535	-0.013310081325
2.907199859619	-0.013450576924
2.908799886703	-0.013557905331
2.910399913788	-0.013022145256
2.911999940872	-0.011194352992
2.913599967957	-0.013732208870
2.915199995041	-0.013169265352
2.916800022125	-0.012802496552
2.918399810791	-0.012996464968
2.919999837875	-0.012196129188
2.921599864960	-0.013458337635
2.923199892044	-0.012105105445
2.924799919128	-0.013477552682
2.926399946213	-0.014001585543
2.927999973297	-0.012767201290
2.929600000381	-0.014443216845
2.931200027466	-0.013395952992
2.932799816132	-0.013238289393
2.934399843216	-0.014228353277
2.935999870300	-0.013293377124
2.937599897385	-0.012948401272
2.939199924469	-0.012970737182
2.940799951553	-0.014312176965
2.942399978638	-0.016924928874
2.944000005722	-0.011811984703
2.945600032806	-0.011312592775
2.947199821472	-0.013634753413
2.948799848557	-0.013783553615
2.950399875641	-0.013304593042
2.951999902725	-0.013645777479
2.953599929810	-0.012512449175
2.955199956894	-0.014744224958
2.956799983978	-0.014122641645
2.958400011063	-0.013172497042
2.960000038147	-0.012617665343
2.961599826813	-0.011612736620
2.963199853897	-0.014422145672
2.964799880981	-0.013383217156
2.966399908066	-0.014085536823
2.967999935150	-0.013926480897
2.969599962234	-0.011938224547
2.971199989319	-0.011910945177
2.972800016403	-0.012185216881
2.974400043488	-0.013171968982
2.975999832153	-0.012374528684
2.977599859238	-0.012852032669
2.979199886322	-0.011932512745
2.980799913406	-0.013432960957
2.982399940491	-0.014599217102
2.983999967575	-0.013113697059
2.985599994659	-0.012970353477
2.987200021744	-0.014083009213
2.988799810410	-0.013177009299
2.990399837494	-0.012283649296
2.991999864578	-0.011501712725
2.993599891663	-0.013696544804
2.995199918747	-0.013261009008
2.996799945831	-0.012078752741
2.998399972916	-0.013870608993
3.000000000000	-0.014033745043
3.001600027084	-0.013512545265
3.003199815750	-0.013794609345
3.004799842834	-0.012416369282
3.006399869919	-0.012808624655
3.007999897003	-0.013833393343
3.009599924088	-0.012990336865
3.011199951172	-0.012835296802
3.012799978256	-0.013608321548
3.014400005341	-0.012631696649
3.016000032425	-0.013947729021
3.017599821091	-0.012874769047
3.019199848175	-0.012984992936
3.020799875259	-0.013208640739
3.022399902344	-0.012523185462
3.023999929428	-0.011868593283
3.025599956512	-0.013552080840
3.027199983597	-0.015054625459
3.028800010681	-0.012791360728
3.030400037766	-0.013090209104
3.031999826431	-0.014156497084
3.033599853516	-0.014420896769
3.035199880600	-0.013570224866
3.036799907684	-0.013061601669
3.038399934769	-0.012346688658
3.039999961853	-0.013669840991
3.041599988937	-0.012129569426
3.043200016022	-0.012760433368
3.044799804687	-0.013059601188
3.046399831772	-0.013870256953
3.047999858856	-0.012740576640
3.049599885941	-0.012654577382
3.051199913025	-0.012284017168
3.052799940109	-0.013401441276
3.054399967194	-0.011752992868
3.055999994278	-0.014680433087
3.057600021362	-0.012505360879
3.059199810028	-0.015023521148
3.060799837112	-0.013953761198
3.062399864197	-0.013536817394
3.063999891281	-0.014296145178
3.065599918365	-0.012177729048
3.067199945450	-0.012225344777
3.068799972534	-0.013130704872
3.070399999619	-0.013295552693
3.072000026703	-0.013747489080
3.073599815369	-0.014109585434
3.075199842453	-0.013771696948
3.076799869537	-0.012821041048
3.078399896622	-0.012857329100
3.079999923706	-0.013957264833
3.081599950790	-0.013419888914
3.083199977875	-0.013159473427
3.084800004959	-0.012392304838
3.086400032043	-0.014636784792
3.087999820709	-0.013512273319
3.089599847794	-0.013176913373
3.091199874878	-0.014566529542
3.092799901962	-0.014256113209
3.094399929047	-0.013261040673
3.095999956131	-0.014960001223
3.097599983215	-0.012195456773
3.099200010300	-0.013966497034
3.100800037384	-0.013488161378
3.102399826050	-0.014026273042
3.103999853134	-0.012926112860
3.105599880219	-0.013757568784
3.107199907303	-0.014287552796
3.108799934387	-0.013694224879
3.110399961472	-0.013070320711
3.111999988556	-0.014212945476
3.113600015640	-0.013346049003
3.115199804306	-0.012096945196
3.116799831390	-0.013340865262
3.118399858475	-0.012402961031
3.119999885559	-0.013699488714
3.121599912643	-0.013320640661
3.123199939728	-0.013392113149
3.124799966812	-0.015526177362
3.126399993896	-0.011275040917
3.128000020981	-0.013143665157
3.129599809647	-0.013748224825
3.131199836731	-0.011614705436
3.132799863815	-0.011783872731
3.134399890900	-0.015027793124
3.135999917984	-0.011861536652
3.137599945068	-0.013328640722
3.139199972153	-0.014120625332
3.140799999237	-0.013260400854
3.142400026321	-0.014534513466
3.143999814987	-0.013459441252
3.145599842072	-0.013218336739
3.147199869156	-0.012963585556
3.148799896240	-0.014340353198
3.150399923325	-0.013009505346
3.151999950409	-0.014702864923
3.153599977493	-0.012982864864
3.155200004578	-0.013554848731
3.156800031662	-0.013642448932
3.158399820328	-0.014445761219
3.159999847412	-0.014128305018
3.161599874496	-0.013032784685
3.163199901581	-0.013211472891
3.164799928665	-0.013023377396
3.166399955750	-0.013310513459
3.167999982834	-0.014358209446
3.169600009918	-0.012569393031
3.171200037003	-0.013408209197
3.172799825668	-0.012124576606
3.174399852753	-0.014180368744
3.175999879837	-0.013527761213
3.177599906921	-0.011966369115
3.179199934006	-0.013441633433
3.180799961090	-0.013672624715
3.182399988174	-0.013514705002
3.184000015259	-0.013232081197
3.185599803925	-0.011932721362
3.187199831009	-0.011755649000
3.188799858093	-0.011832624674
3.190399885178	-0.013316432945
3.191999912262	-0.014561185613
3.193599939346	-0.012112849392
3.195199966431	-0.012245728634
3.196799993515	-0.013384897262
3.198400020599	-0.014682353474
3.199999809265	-0.014307521284
3.201599836349	-0.013351825066
3.203199863434	-0.012312176637
3.204799890518	-0.014837456867
3.206399917603	-0.012834897265
3.207999944687	-0.014159153216
3.209599971771	-0.014709681273
3.211199998856	-0.012463008985
3.212800025940	-0.014080577530
3.214399814606	-0.013550689444
3.215999841690	-0.011930769309
3.217599868774	-0.014778289013
3.219199895859	-0.013571713120
3.220799922943	-0.012402833439
3.222399950027	-0.014230833389
3.223999977112	-0.013761329465
3.225600004196	-0.013582977466
3.227200031281	-0.013675521128
3.228799819946	-0.013627328910
3.230399847031	-0.013876561075
3.231999874115	-0.011968065053
3.233599901199	-0.013884416781
3.235199928284	-0.013598097488
3.236799955368	-0.012854176573
3.238399982452	-0.013340945356
3.240000009537	-0.012364368886
3.241600036621	-0.012873233296
3.243199825287	-0.011293824762
3.244799852371	-0.011776928790
3.246399879456	-0.014162705280
3.247999906540	-0.012645857409
3.249599933624	-0.011749329045
3.251199960709	-0.013823824935
3.252799987793	-0.014057328925
3.254400014877	-0.013113489375
3.255999803543	-0.011713537388
3.257599830627	-0.011887281202
3.259199857712	-0.014898545109
3.260799884796	-0.013176721521
3.262399911880	-0.013619985431
3.263999938965	-0.013791888952
3.265599966049	-0.013672561385
3.267199993134	-0.014199345373
3.268800020218	-0.013608993031
3.270399808884	-0.013278433122
3.271999835968	-0.012976689264
3.273599863052	-0.013190832920
3.275199890137	-0.013823713176
3.276799917221	-0.012967425399
3.278399944305	-0.014184176922
3.279999971390	-0.013922897168
3.281599998474	-0.012736337259
3.283200025558	-0.013818161562
3.284799814224	-0.013053553179
3.286399841309	-0.014052080922
3.287999868393	-0.011462097056
3.289599895477	-0.014289056882
3.291199922562	-0.012770753354
3.292799949646	-0.013352065347
3.294399976730	-0.013299569488
3.296000003815	-0.013766033575
3.297600030899	-0.013190480880
3.299199819565	-0.014114929363
3.300799846649	-0.012714001350
3.302399873734	-0.012286769226
3.303999900818	-0.012777920812
3.305599927902	-0.011902800761
3.307199954987	-0.013270241208
3.308799982071	-0.013316849247
3.310400009155	-0.013107056729
3.311999797821	-0.015026177280
3.313599824905	-0.012409840710
3.315199851990	-0.012813760899
3.316799879074	-0.012978737243
3.318399906158	-0.014030593447
3.319999933243	-0.013359889388
3.321599960327	-0.013372369111
3.323199987411	-0.012324641459
3.324800014496	-0.013318465091
3.326399803162	-0.013805745170
3.327999830246	-0.015505825169
3.329599857330	-0.012867729180
3.331199884415	-0.011633456685
3.332799911499	-0.012898401357
3.334399938583	-0.014159360901
3.335999965668	-0.014093473554
3.337599992752	-0.012572000735
3.339200019836	-0.013792801648
3.340799808502	-0.014287953265
3.342399835587	-0.013400529511
3.343999862671	-0.012843793258
3.345599889755	-0.012696913444
3.347199916840	-0.014448096976
3.348799943924	-0.014204833657
3.350399971008	-0.011677760631
3.351999998093	-0.013456849381
3.353600025177	-0.013560961001
3.355199813843	-0.013947505504
3.356799840927	-0.012910577469
3.358399868011	-0.015259905718
3.359999895096	-0.012640113011
3.361599922180	-0.014116561040
3.363199949265	-0.013922625221
3.364799976349	-0.014134736732
3.366400003433	-0.013290945441
3.368000030518	-0.012820096686
3.369599819183	-0.013224480674
3.371199846268	-0.013827505521
3.372799873352	-0.013340272941
3.374399900436	-0.013618641533
3.375999927521	-0.012216544710
3.377599954605	-0.013942289166
3.379199981689	-0.013216849416
3.380800008774	-0.012972225435
3.382399797440	-0.013100929558
3.383999824524	-0.012170961127
3.385599851608	-0.013930705376
3.387199878693	-0.012441457249
3.388799905777	-0.013548849151
3.390399932861	-0.012310400605
3.391999959946	-0.011376800947
3.393599987030	-0.010865649208
3.395200014114	-0.013065248728
3.396799802780	-0.014275025576
3.398399829865	-0.014556913637
3.399999856949	-0.014275921509
3.401599884033	-0.014118193649
3.403199911118	-0.013144240715
3.404799938202	-0.013395424932
3.406399965286	-0.013802817091
3.407999992371	-0.014132944867
3.409600019455	-0.012682016939
3.411199808121	-0.012941569090
3.412799835205	-0.014801137149
3.414399862289	-0.012185936794
3.415999889374	-0.013507761061
3.417599916458	-0.013418593444
3.419199943542	-0.014246913604
3.420799970627	-0.011682689190
3.422399997711	-0.013652160764
3.424000024796	-0.012917009182
3.425599813461	-0.013399681076
3.427199840546	-0.013629633002
3.428799867630	-0.013444624841
3.430399894714	-0.013784561306
3.431999921799	-0.013387649320
3.433599948883	-0.012161728926
3.435199975967	-0.013061281294
3.436800003052	-0.013997521251
3.438400030136	-0.013393537141
3.439999818802	-0.013337248936
3.441599845886	-0.012384752743
3.443199872971	-0.011709168553
3.444799900055	-0.012333473191
3.446399927139	-0.012100417167
3.447999954224	-0.013600689359
3.449599981308	-0.013436000794
3.451200008392	0.015008768998
