0.000000000000	0.029041217640
0.001599999960	0.029906097800
0.003199999919	0.029836114496
0.004799999762	0.028403697535
0.006399999838	0.028843522072
0.007999999449	0.028454067186
0.009599999525	0.027080226690
0.011199999601	0.027477681637
0.012799999677	0.026174370199
0.014399999753	0.024254610762
0.015999998897	0.024278065190
0.017599999905	0.023169282824
0.019199999049	0.023348961025
0.020800000057	0.022017346695
0.022399999201	0.021513778716
0.024000000209	0.022674033418
0.025599999353	0.021659186110
0.027199998498	0.020484833047
0.028799999505	0.021784385666
0.030399998650	0.020299488679
0.031999997795	0.022987570614
0.033599998802	0.019566033036
0.035199999809	0.018847618252
0.036800000817	0.020491041243
0.038399998099	0.019850658253
0.039999999106	0.020850962028
0.041600000113	0.018558433279
0.043199997395	0.017317665741
0.044799998403	0.017484785989
0.046399999410	0.018194144592
0.048000000417	0.019888641313
0.049599997699	0.018364882097
0.051199998707	0.018816674128
0.052799999714	0.018104050308
0.054399996996	0.019852401689
0.055999998003	0.018605649471
0.057599999011	0.018048737198
0.059200000018	0.017099250108
0.060799997300	0.017546769232
0.062399998307	0.017593473196
0.063999995589	0.017755873501
0.065600000322	0.018149329349
0.067199997604	0.018018305302
0.068799994886	0.017332145944
0.070399999619	0.017042946070
0.071999996901	0.014819073491
0.073600001633	0.015985090286
0.075199998915	0.015969168395
0.076799996197	0.015535169281
0.078400000930	0.017136897892
0.079999998212	0.016976401210
0.081599995494	0.015819936991
0.083200000226	0.018666272983
0.084799997509	0.017702016979
0.086399994791	0.016192065552
0.087999999523	0.016747329384
0.089599996805	0.015619249083
0.091199994087	0.015579408966
0.092799998820	0.016230449080
0.094399996102	0.016328928992
0.096000000834	0.015583856963
0.097599998116	0.016056960449
0.099199995399	0.015846192837
0.100800000131	0.015076961368
0.102399997413	0.014423376881
0.103999994695	0.015218401328
0.105599999428	0.016618274152
0.107199996710	0.016504433006
0.108799993992	0.016327360645
0.110399998724	0.015965890139
0.111999996006	0.015665777028
0.113600000739	0.013781777583
0.115199998021	0.014083521441
0.116799995303	0.013333217241
0.118400000036	0.014134865254
0.119999997318	0.015748145059
0.121599994600	0.014946833253
0.123199999332	0.015106481500
0.124799996614	0.013668145053
0.126399993896	0.014273025095
0.127999991179	0.014613761567
0.129600003362	0.016307968646
0.131200000644	0.013185361400
0.132799997926	0.014689233154
0.134399995208	0.012952161022
0.135999992490	0.016026385128
0.137599989772	0.014636977576
0.139200001955	0.015205536969
0.140799999237	0.014420865104
0.142399996519	0.012508208863
0.143999993801	0.012502913363
0.145599991083	0.011706560850
0.147200003266	0.014379121363
0.148800000548	0.013102944940
0.150399997830	0.012679456733
0.151999995112	0.015637008473
0.153599992394	0.014069857076
0.155199989676	0.013326688670
0.156800001860	0.014379057102
0.158399999142	0.014456656761
0.159999996424	0.013157824986
0.161599993706	0.011969745159
0.163199990988	0.012853217311
0.164800003171	0.012937664986
0.166400000453	0.013199697249
0.167999997735	0.012806576677
0.169599995017	0.012175264768
0.171199992299	0.013192992657
0.172799989581	0.012882368639
0.174400001764	0.012350752950
0.175999999046	0.012943329290
0.177599996328	0.012926992960
0.179199993610	0.012426961213
0.180799990892	0.013334737159
0.182399988174	0.011662065051
0.184000000358	0.013359617442
0.185599997640	0.010628576390
0.187199994922	0.012300481088
0.188799992204	0.012176880613
0.190399989486	0.012201952748
0.192000001669	0.012259617448
0.193599998951	0.014031505212
0.195199996233	0.011366721243
0.196799993515	0.011096561328
0.198399990797	0.012370960787
0.199999988079	0.013805408962
0.201600000262	0.010599329136
0.203199997544	0.012014192529
0.204799994826	0.011691984721
0.206399992108	0.010871505365
0.207999989390	0.010956320912
0.209600001574	0.011002784595
0.211199998856	0.011285888962
0.212799996138	0.010614944622
0.214399993420	0.013146736659
0.215999990702	0.010022224858
0.217599987984	0.010635200888
0.219200000167	0.011076512747
0.220799997449	0.010496448725
0.222399994731	0.011515265331
0.223999992013	0.010453568771
0.225599989295	0.010723456740
0.227200001478	0.010908304714
0.228799998760	0.009690384381
0.230399996042	0.010411392897
0.231999993324	0.010721473023
0.233599990606	0.009421344846
0.235199987888	0.010873056948
0.236800000072	0.010269712657
0.238399997354	0.011297392659
0.239999994636	0.010937056504
0.241599991918	0.010485520586
0.243199989200	0.008484528400
0.244799986482	0.010082800873
0.246399998665	0.008634992875
0.247999995947	0.008709664457
0.249599993229	0.008832880296
0.251199990511	0.010298880748
0.252799987793	0.010021072812
0.254399985075	0.009520112537
0.255999982357	0.009611777030
0.257599979639	0.010554561391
0.259200006723	0.008573712781
0.260800004005	0.009231184609
0.262400001287	0.008786080405
0.263999998569	0.009735888802
0.265599995852	0.010561024770
0.267199993134	0.009016192518
0.268799990416	0.008065984584
0.270399987698	0.008694336750
0.271999984980	0.007948161103
0.273599982262	0.008617441170
0.275199979544	0.008260240778
0.276800006628	0.009784288704
0.278400003910	0.008904128335
0.280000001192	0.008199936710
0.281599998474	0.009690849110
0.283199995756	0.008760368451
0.284799993038	0.008475665003
0.286399990320	0.008313872851
0.287999987602	0.007630512584
0.289599984884	0.007537696511
0.291199982166	0.007635056507
0.292799979448	0.009257632308
0.294400006533	0.006786768325
0.296000003815	0.008435568772
0.297600001097	0.009186176583
0.299199998379	0.008829425089
0.300799995661	0.007813489065
0.302399992943	0.008430784568
0.303999990225	0.007179024629
0.305599987507	0.008050608449
0.307199984789	0.009971937165
0.308799982071	0.008164800704
0.310399979353	0.006345504429
0.312000006437	0.007817072794
0.313600003719	0.008015505038
0.315200001001	0.007303904742
0.316799998283	0.006011408754
0.318399995565	0.006898832507
0.319999992847	0.009342800826
0.321599990129	0.007791456766
0.323199987411	0.006233792286
0.324799984694	0.007345904596
0.326399981976	0.007893200964
0.327999979258	0.007320320699
0.329600006342	0.006780560594
0.331200003624	0.007480592467
0.332800000906	0.006600704510
0.334399998188	0.006497456692
0.335999995470	0.008305072784
0.337599992752	0.008071552962
0.339199990034	0.007682928815
0.340799987316	0.006403568666
0.342399984598	0.007222848479
0.343999981880	0.007942336611
0.345599979162	0.004872496240
0.347199976444	0.004553744569
0.348800003529	0.006114064716
0.350400000811	0.006127200555
0.351999998093	0.006601808593
0.353599995375	0.007495600730
0.355199992657	0.005642832257
0.356799989939	0.006911744364
0.358399987221	0.006662352476
0.359999984503	0.007199152373
0.361599981785	0.006836992688
0.363199979067	0.008619857021
0.364799976349	0.006918080617
0.366400003433	0.007462400477
0.368000000715	0.007982464507
0.369599997997	0.005436624400
0.371199995279	0.006620736327
0.372799992561	0.007103248499
0.374399989843	0.005738368258
0.375999987125	0.006016592495
0.377599984407	0.005487952381
0.379199981689	0.007518880535
0.380799978971	0.005753600504
0.382399976254	0.006582144648
0.384000003338	0.007809792645
0.385600000620	0.005730448291
0.387199997902	0.005365280434
0.388799995184	0.003775376361
0.390399992466	0.005101520568
0.391999989748	0.005927488673
0.393599987030	0.006080912426
0.395199984312	0.004256592598
0.396799981594	0.005705296528
0.398399978876	0.005692624487
0.399999976158	0.006841984577
0.401600003242	0.004046192393
0.403200000525	0.005660688505
0.404799997807	0.005749856587
0.406399995089	0.005493664648
0.407999992371	0.006516848691
0.409599989653	0.005394816399
0.411199986935	0.005782592576
0.412799984217	0.004993408453
0.414399981499	0.004417376127
0.415999978781	0.003483552253
0.417599976063	0.005006832536
0.419200003147	0.005578656215
0.420800000429	0.006661600433
0.422399997711	0.004315040540
0.423999994993	0.006255680695
0.425599992275	0.005686960649
0.427199989557	0.003546496155
0.428799986839	0.007261920720
0.430399984121	0.006258016452
0.431999981403	0.004550304264
0.433599978685	0.005654816516
0.435199975967	0.005972144660
0.436800003052	0.005192576442
0.438400000334	0.005808048416
0.439999997616	0.005136592314
0.441599994898	0.002775504254
0.443199992180	0.004508640151
0.444799989462	0.003658736357
0.446399986744	0.004402720369
0.447999984026	0.004583552480
0.449599981308	0.003216016339
0.451199978590	0.004021936562
0.452799975872	0.004152976442
0.454400002956	0.004647920374
0.456000000238	0.004809440579
0.457599997520	0.004541376606
0.459199994802	0.003702592338
0.460799992085	0.005211936310
0.462399989367	0.003273104317
0.463999986649	0.003302704310
0.465599983931	0.002764288103
0.467199981213	0.004609200172
0.468799978495	0.004419888370
0.470399975777	0.003140912158
0.472000002861	0.004713776521
0.473600000143	0.004794736393
0.475199997425	0.004106576554
0.476799994707	0.002770832274
0.478399991989	0.003715136321
0.479999989271	0.004035712220
0.481599986553	0.003865664359
0.483199983835	0.003281872254
0.484799981117	0.003194848308
0.486399978399	0.002320624189
0.487999975681	0.005626224447
0.489599972963	0.002808560152
0.491200000048	0.002921936102
0.492799997330	0.003525376320
0.494399994612	0.003464944195
0.495999991894	0.002018752275
0.497599989176	0.003470496275
0.499199986458	0.004460976459
0.500800013542	0.002804032294
0.502399981022	0.004978112411
0.504000008106	0.004391792230
0.505599975586	0.002280928195
0.507200002670	0.003003088292
0.508799970150	0.004015920218
0.510399997234	0.002908816328
0.511999964714	0.002507248195
0.513599991798	0.004605872557
0.515199959278	0.002606992144
0.516799986362	0.004046896473
0.518400013447	0.001328000100
0.519999980927	0.003110912163
0.521600008011	0.002240912057
0.523199975491	0.004115616437
0.524800002575	0.003297984367
0.526399970055	0.002466368256
0.527999997139	0.002180000069
0.529599964619	0.002872624202
0.531199991703	0.003460128326
0.532799959183	0.004160720389
0.534399986267	0.003470240394
0.536000013351	0.001042640069
0.537599980831	0.004468192346
0.539200007915	0.003635856323
0.540799975395	0.001094032079
0.542400002480	0.000971136091
0.543999969959	0.003426464275
0.545599997044	0.002875360195
0.547199964523	0.002091728151
0.548799991608	0.003749072319
0.550399959087	0.001806080109
0.551999986172	0.002919696271
0.553600013256	0.003631936386
0.555199980736	0.002364768181
0.556800007820	0.001960016089
0.558399975300	0.001851632143
0.560000002384	0.003039008239
0.561599969864	0.001894928166
0.563199996948	0.002089792164
0.564799964428	0.004127712455
0.566399991512	0.002411664231
0.567999958992	0.001585616148
0.569599986076	0.002961008344
0.571200013161	0.000708720065
0.572799980640	0.000441088021
0.574400007725	0.002002096269
0.575999975204	-0.000099887999
0.577600002289	0.002802544273
0.579199969769	0.000797104032
0.580799996853	0.002802160103
0.582399964333	0.002280752175
0.583999991417	0.003369840328
0.585599958897	0.002557648113
0.587199985981	0.000655264012
0.588800013065	0.002386432141
0.590399980545	0.003291056259
0.592000007629	0.000683888036
0.593599975109	0.002042688197
0.595200002193	0.001495216158
0.596799969673	0.000887520146
0.598399996758	0.001053520129
0.599999964237	0.002880080137
0.601599991322	0.000567408046
0.603199958801	0.001192528056
0.604799985886	0.000987072010
0.606400012970	0.001367056160
0.607999980450	0.000795520085
0.609600007534	0.001703088055
0.611199975014	0.000654000090
0.612800002098	0.000382640050
0.614399969578	0.001619088114
0.615999996662	0.001723776106
0.617599964142	0.001926576137
0.619199991226	0.001181504107
0.620799958706	0.001632304164
0.622399985790	-0.000148255989
0.624000012875	0.001475952100
0.625599980354	0.001018080045
0.627200007439	0.000864480040
0.628799974918	0.000706800085
0.630400002003	0.002860256238
0.631999969482	0.000188432008
0.633599996567	-0.000157824019
0.635199964046	0.002045296133
0.636799991131	-0.000072127979
0.638399958611	-0.000465120014
0.639999985695	-0.000176591988
0.641600012779	0.000988304149
0.643199980259	0.001211040188
0.644800007343	0.001640224131
0.646399974823	0.000439744064
0.648000001907	0.000485104014
0.649599969387	0.000868176110
0.651199996471	0.000744864054
0.652799963951	-0.001229184098
0.654399991035	0.001232144074
0.655999958515	0.000558608037
0.657599985600	0.001446384122
0.659200012684	0.001925776131
0.660799980164	0.002305952134
0.662400007248	-0.000215904030
0.663999974728	-0.000365120068
0.665600001812	0.002478352282
0.667199969292	0.000783664058
0.668799996376	-0.000139791999
0.670399963856	0.001284416066
0.671999990940	0.001104096067
0.673599958420	0.001778704114
0.675199985504	0.000284832000
0.676800012589	-0.000222064002
0.678399980068	0.000259216060
0.680000007153	0.000524048053
0.681599974632	0.000654480071
0.683200001717	-0.001102320151
0.684799969196	0.001623984077
0.686399996281	-0.000590656011
0.687999963760	0.001291872119
0.689599990845	0.000850768061
0.691199958324	0.000033423981
0.692799985409	-0.001407392090
0.694399952888	-0.000647808018
0.695999979973	0.000144816047
0.697600007057	-0.000127872045
0.699199974537	-0.001133136102
0.700800001621	-0.000907600042
0.702399969101	-0.001751888194
0.703999996185	0.000916832068
0.705599963665	0.001233216142
0.707199990749	0.000595296035
0.708799958229	-0.000286896044
0.710399985313	0.000894672063
0.711999952793	0.001157776103
0.713599979877	-0.000793568033
0.715200006962	-0.000134896050
0.716799974442	-0.001193424105
0.718400001526	-0.000805488031
0.719999969006	-0.001439136104
0.721599996090	0.000204480006
0.723199963570	-0.001590464148
0.724799990654	-0.000542208028
0.726399958134	0.000234735984
0.727999985218	0.000442816032
0.729599952698	-0.000261008012
0.731199979782	-0.001004384132
0.732800006866	0.000511200051
0.734399974346	-0.001411280129
0.736000001431	0.000134511996
0.737599968910	0.000615152123
0.739199995995	-0.001982096117
0.740799963474	-0.001354384120
0.742399990559	0.000638784084
0.743999958038	-0.001125536044
0.745599985123	-0.001296288101
0.747199952602	0.000758560025
0.748799979687	-0.003927552141
0.750400006771	-0.000652912073
0.751999974251	-0.000867344090
0.753600001335	-0.002237424254
0.755199968815	-0.002216432244
0.756799995899	0.000699936121
0.758399963379	-0.000072240029
0.759999990463	-0.001496816170
0.761599957943	-0.000787568046
0.763199985027	-0.002009600168
0.764799952507	-0.001601872151
0.766399979591	-0.001098768087
0.768000006676	-0.000957920100
0.769599974155	0.000340944040
0.771200001240	-0.002637536265
0.772799968719	-0.001834560186
0.774399995804	0.000163760022
0.775999963284	-0.001379360096
0.777599990368	-0.001300768112
0.779199957848	-0.000666111999
0.780799984932	0.000019631963
0.782399952412	-0.000135839946
0.783999979496	-0.000766608049
0.785600006580	0.000910608040
0.787199974060	-0.000077455981
0.788800001144	-0.002492880216
0.790399968624	-0.000742560136
0.791999995708	-0.002389920177
0.793599963188	-0.001373312087
0.795199990273	-0.002362176077
0.796799957752	-0.001029936131
0.798399984837	-0.000788144069
0.799999952316	-0.000719696051
0.801599979401	-0.001391424099
0.803200006485	-0.000706207997
0.804799973965	-0.001358368085
0.806400001049	-0.001008592197
0.807999968529	-0.002278560307
0.809599995613	-0.001203632099
0.811199963093	-0.001626928104
0.812799990177	-0.001763520064
0.814399957657	0.001126208110
0.815999984741	-0.002504624194
0.817599952221	-0.000812576094
0.819199979305	-0.002355296165
0.820800006390	-0.001730896067
0.822399973869	-0.002519872272
0.824000000954	-0.002501232084
0.825599968433	-0.003015360329
0.827199995518	-0.000350832008
0.828799962997	-0.001273888163
0.830399990082	-0.002387296176
0.831999957561	-0.001789056230
0.833599984646	-0.002793200314
0.835199952126	-0.000906848058
0.836799979210	-0.000898432103
0.838400006294	-0.002918464364
0.839999973774	-0.001984016271
0.841600000858	0.000375055999
0.843199968338	-0.002575312275
0.844799995422	-0.002101744292
0.846399962902	-0.003410240402
0.847999989986	-0.000498576032
0.849599957466	-0.001070720144
0.851199984550	-0.001112496015
0.852799952030	-0.003451712197
0.854399979115	-0.002899648156
0.856000006199	-0.001299104188
0.857599973679	-0.002198432107
0.859200000763	-0.002329904120
0.860799968243	-0.003126336262
0.862399995327	-0.002380064223
0.863999962807	-0.001049168059
0.865599989891	-0.002147888066
0.867199957371	-0.002975760261
0.868799984455	-0.002216096269
0.870399951935	-0.000796144072
0.871999979019	-0.002361920197
0.873600006104	-0.000321680098
0.875199973583	-0.003338768380
0.876800000668	-0.002026992152
0.878399968147	0.000487104058
0.879999995232	-0.001334736124
0.881599962711	-0.004001952242
0.883199989796	-0.001658368157
0.884799957275	0.000200864000
0.886399984360	-0.002526048338
0.887999951839	-0.001526080188
0.889599978924	-0.004601392429
0.891200006008	-0.001011920045
0.892799973488	-0.002876752289
0.894400000572	-0.000667712127
0.895999968052	-0.003323664423
0.897599995136	-0.002628864255
0.899199962616	-0.004386112094
0.900799989700	-0.002698080381
0.902399957180	-0.003231536364
0.903999984264	-0.004731504247
0.905599951744	-0.003746352391
0.907199978828	-0.002941856161
0.908800005913	-0.001019920106
0.910399973392	-0.003871712368
0.912000000477	-0.002814608160
0.913599967957	-0.002353424206
0.915199995041	-0.001875984133
0.916799962521	-0.004407984205
0.918399989605	-0.005001728423
0.919999957085	-0.002847536234
0.921599984169	-0.002490432234
0.923199951649	-0.003524944419
0.924799978733	-0.003069888335
0.926400005817	-0.002746336162
0.927999973297	-0.004779664334
0.929600000381	-0.003286224324
0.931199967861	-0.002800688148
0.932799994946	-0.002265328076
0.934399962425	-0.002434208291
0.935999989510	-0.002285856288
0.937599956989	-0.002489440376
0.939199984074	-0.002815920161
0.940799951553	-0.002833392238
0.942399978638	-0.003950400278
0.944000005722	-0.002417312237
0.945599973202	-0.003995856270
0.947200000286	-0.004240240436
0.948799967766	-0.002030400094
0.950399994850	-0.003416432301
0.951999962330	-0.001572672045
0.953599989414	-0.003577808384
0.955199956894	-0.004428528249
0.956799983978	-0.003394416301
0.958399951458	-0.002349200193
0.959999978542	-0.002922976157
0.961599946022	-0.002591680270
0.963199973106	-0.003991520498
0.964800000191	-0.003352640197
0.966399967670	-0.002704416169
0.967999994755	-0.003112064209
0.969599962234	-0.005403584335
0.971199989319	-0.002697216114
0.972799956799	-0.004527920391
0.974399983883	-0.003102912335
0.975999951363	-0.004066768568
0.977599978447	-0.002455712296
0.979199945927	-0.004141760524
0.980799973011	-0.001965744188
0.982400000095	-0.003572992282
0.983999967575	-0.001910160179
0.985599994659	-0.004439824261
0.987199962139	-0.003089344362
0.988799989223	-0.004078000318
0.990399956703	-0.003156784223
0.991999983788	-0.002682512160
0.993599951267	-0.002777632093
0.995199978352	-0.004829696380
0.996799945831	-0.004965728614
0.998399972916	-0.002584016183
1.000000000000	-0.003019264201
1.001600027084	-0.003694272367
1.003199934959	-0.001993536018
1.004799962044	-0.001932032173
1.006399989128	-0.003722304245
1.008000016212	-0.004888512194
1.009599924088	-0.004185808357
1.011199951172	-0.000941872015
1.012799978256	-0.005756848492
1.014400005341	-0.005037664436
1.016000032425	-0.003880256321
1.017599940300	-0.003192192176
1.019199967384	-0.001772880089
1.020799994469	-0.003209632356
1.022400021553	-0.005969728343
1.023999929428	-0.002910192357
1.025599956512	-0.005046272185
1.027199983597	-0.004367360380
1.028800010681	-0.004791088402
1.030399918556	-0.004293248523
1.031999945641	-0.003573152237
1.033599972725	-0.003341520205
1.035199999809	-0.005234304350
1.036800026894	-0.004460992292
1.038399934769	-0.002331664320
1.039999961853	-0.004181104247
1.041599988937	-0.004184048157
1.043200016022	-0.003615536261
1.044799923897	-0.004277584609
1.046399950981	-0.002658752259
1.047999978065	-0.003339584218
1.049600005150	-0.004372816533
1.051200032234	-0.002162656281
1.052799940109	-0.005798784550
1.054399967194	-0.004106400535
1.055999994278	-0.003794240300
1.057600021362	-0.004133472219
1.059199929237	-0.005100848619
1.060799956322	-0.005727360491
1.062399983406	-0.004356016405
1.064000010490	-0.003526176326
1.065599918365	-0.003798528342
1.067199945450	-0.003612816334
1.068799972534	-0.003668512218
1.070399999619	-0.003936464433
1.072000026703	-0.004652512260
1.073599934578	-0.003752416233
1.075199961662	-0.005502688698
1.076799988747	-0.006845856551
1.078400015831	-0.002359968144
1.079999923706	-0.003213968128
1.081599950790	-0.003577776253
1.083199977875	-0.005296256393
1.084800004959	-0.003468416398
1.086400032043	-0.003414416220
1.087999939919	-0.002590032062
1.089599967003	-0.004305152223
1.091199994087	-0.003317392198
1.092800021172	-0.003134368220
1.094399929047	-0.005138192326
1.095999956131	-0.004682912491
1.097599983215	-0.004296960309
1.099200010300	-0.004005904309
1.100799918175	-0.004485968500
1.102399945259	-0.004566480406
1.103999972343	-0.004449072294
1.105599999428	-0.004763296340
1.107200026512	-0.005824944470
1.108799934387	-0.003623248311
1.110399961472	-0.004861776251
1.111999988556	-0.003323792247
1.113600015640	-0.005232096650
1.115199923515	-0.003822176252
1.116799950600	-0.003039536299
1.118399977684	-0.005371088628
1.120000004768	-0.004713712260
1.121599912643	-0.006519584451
1.123199939728	-0.004409856629
1.124799966812	-0.004401024431
1.126399993896	-0.003343696240
1.128000020981	-0.005351504311
1.129599928856	-0.005525120534
1.131199955940	-0.006657808553
1.132799983025	-0.004148288164
1.134400010109	-0.005438352469
1.135999917984	-0.005076688249
1.137599945068	-0.002899344312
1.139199972153	-0.004245648161
1.140799999237	-0.003458752297
1.142400026321	-0.005137488246
1.143999934196	-0.003681168426
1.145599961281	-0.004237584304
1.147199988365	-0.006351616699
1.148800015450	-0.006880144589
1.150399923325	-0.003298688214
1.151999950409	-0.004235056229
1.153599977493	-0.005044768564
1.155200004578	-0.006413408555
1.156799912453	-0.005915696267
1.158399939537	-0.005460640416
1.159999966621	-0.004165728576
1.161599993706	-0.004223008174
1.163200020790	-0.003416160354
1.164799928665	-0.004439440556
1.166399955750	-0.004813312553
1.167999982834	-0.005149408244
1.169600009918	-0.005335296504
1.171199917793	-0.003529056208
1.172799944878	-0.005882576574
1.174399971962	-0.006404016633
1.175999999046	-0.007179648615
1.177600026131	-0.004985392559
1.179199934006	-0.004534800537
1.180799961090	-0.004017088097
1.182399988174	-0.005425232463
1.184000015259	-0.006194400601
1.185599923134	-0.005240272265
1.187199950218	-0.005014608614
1.188799977303	-0.004630560521
1.190400004387	-0.004015664570
1.191999912262	-0.005723920651
1.193599939346	-0.004837104585
1.195199966431	-0.004831648432
1.196799993515	-0.006167104468
1.198400020599	-0.006970368791
1.199999928474	-0.006342048757
1.201599955559	-0.003630880266
1.203199982643	-0.006231968757
1.204800009727	-0.005476624239
1.206399917603	-0.004961328581
1.207999944687	-0.006566896569
1.209599971771	-0.007670320570
1.211199998856	-0.004422240425
1.212800025940	-0.006708320696
1.214399933815	-0.004712464288
1.215999960899	-0.006847584620
1.217599987984	-0.004679712467
1.219200015068	-0.004482592456
1.220799922943	-0.006318768486
1.222399950027	-0.007073904853
1.223999977112	-0.004575216211
1.225600004196	-0.005694816355
1.227199912071	-0.006258976646
1.228799939156	-0.005469872616
1.230399966240	-0.005374112632
1.231999993324	-0.005398768466
1.233600020409	-0.004694192205
1.235199928284	-0.004729408305
1.236799955368	-0.006469648797
1.238399982452	-0.004961040337
1.240000009537	-0.004308752250
1.241599917412	-0.006172064692
1.243199944496	-0.005339824595
1.244799971581	-0.004894464277
1.246399998665	-0.005613056477
1.248000025749	-0.005966800731
1.249599933624	-0.006615600549
1.251199960709	-0.006086976733
1.252799987793	-0.005597392563
1.254400014877	-0.003665136406
1.255999922752	-0.005929440260
1.257599949837	-0.003815328237
1.259199976921	-0.006349856500
1.260800004005	-0.004878032487
1.262399911880	-0.006505824625
1.263999938965	-0.004736912437
1.265599966049	-0.005249296315
1.267199993134	-0.006439392455
1.268800020218	-0.005156016443
1.270399928093	-0.007325824816
1.271999955177	-0.003242112231
1.273599982262	-0.008848545142
1.275200009346	-0.005827584304
1.276799917221	-0.005327152554
1.278399944305	-0.005342096556
1.279999971390	-0.004639456514
1.281599998474	-0.005513536278
1.283200025558	-0.005691056605
1.284799933434	-0.005155104678
1.286399960518	-0.004942528438
1.287999987602	-0.007194288541
1.289600014687	-0.004903056193
1.291199922562	-0.005175232422
1.292799949646	-0.006262272596
1.294399976730	-0.006868784782
1.296000003815	-0.006861904636
1.297599911690	-0.006901600398
1.299199938774	-0.005753728561
1.300799965858	-0.006777216680
1.302399992943	-0.008326224983
1.304000020027	-0.005683904514
1.305599927902	-0.002900032327
1.307199954987	-0.006456608418
1.308799982071	-0.007670688443
1.310400009155	-0.006291808560
1.311999917030	-0.003898608265
1.313599944115	-0.007235872559
1.315199971199	-0.007976928726
1.316799998283	-0.006285664625
1.318400025368	-0.005634896457
1.319999933243	-0.005613200366
1.321599960327	-0.005955024622
1.323199987411	-0.006709712557
1.324800014496	-0.006298368331
1.326399922371	-0.003312128363
1.327999949455	-0.006649056450
1.329599976540	-0.005138336681
1.331200003624	-0.007732448634
1.332799911499	-0.003798576305
1.334399938583	-0.006633296609
1.335999965668	-0.004178368486
1.337599992752	-0.006547008641
1.339200019836	-0.007000624668
1.340799927711	-0.005319392309
1.342399954796	-0.006116064731
1.343999981880	-0.005326704588
1.345600008965	-0.004624544177
1.347199916840	-0.006144352257
1.348799943924	-0.006189568434
1.350399971008	-0.004860368557
1.351999998093	-0.007745312527
1.353600025177	-0.005929952487
1.355199933052	-0.005944976583
1.356799960136	-0.005537568592
1.358399987221	-0.006942448672
1.360000014305	-0.008149344474
1.361599922180	-0.006270800717
1.363199949265	-0.006142656319
1.364799976349	-0.005019312259
1.366400003433	-0.007536352612
1.367999911308	-0.007474288810
1.369599938393	-0.008253040724
1.371199965477	-0.006019664463
1.372799992561	-0.004968656227
1.374400019646	-0.006206528749
1.375999927521	-0.006956640631
1.377599954605	-0.006977264769
1.379199981689	-0.006274608430
1.380800008774	-0.007755568717
1.382399916649	-0.007019024808
1.383999943733	-0.007789216470
1.385599970818	-0.007768176496
1.387199997902	-0.007687936537
1.388799905777	-0.006881744601
1.390399932861	-0.005696864333
1.391999959946	-0.005797056481
1.393599987030	-0.006981728598
1.395200014114	-0.007785280701
1.396799921989	-0.005970176309
1.398399949074	-0.005369424354
1.399999976158	-0.007631152868
1.401600003242	-0.004523776472
1.403199911118	-0.007837777026
1.404799938202	-0.006310144439
1.406399965286	-0.005439472385
1.407999992371	-0.006663936656
1.409600019455	-0.007287280634
1.411199927330	-0.006845328491
1.412799954414	-0.005657024682
1.414399981499	-0.007422880735
1.416000008583	-0.005732464604
1.417599916458	-0.004405776504
1.419199943542	-0.006672928575
1.420799970627	-0.004448128399
1.422399997711	-0.006945920642
1.423999905586	-0.007071200758
1.425599932671	-0.007250288501
1.427199959755	-0.006556096487
1.428799986839	-0.008253520355
1.430400013924	-0.007740784436
1.431999921799	-0.004296656232
1.433599948883	-0.005392624531
1.435199975967	-0.006107712630
1.436800003052	-0.008645377122
1.438399910927	-0.008130416274
1.439999938011	-0.007559904829
1.441599965096	-0.007155392785
1.443199992180	-0.007593088783
1.444800019264	-0.007651776541
1.446399927139	-0.005390000530
1.447999954224	-0.007068784442
1.449599981308	-0.006326624658
1.451200008392	-0.006992640439
1.452799916267	-0.006298224442
1.454399943352	-0.007538496517
1.455999970436	-0.006145984400
1.457599997520	-0.008010161109
1.459199905396	-0.009019793011
1.460799932480	-0.007582368795
1.462399959564	-0.006794656627
1.463999986649	-0.006822448689
1.465600013733	-0.008482528850
1.467199921608	-0.007155456580
1.468799948692	-0.008464704268
1.470399975777	-0.005919760559
1.472000002861	-0.007164784707
1.473599910736	-0.005237984471
1.475199937820	-0.008113696240
1.476799964905	-0.005873984657
1.478399991989	-0.008917937055
1.480000019073	-0.006541952491
1.481599926949	-0.005676880479
1.483199954033	-0.005630720407
1.484799981117	-0.006496848539
1.486400008202	-0.007036368828
1.487999916077	-0.006187296472
1.489599943161	-0.007607280742
1.491199970245	-0.005266368389
1.492799997330	-0.006993568502
1.494399905205	-0.007176480722
1.495999932289	-0.008583712392
1.497599959373	-0.006389312446
1.499199986458	-0.008093760349
1.500800013542	-0.008070496842
1.502399921417	-0.006501040421
1.503999948502	-0.003221808234
1.505599975586	-0.007452224847
1.507200002670	-0.006270784419
1.508799910545	-0.007289328612
1.510399937630	-0.005487472285
1.511999964714	-0.004935712554
1.513599991798	-0.008228273131
1.515200018883	-0.007415184751
1.516799926758	-0.008994816802
1.518399953842	-0.006407488603
1.519999980927	-0.009132480249
1.521600008011	-0.006949360482
1.523199915886	-0.009242000990
1.524799942970	-0.006445056293
1.526399970055	-0.006328128744
1.527999997139	-0.008213552646
1.529599905014	-0.008568544872
1.531199932098	-0.008770224638
1.532799959183	-0.004991264548
1.534399986267	-0.007533776574
1.536000013351	-0.006157936528
1.537599921227	-0.008435296826
1.539199948311	-0.006005200557
1.540799975395	-0.008426192217
1.542400002480	-0.005756752566
1.543999910355	-0.010008432902
1.545599937439	-0.007560864557
1.547199964523	-0.005896848626
1.548799991608	-0.005611776374
1.550400018692	-0.008219088428
1.551999926567	-0.007210848387
1.553599953651	-0.007919632830
1.555199980736	-0.009451473132
1.556800007820	-0.007048736792
1.558399915695	-0.007150288671
1.559999942780	-0.007951232605
1.561599969864	-0.009648593143
1.563199996948	-0.005072352476
1.564799904823	-0.008597073145
1.566399931908	-0.008589840494
1.567999958992	-0.007475840393
1.569599986076	-0.007912096567
1.571200013161	-0.007397696376
1.572799921036	-0.008018081076
1.574399948120	-0.006722128484
1.575999975204	-0.009552832693
1.577600002289	-0.007680448703
1.579199910164	-0.006640448701
1.580799937248	-0.006751376670
1.582399964333	-0.007935232483
1.583999991417	-0.007191280369
1.585600018501	-0.006986944471
1.587199926376	-0.006349216681
1.588799953461	-0.005999920424
1.590399980545	-0.008657072671
1.592000007629	-0.008336784318
1.593599915504	-0.008123520762
1.595199942589	-0.007004432380
1.596799969673	-0.010874304920
1.598399996758	-0.008318448439
1.599999904633	-0.007504432462
1.601599931717	-0.007833168842
1.603199958801	-0.005994448438
1.604799985886	-0.007242416497
1.606400012970	-0.008449601009
1.607999920845	-0.005538256373
1.609599947929	-0.010677472688
1.611199975014	-0.008780640550
1.612800002098	-0.007655200548
1.614399909973	-0.007488368545
1.615999937057	-0.008237713017
1.617599964142	-0.007650560699
1.619199991226	-0.006304592360
1.620800018311	-0.006904624403
1.622399926186	-0.007479200605
1.623999953270	-0.007409088779
1.625599980354	-0.008546080440
1.627200007439	-0.009551024996
1.628799915314	-0.008231904358
1.630399942398	-0.007028400898
1.631999969482	-0.006750720553
1.633599996567	-0.009988209233
1.635199904442	-0.005438656546
1.636799931526	-0.007339296862
1.638399958611	-0.008327168413
1.639999985695	-0.007569584530
1.641600012779	-0.008207504638
1.643199920654	-0.008716817014
1.644799947739	-0.008326320909
1.646399974823	-0.008138592355
1.648000001907	-0.010350433178
1.649599909782	-0.008736561053
1.651199936867	-0.008354160935
1.652799963951	-0.008952529170
1.654399991035	-0.006441408303
1.655999898911	-0.008334288374
1.657599925995	-0.010267089121
1.659199953079	-0.009373264387
1.660799980164	-0.007308880799
1.662400007248	-0.008810512722
1.663999915123	-0.007782800589
1.665599942207	-0.007592640352
1.667199969292	-0.008057952859
1.668799996376	-0.008392672986
1.670399904251	-0.006952560507
1.671999931335	-0.009763232432
1.673599958420	-0.009937873110
1.675199985504	-0.008081520908
1.676800012589	-0.008514177054
1.678399920464	-0.009068848565
1.679999947548	-0.008948832750
1.681599974632	-0.005014816299
1.683200001717	-0.007989728823
1.684799909592	-0.005921872333
1.686399936676	-0.009388096631
1.687999963760	-0.005969744641
1.689599990845	-0.006958512589
1.691199898720	-0.006143680308
1.692799925804	-0.007476800587
1.694399952888	-0.008996496908
1.695999979973	-0.006852736697
1.697600007057	-0.006786224432
1.699199914932	-0.008546608500
1.700799942017	-0.009092641063
1.702399969101	-0.006790000480
1.703999996185	-0.008662017062
1.705599904060	-0.004821024369
1.707199931145	-0.009515104815
1.708799958229	-0.007925056852
1.710399985313	-0.007093696389
1.712000012398	-0.006184912287
1.713599920273	-0.007612304762
1.715199947357	-0.009176000953
1.716799974442	-0.004673712421
1.718400001526	-0.005540432408
1.719999909401	-0.007745168637
1.721599936485	-0.009436529130
1.723199963570	-0.006857472472
1.724799990654	-0.008655392565
1.726399898529	-0.006205760408
1.727999925613	-0.009872384369
1.729599952698	-0.010047920980
1.731199979782	-0.010466720909
1.732800006866	-0.004422112368
1.734399914742	-0.009560801089
1.735999941826	-0.007678816561
1.737599968910	-0.006703344639
1.739199995995	-0.007950912230
1.740799903870	-0.005959280301
1.742399930954	-0.007187680807
1.743999958038	-0.010581392795
1.745599985123	-0.009206849150
1.747200012207	-0.005439904518
1.748799920082	-0.008623393252
1.750399947166	-0.010768096894
1.751999974251	-0.009092512541
1.753600001335	-0.007844608277
1.755199909210	-0.008854448795
1.756799936295	-0.008154416457
1.758399963379	-0.009462192655
1.759999990463	-0.007390752435
1.761599898338	-0.007952896878
1.763199925423	-0.006919632666
1.764799952507	-0.011392161250
1.766399979591	-0.007575408556
1.768000006676	-0.005883040372
1.769599914551	-0.008584529161
1.771199941635	-0.010067729279
1.772799968719	-0.009998881258
1.774399995804	-0.007610640489
1.775999903679	-0.010242816992
1.777599930763	-0.008795152418
1.779199957848	-0.010470480658
1.780799984932	-0.008890224621
1.782400012016	-0.008821008727
1.783999919891	-0.007638304494
1.785599946976	-0.008600976318
1.787199974060	-0.005832368508
1.788800001144	-0.007502176799
1.790399909019	-0.008515904658
1.791999936104	-0.008268528618
1.793599963188	-0.008136544377
1.795199990273	-0.007630320732
1.796799898148	-0.008166384883
1.798399925232	-0.007772672456
1.799999952316	-0.010289472528
1.801599979401	-0.008142096922
1.803200006485	-0.006905088667
1.804799914360	-0.007931889035
1.806399941444	-0.011098592542
1.807999968529	-0.007834657095
1.809599995613	-0.007772608660
1.811199903488	-0.007790576667
1.812799930573	-0.009671713226
1.814399957657	-0.008630496450
1.815999984741	-0.008604320697
1.817600011826	-0.008328640833
1.819199919701	-0.007989840582
1.820799946785	-0.010550593026
1.822399973869	-0.007581392769
1.824000000954	-0.007767472416
1.825599908829	-0.010164400563
1.827199935913	-0.010292705148
1.828799962997	-0.010729312897
1.830399990082	-0.009246480651
1.831999897957	-0.007493920624
1.833599925041	-0.007689232472
1.835199952126	-0.009518144652
1.836799979210	-0.007163168397
1.838400006294	-0.007309968583
1.839999914169	-0.008839600720
1.841599941254	-0.011107024737
1.843199968338	-0.008650192991
1.844799995422	-0.008134609088
1.846399903297	-0.007917232811
1.847999930382	-0.010426497087
1.849599957466	-0.009671840817
1.851199984550	-0.007793312892
1.852800011635	-0.009248305112
1.854399919510	-0.009189648554
1.855999946594	-0.009031136520
1.857599973679	-0.007364128716
1.859200000763	-0.010217216797
1.860799908638	-0.008782560937
1.862399935722	-0.008776256815
1.863999962807	-0.008265072480
1.865599989891	-0.010759361088
1.867199897766	-0.007742240559
1.868799924850	-0.008695312776
1.870399951935	-0.008601969108
1.871999979019	-0.008641649038
1.873600006104	-0.008399360813
1.875199913979	-0.010287968442
1.876799941063	-0.011454928666
1.878399968147	-0.007941360585
1.879999995232	-0.010682753287
1.881599903107	-0.010925280862
1.883199930191	-0.009959808551
1.884799957275	-0.008975200355
1.886399984360	-0.008611264639
1.888000011444	-0.007336784620
1.889599919319	-0.009548368864
1.891199946404	-0.009139697067
1.892799973488	-0.007733888458
1.894400000572	-0.008084304631
1.895999908447	-0.010053857230
1.897599935532	-0.008756048977
1.899199962616	-0.008241376840
1.900799989700	-0.008611152880
1.902399897575	-0.009229648858
1.903999924660	-0.009336064570
1.905599951744	-0.010110449046
1.907199978828	-0.007571936585
1.908800005913	-0.007907840423
1.910399913788	-0.011101504788
1.911999940872	-0.008254656568
1.913599967957	-0.007126368582
1.915199995041	-0.010358224623
1.916799902916	-0.007267616689
1.918399930000	-0.008022656664
1.919999957085	-0.008031008765
1.921599984169	-0.009283521213
1.923199892044	-0.008118992671
1.924799919128	-0.010053040460
1.926399946213	-0.010723712854
1.927999973297	-0.009010960348
1.929600000381	-0.010628161021
1.931199908257	-0.008748576976
1.932799935341	-0.008384240791
1.934399962425	-0.008595072664
1.935999989510	-0.011138944887
1.937599897385	-0.006784720812
1.939199924469	-0.010945200920
1.940799951553	-0.009242592379
1.942399978638	-0.007963328622
1.944000005722	-0.008128209040
1.945599913597	-0.008646528237
1.947199940681	-0.008633520454
1.948799967766	-0.007992704399
1.950399994850	-0.010319137014
1.951999902725	-0.009253105149
1.953599929810	-0.010718912818
1.955199956894	-0.008243984543
1.956799983978	-0.010362897068
1.958399891853	-0.008470352739
1.959999918938	-0.009796112776
1.961599946022	-0.008762177080
1.963199973106	-0.008320064284
1.964800000191	-0.009071025066
1.966399908066	-0.008467776701
1.967999935150	-0.010230640881
1.969599962234	-0.009865105152
1.971199989319	-0.009661665186
1.972799897194	-0.005581168458
1.974399924278	-0.010992000811
1.975999951363	-0.011685713194
1.977599978447	-0.008020640351
1.979200005531	-0.009193712845
1.980799913406	-0.011129168794
1.982399940491	-0.010437312536
1.983999967575	-0.009275024757
1.985599994659	-0.010077969171
1.987199902534	-0.006410640664
1.988799929619	-0.010935952887
1.990399956703	-0.010602977127
1.991999983788	-0.006824608427
1.993599891663	-0.006682624575
1.995199918747	-0.011680848897
1.996799945831	-0.008944752626
1.998399972916	-0.009177744389
2.000000000000	-0.010133201256
2.001600027084	-0.009114384651
2.003200054169	-0.010143441148
2.004799842834	-0.009823504835
2.006399869919	-0.011345952749
2.007999897003	-0.008853344247
2.009599924088	-0.009753344581
2.011199951172	-0.009497952648
2.012799978256	-0.007797376718
2.014400005341	-0.009198176675
2.016000032425	-0.009413984604
2.017600059509	-0.008464464918
2.019199848175	-0.009220817126
2.020799875259	-0.009826016612
2.022399902344	-0.010761952959
2.023999929428	-0.009622960351
2.025599956512	-0.009431040846
2.027199983597	-0.010091440752
2.028800010681	-0.009882801212
2.030400037766	-0.010166336782
2.032000064850	-0.009271552786
2.033599853516	-0.009151169099
2.035199880600	-0.009685073048
2.036799907684	-0.009430225007
2.038399934769	-0.007752752863
2.039999961853	-0.008258384652
2.041599988937	-0.009443872608
2.043200016022	-0.010655825026
2.044800043106	-0.009557200596
2.046399831772	-0.012624881230
2.047999858856	-0.007215168793
2.049599885941	-0.008264800534
2.051199913025	-0.010221216828
2.052799940109	-0.010877536610
2.054399967194	-0.007628288586
2.055999994278	-0.009752000682
2.057600021362	-0.008859616704
2.059200048447	-0.009754400700
2.060799837112	-0.010592528619
2.062399864197	-0.008573168889
2.063999891281	-0.007964288816
2.065599918365	-0.008380289190
2.067199945450	-0.010787297040
2.068799972534	-0.008679968305
2.070399999619	-0.010535392910
2.072000026703	-0.008710608818
2.073600053787	-0.008539504372
2.075199842453	-0.008774416521
2.076799869537	-0.009055856615
2.078399896622	-0.008276480250
2.079999923706	-0.010315776803
2.081599950790	-0.011957089417
2.083199977875	-0.008183584549
2.084800004959	-0.006709280424
2.086400032043	-0.009120880626
2.088000059128	-0.010392736644
2.089599847794	-0.010756673291
2.091199874878	-0.010721040890
2.092799901962	-0.010002304800
2.094399929047	-0.007284000516
2.095999956131	-0.010395249352
2.097599983215	-0.009184944443
2.099200010300	-0.007650016807
2.100800037384	-0.010236960836
2.102400064468	-0.009821056388
2.103999853134	-0.009720496833
2.105599880219	-0.010108833201
2.107199907303	-0.008780528791
2.108799934387	-0.007766944822
2.110399961472	-0.009132960811
2.111999988556	-0.010473216884
2.113600015640	-0.008823088370
2.115200042725	-0.010406913236
2.116799831390	-0.010467008688
2.118399858475	-0.009096048772
2.119999885559	-0.009669585153
2.121599912643	-0.012481888756
2.123199939728	-0.008743152954
2.124799966812	-0.010381921194
2.126399993896	-0.010332336649
2.128000020981	-0.010241105221
2.129600048065	-0.010373729281
2.131199836731	-0.010083825327
2.132799863815	-0.010060977191
2.134399890900	-0.008963008411
2.135999917984	-0.009844752960
2.137599945068	-0.010392785072
2.139199972153	-0.009363248944
2.140799999237	-0.008530384861
2.142400026321	-0.012099169195
2.144000053406	-0.008826624602
2.145599842072	-0.009516880848
2.147199869156	-0.009483616799
2.148799896240	-0.011801936664
2.150399923325	-0.009613264352
2.151999950409	-0.008517184295
2.153599977493	-0.010303680785
2.155200004578	-0.008229793049
2.156800031662	-0.010876432993
2.158400058746	-0.007692224812
2.159999847412	-0.009642880410
2.161599874496	-0.009669264778
2.163199901581	-0.009604144841
2.164799928665	-0.008977760561
2.166399955750	-0.010201280937
2.167999982834	-0.008782912977
2.169600009918	-0.009356768802
2.171200037003	-0.009383040480
2.172800064087	-0.010753649287
2.174399852753	-0.008674976416
2.175999879837	-0.009052800946
2.177599906921	-0.010530160740
2.179199934006	-0.010172688402
2.180799961090	-0.009841280989
2.182399988174	-0.010338593274
2.184000015259	-0.011389904656
2.185600042343	-0.010364432819
2.187199831009	-0.009856929071
2.188799858093	-0.011232176796
2.190399885178	-0.011097440496
2.191999912262	-0.009442129172
2.193599939346	-0.010814145207
2.195199966431	-0.010599888861
2.196799993515	-0.009932609275
2.198400020599	-0.010354224592
2.200000047684	-0.009498625062
2.201599836349	-0.009873536415
2.203199863434	-0.010449249297
2.204799890518	-0.010796801187
2.206399917603	-0.010673073120
2.207999944687	-0.009406224824
2.209599971771	-0.009304512292
2.211199998856	-0.008920065127
2.212800025940	-0.012551280670
2.214400053024	-0.010429456830
2.215999841690	-0.008543424308
2.217599868774	-0.011830977164
2.219199895859	-0.010883169249
2.220799922943	-0.008076352999
2.222399950027	-0.007942048833
2.223999977112	-0.010216496885
2.225600004196	-0.011375936680
2.227200031281	-0.011552081443
2.228800058365	-0.011673744768
2.230399847031	-0.007644352503
2.231999874115	-0.010432160459
2.233599901199	-0.012323601171
2.235199928284	-0.011745072901
2.236799955368	-0.009261712432
2.238399982452	-0.009670160711
2.240000009537	-0.009669376537
2.241600036621	-0.011415888555
2.243199825287	-0.011649008840
2.244799852371	-0.008711488917
2.246399879456	-0.010933376849
2.247999906540	-0.009773520753
2.249599933624	-0.011267072521
2.251199960709	-0.006523312535
2.252799987793	-0.011885104701
2.254400014877	-0.009730448946
2.256000041962	-0.009302256629
2.257599830627	-0.010447137058
2.259199857712	-0.010711440817
2.260799884796	-0.010536400601
2.262399911880	-0.009572528303
2.263999938965	-0.012110704556
2.265599966049	-0.006513248663
2.267199993134	-0.010406113230
2.268800020218	-0.010600544512
2.270400047302	-0.011204944924
2.271999835968	-0.008009792306
2.273599863052	-0.010014913045
2.275199890137	-0.010136368684
2.276799917221	-0.009620096534
2.278399944305	-0.010109680705
2.279999971390	-0.008771392517
2.281599998474	-0.010127585381
2.283200025558	-0.009914400987
2.284800052643	-0.011276384816
2.286399841309	-0.007391504478
2.287999868393	-0.010923600756
2.289599895477	-0.011407696642
2.291199922562	-0.008519632742
2.292799949646	-0.010669472627
2.294399976730	-0.010316880420
2.296000003815	-0.010831313208
2.297600030899	-0.010315280408
2.299200057983	-0.010457488708
2.300799846649	-0.008557312191
2.302399873734	-0.009569521062
2.303999900818	-0.011433793232
2.305599927902	-0.010640672408
2.307199954987	-0.008442929015
2.308799982071	-0.008526801132
2.310400009155	-0.009981296957
2.312000036240	-0.007872512564
2.313599824905	-0.012136273086
2.315199851990	-0.011527680792
2.316799879074	-0.008550960571
2.318399906158	-0.009613760747
2.319999933243	-0.010611392558
2.321599960327	-0.009346624836
2.323199987411	-0.012519825250
2.324800014496	-0.010572848842
2.326400041580	-0.009333552793
2.327999830246	-0.011110433377
2.329599857330	-0.011618273333
2.331199884415	-0.009518160485
2.332799911499	-0.010090800934
2.334399938583	-0.009473776445
2.335999965668	-0.008537168615
2.337599992752	-0.011551696807
2.339200019836	-0.009961120784
2.340800046921	-0.009243233129
2.342399835587	-0.009583952837
2.343999862671	-0.012839617208
2.345599889755	-0.010951904580
2.347199916840	-0.009515664540
2.348799943924	-0.011059328914
2.350399971008	-0.011151968502
2.351999998093	-0.010050992481
2.353600025177	-0.010478240438
2.355200052261	-0.009498609230
2.356799840927	-0.009586928412
2.358399868011	-0.010993808508
2.359999895096	-0.010059569031
2.361599922180	-0.012230001390
2.363199949265	-0.009812400676
2.364799976349	-0.009347665124
2.366400003433	-0.008892096579
2.368000030518	-0.012523152865
2.369600057602	-0.012343681417
2.371199846268	-0.007848816924
2.372799873352	-0.009487488307
2.374399900436	-0.012668913230
2.375999927521	-0.012669537216
2.377599954605	-0.009402737021
2.379199981689	-0.012105553411
2.380800008774	-0.011094736867
2.382400035858	-0.014015297405
2.383999824524	-0.011451777071
2.385599851608	-0.008138224483
2.387199878693	-0.009572256356
2.388799905777	-0.011122512631
2.390399932861	-0.012678673491
2.391999959946	-0.010912545025
2.393599987030	-0.009243153036
2.395200014114	-0.009795361198
2.396800041199	-0.010263744742
2.398399829865	-0.012014176697
2.399999856949	-0.011293425225
2.401599884033	-0.010458896868
2.403199911118	-0.013614448719
2.404799938202	-0.010302145034
2.406399965286	-0.011428625323
2.407999992371	-0.009249264374
2.409600019455	-0.009927633218
2.411200046539	-0.009248096496
2.412799835205	-0.009817521088
2.414399862289	-0.011290160939
2.415999889374	-0.009907969274
2.417599916458	-0.011642465368
2.419199943542	-0.009995584376
2.420799970627	-0.011050736532
2.422399997711	-0.011042528786
2.424000024796	-0.010949952528
2.425600051880	-0.009851872921
2.427199840546	-0.009590352885
2.428799867630	-0.011932929046
2.430399894714	-0.012152529322
2.431999921799	-0.011732736602
2.433599948883	-0.009669200517
2.435199975967	-0.010075632483
2.436800003052	-0.010078145191
2.438400030136	-0.010525057092
2.440000057220	-0.011129328981
2.441599845886	-0.012343216687
2.443199872971	-0.009469024837
2.444799900055	-0.010077472776
2.446399927139	-0.010925536975
2.447999954224	-0.012805185281
2.449599981308	-0.010937936604
2.451200008392	-0.010161808692
2.452800035477	-0.010542481206
2.454399824142	-0.009860976599
2.455999851227	-0.011069472879
2.457599878311	-0.008161136881
2.459199905396	-0.011440960690
2.460799932480	-0.011293777265
2.462399959564	-0.012208608910
2.463999986649	-0.010580496863
2.465600013733	-0.011719712988
2.467200040817	-0.012054929510
2.468799829483	-0.012593857013
2.470399856567	-0.013584161177
2.471999883652	-0.009993136860
2.473599910736	-0.010034528561
2.475199937820	-0.011301249266
2.476799964905	-0.014615409076
2.478399991989	-0.009575792588
2.480000019073	-0.010987521149
2.481600046158	-0.008521025069
2.483199834824	-0.012557600625
2.484799861908	-0.010754113086
2.486399888992	-0.011675088666
2.487999916077	-0.008981520310
2.489599943161	-0.010494625196
2.491199970245	-0.011676193215
2.492799997330	-0.011980736628
2.494400024414	-0.010902896523
2.496000051498	-0.008656816557
2.497599840164	-0.011878448538
2.499199867249	-0.010769137181
2.500799894333	-0.013248128816
2.502399921417	-0.010343072936
2.503999948502	-0.010222016834
2.505599975586	-0.010098240338
2.507200002670	-0.010245201178
2.508800029755	-0.010626625270
2.510399818420	-0.010850705206
2.511999845505	-0.011317697354
2.513599872589	-0.010974576697
2.515199899673	-0.011008401401
2.516799926758	-0.010812273249
2.518399953842	-0.012548512779
2.519999980927	-0.009134544991
2.521600008011	-0.012061152607
2.523200035095	-0.010319712572
2.524799823761	-0.010378064588
2.526399850845	-0.011233361438
2.527999877930	-0.010428608395
2.529599905014	-0.013089297339
2.531199932098	-0.009713920765
2.532799959183	-0.010507024825
2.534399986267	-0.008451504633
2.536000013351	-0.011710864492
2.537600040436	-0.009105104953
2.539199829102	-0.010526000522
2.540799856186	-0.011248272844
2.542399883270	-0.009934816509
2.543999910355	-0.011770688929
2.545599937439	-0.010818384588
2.547199964523	-0.013726625592
2.548799991608	-0.009939281270
2.550400018692	-0.011343088932
2.552000045776	-0.010308273137
2.553599834442	-0.014513169415
2.555199861526	-0.012560401112
2.556799888611	-0.010840416886
2.558399915695	-0.010733520612
2.559999942780	-0.007914177142
2.561599969864	-0.012596753426
2.563199996948	-0.009294848889
2.564800024033	-0.011330513284
2.566400051117	-0.009285872802
2.567999839783	-0.012422609143
2.569599866867	-0.009537937120
2.571199893951	-0.011126833037
2.572799921036	-0.012471408583
2.574399948120	-0.009454448707
2.575999975204	-0.012447552755
2.577600002289	-0.009830288589
2.579200029373	-0.011564000510
2.580799818039	-0.009870081209
2.582399845123	-0.013261313550
2.583999872208	-0.010861297138
2.585599899292	-0.012056465261
2.587199926376	-0.010686464608
2.588799953461	-0.011725041084
2.590399980545	-0.012121425010
2.592000007629	-0.010685136542
2.593600034714	-0.013186400756
2.595199823380	-0.011965888552
2.596799850464	-0.013363072649
2.598399877548	-0.008082401007
2.599999904633	-0.012124128640
2.601599931717	-0.013155632652
2.603199958801	-0.012938625179
2.604799985886	-0.009744320996
2.606400012970	-0.010560400784
2.608000040054	-0.010634289123
2.609599828720	-0.010609056801
2.611199855804	-0.011840368621
2.612799882889	-0.009329073131
2.614399909973	-0.010883345269
2.615999937057	-0.010792768560
2.617599964142	-0.013294449076
2.619199991226	-0.010525200516
2.620800018311	-0.009903936647
2.622400045395	-0.010023232549
2.623999834061	-0.010779072531
2.625599861145	-0.012984625064
2.627199888229	-0.010880112648
2.628799915314	-0.012144993059
2.630399942398	-0.011488000862
2.631999969482	-0.013228593394
2.633599996567	-0.011381745338
2.635200023651	-0.010451233014
2.636800050735	-0.008457376622
2.638399839401	-0.012736449018
2.639999866486	-0.012149664573
2.641599893570	-0.010052977130
2.643199920654	-0.011377585120
2.644799947739	-0.008493728936
2.646399974823	-0.014577473514
2.648000001907	-0.010643713176
2.649600028992	-0.010268048383
2.651199817657	-0.009398369119
2.652799844742	-0.011282816529
2.654399871826	-0.013635809533
2.655999898911	-0.011069969274
2.657599925995	-0.011047152802
2.659199953079	-0.008516864851
2.660799980164	-0.012469233014
2.662400007248	-0.010089072399
2.664000034332	-0.010719873011
2.665599822998	-0.009406465106
2.667199850082	-0.010210609064
2.668799877167	-0.011789057404
2.670399904251	-0.011724624783
2.671999931335	-0.012904592790
2.673599958420	-0.010743265040
2.675199985504	-0.012103953399
2.676800012589	-0.009078800678
2.678400039673	-0.010432177223
2.679999828339	-0.013838049024
2.681599855423	-0.011671297252
2.683199882507	-0.011466161348
2.684799909592	-0.009894545190
2.686399936676	-0.011445009150
2.687999963760	-0.010715440847
2.689599990845	-0.010407344438
2.691200017929	-0.010478081182
2.692800045013	-0.012156881392
2.694399833679	-0.011476448737
2.695999860764	-0.010915393010
2.697599887848	-0.011423313059
2.699199914932	-0.009899185039
2.700799942017	-0.012126880698
2.702399969101	-0.010244657286
2.703999996185	-0.012555857189
2.705600023270	-0.009274048731
2.707200050354	-0.012903681025
2.708799839020	-0.011741872877
2.710399866104	-0.010515552945
2.711999893188	-0.011797441170
2.713599920273	-0.008788528852
2.715199947357	-0.010628849268
2.716799974442	-0.012085136957
2.718400001526	-0.013211648911
2.720000028610	-0.009613792412
2.721599817276	-0.010546528734
2.723199844360	-0.009972576983
2.724799871445	-0.012827265076
2.726399898529	-0.012306785211
2.727999925613	-0.010788128711
2.729599952698	-0.010736784898
2.731199979782	-0.009457712993
2.732800006866	-0.011592880823
2.734400033951	-0.011140304618
2.735999822617	-0.011910321191
2.737599849701	-0.010525041260
2.739199876785	-0.010606257245
2.740799903870	-0.012366289273
2.742399930954	-0.011768625118
2.743999958038	-0.013291616924
2.745599985123	-0.009701328352
2.747200012207	-0.010588496923
2.748800039291	-0.011139328592
2.750399827957	-0.011691665277
2.751999855042	-0.011359969154
2.753599882126	-0.011993393302
2.755199909210	-0.011212673038
2.756799936295	-0.012720096856
2.758399963379	-0.011646960862
2.759999990463	-0.011812064797
2.761600017548	-0.012603856623
2.763200044632	-0.012608049437
2.764799833298	-0.012190816924
2.766399860382	-0.009870496579
2.767999887466	-0.013001104817
2.769599914551	-0.012215920724
2.771199941635	-0.013408944942
2.772799968719	-0.013417377137
2.774399995804	-0.010505025275
2.776000022888	-0.011173216626
2.777599811554	-0.010808977298
2.779199838638	-0.012725729495
2.780799865723	-0.012279633433
2.782399892807	-0.012844785117
2.783999919891	-0.010386545211
2.785599946976	-0.010103153065
2.787199974060	-0.013475056738
2.788800001144	-0.012272208929
2.790400028229	-0.010202368721
2.791999816895	-0.011249984615
2.793599843979	-0.010460369289
2.795199871063	-0.011883729137
2.796799898148	-0.011826112866
2.798399925232	-0.010208752938
2.799999952316	-0.012856225483
2.801599979401	-0.012104257010
2.803200006485	-0.011596385390
2.804800033569	-0.012452465482
2.806399822235	-0.011484961025
2.807999849319	-0.011190624908
2.809599876404	-0.011945793405
2.811199903488	-0.012147680856
2.812799930573	-0.009900112636
2.814399957657	-0.011846592650
2.815999984741	-0.011505072936
2.817600011826	-0.013051329181
2.819200038910	-0.008154881187
2.820799827576	-0.011336849071
2.822399854660	-0.011947409250
2.823999881744	-0.010332240723
2.825599908829	-0.011665585451
2.827199935913	-0.009680992924
2.828799962997	-0.014006513171
2.830399990082	-0.010248497128
2.832000017166	-0.013070689514
2.833600044250	-0.011589089409
2.835199832916	-0.010973408818
2.836799860001	-0.011893808842
2.838399887085	-0.011328672990
2.839999914169	-0.011840704829
2.841599941254	-0.012570048682
2.843199968338	-0.012742577121
2.844799995422	-0.012709393166
2.846400022507	-0.012176305056
2.847999811172	-0.012086672708
2.849599838257	-0.013143585064
2.851199865341	-0.012081952766
2.852799892426	-0.012394432910
2.854399919510	-0.012592176907
2.855999946594	-0.013383489102
2.857599973679	-0.011949985288
2.859200000763	-0.010759232566
2.860800027847	-0.012917985208
2.862399816513	-0.012472720817
2.863999843597	-0.011049760506
2.865599870682	-0.010150752962
2.867199897766	-0.011826656759
2.868799924850	-0.010842720978
2.870399951935	-0.013536336832
2.871999979019	-0.012301329523
2.873600006104	-0.012446848676
2.875200033188	-0.010095296428
2.876799821854	-0.011552608572
2.878399848938	-0.012126592919
2.879999876022	-0.011300064623
2.881599903107	-0.013010225259
2.883199930191	-0.012375664897
2.884799957275	-0.010924449190
2.886399984360	-0.013976993039
2.888000011444	-0.010664592497
2.889600038528	-0.010320864618
2.891199827194	-0.009656752460
2.892799854279	-0.012466177344
2.894399881363	-0.010087872855
2.895999908447	-0.011643201113
2.897599935532	-0.012742465362
2.899199962616	-0.011780433357
2.900799989700	-0.013003745116
2.902400016785	-0.011008081026
2.904000043869	-0.011993297376
2.905599832535	-0.010696193203
2.907199859619	-0.012216288596
2.908799886703	-0.009663920850
2.910399913788	-0.013323280960
2.911999940872	-0.012820033357
2.913599967957	-0.011658849195
2.915199995041	-0.010060208850
2.916800022125	-0.010689889081
2.918399810791	-0.014237648807
2.919999837875	-0.010919792578
2.921599864960	-0.011961809359
2.923199892044	-0.010985041037
2.924799919128	-0.008962816559
2.926399946213	-0.011603345163
2.927999973297	-0.012120593339
2.929600000381	-0.011809328571
2.931200027466	-0.011266209185
2.932799816132	-0.009679072537
2.934399843216	-0.012198320590
2.935999870300	-0.012001696974
2.937599897385	-0.014619217254
2.939199924469	-0.011732832529
2.940799951553	-0.010260288604
2.942399978638	-0.012008801103
2.944000005722	-0.010713248514
2.945600032806	-0.013640240766
2.947199821472	-0.012473888695
2.948799848557	-0.011474545114
2.950399875641	-0.010372753255
2.951999902725	-0.013300993480
2.953599929810	-0.014713921584
2.955199956894	-0.010773313232
2.956799983978	-0.013068336993
2.958400011063	-0.011468225159
2.960000038147	-0.013631537557
2.961599826813	-0.012973632663
2.963199853897	-0.011357489042
2.964799880981	-0.009297152981
2.966399908066	-0.009318673052
2.967999935150	-0.014706721529
2.969599962234	-0.012881008908
2.971199989319	-0.012950881384
2.972800016403	-0.012696960941
2.974400043488	-0.010435808450
2.975999832153	-0.010845584795
2.977599859238	-0.013193841092
2.979199886322	-0.014486033469
2.980799913406	-0.010674145073
2.982399940491	-0.012788432650
2.983999967575	-0.011217584834
2.985599994659	-0.011769953184
2.987200021744	-0.013124832883
2.988799810410	-0.011899504811
2.990399837494	-0.011034497060
2.991999864578	-0.009166033007
2.993599891663	-0.010926656425
2.995199918747	-0.012911921367
2.996799945831	-0.012700800784
2.998399972916	-0.011949297041
3.000000000000	-0.010595456697
3.001600027084	-0.012255056761
3.003199815750	-0.012202945538
3.004799842834	-0.011268384755
3.006399869919	-0.012028560974
3.007999897003	-0.012896097265
3.009599924088	-0.011597696692
3.011199951172	-0.009388976730
3.012799978256	-0.011677169241
3.014400005341	-0.011761409231
3.016000032425	-0.013371089473
3.017599821091	-0.011615809053
3.019199848175	-0.012693217024
3.020799875259	-0.010208512656
3.022399902344	-0.011762160808
3.023999929428	-0.014480480924
3.025599956512	-0.011482913047
3.027199983597	-0.012246176600
3.028800010681	-0.011314241216
3.030400037766	-0.012277488597
3.031999826431	-0.015013664961
3.033599853516	-0.012764897197
3.035199880600	-0.012509585358
3.036799907684	-0.012743073516
3.038399934769	-0.012906257063
3.039999961853	-0.013201921247
3.041599988937	-0.012105712667
3.043200016022	-0.010225408711
3.044799804687	-0.009936369024
3.046399831772	-0.013239328749
3.047999858856	-0.013158609159
3.049599885941	-0.012518833391
3.051199913025	-0.010738273151
3.052799940109	-0.010716800578
3.054399967194	-0.014930592850
3.055999994278	-0.010536353104
3.057600021362	-0.012551456690
3.059199810028	-0.010397008620
3.060799837112	-0.011806865223
3.062399864197	-0.013092832640
3.063999891281	-0.012256353162
3.065599918365	-0.013323441148
3.067199945450	-0.012234833091
3.068799972534	-0.014603025280
3.070399999619	-0.014166289009
3.072000026703	-0.012123568915
3.073599815369	-0.010655968450
3.075199842453	-0.010298896581
3.076799869537	-0.012415105477
3.078399896622	-0.011429392733
3.079999923706	-0.013300465420
3.081599950790	-0.010695856996
3.083199977875	-0.012287072837
3.084800004959	-0.010230785236
3.086400032043	-0.010561345145
3.087999820709	-0.013564289548
3.089599847794	-0.011345424689
3.091199874878	-0.011993248947
3.092799901962	-0.010949009098
3.094399929047	-0.013591713272
3.095999956131	-0.012376769446
3.097599983215	-0.013056289405
3.099200010300	-0.014780080877
3.100800037384	-0.011407729238
3.102399826050	-0.010868929327
3.103999853134	-0.013780240901
3.105599880219	-0.014461777173
3.107199907303	-0.011262768880
3.108799934387	-0.013920721598
3.110399961472	-0.012177793309
3.111999988556	-0.010558816604
3.113600015640	-0.012983136810
3.115199804306	-0.012626561336
3.116799831390	-0.011438016780
3.118399858475	-0.012410225347
3.119999885559	-0.011535569094
3.121599912643	-0.011416032910
3.123199939728	-0.011231697164
3.124799966812	-0.013413073495
3.126399993896	-0.010599681176
3.128000020981	-0.013303313404
3.129599809647	-0.012088305317
3.131199836731	-0.011797024868
3.132799863815	-0.011873184703
3.134399890900	-0.012344769202
3.135999917984	-0.012582721189
3.137599945068	-0.009666320868
3.139199972153	-0.011915585026
3.140799999237	-0.012922304682
3.142400026321	-0.011374336667
3.143999814987	-0.011987777427
3.145599842072	-0.012112624943
3.147199869156	-0.012824624777
3.148799896240	-0.011322032660
3.150399923325	-0.015574913472
3.151999950409	-0.013438241556
3.153599977493	-0.011890769005
3.155200004578	-0.013260897249
3.156800031662	-0.011410913430
3.158399820328	-0.008892624639
3.159999847412	-0.011047553271
3.161599874496	-0.010934800841
3.163199901581	-0.012775952928
3.164799928665	-0.011820225045
3.166399955750	-0.010917648673
3.167999982834	-0.012035009451
3.169600009918	-0.012468992732
3.171200037003	-0.014115441591
3.172799825668	-0.012523633428
3.174399852753	-0.010560960509
3.175999879837	-0.011071696877
3.177599906921	-0.011033233255
3.179199934006	-0.012924976647
3.180799961090	-0.013496913016
3.182399988174	-0.012222416699
3.184000015259	-0.010315217078
3.185599803925	-0.014040336944
3.187199831009	-0.012434464879
3.188799858093	-0.013340577483
3.190399885178	-0.011339712888
3.191999912262	-0.012782448903
3.193599939346	-0.011991584674
3.195199966431	-0.012546337210
3.196799993515	-0.013054032810
3.198400020599	-0.010934800841
3.199999809265	-0.011988161132
3.201599836349	-0.012652881444
3.203199863434	-0.010885696858
3.204799890518	-0.015156256966
3.206399917603	-0.013120400719
3.207999944687	-0.012254561298
3.209599971771	-0.012634960935
3.211199998856	-0.012724176981
3.212800025940	-0.012927425094
3.214399814606	-0.010027648881
3.215999841690	-0.013250880875
3.217599868774	-0.010278289206
3.219199895859	-0.011592448689
3.220799922943	-0.013629665598
3.222399950027	-0.011343360879
3.223999977112	-0.010422321036
3.225600004196	-0.012037568726
3.227200031281	-0.013312737457
3.228799819946	-0.012439489365
3.230399847031	-0.013351105154
3.231999874115	-0.014772608876
3.233599901199	-0.011268464848
3.235199928284	-0.016534578055
3.236799955368	-0.011981841177
3.238399982452	-0.011471249163
3.240000009537	-0.011075888760
3.241600036621	-0.010460305028
3.243199825287	-0.011695953086
3.244799852371	-0.012166689150
3.246399879456	-0.014304017648
3.247999906540	-0.009670209140
3.249599933624	-0.015153969638
3.251199960709	-0.013929776847
3.252799987793	-0.011221553199
3.254400014877	-0.013422273099
3.255999803543	-0.010331937112
3.257599830627	-0.011135537177
3.259199857712	-0.010124321096
3.260799884796	-0.014784528874
3.262399911880	-0.011542880908
3.263999938965	-0.009716176428
3.265599966049	-0.011084737256
3.267199993134	-0.011407217011
3.268800020218	-0.015203153715
3.270399808884	-0.014355393127
3.271999835968	-0.012073408812
3.273599863052	-0.010635488667
3.275199890137	-0.011650160886
3.276799917221	-0.015080353245
3.278399944305	-0.015389856882
3.279999971390	-0.013042896986
3.281599998474	-0.010154768825
3.283200025558	-0.011156400666
3.284799814224	-0.012715136632
3.286399841309	-0.015382929705
3.287999868393	-0.012753873132
3.289599895477	-0.009648673236
3.291199922562	-0.011331792921
3.292799949646	-0.010720080696
3.294399976730	-0.015275521204
3.296000003815	-0.013244832866
3.297600030899	-0.012588049285
3.299199819565	-0.010638833046
3.300799846649	-0.011484880932
3.302399873734	-0.016113312915
3.303999900818	-0.009332704358
3.305599927902	-0.011026976630
3.307199954987	-0.010406176560
3.308799982071	-0.010833392851
3.310400009155	-0.010407520458
3.311999797821	-0.013763809577
3.313599824905	-0.014240865596
3.315199851990	-0.012531569228
3.316799879074	-0.010485424660
3.318399906158	-0.012539681047
3.319999933243	-0.013829329051
3.321599960327	-0.014502577484
3.323199987411	-0.012368016876
3.324800014496	-0.010083569214
3.326399803162	-0.009587056935
3.327999830246	-0.015048353001
3.329599857330	-0.011595617048
3.331199884415	-0.011119936593
3.332799911499	-0.013421825133
3.334399938583	-0.009744816460
3.335999965668	-0.012148064561
3.337599992752	-0.013691376895
3.339200019836	-0.011349968612
3.340799808502	-0.010831280611
3.342399835587	-0.013044320978
3.343999862671	-0.011728305370
3.345599889755	-0.011396001093
3.347199916840	-0.013436833397
3.348799943924	-0.014185393229
3.350399971008	-0.010720561258
3.351999998093	-0.014325201511
3.353600025177	-0.014155777171
3.355199813843	-0.014186817221
3.356799840927	-0.009389121085
3.358399868011	-0.013170721009
3.359999895096	-0.012765409425
3.361599922180	-0.012158417143
3.363199949265	-0.013787681237
3.364799976349	-0.010578448884
3.366400003433	-0.012216417119
3.368000030518	-0.012229088694
3.369599819183	-0.014567489736
3.371199846268	-0.010382928886
3.372799873352	-0.010749377310
3.374399900436	-0.012116353028
3.375999927521	-0.011753745377
3.377599954605	-0.014083953574
3.379199981689	-0.014626640826
3.380800008774	-0.010424848646
3.382399797440	-0.013942257501
3.383999824524	-0.011061952449
3.385599851608	-0.010086225346
3.387199878693	-0.013034929521
3.388799905777	-0.013287632726
3.390399932861	-0.011416736990
3.391999959946	-0.009268704802
3.393599987030	-0.013331281021
3.395200014114	-0.013935104944
3.396799802780	-0.014440785162
3.398399829865	-0.012147185393
3.399999856949	-0.011908273213
3.401599884033	-0.012575345114
3.403199911118	-0.014149537310
3.404799938202	-0.013075681403
3.406399965286	-0.013670656830
3.407999992371	-0.010542096570
3.409600019455	-0.011616145261
3.411199808121	-0.010962736793
3.412799835205	-0.011987840757
3.414399862289	-0.012924944982
3.415999889374	-0.012547601014
3.417599916458	-0.011153792962
3.419199943542	-0.012394833378
3.420799970627	-0.010686640628
3.422399997711	-0.012714928947
3.424000024796	-0.012832593173
3.425599813461	-0.013886593282
3.427199840546	-0.011392417364
3.428799867630	-0.014683281071
3.430399894714	-0.012078449130
3.431999921799	-0.011323473416
3.433599948883	-0.014073233120
3.435199975967	-0.012321840972
3.436800003052	-0.013795360923
3.438400030136	-0.011395504698
3.439999818802	-0.013919392601
3.441599845886	-0.012921040878
3.443199872971	-0.012422945350
3.444799900055	-0.013673584908
3.446399927139	-0.011895040981
3.447999954224	-0.013760385104
3.449599981308	-0.011184097268
3.451200008392	0.016466481611
