0.000000000000	0.030145041645
0.001599999960	0.028971586376
0.003199999919	0.028187394142
0.004799999762	0.028013458475
0.006399999838	0.026137489825
0.007999999449	0.026751490310
0.009599999525	0.025752050802
0.011199999601	0.025367569178
0.012799999677	0.025562705472
0.014399999753	0.023503249511
0.015999998897	0.022916834801
0.017599999905	0.023676449433
0.019199999049	0.024254562333
0.020800000057	0.020801553503
0.022399999201	0.021519778296
0.024000000209	0.021464129910
0.025599999353	0.019604656845
0.027199998498	0.019652657211
0.028799999505	0.020118081942
0.030399998650	0.019420545548
0.031999997795	0.020132225007
0.033599998802	0.018176449463
0.035199999809	0.018815089017
0.036800000817	0.016775906086
0.038399998099	0.017510017380
0.039999999106	0.018383953720
0.041600000113	0.018268337473
0.043199997395	0.015838865191
0.044799998403	0.016494929790
0.046399999410	0.017727425322
0.048000000417	0.016715425998
0.049599997699	0.016467761248
0.051199998707	0.016176369041
0.052799999714	0.016331344843
0.054399996996	0.016301842406
0.055999998003	0.016400946304
0.057599999011	0.015465185046
0.059200000018	0.017254704610
0.060799997300	0.016010688618
0.062399998307	0.017332306132
0.063999995589	0.015323217027
0.065600000322	0.014820881188
0.067199997604	0.015150913037
0.068799994886	0.014999425039
0.070399999619	0.016690593213
0.071999996901	0.015761969611
0.073600001633	0.015378705226
0.075199998915	0.015184321441
0.076799996197	0.014582177624
0.078400000930	0.014575681649
0.079999998212	0.014546801336
0.081599995494	0.015332384966
0.083200000226	0.013999857008
0.084799997509	0.015083105303
0.086399994791	0.013570752926
0.087999999523	0.014546945691
0.089599996805	0.014066369273
0.091199994087	0.013917056844
0.092799998820	0.013742545620
0.094399996102	0.013893105090
0.096000000834	0.014520545490
0.097599998116	0.014346769080
0.099199995399	0.013399616815
0.100800000131	0.014308433048
0.102399997413	0.013078144751
0.103999994695	0.014602657408
0.105599999428	0.014142177068
0.107199996710	0.013606641442
0.108799993992	0.013024400920
0.110399998724	0.014213249087
0.111999996006	0.014280880801
0.113600000739	0.014592208900
0.115199998021	0.015095504932
0.116799995303	0.013604304753
0.118400000036	0.013220433146
0.119999997318	0.013651088811
0.121599994600	0.013900529593
0.123199999332	0.013392737135
0.124799996614	0.012162049301
0.126399993896	0.013722064905
0.127999991179	0.013276753016
0.129600003362	0.014142832719
0.131200000644	0.013774640858
0.132799997926	0.014929233119
0.134399995208	0.013501169160
0.135999992490	0.012553328648
0.137599989772	0.012885329314
0.139200001955	0.012118768878
0.140799999237	0.012189568952
0.142399996519	0.013043585233
0.143999993801	0.013815200888
0.145599991083	0.012427313253
0.147200003266	0.013561152853
0.148800000548	0.013904033229
0.150399997830	0.012778161094
0.151999995112	0.012449729256
0.153599992394	0.009538048878
0.155199989676	0.010786240920
0.156800001860	0.014040976763
0.158399999142	0.012600560673
0.159999996424	0.011732816696
0.161599993706	0.010805329308
0.163199990988	0.012316528708
0.164800003171	0.013414097019
0.166400000453	0.010981232859
0.167999997735	0.011947233230
0.169599995017	0.011918337084
0.171199992299	0.010612225160
0.172799989581	0.011314321309
0.174400001764	0.010367777199
0.175999999046	0.010361248627
0.177599996328	0.011159872636
0.179199993610	0.011429441161
0.180799990892	0.011689568870
0.182399988174	0.008755744435
0.184000000358	0.011780689470
0.185599997640	0.013564448804
0.187199994922	0.010018017143
0.188799992204	0.011005792767
0.190399989486	0.012151473202
0.192000001669	0.010265088640
0.193599998951	0.010650209151
0.195199996233	0.010706849396
0.196799993515	0.012803024612
0.198399990797	0.010868560523
0.199999988079	0.010417904705
0.201600000262	0.012321696617
0.203199997544	0.011455665343
0.204799994826	0.010412384756
0.206399992108	0.009158400819
0.207999989390	0.010332448408
0.209600001574	0.012056305073
0.211199998856	0.010635760613
0.212799996138	0.010666464455
0.214399993420	0.009717456996
0.215999990702	0.009468913078
0.217599987984	0.009147904813
0.219200000167	0.010857729241
0.220799997449	0.011300177313
0.222399994731	0.009085697122
0.223999992013	0.009276544675
0.225599989295	0.010208080523
0.227200001478	0.010327792726
0.228799998760	0.009855744429
0.230399996042	0.010482801124
0.231999993324	0.009706608951
0.233599990606	0.008402001113
0.235199987888	0.008328705095
0.236800000072	0.010270817205
0.238399997354	0.009950576350
0.239999994636	0.008309904486
0.241599991918	0.009763840586
0.243199989200	0.009635760449
0.244799986482	0.008584752679
0.246399998665	0.008037360385
0.247999995947	0.010090800934
0.249599993229	0.009836993180
0.251199990511	0.007856256329
0.252799987793	0.007353424560
0.254399985075	0.008147856221
0.255999982357	0.010069808923
0.257599979639	0.008374080993
0.259200006723	0.008559809066
0.260800004005	0.007590560708
0.262400001287	0.005775440484
0.263999998569	0.008775728755
0.265599995852	0.008637025021
0.267199993134	0.008026112802
0.268799990416	0.006389696617
0.270399987698	0.008212832734
0.271999984980	0.008479504846
0.273599982262	0.007679216564
0.275199979544	0.008417632431
0.276800006628	0.008527456783
0.278400003910	0.007485696580
0.280000001192	0.007142608520
0.281599998474	0.007333760615
0.283199995756	0.008094688877
0.284799993038	0.008639760315
0.286399990320	0.008391153067
0.287999987602	0.008150273003
0.289599984884	0.007274192758
0.291199982166	0.008223808371
0.292799979448	0.006362832617
0.294400006533	0.008609361015
0.296000003815	0.007592368871
0.297600001097	0.007113216445
0.299199998379	0.006634560414
0.300799995661	0.008249440230
0.302399992943	0.006891568657
0.303999990225	0.006969008595
0.305599987507	0.006188896485
0.307199984789	0.006982016377
0.308799982071	0.007228144445
0.310399979353	0.006894496735
0.312000006437	0.007146912627
0.313600003719	0.007161360700
0.315200001001	0.007078208495
0.316799998283	0.006581296679
0.318399995565	0.007362992503
0.319999992847	0.005557312630
0.321599990129	0.005673488602
0.323199987411	0.008454528637
0.324799984694	0.008087424561
0.326399981976	0.006211264525
0.327999979258	0.007263904437
0.329600006342	0.006087824702
0.331200003624	0.005966624711
0.332800000906	0.005429152399
0.334399998188	0.007351552602
0.335999995470	0.005688736681
0.337599992752	0.007088736631
0.339199990034	0.006298336666
0.340799987316	0.005796032492
0.342399984598	0.004985504318
0.343999981880	0.005577040371
0.345599979162	0.006918736733
0.347199976444	0.005897040479
0.348800003529	0.005830128677
0.350400000811	0.003953328356
0.351999998093	0.005669696257
0.353599995375	0.004532480147
0.355199992657	0.005034304224
0.356799989939	0.004887472373
0.358399987221	0.005090320483
0.359999984503	0.005624496378
0.361599981785	0.005231552292
0.363199979067	0.005038016476
0.364799976349	0.005629664287
0.366400003433	0.004811296239
0.368000000715	0.004368688446
0.369599997997	0.005154336337
0.371199995279	0.004765296355
0.372799992561	0.004588240292
0.374399989843	0.004321120214
0.375999987125	0.004258112516
0.377599984407	0.003353056265
0.379199981689	0.004987584427
0.380799978971	0.004913008306
0.382399976254	0.005004944280
0.384000003338	0.004784320481
0.385600000620	0.006120176520
0.387199997902	0.005175600294
0.388799995184	0.003249488305
0.390399992466	0.004622240551
0.391999989748	0.004031968303
0.393599987030	0.003566928208
0.395199984312	0.004041472450
0.396799981594	0.004393824376
0.398399978876	0.004576000385
0.399999976158	0.004291088320
0.401600003242	0.003842496313
0.403200000525	0.003803648287
0.404799997807	0.004214176442
0.406399995089	0.003677024273
0.407999992371	0.003932800144
0.409599989653	0.003767840331
0.411199986935	0.003942736425
0.412799984217	0.002889008261
0.414399981499	0.003815248376
0.415999978781	0.003790208371
0.417599976063	0.003061392112
0.419200003147	0.003448128235
0.420800000429	0.004501792137
0.422399997711	0.003417136380
0.423999994993	0.003721152432
0.425599992275	0.002831568243
0.427199989557	0.002902336186
0.428799986839	0.003098144196
0.430399984121	0.003056000220
0.431999981403	0.003365648445
0.433599978685	0.003327344311
0.435199975967	0.003481232328
0.436800003052	0.002967104316
0.438400000334	0.003259936115
0.439999997616	0.003786432324
0.441599994898	0.002126048319
0.443199992180	0.003979936242
0.444799989462	0.001477552112
0.446399986744	0.001544480096
0.447999984026	0.002838272136
0.449599981308	0.003262384329
0.451199978590	0.002400672296
0.452799975872	0.001246816129
0.454400002956	0.002836544299
0.456000000238	0.002607776085
0.457599997520	0.001711024204
0.459199994802	0.002000320004
0.460799992085	0.001098448061
0.462399989367	0.003703328315
0.463999986649	0.001967984019
0.465599983931	0.001623920165
0.467199981213	0.001379504101
0.468799978495	0.003061584197
0.470399975777	0.002075648168
0.472000002861	0.001854352187
0.473600000143	0.003369168146
0.475199997425	0.000387168024
0.476799994707	0.002019440290
0.478399991989	0.000271215948
0.479999989271	-0.000113503949
0.481599986553	0.003048176179
0.483199983835	0.001876240131
0.484799981117	0.003237456316
0.486399978399	0.001791296178
0.487999975681	0.001803744119
0.489599972963	0.001235472155
0.491200000048	0.001820448088
0.492799997330	0.000763311982
0.494399994612	0.000813088089
0.495999991894	0.001501072082
0.497599989176	0.000080511927
0.499199986458	0.001729008160
0.500800013542	0.002101840219
0.502399981022	0.000901520019
0.504000008106	0.002453712281
0.505599975586	0.001180144143
0.507200002670	0.001559232129
0.508799970150	-0.000153151981
0.510399997234	0.001670768135
0.511999964714	0.001895120135
0.513599991798	0.001074368018
0.515199959278	0.001270992099
0.516799986362	0.001224352047
0.518400013447	0.001890736166
0.519999980927	0.000443232013
0.521600008011	0.001891648164
0.523199975491	0.000629376038
0.524800002575	0.000354784017
0.526399970055	0.000186944017
0.527999997139	0.001584336045
0.529599964619	0.000745520054
0.531199991703	-0.000277200015
0.532799959183	0.000659456127
0.534399986267	0.000131408015
0.536000013351	-0.000470096042
0.537599980831	0.001354432083
0.539200007915	-0.000017056060
0.540799975395	0.001055840054
0.542400002480	-0.001045648125
0.543999969959	-0.000843264046
0.545599997044	0.000126944025
0.547199964523	0.000422656012
0.548799991608	0.000830512028
0.550399959087	-0.000909680151
0.551999986172	-0.000210112019
0.553600013256	-0.000430576038
0.555199980736	-0.000432431989
0.556800007820	0.000234688050
0.558399975300	-0.000533999992
0.560000002384	-0.000974640134
0.561599969864	-0.000076432050
0.563199996948	0.000109824046
0.564799964428	0.000783584022
0.566399991512	-0.001000096090
0.567999958992	-0.000979968114
0.569599986076	-0.002251520287
0.571200013161	-0.000672448077
0.572799980640	-0.000783968077
0.574400007725	-0.000582112058
0.575999975204	-0.002908608178
0.577600002289	-0.000045872064
0.579199969769	0.000839504064
0.580799996853	-0.001931808074
0.582399964333	-0.001975248102
0.583999991417	-0.000048015958
0.585599958897	0.000018240034
0.587199985981	-0.002512096195
0.588800013065	0.000214064086
0.590399980545	0.000112943984
0.592000007629	-0.001852992107
0.593599975109	-0.001387536060
0.595200002193	-0.000560400018
0.596799969673	-0.002173440065
0.598399996758	-0.000011951980
0.599999964237	-0.001701024128
0.601599991322	-0.001854080241
0.603199958801	-0.002490144223
0.604799985886	-0.001403664239
0.606400012970	-0.000714736059
0.607999980450	-0.002082464285
0.609600007534	-0.001219232101
0.611199975014	-0.002347744070
0.612800002098	-0.003290864406
0.614399969578	-0.004228752572
0.615999996662	-0.000622560037
0.617599964142	-0.002005104208
0.619199991226	-0.000691120047
0.620799958706	-0.001391760190
0.622399985790	-0.002925904235
0.624000012875	-0.000776384026
0.625599980354	-0.001145664137
0.627200007439	-0.004613856319
0.628799974918	-0.002348720096
0.630400002003	-0.001351552201
0.631999969482	-0.001965056174
0.633599996567	-0.001867440180
0.635199964046	-0.000931728049
0.636799991131	-0.002098192228
0.638399958611	-0.001914272201
0.639999985695	-0.002383136190
0.641600012779	-0.001528688124
0.643199980259	-0.002092896262
0.644800007343	-0.003645168385
0.646399974823	-0.001226816094
0.648000001907	-0.002494240180
0.649599969387	-0.001918112161
0.651199996471	-0.001731472090
0.652799963951	-0.000195632034
0.654399991035	-0.002368032234
0.655999958515	-0.003080384340
0.657599985600	-0.001121744048
0.659200012684	-0.001795472112
0.660799980164	-0.004223616328
0.662400007248	-0.002751392312
0.663999974728	-0.003377344226
0.665600001812	-0.003058960196
0.667199969292	-0.001806656132
0.668799996376	-0.000419312040
0.670399963856	-0.002495440189
0.671999990940	-0.003955552354
0.673599958420	-0.003432992380
0.675199985504	-0.002081648214
0.676800012589	-0.002847520169
0.678399980068	-0.004111504182
0.680000007153	-0.002965872176
0.681599974632	-0.002688768087
0.683200001717	-0.002750336193
0.684799969196	-0.002220288152
0.686399996281	-0.003511616262
0.687999963760	-0.004485056270
0.689599990845	-0.003603584366
0.691199958324	-0.002117488300
0.692799985409	-0.003071408253
0.694399952888	-0.004530352540
0.695999979973	-0.002741904231
0.697600007057	-0.003210208379
0.699199974537	-0.004098256119
0.700800001621	-0.004516416229
0.702399969101	-0.002453504363
0.703999996185	-0.002441472141
0.705599963665	-0.003697424196
0.707199990749	-0.004467296414
0.708799958229	-0.003098784247
0.710399985313	-0.003033584217
0.711999952793	-0.003107920289
0.713599979877	-0.004331392236
0.715200006962	-0.004184976220
0.716799974442	-0.003189360257
0.718400001526	-0.003694032319
0.719999969006	-0.004486032296
0.721599996090	-0.003503968241
0.723199963570	-0.002975728363
0.724799990654	-0.002898096340
0.726399958134	-0.003269376233
0.727999985218	-0.005449520424
0.729599952698	-0.004164368380
0.731199979782	-0.003300592303
0.732800006866	-0.003176352242
0.734399974346	-0.005078368355
0.736000001431	-0.002687344328
0.737599968910	-0.002015824197
0.739199995995	-0.003244928317
0.740799963474	-0.004186352249
0.742399990559	-0.004164544400
0.743999958038	-0.003439584281
0.745599985123	-0.003771744436
0.747199952602	-0.004234464373
0.748799979687	-0.004422928207
0.750400006771	-0.004148896318
0.751999974251	-0.004370960407
0.753600001335	-0.005570048466
0.755199968815	-0.003689936362
0.756799995899	-0.004604384303
0.758399963379	-0.003021360375
0.759999990463	-0.004996080417
0.761599957943	-0.003295696108
0.763199985027	-0.003476336366
0.764799952507	-0.004577872343
0.766399979591	-0.005715936422
0.768000006676	-0.003995536361
0.769599974155	-0.005031296518
0.771200001240	-0.003266192274
0.772799968719	-0.005257232580
0.774399995804	-0.005698224530
0.775999963284	-0.003385808319
0.777599990368	-0.005433152430
0.779199957848	-0.004540576600
0.780799984932	-0.005112544633
0.782399952412	-0.004345840309
0.783999979496	-0.004428752232
0.785600006580	-0.004166640341
0.787199974060	-0.003830864327
0.788800001144	-0.003044832265
0.790399968624	-0.004703040235
0.791999995708	-0.004446800333
0.793599963188	-0.005674160551
0.795199990273	-0.003555440344
0.796799957752	-0.004109888338
0.798399984837	-0.006264016498
0.799999952316	-0.005351040512
0.801599979401	-0.004551248159
0.803200006485	-0.003746288363
0.804799973965	-0.004957120400
0.806400001049	-0.005698368419
0.807999968529	-0.003625424346
0.809599995613	-0.005974944681
0.811199963093	-0.005223360378
0.812799990177	-0.005700288340
0.814399957657	-0.005318048410
0.815999984741	-0.003814400407
0.817599952221	-0.005685152486
0.819199979305	-0.003035648260
0.820800006390	-0.004840832204
0.822399973869	-0.004881392233
0.824000000954	-0.004882896319
0.825599968433	-0.004018192180
0.827199995518	-0.005487344693
0.828799962997	-0.006094576791
0.830399990082	-0.005445232615
0.831999957561	-0.004888400435
0.833599984646	-0.005424416624
0.835199952126	-0.004887296353
0.836799979210	-0.005092816427
0.838400006294	-0.004034576472
0.839999973774	-0.005937264767
0.841600000858	-0.006447904743
0.843199968338	-0.005886192434
0.844799995422	-0.005049776286
0.846399962902	-0.005595600232
0.847999989986	-0.005153824575
0.849599957466	-0.003560080426
0.851199984550	-0.005588128231
0.852799952030	-0.004084032495
0.854399979115	-0.005107200239
0.856000006199	-0.005877232645
0.857599973679	-0.006420496386
0.859200000763	-0.004079312086
0.860799968243	-0.005696992390
0.862399995327	-0.006470336579
0.863999962807	-0.006037600338
0.865599989891	-0.004141472280
0.867199957371	-0.006142336410
0.868799984455	-0.006364064757
0.870399951935	-0.004662096500
0.871999979019	-0.005490416195
0.873600006104	-0.007630960550
0.875199973583	-0.006000016350
0.876800000668	-0.005462656263
0.878399968147	-0.007171664853
0.879999995232	-0.004843232222
0.881599962711	-0.005272400565
0.883199989796	-0.006314784288
0.884799957275	-0.005243088584
0.886399984360	-0.005894304719
0.887999951839	-0.008000704460
0.889599978924	-0.005863824394
0.891200006008	-0.006868240424
0.892799973488	-0.006629680749
0.894400000572	-0.007823248394
0.895999968052	-0.004722976591
0.897599995136	-0.005899104755
0.899199962616	-0.007820384577
0.900799989700	-0.006457792595
0.902399957180	-0.005616400391
0.903999984264	-0.004360480234
0.905599951744	-0.005804400425
0.907199978828	-0.006218448747
0.908800005913	-0.005536224693
0.910399973392	-0.005275664385
0.912000000477	-0.006536448374
0.913599967957	-0.004753376357
0.915199995041	-0.006462928373
0.916799962521	-0.004940624349
0.918399989605	-0.004281984176
0.919999957085	-0.006849344820
0.921599984169	-0.007802128792
0.923199951649	-0.006251536310
0.924799978733	-0.007725632749
0.926400005817	-0.007241616491
0.927999973297	-0.007152304519
0.929600000381	-0.005973888561
0.931199967861	-0.006162096746
0.932799994946	-0.005336656235
0.934399962425	-0.005740256514
0.935999989510	-0.006829232443
0.937599956989	-0.005991936661
0.939199984074	-0.005504848436
0.940799951553	-0.007244544569
0.942399978638	-0.007923024707
0.944000005722	-0.006604464725
0.945599973202	-0.005527632311
0.947200000286	-0.009233040735
0.948799967766	-0.006411344279
0.950399994850	-0.005986848380
0.951999962330	-0.005947664380
0.953599989414	-0.007969744503
0.955199956894	-0.007106048521
0.956799983978	-0.008063616231
0.958399951458	-0.007077152375
0.959999978542	-0.006761248689
0.961599946022	-0.007294144481
0.963199973106	-0.007101952564
0.964800000191	-0.006076704711
0.966399967670	-0.005888064392
0.967999994755	-0.007930560969
0.969599962234	-0.007577088661
0.971199989319	-0.007491920609
0.972799956799	-0.007217200473
0.974399983883	-0.007170880679
0.975999951363	-0.006787984632
0.977599978447	-0.005990832578
0.979199945927	-0.007186448667
0.980799973011	-0.006088752300
0.982400000095	-0.006825168617
0.983999967575	-0.007447920740
0.985599994659	-0.005679680500
0.987199962139	-0.006165328436
0.988799989223	-0.006740352605
0.990399956703	-0.006638656370
0.991999983788	-0.004727248568
0.993599951267	-0.006760640536
0.995199978352	-0.006833632477
0.996799945831	-0.008224880323
0.998399972916	-0.006759392563
1.000000000000	-0.007524432614
1.001600027084	-0.006067264359
1.003199934959	-0.007805232424
1.004799962044	-0.008353265002
1.006399989128	-0.006939072628
1.008000016212	-0.006879664492
1.009599924088	-0.008494704962
1.011199951172	-0.008595488966
1.012799978256	-0.006887568627
1.014400005341	-0.005539712496
1.016000032425	-0.007985169068
1.017599940300	-0.006936272606
1.019199967384	-0.007672368549
1.020799994469	-0.007733968552
1.022400021553	-0.007584784646
1.023999929428	-0.006125248503
1.025599956512	-0.007234688383
1.027199983597	-0.007008912507
1.028800010681	-0.007117968518
1.030399918556	-0.008117024787
1.031999945641	-0.007291232701
1.033599972725	-0.007912849076
1.035199999809	-0.007454592735
1.036800026894	-0.007749344688
1.038399934769	-0.006527792662
1.039999961853	-0.006566032302
1.041599988937	-0.008863376454
1.043200016022	-0.006786560640
1.044799923897	-0.006062560715
1.046399950981	-0.008709440939
1.047999978065	-0.007393216714
1.049600005150	-0.007503824774
1.051200032234	-0.007101344410
1.052799940109	-0.008039744571
1.054399967194	-0.006333424710
1.055999994278	-0.007575968746
1.057600021362	-0.007475648541
1.059199929237	-0.007444416638
1.060799956322	-0.007256304380
1.062399983406	-0.006201408338
1.064000010490	-0.007556864526
1.065599918365	-0.006725984626
1.067199945450	-0.008901312947
1.068799972534	-0.009224144742
1.070399999619	-0.005238288548
1.072000026703	-0.007867152803
1.073599934578	-0.008745152503
1.075199961662	-0.007968384773
1.076799988747	-0.007751456462
1.078400015831	-0.008873120882
1.079999923706	-0.007685248740
1.081599950790	-0.007731024642
1.083199977875	-0.006976368371
1.084800004959	-0.007030848414
1.086400032043	-0.009377377108
1.087999939919	-0.009997377172
1.089599967003	-0.008544800803
1.091199994087	-0.006643600296
1.092800021172	-0.007555872668
1.094399929047	-0.008358496241
1.095999956131	-0.008089073002
1.097599983215	-0.007510768715
1.099200010300	-0.007224544417
1.100799918175	-0.007652928587
1.102399945259	-0.008857793175
1.103999972343	-0.008383376524
1.105599999428	-0.006338432431
1.107200026512	-0.007749712560
1.108799934387	-0.009941904806
1.110399961472	-0.007450416684
1.111999988556	-0.006909872405
1.113600015640	-0.007826400921
1.115199923515	-0.008335536346
1.116799950600	-0.007233536337
1.118399977684	-0.008970112540
1.120000004768	-0.008433120325
1.121599912643	-0.007742528804
1.123199939728	-0.007617968600
1.124799966812	-0.007532992866
1.126399993896	-0.007885696366
1.128000020981	-0.008679152466
1.129599928856	-0.007936241105
1.131199955940	-0.006626544520
1.132799983025	-0.008959569037
1.134400010109	-0.009556433186
1.135999917984	-0.006403968669
1.137599945068	-0.008639440872
1.139199972153	-0.007637744769
1.140799999237	-0.008214112371
1.142400026321	-0.007687728852
1.143999934196	-0.008157632314
1.145599961281	-0.008683136664
1.147199988365	-0.008402240463
1.148800015450	-0.008934129030
1.150399923325	-0.007519280538
1.151999950409	-0.007530992385
1.153599977493	-0.009502097033
1.155200004578	-0.008252336644
1.156799912453	-0.007556064520
1.158399939537	-0.007486176677
1.159999966621	-0.009959024377
1.161599993706	-0.007683792617
1.163200020790	-0.008093168959
1.164799928665	-0.007300096564
1.166399955750	-0.008906880394
1.167999982834	-0.006970032584
1.169600009918	-0.008034048602
1.171199917793	-0.008809840307
1.172799944878	-0.008005248383
1.174399971962	-0.008467616513
1.175999999046	-0.009347393177
1.177600026131	-0.009278641082
1.179199934006	-0.009210321121
1.180799961090	-0.008716240525
1.182399988174	-0.007728224620
1.184000015259	-0.007961760275
1.185599923134	-0.008941233158
1.187199950218	-0.008506576531
1.188799977303	-0.007473504636
1.190400004387	-0.009472737089
1.191999912262	-0.006730400492
1.193599939346	-0.009986016899
1.195199966431	-0.008848097175
1.196799993515	-0.007227632683
1.198400020599	-0.008653040975
1.199999928474	-0.008822608739
1.201599955559	-0.008310592733
1.203199982643	-0.008416544646
1.204800009727	-0.008417984471
1.206399917603	-0.007975616492
1.207999944687	-0.007911824621
1.209599971771	-0.007675344590
1.211199998856	-0.009470640682
1.212800025940	-0.007961696945
1.214399933815	-0.006997952703
1.215999960899	-0.007754048798
1.217599987984	-0.007707216777
1.219200015068	-0.009010336362
1.220799922943	-0.008049440570
1.222399950027	-0.008718176745
1.223999977112	-0.010913233273
1.225600004196	-0.008816416375
1.227199912071	-0.009365968406
1.228799939156	-0.008537728339
1.230399966240	-0.009369600564
1.231999993324	-0.007203184534
1.233600020409	-0.008553872816
1.235199928284	-0.009418896399
1.236799955368	-0.008884992450
1.238399982452	-0.008872833103
1.240000009537	-0.010406432673
1.241599917412	-0.008880080655
1.243199944496	-0.007486208808
1.244799971581	-0.009761041030
1.246399998665	-0.006963216700
1.248000025749	-0.006958320737
1.249599933624	-0.009647617117
1.251199960709	-0.009577777237
1.252799987793	-0.008032288402
1.254400014877	-0.009054640308
1.255999922752	-0.010988880880
1.257599949837	-0.008745265193
1.259199976921	-0.007967712358
1.260800004005	-0.008125456981
1.262399911880	-0.008655969054
1.263999938965	-0.009096641093
1.265599966049	-0.008423537016
1.267199993134	-0.009325184859
1.268800020218	-0.006908080541
1.270399928093	-0.010084848851
1.271999955177	-0.009108704515
1.273599982262	-0.009436897002
1.275200009346	-0.009727824479
1.276799917221	-0.010038512759
1.278399944305	-0.008345504291
1.279999971390	-0.009172192775
1.281599998474	-0.010351696983
1.283200025558	-0.008004913107
1.284799933434	-0.009324496612
1.286399960518	-0.009013872594
1.287999987602	-0.011084913276
1.289600014687	-0.009668288752
1.291199922562	-0.010165264830
1.292799949646	-0.010622960515
1.294399976730	-0.007987728342
1.296000003815	-0.007785120513
1.297599911690	-0.009289280511
1.299199938774	-0.009418704547
1.300799965858	-0.008763360791
1.302399992943	-0.009361457080
1.304000020027	-0.007910400629
1.305599927902	-0.009148112498
1.307199954987	-0.009187040851
1.308799982071	-0.007989793085
1.310400009155	-0.010147488676
1.311999917030	-0.007611792535
1.313599944115	-0.009029856883
1.315199971199	-0.009763008915
1.316799998283	-0.009576721117
1.318400025368	-0.008948001079
1.319999933243	-0.009455825202
1.321599960327	-0.008927232586
1.323199987411	-0.009586272761
1.324800014496	-0.008776016533
1.326399922371	-0.008925857022
1.327999949455	-0.008569984697
1.329599976540	-0.010227648541
1.331200003624	-0.007538304664
1.332799911499	-0.009683921002
1.334399938583	-0.009855296463
1.335999965668	-0.009262625128
1.337599992752	-0.007300272584
1.339200019836	-0.008896464482
1.340799927711	-0.009389025159
1.342399954796	-0.010282016359
1.343999981880	-0.009407008998
1.345600008965	-0.008662256412
1.347199916840	-0.009419985116
1.348799943924	-0.008856032975
1.350399971008	-0.008253488690
1.351999998093	-0.009236944839
1.353600025177	-0.008883552626
1.355199933052	-0.009422720410
1.356799960136	-0.009262512438
1.358399987221	-0.008070784621
1.360000014305	-0.009429872967
1.361599922180	-0.009858081117
1.363199949265	-0.008879568428
1.364799976349	-0.007665760815
1.366400003433	-0.009481408633
1.367999911308	-0.007992176339
1.369599938393	-0.008789872751
1.371199965477	-0.010285505094
1.372799992561	-0.010276433080
1.374400019646	-0.008376704529
1.375999927521	-0.010821169242
1.377599954605	-0.009983792901
1.379199981689	-0.008289888501
1.380800008774	-0.008925761096
1.382399916649	-0.009746400639
1.383999943733	-0.009930673055
1.385599970818	-0.008632624522
1.387199997902	-0.009127616882
1.388799905777	-0.009893888608
1.390399932861	-0.009191457182
1.391999959946	-0.010015713051
1.393599987030	-0.009918608703
1.395200014114	-0.007208992727
1.396799921989	-0.008011440746
1.398399949074	-0.010108240880
1.399999976158	-0.009860849008
1.401600003242	-0.008330320939
1.403199911118	-0.010929312557
1.404799938202	-0.009127072990
1.406399965286	-0.009328304790
1.407999992371	-0.010413264856
1.409600019455	-0.010005025193
1.411199927330	-0.007917776704
1.412799954414	-0.010897104628
1.414399981499	-0.008630272932
1.416000008583	-0.009228496812
1.417599916458	-0.009647008963
1.419199943542	-0.009520769119
1.420799970627	-0.009940001182
1.422399997711	-0.009791872464
1.423999905586	-0.008369617164
1.425599932671	-0.009636241011
1.427199959755	-0.009624833241
1.428799986839	-0.008235968649
1.430400013924	-0.008303248324
1.431999921799	-0.009335360490
1.433599948883	-0.010742465034
1.435199975967	-0.008524816483
1.436800003052	-0.009013072588
1.438399910927	-0.009493168443
1.439999938011	-0.009442832321
1.441599965096	-0.009499249049
1.443199992180	-0.007993616164
1.444800019264	-0.008713200688
1.446399927139	-0.009601200931
1.447999954224	-0.008688896894
1.449599981308	-0.008407056332
1.451200008392	-0.010288529098
1.452799916267	-0.010830513202
1.454399943352	-0.009685249068
1.455999970436	-0.008856976405
1.457599997520	-0.010263873264
1.459199905396	-0.009834112599
1.460799932480	-0.011673873290
1.462399959564	-0.010457617231
1.463999986649	-0.008707297035
1.465600013733	-0.008546448313
1.467199921608	-0.008910624310
1.468799948692	-0.008591280319
1.470399975777	-0.009830256924
1.472000002861	-0.008539120667
1.473599910736	-0.010109488852
1.475199937820	-0.009054432623
1.476799964905	-0.009467200376
1.478399991989	-0.010370369069
1.480000019073	-0.008811488748
1.481599926949	-0.009904208593
1.483199954033	-0.009204993024
1.484799981117	-0.008967424743
1.486400008202	-0.008706384338
1.487999916077	-0.009517808445
1.489599943161	-0.009259136394
1.491199970245	-0.010184400715
1.492799997330	-0.010680064559
1.494399905205	-0.009701808915
1.495999932289	-0.008380016312
1.497599959373	-0.009056048468
1.499199986458	-0.009661008604
1.500800013542	-0.008613520302
1.502399921417	-0.010265984572
1.503999948502	-0.010351808742
1.505599975586	-0.010707696900
1.507200002670	-0.009720369242
1.508799910545	-0.009563473053
1.510399937630	-0.009023456834
1.511999964714	-0.007939152420
1.513599991798	-0.010301280767
1.515200018883	-0.009959440678
1.516799926758	-0.009762336500
1.518399953842	-0.012737313285
1.519999980927	-0.009588528425
1.521600008011	-0.007884608582
1.523199915886	-0.011559168808
1.524799942970	-0.012613489293
1.526399970055	-0.009248305112
1.527999997139	-0.008472480811
1.529599905014	-0.011590864509
1.531199932098	-0.008565904573
1.532799959183	-0.011884625070
1.534399986267	-0.009442288429
1.536000013351	-0.010883697309
1.537599921227	-0.010337793268
1.539199948311	-0.010960033163
1.540799975395	-0.008998944424
1.542400002480	-0.009936336428
1.543999910355	-0.009848176502
1.545599937439	-0.010087233037
1.547199964523	-0.008244944736
1.548799991608	-0.010281953029
1.550400018692	-0.011347024702
1.551999926567	-0.010515457019
1.553599953651	-0.009542545304
1.555199980736	-0.010044529103
1.556800007820	-0.011084849015
1.558399915695	-0.008645392954
1.559999942780	-0.010760656558
1.561599969864	-0.008036880754
1.563199996948	-0.008780160919
1.564799904823	-0.009947201237
1.566399931908	-0.009352448396
1.567999958992	-0.007419280708
1.569599986076	-0.011101936921
1.571200013161	-0.013583281077
1.572799921036	-0.007924321108
1.574399948120	-0.009826752357
1.575999975204	-0.010053568520
1.577600002289	-0.010819344781
1.579199910164	-0.009265808389
1.580799937248	-0.010365281254
1.582399964333	-0.007849456742
1.583999991417	-0.009233056568
1.585600018501	-0.010536112823
1.587199926376	-0.011059776880
1.588799953461	-0.008455312811
1.590399980545	-0.009761504829
1.592000007629	-0.008800785057
1.593599915504	-0.009729600511
1.595199942589	-0.009794816375
1.596799969673	-0.010070769116
1.598399996758	-0.009573712945
1.599999904633	-0.010529344901
1.601599931717	-0.009382832795
1.603199958801	-0.009853584692
1.604799985886	-0.010199728422
1.606400012970	-0.009405104443
1.607999920845	-0.009161744267
1.609599947929	-0.009786896408
1.611199975014	-0.008966736495
1.612800002098	-0.010338800959
1.614399909973	-0.012284160592
1.615999937057	-0.010913136415
1.617599964142	-0.010089728981
1.619199991226	-0.009494128637
1.620800018311	-0.010808416642
1.622399926186	-0.009759936482
1.623999953270	-0.009719552472
1.625599980354	-0.009979696944
1.627200007439	-0.009558432736
1.628799915314	-0.010465200990
1.630399942398	-0.009920848534
1.631999969482	-0.012053185143
1.633599996567	-0.009755312465
1.635199904442	-0.010514273308
1.636799931526	-0.009421776980
1.638399958611	-0.008946800604
1.639999985695	-0.009919009171
1.641600012779	-0.011692272499
1.643199920654	-0.010911185294
1.644799947739	-0.009050240740
1.646399974823	-0.008256000467
1.648000001907	-0.010532464832
1.649599909782	-0.009550784715
1.651199936867	-0.010933952406
1.652799963951	-0.008489072323
1.654399991035	-0.010022048838
1.655999898911	-0.010492385365
1.657599925995	-0.009290097281
1.659199953079	-0.011933633126
1.660799980164	-0.010380368680
1.662400007248	-0.010430417024
1.663999915123	-0.009833392687
1.665599942207	-0.010126864538
1.667199969292	-0.008430209011
1.668799996376	-0.011128849350
1.670399904251	-0.008568944409
1.671999931335	-0.010909968987
1.673599958420	-0.010186608881
1.675199985504	-0.010561552830
1.676800012589	-0.009586256929
1.678399920464	-0.010929040611
1.679999947548	-0.008663696237
1.681599974632	-0.009242480621
1.683200001717	-0.009740753099
1.684799909592	-0.011757473461
1.686399936676	-0.010897968896
1.687999963760	-0.010094689205
1.689599990845	-0.010469377041
1.691199898720	-0.010955456644
1.692799925804	-0.009410544299
1.694399952888	-0.008771392517
1.695999979973	-0.010740976781
1.697600007057	-0.010268288665
1.699199914932	-0.011222977191
1.700799942017	-0.009798096493
1.702399969101	-0.011408832856
1.703999996185	-0.010888417251
1.705599904060	-0.012384752743
1.707199931145	-0.009251057170
1.708799958229	-0.010433712974
1.710399985313	-0.010054784827
1.712000012398	-0.009149745107
1.713599920273	-0.010033616796
1.715199947357	-0.010657456703
1.716799974442	-0.010391760617
1.718400001526	-0.010112000629
1.719999909401	-0.011133536696
1.721599936485	-0.011528257281
1.723199963570	-0.012727457099
1.724799990654	-0.010048560798
1.726399898529	-0.011369088665
1.727999925613	-0.010016112588
1.729599952698	-0.010013217106
1.731199979782	-0.010431936942
1.732800006866	-0.011027056724
1.734399914742	-0.008828768507
1.735999941826	-0.011970048770
1.737599968910	-0.010131184943
1.739199995995	-0.010171488859
1.740799903870	-0.009529152885
1.742399930954	-0.012932465412
1.743999958038	-0.010692001320
1.745599985123	-0.009736352600
1.747200012207	-0.009518480860
1.748799920082	-0.009246961214
1.750399947166	-0.010877328925
1.751999974251	-0.012327329256
1.753600001335	-0.009407024831
1.755199909210	-0.010027392767
1.756799936295	-0.011589792557
1.758399963379	-0.008598912507
1.759999990463	-0.010179712437
1.761599898338	-0.010188177228
1.763199925423	-0.009369664825
1.764799952507	-0.010182385333
1.766399979591	-0.010681472719
1.768000006676	-0.010213424452
1.769599914551	-0.009584800340
1.771199941635	-0.011771696620
1.772799968719	-0.011183248833
1.774399995804	-0.011289648712
1.775999903679	-0.010861408897
1.777599930763	-0.012115136720
1.779199957848	-0.009377377108
1.780799984932	-0.009223952889
1.782400012016	-0.009834464639
1.783999919891	-0.010375184938
1.785599946976	-0.010560848750
1.787199974060	-0.011633153073
1.788800001144	-0.011660545133
1.790399909019	-0.009678384289
1.791999936104	-0.011178049259
1.793599963188	-0.010703489184
1.795199990273	-0.010446096770
1.796799898148	-0.011138193309
1.798399925232	-0.010814752430
1.799999952316	-0.009453200735
1.801599979401	-0.012268065475
1.803200006485	-0.012450064532
1.804799914360	-0.010060944594
1.806399941444	-0.012314977124
1.807999968529	-0.009448977187
1.809599995613	-0.008925040253
1.811199903488	-0.010754385032
1.812799930573	-0.011418321170
1.814399957657	-0.008739984594
1.815999984741	-0.010944993235
1.817600011826	-0.012122688815
1.819199919701	-0.010560048744
1.820799946785	-0.007722912822
1.822399973869	-0.011048768647
1.824000000954	-0.011213361286
1.825599908829	-0.011828577146
1.827199935913	-0.008633232675
1.828799962997	-0.010981841013
1.830399990082	-0.010930112563
1.831999897957	-0.011577281170
1.833599925041	-0.009959217161
1.835199952126	-0.009665648453
1.836799979210	-0.011608417146
1.838400006294	-0.009931921028
1.839999914169	-0.010049744509
1.841599941254	-0.010688993149
1.843199968338	-0.009620049037
1.844799995422	-0.011379856616
1.846399903297	-0.009710785002
1.847999930382	-0.008227584884
1.849599957466	-0.009906176478
1.851199984550	-0.012188080698
1.852800011635	-0.012257728726
1.854399919510	-0.009548609145
1.855999946594	-0.010813200846
1.857599973679	-0.012689424679
1.859200000763	-0.010478897020
1.860799908638	-0.010063536465
1.862399935722	-0.010252160951
1.863999962807	-0.009667488746
1.865599989891	-0.011282992549
1.867199897766	-0.009992577136
1.868799924850	-0.010965105146
1.870399951935	-0.011598001234
1.871999979019	-0.010963696986
1.873600006104	-0.010229344480
1.875199913979	-0.011898000725
1.876799941063	-0.009837009013
1.878399968147	-0.009765600786
1.879999995232	-0.010349936783
1.881599903107	-0.011375312693
1.883199930191	-0.012088080868
1.884799957275	-0.011691121385
1.886399984360	-0.011815008707
1.888000011444	-0.012054816820
1.889599919319	-0.011567393318
1.891199946404	-0.010125393048
1.892799973488	-0.009176400490
1.894400000572	-0.010529248975
1.895999908447	-0.010074000806
1.897599935532	-0.009803088382
1.899199962616	-0.010462513193
1.900799989700	-0.009929249063
1.902399897575	-0.011672512628
1.903999924660	-0.011395441368
1.905599951744	-0.011258017272
1.907199978828	-0.009039248340
1.908800005913	-0.011985952966
1.910399913788	-0.011700929143
1.911999940872	-0.010181088932
1.913599967957	-0.010029409081
1.915199995041	-0.011852272786
1.916799902916	-0.010447600856
1.918399930000	-0.009681008756
1.919999957085	-0.011198241264
1.921599984169	-0.009879441001
1.923199892044	-0.010454736650
1.924799919128	-0.012999297120
1.926399946213	-0.010213905014
1.927999973297	-0.009423344396
1.929600000381	-0.010905440897
1.931199908257	-0.011356464587
1.932799935341	-0.010374193080
1.934399962425	-0.009096032940
1.935999989510	-0.011368464679
1.937599897385	-0.009509136900
1.939199924469	-0.012266096659
1.940799951553	-0.010415232740
1.942399978638	-0.010880640708
1.944000005722	-0.011346560903
1.945599913597	-0.011241696775
1.947199940681	-0.010598496534
1.948799967766	-0.009914385155
1.950399994850	-0.012529361062
1.951999902725	-0.010709441267
1.953599929810	-0.012698257342
1.955199956894	-0.010026848875
1.956799983978	-0.011068273336
1.958399891853	-0.009358128533
1.959999918938	-0.013199057430
1.961599946022	-0.010851984844
1.963199973106	-0.009070481174
1.964800000191	-0.010414657183
1.966399908066	-0.011909713037
1.967999935150	-0.011034368537
1.969599962234	-0.011519936845
1.971199989319	-0.011925232597
1.972799897194	-0.012494336814
1.974399924278	-0.009652832523
1.975999951363	-0.010425904766
1.977599978447	-0.008657136932
1.979200005531	-0.010482816957
1.980799913406	-0.012313281186
1.982399940491	-0.010371840559
1.983999967575	-0.009746464901
1.985599994659	-0.010685488582
1.987199902534	-0.011563088745
1.988799929619	-0.008805072866
1.990399956703	-0.011385505088
1.991999983788	-0.012065920979
1.993599891663	-0.009484432638
1.995199918747	-0.010048368946
1.996799945831	-0.010412224568
1.998399972916	-0.010347344913
2.000000000000	-0.011636225507
2.001600027084	-0.009566321038
2.003200054169	-0.011208737269
2.004799842834	-0.011017552577
2.006399869919	-0.012943824753
2.007999897003	-0.010738001205
2.009599924088	-0.009089889005
2.011199951172	-0.010618257336
2.012799978256	-0.011799409054
2.014400005341	-0.011332976632
2.016000032425	-0.009733024985
2.017600059509	-0.010666176677
2.019199848175	-0.010216272436
2.020799875259	-0.012242113240
2.022399902344	-0.011656817049
2.023999929428	-0.010854513384
2.025599956512	-0.011064897291
2.027199983597	-0.011299328879
2.028800010681	-0.010325952433
2.030400037766	-0.009387152269
2.032000064850	-0.010623776354
2.033599853516	-0.010860753246
2.035199880600	-0.012984912843
2.036799907684	-0.010426832363
2.038399934769	-0.009741600603
2.039999961853	-0.010916609317
2.041599988937	-0.011981072836
2.043200016022	-0.011680177413
2.044800043106	-0.010603744537
2.046399831772	-0.010757489130
2.047999858856	-0.012183473445
2.049599885941	-0.009481185116
2.051199913025	-0.011966400780
2.052799940109	-0.010779136792
2.054399967194	-0.011810128577
2.055999994278	-0.011620593257
2.057600021362	-0.010692993179
2.059200048447	-0.009670240805
2.060799837112	-0.009538960643
2.062399864197	-0.010006736964
2.063999891281	-0.011229152791
2.065599918365	-0.011314145289
2.067199945450	-0.010237600654
2.068799972534	-0.010379664600
2.070399999619	-0.013260768726
2.072000026703	-0.011201521382
2.073600053787	-0.008586928248
2.075199842453	-0.011117248796
2.076799869537	-0.012116049416
2.078399896622	-0.011248544790
2.079999923706	-0.010942400433
2.081599950790	-0.010852544568
2.083199977875	-0.011376049370
2.084800004959	-0.010825248435
2.086400032043	-0.010848753154
2.088000059128	-0.010359008797
2.089599847794	-0.011203344911
2.091199874878	-0.010051457211
2.092799901962	-0.012272257358
2.094399929047	-0.011593680829
2.095999956131	-0.010908881202
2.097599983215	-0.011249792762
2.099200010300	-0.011434081011
2.100800037384	-0.010761681013
2.102400064468	-0.012574801221
2.103999853134	-0.011202192865
2.105599880219	-0.010972784832
2.107199907303	-0.010950081050
2.108799934387	-0.010396800935
2.110399961472	-0.009880432859
2.111999988556	-0.011045233347
2.113600015640	-0.010479088873
2.115200042725	-0.010490512475
2.116799831390	-0.011537296697
2.118399858475	-0.012254064903
2.119999885559	-0.010797856376
2.121599912643	-0.011462097056
2.123199939728	-0.010704976507
2.124799966812	-0.008482288569
2.126399993896	-0.012356464751
2.128000020981	-0.010892496444
2.129600048065	-0.011160224676
2.131199836731	-0.010563584976
2.132799863815	-0.011795649305
2.134399890900	-0.010439776815
2.135999917984	-0.010969680734
2.137599945068	-0.011765409261
2.139199972153	-0.010711313225
2.140799999237	-0.012094625272
2.142400026321	-0.010955041274
2.144000053406	-0.010717649013
2.145599842072	-0.010643169284
2.147199869156	-0.012092432939
2.148799896240	-0.011656656861
2.150399923325	-0.011761648580
2.151999950409	-0.011293392628
2.153599977493	-0.010257041082
2.155200004578	-0.011861553416
2.156800031662	-0.011045345105
2.158400058746	-0.010506064631
2.159999847412	-0.011079409160
2.161599874496	-0.011544432491
2.163199901581	-0.011914225295
2.164799928665	-0.010242449120
2.166399955750	-0.012483281083
2.167999982834	-0.011418288574
2.169600009918	-0.012462161481
2.171200037003	-0.011577473022
2.172800064087	-0.010974752717
2.174399852753	-0.012148529291
2.175999879837	-0.011144272983
2.177599906921	-0.012139344588
2.179199934006	-0.010417552665
2.180799961090	-0.010745856911
2.182399988174	-0.010990625247
2.184000015259	-0.010586128570
2.185600042343	-0.011082448997
2.187199831009	-0.012370017357
2.188799858093	-0.010347425006
2.190399885178	-0.011659457348
2.191999912262	-0.011346208863
2.193599939346	-0.012521552853
2.195199966431	-0.009036528878
2.196799993515	-0.011764672585
2.198400020599	-0.010979024693
2.200000047684	-0.010668752715
2.201599836349	-0.011175536551
2.203199863434	-0.013873713091
2.204799890518	-0.011972896755
2.206399917603	-0.010355153121
2.207999944687	-0.011303504929
2.209599971771	-0.011105312966
2.211199998856	-0.013496656902
2.212800025940	-0.010820944794
2.214400053024	-0.013503937051
2.215999841690	-0.009757280350
2.217599868774	-0.010633745231
2.219199895859	-0.011479233392
2.220799922943	-0.011230193079
2.222399950027	-0.010578384623
2.223999977112	-0.010632753372
2.225600004196	-0.009916928597
2.227200031281	-0.010504656471
2.228800058365	-0.012040592730
2.230399847031	-0.011554337107
2.231999874115	-0.010318432935
2.233599901199	-0.012373008765
2.235199928284	-0.011316305026
2.236799955368	-0.013333649375
2.238399982452	-0.010441713035
2.240000009537	-0.011179473251
2.241600036621	-0.009880880825
2.243199825287	-0.010842257179
2.244799852371	-0.010431297123
2.246399879456	-0.008967473172
2.247999906540	-0.012344096787
2.249599933624	-0.013008993119
2.251199960709	-0.010916337371
2.252799987793	-0.009062833153
2.254400014877	-0.010846192949
2.256000041962	-0.012985569425
2.257599830627	-0.011032464914
2.259199857712	-0.009662256576
2.260799884796	-0.010865665041
2.262399911880	-0.010363024659
2.263999938965	-0.012580624782
2.265599966049	-0.012304496951
2.267199993134	-0.010270369239
2.268800020218	-0.011768881232
2.270400047302	-0.012622864917
2.271999835968	-0.011426016688
2.273599863052	-0.008857600391
2.275199890137	-0.012752304785
2.276799917221	-0.009879808873
2.278399944305	-0.014453489333
2.279999971390	-0.012819249183
2.281599998474	-0.011759680696
2.283200025558	-0.011300880462
2.284800052643	-0.012054896913
2.286399841309	-0.012000977062
2.287999868393	-0.011658305302
2.289599895477	-0.011908336543
2.291199922562	-0.011317281052
2.292799949646	-0.011783281341
2.294399976730	-0.010751329362
2.296000003815	-0.011519968510
2.297600030899	-0.011269777082
2.299200057983	-0.011916128919
2.300799846649	-0.011374657042
2.302399873734	-0.012335824780
2.303999900818	-0.010093472898
2.305599927902	-0.012791041285
2.307199954987	-0.011724401265
2.308799982071	-0.009542129003
2.310400009155	-0.009810816497
2.312000036240	-0.010520448908
2.313599824905	-0.009821472690
2.315199851990	-0.011572704650
2.316799879074	-0.011085504666
2.318399906158	-0.010897712782
2.319999933243	-0.010715376586
2.321599960327	-0.012431888841
2.323199987411	-0.011525329202
2.324800014496	-0.011171760969
2.326400041580	-0.009139008820
2.327999830246	-0.011554769240
2.329599857330	-0.012006592937
2.331199884415	-0.011570112780
2.332799911499	-0.010894096456
2.334399938583	-0.013133632950
2.335999965668	-0.012416592799
2.337599992752	-0.011449553072
2.339200019836	-0.010057040490
2.340800046921	-0.012940833345
2.342399835587	-0.012069105171
2.343999862671	-0.009731488302
2.345599889755	-0.011577056721
2.347199916840	-0.011639345437
2.348799943924	-0.011487777345
2.350399971008	-0.012120177038
2.351999998093	-0.011467777193
2.353600025177	-0.011906608939
2.355200052261	-0.013153601438
2.356799840927	-0.012460465543
2.358399868011	-0.009518352337
2.359999895096	-0.012113248929
2.361599922180	-0.010897264816
2.363199949265	-0.009858464822
2.364799976349	-0.011277104728
2.366400003433	-0.012655489147
2.368000030518	-0.011472608894
2.369600057602	-0.011413296685
2.371199846268	-0.011976753362
2.372799873352	-0.010840657167
2.374399900436	-0.010827665217
2.375999927521	-0.010961025022
2.377599954605	-0.011845760979
2.379199981689	-0.011276464909
2.380800008774	-0.011803088710
2.382400035858	-0.011235265061
2.383999824524	-0.010530385189
2.385599851608	-0.012931521051
2.387199878693	-0.010917440988
2.388799905777	-0.009541841224
2.390399932861	-0.011693457142
2.391999959946	-0.012203472666
2.393599987030	-0.011837072670
2.395200014114	-0.011461537331
2.396800041199	-0.010996689089
2.398399829865	-0.009113809094
2.399999856949	-0.012066368945
2.401599884033	-0.013099713251
2.403199911118	-0.010046225041
2.404799938202	-0.012098416686
2.406399965286	-0.012056465261
2.407999992371	-0.013298304752
2.409600019455	-0.011661617085
2.411200046539	-0.011720176786
2.412799835205	-0.008948928677
2.414399862289	-0.009567888454
2.415999889374	-0.012416512705
2.417599916458	-0.010497633368
2.419199943542	-0.012083008885
2.420799970627	-0.012847249396
2.422399997711	-0.012783792801
2.424000024796	-0.009420544840
2.425600051880	-0.010535296984
2.427199840546	-0.010647152551
2.428799867630	-0.012214848772
2.430399894714	-0.010884912685
2.431999921799	-0.012582513504
2.433599948883	-0.007990624756
2.435199975967	-0.011554000899
2.436800003052	-0.013336976990
2.438400030136	-0.011349009350
2.440000057220	-0.010969344527
2.441599845886	-0.010546321049
2.443199872971	-0.010797984898
2.444799900055	-0.010790432803
2.446399927139	-0.012233088724
2.447999954224	-0.012893744744
2.449599981308	-0.011060737073
2.451200008392	-0.010436912999
2.452800035477	-0.012258976698
2.454399824142	-0.011531025171
2.455999851227	-0.012644369155
2.457599878311	-0.012419072911
2.459199905396	-0.009922544472
2.460799932480	-0.009814049117
2.462399959564	-0.011493041180
2.463999986649	-0.011053472757
2.465600013733	-0.011822897010
2.467200040817	-0.011519568972
2.468799829483	-0.013423841447
2.470399856567	-0.011380736716
2.471999883652	-0.011036192998
2.473599910736	-0.012035536580
2.475199937820	-0.009815632366
2.476799964905	-0.012511473149
2.478399991989	-0.011223984882
2.480000019073	-0.010032560676
2.481600046158	-0.009746560827
2.483199834824	-0.013227969408
2.484799861908	-0.010278113186
2.486399888992	-0.008767057210
2.487999916077	-0.009174848907
2.489599943161	-0.012337616645
2.491199970245	-0.011358480901
2.492799997330	-0.010227344930
2.494400024414	-0.012685840949
2.496000051498	-0.011474097148
2.497599840164	-0.013299264945
2.499199867249	-0.011276705191
2.500799894333	-0.010944144800
2.502399921417	-0.011948432773
2.503999948502	-0.011753808707
2.505599975586	-0.010752049275
2.507200002670	-0.011195344850
2.508800029755	-0.011020257138
2.510399818420	-0.013878865167
2.511999845505	-0.011805472896
2.513599872589	-0.010746897198
2.515199899673	-0.009963712655
2.516799926758	-0.012085792609
2.518399953842	-0.013274593279
2.519999980927	-0.010497553274
2.521600008011	-0.010001232848
2.523200035095	-0.012111361139
2.524799823761	-0.012118528597
2.526399850845	-0.010484960862
2.527999877930	-0.011087008752
2.529599905014	-0.010244192556
2.531199932098	-0.012905936688
2.532799959183	-0.010783392936
2.534399986267	-0.012034145184
2.536000013351	-0.010954945348
2.537600040436	-0.012782593258
2.539199829102	-0.010482273065
2.540799856186	-0.010858672671
2.542399883270	-0.012140112929
2.543999910355	-0.010077552870
2.545599937439	-0.012568176724
2.547199964523	-0.012871985324
2.548799991608	-0.011251488701
2.550400018692	-0.010085185058
2.552000045776	-0.011866688728
2.553599834442	-0.010883472860
2.555199861526	-0.011181408539
2.556799888611	-0.011764848605
2.558399915695	-0.011636433192
2.559999942780	-0.010313425213
2.561599969864	-0.011965424754
2.563199996948	-0.011383729056
2.564800024033	-0.011408224702
2.566400051117	-0.012086592615
2.567999839783	-0.009226593189
2.569599866867	-0.009940369055
2.571199893951	-0.010767185129
2.572799921036	-0.011219648644
2.574399948120	-0.011112929322
2.575999975204	-0.010587728582
2.577600002289	-0.012875520624
2.579200029373	-0.009602352977
2.580799818039	-0.011637665331
2.582399845123	-0.012217985466
2.583999872208	-0.011908289045
2.585599899292	-0.012690017000
2.587199926376	-0.011237440631
2.588799953461	-0.008310160600
2.590399980545	-0.011318000965
2.592000007629	-0.012412017211
2.593600034714	-0.012218545191
2.595199823380	-0.010068576783
2.596799850464	-0.010188656859
2.598399877548	-0.011942112818
2.599999904633	-0.010856657289
2.601599931717	-0.011060496792
2.603199958801	-0.011808320880
2.604799985886	-0.010628720745
2.606400012970	-0.011583697051
2.608000040054	-0.012114064768
2.609599828720	-0.011344608851
2.611199855804	-0.011905425228
2.612799882889	-0.009762528352
2.614399909973	-0.010770160705
2.615999937057	-0.012688864954
2.617599964142	-0.011958449148
2.619199991226	-0.010943360627
2.620800018311	-0.009725840762
2.622400045395	-0.012246369384
2.623999834061	-0.011542448774
2.625599861145	-0.011283569038
2.627199888229	-0.009924112819
2.628799915314	-0.012220448814
2.630399942398	-0.011140192859
2.631999969482	-0.010521872900
2.633599996567	-0.011755633168
2.635200023651	-0.012229921296
2.636800050735	-0.009815473109
2.638399839401	-0.010882512666
2.639999866486	-0.009846928529
2.641599893570	-0.011815008707
2.643199920654	-0.009512417018
2.644799947739	-0.013506896794
2.646399974823	-0.010700353421
2.648000001907	-0.012694177218
2.649600028992	-0.010851697065
2.651199817657	-0.011724225245
2.652799844742	-0.011133600958
2.654399871826	-0.011467697099
2.655999898911	-0.012921969406
2.657599925995	-0.010256337002
2.659199953079	-0.011327456683
2.660799980164	-0.013014689088
2.662400007248	-0.010931264609
2.664000034332	-0.011679328978
2.665599822998	-0.010604289360
2.667199850082	-0.012818545103
2.668799877167	-0.012212736532
2.670399904251	-0.010342288762
2.671999931335	-0.010841776617
2.673599958420	-0.011261937208
2.675199985504	-0.011744128540
2.676800012589	-0.010626144707
2.678400039673	-0.011224272661
2.679999828339	-0.009900736623
2.681599855423	-0.011321824975
2.683199882507	-0.013063280843
2.684799909592	-0.012028864585
2.686399936676	-0.012316833250
2.687999963760	-0.011864129454
2.689599990845	-0.011457664892
2.691200017929	-0.011345520616
2.692800045013	-0.012261808850
2.694399833679	-0.011191008613
2.695999860764	-0.013072016649
2.697599887848	-0.011305601336
2.699199914932	-0.011200848967
2.700799942017	-0.012301856652
2.702399969101	-0.011322609149
2.703999996185	-0.012120384723
2.705600023270	-0.011217136867
2.707200050354	-0.012485168874
2.708799839020	-0.012263185345
2.710399866104	-0.009929505177
2.711999893188	-0.011960000731
2.713599920273	-0.013491776772
2.715199947357	-0.010874928907
2.716799974442	-0.011895856820
2.718400001526	-0.011080209166
2.720000028610	-0.014055329375
2.721599817276	-0.012089313008
2.723199844360	-0.012039424852
2.724799871445	-0.011472657323
2.726399898529	-0.011011216789
2.727999925613	-0.013216624968
2.729599952698	-0.012805072591
2.731199979782	-0.013324849308
2.732800006866	-0.011940512806
2.734400033951	-0.011538769118
2.735999822617	-0.012041361071
2.737599849701	-0.010582816787
2.739199876785	-0.010075680912
2.740799903870	-0.011214865372
2.742399930954	-0.011610480957
2.743999958038	-0.012206752785
2.745599985123	-0.011638864875
2.747200012207	-0.011536449194
2.748800039291	-0.012782720849
2.750399827957	-0.012470561080
2.751999855042	-0.012599760666
2.753599882126	-0.011317169294
2.755199909210	-0.011940289289
2.756799936295	-0.011949553154
2.758399963379	-0.012322640978
2.759999990463	-0.010124096647
2.761600017548	-0.012266016565
2.763200044632	-0.011263776571
2.764799833298	-0.011039072648
2.766399860382	-0.009706337005
2.767999887466	-0.011420465074
2.769599914551	-0.011622273363
2.771199941635	-0.013294832781
2.772799968719	-0.011612769216
2.774399995804	-0.010676240548
2.776000022888	-0.014571425505
2.777599811554	-0.011815153062
2.779199838638	-0.011882385239
2.780799865723	-0.010821361095
2.782399892807	-0.012614784762
2.783999919891	-0.009607344866
2.785599946976	-0.011419232935
2.787199974060	-0.012284048833
2.788800001144	-0.011674800888
2.790400028229	-0.011396832764
2.791999816895	-0.010244336911
2.793599843979	-0.012290865183
2.795199871063	-0.011289456859
2.796799898148	-0.012496609241
2.798399925232	-0.011383200996
2.799999952316	-0.010963264853
2.801599979401	-0.014073761180
2.803200006485	-0.011125857010
2.804800033569	-0.010269137099
2.806399822235	-0.011128560640
2.807999849319	-0.011462640949
2.809599876404	-0.012906257063
2.811199903488	-0.011161840521
2.812799930573	-0.011743552983
2.814399957657	-0.012165249325
2.815999984741	-0.011211920530
2.817600011826	-0.011692320928
2.819200038910	-0.011494561099
2.820799827576	-0.013101777062
2.822399854660	-0.012295456603
2.823999881744	-0.009921585210
2.825599908829	-0.011542321183
2.827199935913	-0.010957248509
2.828799962997	-0.012336464599
2.830399990082	-0.011499760672
2.832000017166	-0.011811393313
2.833600044250	-0.010671201162
2.835199832916	-0.013961792924
2.836799860001	-0.012345281430
2.838399887085	-0.010121553205
2.839999914169	-0.010047072545
2.841599941254	-0.011874641292
2.843199968338	-0.010930992663
2.844799995422	-0.010680369101
2.846400022507	-0.012854864821
2.847999811172	-0.012842432596
2.849599838257	-0.013137632981
2.851199865341	-0.010823937133
2.852799892426	-0.010659281164
2.854399919510	-0.009865872562
2.855999946594	-0.012292817235
2.857599973679	-0.010805104859
2.859200000763	-0.009488912299
2.860800027847	-0.011164592579
2.862399816513	-0.013640881516
2.863999843597	-0.013301009312
2.865599870682	-0.012537296861
2.867199897766	-0.009907936677
2.868799924850	-0.011304848827
2.870399951935	-0.010179968551
2.871999979019	-0.013220433146
2.873600006104	-0.012293969281
2.875200033188	-0.011078464799
2.876799821854	-0.012293537147
2.878399848938	-0.011237984523
2.879999876022	-0.012228544801
2.881599903107	-0.010701216757
2.883199930191	-0.012755616568
2.884799957275	-0.011515169404
2.886399984360	-0.010650305077
2.888000011444	-0.010760368779
2.889600038528	-0.011935921386
2.891199827194	-0.011729905382
2.892799854279	-0.011784017086
2.894399881363	-0.010282864794
2.895999908447	-0.012690576725
2.897599935532	-0.013115617447
2.899199962616	-0.012423248962
2.900799989700	-0.012365264818
2.902400016785	-0.011614193209
2.904000043869	-0.013480480760
2.905599832535	-0.010644640774
2.907199859619	-0.010812993161
2.908799886703	-0.009445584379
2.910399913788	-0.011873360723
2.911999940872	-0.010970912874
2.913599967957	-0.011775248684
2.915199995041	-0.011672672816
2.916800022125	-0.012984689325
2.918399810791	-0.013300049119
2.919999837875	-0.010562577285
2.921599864960	-0.011824704707
2.923199892044	-0.010960289277
2.924799919128	-0.009966257028
2.926399946213	-0.010721344501
2.927999973297	-0.011253121309
2.929600000381	-0.012667841278
2.931200027466	-0.012465696782
2.932799816132	-0.013957792893
2.934399843216	-0.010097281076
2.935999870300	-0.012988897040
2.937599897385	-0.012887713499
2.939199924469	-0.010308656842
2.940799951553	-0.010812561028
2.942399978638	-0.010089024901
2.944000005722	-0.012557488866
2.945600032806	-0.010937345214
2.947199821472	-0.012412304990
2.948799848557	-0.010560224764
2.950399875641	-0.013165537268
2.951999902725	-0.010765376501
2.953599929810	-0.010508528911
2.955199956894	-0.010768928565
2.956799983978	-0.012850081548
2.958400011063	-0.010878144763
2.960000038147	-0.010509232990
2.961599826813	-0.012368417345
2.963199853897	-0.009862368926
2.964799880981	-0.012299377471
2.966399908066	-0.011728256941
2.967999935150	-0.011636049487
2.969599962234	-0.010381280445
2.971199989319	-0.010454225354
2.972800016403	-0.012337761000
2.974400043488	-0.013595920987
2.975999832153	-0.011859936640
2.977599859238	-0.010666624643
2.979199886322	-0.012196608819
2.980799913406	-0.010670240968
2.982399940491	-0.011818288825
2.983999967575	-0.013307200745
2.985599994659	-0.011369632557
2.987200021744	-0.011994160712
2.988799810410	-0.011705265380
2.990399837494	-0.011380832642
2.991999864578	-0.011733745225
2.993599891663	-0.011992497370
2.995199918747	-0.013297248632
2.996799945831	-0.012606897391
2.998399972916	-0.010911952704
3.000000000000	-0.013072704896
3.001600027084	-0.011332289316
3.003199815750	-0.013255985454
3.004799842834	-0.011814224534
3.006399869919	-0.013120801188
3.007999897003	-0.010982864536
3.009599924088	-0.010708753020
3.011199951172	-0.012104769237
3.012799978256	-0.009324912913
3.014400005341	-0.012501041405
3.016000032425	-0.013392273337
3.017599821091	-0.013288784772
3.019199848175	-0.009153649211
3.020799875259	-0.011263824999
3.022399902344	-0.011644576676
3.023999929428	-0.012487568893
3.025599956512	-0.010865872726
3.027199983597	-0.010958368890
3.028800010681	-0.012346592732
3.030400037766	-0.014135729522
3.031999826431	-0.011414593086
3.033599853516	-0.011504673399
3.035199880600	-0.012223601341
3.036799907684	-0.010869248770
3.038399934769	-0.010758224875
3.039999961853	-0.008928016759
3.041599988937	-0.012178065255
3.043200016022	-0.011532001197
3.044799804687	-0.012416113168
3.046399831772	-0.010329408571
3.047999858856	-0.012211472727
3.049599885941	-0.011637168936
3.051199913025	-0.012025249191
3.052799940109	-0.011893425137
3.054399967194	-0.011106736958
3.055999994278	-0.010796433315
3.057600021362	-0.012592208572
3.059199810028	-0.009685648605
3.060799837112	-0.012011968531
3.062399864197	-0.013703024946
3.063999891281	-0.012824817561
3.065599918365	-0.011168384925
3.067199945450	-0.012747905217
3.068799972534	-0.012781361118
3.070399999619	-0.012615617365
3.072000026703	-0.011269552633
3.073599815369	-0.009954337031
3.075199842453	-0.011186433025
3.076799869537	-0.014296689071
3.078399896622	-0.012716241181
3.079999923706	-0.011814816855
3.081599950790	-0.010420144536
3.083199977875	-0.013457361609
3.084800004959	-0.014124081470
3.086400032043	-0.012430625036
3.087999820709	-0.009583841078
3.089599847794	-0.010891905054
3.091199874878	-0.013471473008
3.092799901962	-0.013409840874
3.094399929047	-0.012220033444
3.095999956131	-0.009776880965
3.097599983215	-0.013028449379
3.099200010300	-0.012971824966
3.100800037384	-0.014186353423
3.102399826050	-0.011939808726
3.103999853134	-0.011051440611
3.105599880219	-0.011621104553
3.107199907303	-0.011729313061
3.108799934387	-0.010954928584
3.110399961472	-0.010525344871
3.111999988556	-0.012668385170
3.113600015640	-0.011918560602
3.115199804306	-0.011946128681
3.116799831390	-0.012191536836
3.118399858475	-0.012558992952
3.119999885559	-0.010905937292
3.121599912643	-0.013427264988
3.123199939728	-0.010342128575
3.124799966812	-0.009658128954
3.126399993896	-0.010928353295
3.128000020981	-0.013519729488
3.129599809647	-0.012664064765
3.131199836731	-0.010156016797
3.132799863815	-0.012274176814
3.134399890900	-0.012308369391
3.135999917984	-0.010904816911
3.137599945068	-0.011198832653
3.139199972153	-0.008789360523
3.140799999237	-0.012638960965
3.142400026321	-0.013964977115
3.143999814987	-0.012203200720
3.145599842072	-0.010749712586
3.147199869156	-0.011647216976
3.148799896240	-0.013081952929
3.150399923325	-0.013287585229
3.151999950409	-0.012523968704
3.153599977493	-0.011176064610
3.155200004578	-0.012423137203
3.156800031662	-0.012176624499
3.158399820328	-0.011012961157
3.159999847412	-0.011202497408
3.161599874496	-0.010002128780
3.163199901581	-0.012030497193
3.164799928665	-0.011290577240
3.166399955750	-0.011510817334
3.167999982834	-0.011584080756
3.169600009918	-0.012517648749
3.171200037003	-0.010822689161
3.172799825668	-0.010229872540
3.174399852753	-0.012347441167
3.175999879837	-0.013620097190
3.177599906921	-0.014592641033
3.179199934006	-0.011222688481
3.180799961090	-0.012426192872
3.182399988174	-0.012978369370
3.184000015259	-0.012633120641
3.185599803925	-0.009504896589
3.187199831009	-0.012331681326
3.188799858093	-0.010714016855
3.190399885178	-0.013279808685
3.191999912262	-0.012283504941
3.193599939346	-0.013578113168
3.195199966431	-0.011452369392
3.196799993515	-0.011839617044
3.198400020599	-0.012336065061
3.199999809265	-0.011860656552
3.201599836349	-0.011533536948
3.203199863434	-0.009668353014
3.204799890518	-0.013555073179
3.206399917603	-0.010878113098
3.207999944687	-0.012712321244
3.209599971771	-0.009766144678
3.211199998856	-0.012571345083
3.212800025940	-0.011889712885
3.214399814606	-0.012190592475
3.215999841690	-0.012646657415
3.217599868774	-0.010506017134
3.219199895859	-0.011614353396
3.220799922943	-0.011113569140
3.222399950027	-0.011795168743
3.223999977112	-0.010094800964
3.225600004196	-0.009414048865
3.227200031281	-0.011674624868
3.228799819946	-0.012022064999
3.230399847031	-0.012719617225
3.231999874115	-0.012028801255
3.233599901199	-0.011707489379
3.235199928284	-0.012788017280
3.236799955368	-0.011443184689
3.238399982452	-0.011687489226
3.240000009537	-0.011225729249
3.241600036621	-0.010800400749
3.243199825287	-0.012320912443
3.244799852371	-0.010977152735
3.246399879456	-0.013786001131
3.247999906540	-0.011657329276
3.249599933624	-0.011182609014
3.251199960709	-0.011369968764
3.252799987793	-0.012138497084
3.254400014877	-0.012141104788
3.255999803543	-0.011087937281
3.257599830627	-0.012961168773
3.259199857712	-0.010655328631
3.260799884796	-0.011752001010
3.262399911880	-0.013895905577
3.263999938965	-0.013958385214
3.265599966049	-0.011661313474
3.267199993134	-0.011424224824
3.268800020218	-0.012685921043
3.270399808884	-0.010322256945
3.271999835968	-0.012711537071
3.273599863052	-0.012287569232
3.275199890137	-0.012401120737
3.276799917221	-0.010747296736
3.278399944305	-0.012850577012
3.279999971390	-0.012094337493
3.281599998474	-0.012542736717
3.283200025558	-0.012511185370
3.284799814224	-0.012777728960
3.286399841309	-0.011135824956
3.287999868393	-0.012579568662
3.289599895477	-0.011827873066
3.291199922562	-0.011093392968
3.292799949646	-0.013113712892
3.294399976730	-0.010877600871
3.296000003815	-0.012351728976
3.297600030899	-0.012335136533
3.299199819565	-0.011697920971
3.300799846649	-0.012145392597
3.302399873734	-0.013403072953
3.303999900818	-0.011496096849
3.305599927902	-0.012135889381
3.307199954987	-0.012225888669
3.308799982071	-0.012420641258
3.310400009155	-0.011150176637
3.311999797821	-0.011308001354
3.313599824905	-0.013461025432
3.315199851990	-0.011863089167
3.316799879074	-0.010967888869
3.318399906158	-0.013850449584
3.319999933243	-0.010299408808
3.321599960327	-0.011788913049
3.323199987411	-0.012871121056
3.324800014496	-0.010826417245
3.326399803162	-0.013580096886
3.327999830246	-0.012056193314
3.329599857330	-0.012482625432
3.331199884415	-0.011528560892
3.332799911499	-0.013611488976
3.334399938583	-0.011875776574
3.335999965668	-0.012781136669
3.337599992752	-0.014286337420
3.339200019836	-0.009275312535
3.340799808502	-0.011851857416
3.342399835587	-0.011692272499
3.343999862671	-0.013440913521
3.345599889755	-0.009173761122
3.347199916840	-0.013196192682
3.348799943924	-0.012871713378
3.350399971008	-0.012178480625
3.351999998093	-0.013048113324
3.353600025177	-0.012384752743
3.355199813843	-0.011432625353
3.356799840927	-0.013363872655
3.358399868011	-0.013964097016
3.359999895096	-0.011545840651
3.361599922180	-0.011256384663
3.363199949265	-0.012083904818
3.364799976349	-0.011571472511
3.366400003433	-0.011185249314
3.368000030518	-0.011023185216
3.369599819183	-0.014112848788
3.371199846268	-0.012463073246
3.372799873352	-0.011991361156
3.374399900436	-0.009838497266
3.375999927521	-0.013218080625
3.377599954605	-0.015292033553
3.379199981689	-0.011618801393
3.380800008774	-0.010556529276
3.382399797440	-0.013583073393
3.383999824524	-0.015023153275
3.385599851608	-0.010087024420
3.387199878693	-0.011657617055
3.388799905777	-0.009601520374
3.390399932861	-0.013596928678
3.391999959946	-0.012010000646
3.393599987030	-0.011851249263
3.395200014114	-0.009704993106
3.396799802780	-0.012012112886
3.398399829865	-0.014157985337
3.399999856949	-0.009479409084
3.401599884033	-0.009513632394
3.403199911118	-0.011228000745
3.404799938202	-0.013577585109
3.406399965286	-0.012162912637
3.407999992371	-0.012152672745
3.409600019455	-0.011452800594
3.411199808121	-0.012314081192
3.412799835205	-0.012678112835
3.414399862289	-0.010660928674
3.415999889374	-0.012690736912
3.417599916458	-0.011487809010
3.419199943542	-0.010696160607
3.420799970627	-0.011160928756
3.422399997711	-0.012551681139
3.424000024796	-0.012321216986
3.425599813461	-0.011449776590
3.427199840546	-0.011441296898
3.428799867630	-0.014053232968
3.430399894714	-0.014417633414
3.431999921799	-0.009628800675
3.433599948883	-0.012168641202
3.435199975967	-0.011712368578
3.436800003052	-0.009814352728
3.438400030136	-0.012835904956
3.439999818802	-0.010475376621
3.441599845886	-0.011785008945
3.443199872971	-0.012551857159
3.444799900055	-0.013514945284
3.446399927139	-0.010568625294
3.447999954224	-0.011133121327
3.449599981308	-0.012836961076
3.451200008392	0.017693106085
